10 200
(0,0)846930886(1,0)
(1,0)1681692777(1,1)
(2,0)424238335(3,0)
(3,0)719885386(3,1)
(4,0)596516649(4,1)
(5,0)1025202362(5,1)
(6,0)1102520059(7,0)
(6,0)783368690(6,1)
(8,0)1365180540(8,1)
(9,0)304089172(9,1)
(0,1)35005211(1,1)
(1,1)294702567(2,1)
(1,1)521595368(1,2)
(2,1)336465782(3,1)
(3,1)278722862(4,1)
(4,1)233665123(4,2)
(5,1)1101513929(6,1)
(5,1)468703135(5,2)
(7,1)1369133069(8,1)
(7,1)635723058(7,2)
(8,1)1059961393(9,1)
(8,1)1125898167(8,2)
(0,2)628175011(0,3)
(1,2)1131176229(1,3)
(2,2)859484421(2,3)
(3,2)756898537(4,2)
(3,2)608413784(3,3)
(5,2)149798315(5,3)
(6,2)184803526(7,2)
(6,2)1129566413(6,3)
(7,2)412776091(7,3)
(8,2)749241873(9,2)
(9,2)137806862(9,3)
(0,3)982906996(1,3)
(0,3)42999170(0,4)
(1,3)511702305(2,3)
(1,3)135497281(1,4)
(3,3)572660336(4,3)
(4,3)805750846(5,3)
(4,3)1159126505(4,4)
(5,3)1100661313(6,3)
(7,3)939819582(8,3)
(7,3)84353895(7,4)
(0,4)610515434(0,5)
(1,4)760313750(2,4)
(2,4)356426808(3,4)
(3,4)945117276(3,5)
(4,4)709393584(5,4)
(5,4)491705403(5,5)
(6,4)752392754(6,5)
(7,4)1264095060(8,4)
(9,4)943947739(9,5)
(0,5)855636226(1,5)
(2,5)1036140795(3,5)
(3,5)463480570(3,6)
(4,5)317097467(5,5)
(5,5)1376710097(6,5)
(6,5)927612902(6,6)
(7,5)603570492(7,6)
(8,5)660260756(8,6)
(9,5)485560280(9,6)
(0,6)593209441(1,6)
(0,6)402724286(0,7)
(2,6)364228444(2,7)
(3,6)270744729(4,6)
(3,6)221558440(3,7)
(4,6)1633108117(5,6)
(6,6)822890675(7,6)
(7,6)791698927(8,6)
(8,6)498777856(9,6)
(8,6)631704567(8,7)
(9,6)1255179497(9,7)
(0,7)327254586(1,7)
(0,7)524872353(0,8)
(1,7)269455306(2,7)
(2,7)352406219(3,7)
(3,7)160051528(4,7)
(4,7)112805732(5,7)
(5,7)378409503(6,7)
(6,7)515530019(6,8)
(7,7)1409959708(8,7)
(0,8)289700723(1,8)
(0,8)200747796(0,9)
(1,8)168002245(2,8)
(2,8)439493451(3,8)
(2,8)150122846(2,9)
(4,8)1231192379(4,9)
(5,8)338888228(6,8)
(5,8)111537764(5,9)
(6,8)438792350(7,8)
(7,8)269441500(8,8)
(8,8)116087764(9,8)
(0,9)8936987(1,9)
(0,9)155324914(0,10)
(2,9)350322227(3,9)
(2,9)387346491(2,10)
(3,9)841148365(3,10)
(4,9)771151432(5,9)
(4,9)1760281936(4,10)
(5,9)1244316437(6,9)
(5,9)1186452551(5,10)
(6,9)971899228(6,10)
(7,9)1139901474(8,9)
(7,9)213975407(7,10)
(8,9)653468858(9,9)
(0,10)1239036029(0,11)
(1,10)1350573793(2,10)
(2,10)76065818(2,11)
(7,10)1067854538(8,10)
(8,10)1782436840(9,10)
(8,10)352118606(8,11)
(0,11)165344818(0,12)
(1,11)532670688(1,12)
(2,11)492067917(2,12)
(3,11)680466996(3,12)
(4,11)159259470(5,11)
(4,11)496987743(4,12)
(5,11)480298490(6,11)
(6,11)1096689772(7,11)
(7,11)601385644(8,11)
(8,11)1172755590(8,12)
(9,11)243268139(9,12)
(0,12)1012502954(0,13)
(1,12)968338082(2,12)
(2,12)722308542(2,13)
(3,12)6939507(4,12)
(3,12)933110197(3,13)
(4,12)740759355(4,13)
(5,12)502278611(6,12)
(6,12)1037127828(7,12)
(7,12)654887343(8,12)
(7,12)1034949299(7,13)
(8,12)392035568(9,12)
(0,13)889023311(1,13)
(0,13)87755422(0,14)
(2,13)745425661(3,13)
(3,13)396473730(3,14)
(5,13)705178736(5,14)
(6,13)434248626(6,14)
(8,13)552473416(8,14)
(9,13)188213258(9,14)
(0,14)559412924(0,15)
(1,14)201305624(2,14)
(1,14)1473442062(1,15)
(2,14)776532036(3,14)
(2,14)238962600(2,15)
(3,14)1273911899(4,14)
(4,14)620145550(5,14)
(5,14)619290071(6,14)
(5,14)1665947468(5,15)
(6,14)407487131(7,14)
(6,14)707900973(6,15)
(7,14)7684930(8,14)
(8,14)711845894(9,14)
(9,14)404158660(9,15)
(0,15)937370163(0,16)
(2,15)260152959(3,15)
(3,15)824272813(4,15)
(6,15)437116466(6,16)
(7,15)638422090(8,15)
(7,15)1176911340(7,16)
(0,16)1069755936(0,17)
(1,16)588219756(2,16)
(1,16)349517445(1,17)
(3,16)995706887(3,17)
(4,16)625032172(5,16)
(4,16)1065103348(4,17)
(5,16)387451659(5,17)
(6,16)298625210(7,16)
(7,16)1057467587(8,16)
(9,16)382697713(9,17)
(0,17)476667372(0,18)
(1,17)296864819(2,17)
(1,17)260401255(1,18)
(2,17)697517721(3,17)
(5,17)1065311705(6,17)
(6,17)846811127(7,17)
(6,17)719346228(6,18)
(8,17)324763920(9,17)
(9,17)155789224(9,18)
(0,18)231602422(0,19)
(1,18)619054081(2,18)
(2,18)195740084(3,18)
(2,18)711645630(2,19)
(3,18)917679292(3,19)
(4,18)570073850(5,18)
(4,18)1253207672(4,19)
(6,18)337739299(7,18)
(6,18)1046741222(6,19)
(8,18)446340713(9,18)
(8,18)1111783898(8,19)
(9,18)1197352298(9,19)
(0,19)915256190(0,20)
(1,19)524688209(2,19)
(1,19)846942590(1,20)
(2,19)700108581(2,20)
(4,19)726371155(4,20)
(5,19)882160379(6,19)
(5,19)292218004(5,20)
(6,19)11614769(6,20)
(7,19)630668850(8,19)
(8,19)246247255(8,20)
(0,20)964445884(1,20)
(0,20)105575579(0,21)
(2,20)452867621(2,21)
(3,20)201690613(4,20)
(4,20)822262754(5,20)
(4,20)213801961(4,21)
(5,20)648031326(5,21)
(6,20)282828202(7,20)
(7,20)114723506(8,20)
(7,20)110613202(7,21)
(9,20)1486222842(9,21)
(0,21)255789528(1,21)
(0,21)950390868(0,22)
(3,21)653448036(4,21)
(3,21)777210498(3,22)
(5,21)364686248(5,22)
(6,21)1129033333(6,22)
(7,21)501772890(8,21)
(7,21)1280321648(7,22)
(8,21)150517567(9,21)
(9,21)212251746(9,22)
(0,22)364319529(1,22)
(1,22)484238046(2,22)
(1,22)1034514500(1,23)
(2,22)624549797(3,22)
(3,22)767066249(3,23)
(4,22)739273303(4,23)
(5,22)78012497(6,22)
(6,22)552910253(6,23)
(8,22)474613996(9,22)
(9,22)425245975(9,23)
(0,23)235649157(1,23)
(0,23)1315209188(0,24)
(2,23)430253414(3,23)
(3,23)677870460(4,23)
(4,23)496060028(5,23)
(5,23)828388027(5,24)
(6,23)332266748(6,24)
(7,23)816504794(8,23)
(7,23)31308902(7,24)
(8,23)655858699(9,23)
(8,23)820697697(8,24)
(0,24)559301039(0,25)
(1,24)1186090428(1,25)
(2,24)1473144500(2,25)
(3,24)669908538(4,24)
(4,24)12895151(5,24)
(5,24)1144522535(5,25)
(8,24)1543755629(9,24)
(8,24)777720504(8,25)
(0,25)328298285(1,25)
(1,25)136495343(2,25)
(1,25)70636429(1,26)
(2,25)402903177(3,25)
(4,25)2416949(5,25)
(5,25)655495367(6,25)
(5,25)12260289(5,26)
(6,25)561717988(6,26)
(7,25)389040743(8,25)
(8,25)1433102829(9,25)
(8,25)733053144(8,26)
(0,26)672655340(1,26)
(1,26)400000569(2,26)
(2,26)1081174232(3,26)
(2,26)337453826(2,27)
(4,26)410409117(5,26)
(5,26)847228023(5,27)
(6,26)1175526309(7,26)
(8,26)500618996(8,27)
(9,26)1184214677(9,27)
(0,27)1061730690(1,27)
(1,27)1186631626(1,28)
(3,27)1411328205(4,27)
(3,27)1276673168(3,28)
(5,27)696947386(5,28)
(6,27)1369602726(7,27)
(6,27)1265204346(6,28)
(8,27)564325578(9,27)
(0,28)358532290(1,28)
(0,28)1010528946(0,29)
(2,28)1426819080(3,28)
(3,28)885799631(3,29)
(4,28)1281830857(4,29)
(5,28)318561886(6,28)
(5,28)1156541312(5,29)
(6,28)70788355(7,28)
(7,28)1112720090(8,28)
(8,28)1106059479(9,28)
(9,28)241909610(9,29)
(0,29)1051858969(0,30)
(1,29)104152274(1,30)
(2,29)826047641(2,30)
(3,29)309198987(4,29)
(3,29)970925433(3,30)
(4,29)530498338(5,29)
(4,29)887077888(4,30)
(5,29)37487770(6,29)
(5,29)873524566(5,30)
(6,29)1232056856(7,29)
(6,29)1541027284(6,30)
(8,29)1025125849(9,29)
(8,29)959372260(8,30)
(0,30)159473059(1,30)
(0,30)1(0,31)
(2,30)471990783(3,30)
(2,30)478034945(2,31)
(4,30)1584710873(4,31)
(5,30)941804289(5,31)
(7,30)1647149314(8,30)
(8,30)1152645729(9,30)
(8,30)716334471(8,31)
(9,30)470591100(9,31)
(0,31)1(0,32)
(1,31)1001089438(1,32)
(2,31)394633074(3,31)
(5,31)553160358(5,32)
(6,31)712633417(7,31)
(7,31)864101839(7,32)
(9,31)410228794(9,32)
(0,32)773319847(1,32)
(0,32)1(0,33)
(2,32)452456682(2,33)
(3,32)235745791(4,32)
(4,32)427355115(5,32)
(4,32)802205057(4,33)
(5,32)1272796157(6,32)
(7,32)126401947(7,33)
(8,32)521035021(9,32)
(9,32)40610537(9,33)
(0,33)19485054(1,33)
(0,33)1(0,34)
(1,33)1291554098(2,33)
(3,33)371653516(4,33)
(4,33)1047372231(5,33)
(4,33)962033002(4,34)
(6,33)333582338(7,33)
(7,33)628974580(7,34)
(8,33)786039021(8,34)
(0,34)586235379(1,34)
(0,34)1(0,35)
(1,34)262692685(2,34)
(2,34)1338299904(3,34)
(4,34)606199759(5,34)
(4,34)395279207(4,35)
(5,34)435889744(6,34)
(5,34)358984857(5,35)
(6,34)378469911(7,34)
(7,34)488663950(8,34)
(7,34)272020127(7,35)
(8,34)29777560(9,34)
(9,34)345367818(9,35)
(0,35)991810563(1,35)
(0,35)1(0,36)
(2,35)216588711(2,36)
(3,35)845563291(4,35)
(3,35)151519934(3,36)
(5,35)524133589(6,35)
(5,35)629593614(5,36)
(7,35)74552805(8,35)
(7,35)409544918(7,36)
(8,35)927376882(8,36)
(0,36)1(0,37)
(1,36)1(2,36)
(1,36)1(1,37)
(2,36)1(2,37)
(3,36)703550253(4,36)
(5,36)107734713(6,36)
(5,36)733327814(5,37)
(8,36)672032919(9,36)
(0,37)1(0,38)
(1,37)1(1,38)
(2,37)1(3,37)
(2,37)114760235(2,38)
(3,37)1(3,38)
(4,37)292423943(4,38)
(5,37)124666328(5,38)
(6,37)120306710(7,37)
(7,37)1007277217(8,37)
(8,37)551836836(8,38)
(9,37)362575055(9,38)
(0,38)1(1,38)
(3,38)1(4,38)
(4,38)1(4,39)
(5,38)35756851(6,38)
(5,38)1155722604(5,39)
(6,38)746349250(7,38)
(7,38)1122336503(8,38)
(7,38)441767868(7,39)
(8,38)659639006(9,38)
(8,38)861109485(8,39)
(0,39)952062949(1,39)
(1,39)577721120(1,40)
(2,39)1(3,39)
(2,39)1(2,40)
(3,39)1(4,39)
(4,39)34740865(5,39)
(6,39)690367770(7,39)
(8,39)537322532(9,39)
(9,39)550245196(9,40)
(0,40)1104627321(1,40)
(0,40)157272379(0,41)
(2,40)1(2,41)
(3,40)1582152040(4,40)
(4,40)738647283(4,41)
(5,40)51245830(6,40)
(5,40)94307398(5,41)
(6,40)10901063(6,41)
(7,40)628966950(7,41)
(8,40)1089653714(9,40)
(9,40)1003886059(9,41)
(0,41)410134047(1,41)
(0,41)168057522(0,42)
(1,41)1038626924(1,42)
(2,41)181271232(3,41)
(2,41)1(2,42)
(4,41)199411898(5,41)
(6,41)1022089159(7,41)
(6,41)356684278(6,42)
(8,41)1242561041(9,41)
(8,41)14989683(8,42)
(1,42)207026272(1,43)
(2,42)1(3,42)
(3,42)513937457(4,42)
(3,42)1(3,43)
(4,42)204102747(5,42)
(6,42)372160269(6,43)
(7,42)207621703(8,42)
(9,42)733450907(9,43)
(0,43)980356728(1,43)
(1,43)932862806(1,44)
(2,43)695748720(2,44)
(3,43)174515334(4,43)
(3,43)1(3,44)
(4,43)294110991(5,43)
(5,43)245798898(6,43)
(7,43)1435218189(8,43)
(7,43)452825171(7,44)
(8,43)670752506(9,43)
(8,43)1135771559(8,44)
(0,44)262178224(1,44)
(1,44)82173109(1,45)
(2,44)454333378(3,44)
(2,44)857490000(2,45)
(3,44)1(4,44)
(4,44)1(5,44)
(4,44)661955081(4,45)
(5,44)1(5,45)
(6,44)992028067(7,44)
(6,44)271059426(6,45)
(7,44)180785147(7,45)
(8,44)1470332231(9,44)
(0,45)134591281(1,45)
(1,45)101323875(1,46)
(2,45)380390179(2,46)
(3,45)833215350(4,45)
(3,45)235202254(3,46)
(4,45)1280311131(4,46)
(5,45)1(6,45)
(6,45)1(6,46)
(7,45)1240554603(7,46)
(8,45)476152433(8,46)
(9,45)803590181(9,46)
(0,46)209359415(1,46)
(0,46)820097487(0,47)
(1,46)831768825(2,46)
(5,46)1108399134(5,47)
(6,46)1(6,47)
(7,46)63299708(8,46)
(9,46)298501962(9,47)
(0,47)420687483(1,47)
(0,47)309112297(0,48)
(2,47)395191309(3,47)
(3,47)672139932(4,47)
(4,47)226723382(4,48)
(5,47)1030313563(6,47)
(5,47)219544266(5,48)
(6,47)428903682(7,47)
(6,47)1(6,48)
(8,47)476564285(9,47)
(9,47)1088590930(9,48)
(1,48)632651476(2,48)
(1,48)305197314(1,49)
(3,48)500037525(4,48)
(4,48)1351538839(5,48)
(6,48)1(7,48)
(7,48)1326247643(8,48)
(7,48)1(7,49)
(9,48)610506582(9,49)
(0,49)164826621(0,50)
(1,49)384370888(2,49)
(1,49)370917955(1,50)
(2,49)951426815(3,49)
(2,49)772634225(2,50)
(3,49)813274570(3,50)
(4,49)699460008(5,49)
(4,49)216220853(4,50)
(6,49)223712350(6,50)
(7,49)1(8,49)
(8,49)1(8,50)
(9,49)584522071(9,50)
(0,50)146533149(1,50)
(3,50)1012836610(4,50)
(3,50)989241888(3,51)
(4,50)481928577(5,50)
(5,50)1(6,50)
(5,50)1(5,51)
(6,50)1(7,50)
(6,50)646755199(6,51)
(7,50)1(8,50)
(8,50)413360099(9,50)
(0,51)629580952(1,51)
(0,51)286448566(0,52)
(1,51)6072641(2,51)
(1,51)396377017(1,52)
(2,51)620089368(3,51)
(4,51)376696776(5,51)
(5,51)1(5,52)
(6,51)242588954(7,51)
(7,51)445080308(8,51)
(8,51)1151297278(9,51)
(0,52)1000372555(0,53)
(2,52)1(3,52)
(2,52)1(2,53)
(3,52)1(4,52)
(4,52)1(5,52)
(5,52)745598382(5,53)
(6,52)981914693(6,53)
(7,52)987987334(8,52)
(8,52)12548159(9,52)
(9,52)576994985(9,53)
(0,53)411522957(0,54)
(1,53)507578762(2,53)
(1,53)953691761(1,54)
(2,53)1(3,53)
(3,53)1(3,54)
(4,53)737703662(5,53)
(5,53)202550399(6,53)
(5,53)108375482(5,54)
(7,53)1119399015(8,53)
(8,53)386839851(9,53)
(8,53)610486506(8,54)
(9,53)771476364(9,54)
(0,54)942724790(0,55)
(2,54)1(3,54)
(2,54)1(2,55)
(3,54)222028828(4,54)
(5,54)234576987(5,55)
(6,54)342146590(6,55)
(7,54)849725352(8,54)
(7,54)672563970(7,55)
(1,55)44041351(2,55)
(1,55)190113083(1,56)
(2,55)1(2,56)
(3,55)85291638(4,55)
(4,55)394709364(5,55)
(5,55)472131489(5,56)
(6,55)158136104(7,55)
(7,55)878273679(8,55)
(7,55)991039875(7,56)
(8,55)1292413412(9,55)
(8,55)987706141(8,56)
(0,56)434290636(1,56)
(2,56)1(2,57)
(3,56)825726814(4,56)
(4,56)769304465(4,57)
(5,56)221713886(6,56)
(7,56)411826969(7,57)
(8,56)192532621(9,56)
(0,57)1092637289(1,57)
(1,57)404259631(2,57)
(1,57)10150109(1,58)
(2,57)1(2,58)
(3,57)562395735(3,58)
(4,57)78374295(4,58)
(5,57)752704313(5,58)
(6,57)1186994949(7,57)
(6,57)612353198(6,58)
(7,57)1450099355(7,58)
(8,57)1340157793(8,58)
(9,57)929588156(9,58)
(0,58)18400960(0,59)
(2,58)568275358(3,58)
(2,58)1(2,59)
(4,58)399493245(4,59)
(5,58)14933990(6,58)
(5,58)817572761(5,59)
(7,58)25084100(7,59)
(8,58)379461075(8,59)
(9,58)318322042(9,59)
(0,59)1451042659(1,59)
(1,59)592456289(2,59)
(2,59)1(3,59)
(3,59)1(4,59)
(4,59)972125383(5,59)
(4,59)1(4,60)
(5,59)1172063133(6,59)
(6,59)990526343(6,60)
(7,59)830365981(8,59)
(8,59)373953666(9,59)
(9,59)403068011(9,60)
(0,60)773446912(1,60)
(0,60)530788967(0,61)
(2,60)788380902(2,61)
(3,60)813465002(4,60)
(4,60)1(4,61)
(5,60)38649718(5,61)
(7,60)1116945487(7,61)
(8,60)518434573(8,61)
(0,61)997276125(0,62)
(1,61)698312496(2,61)
(1,61)379366797(1,62)
(2,61)717293418(2,62)
(3,61)522971726(4,61)
(3,61)390848153(3,62)
(4,61)1(5,61)
(4,61)52775474(4,62)
(5,61)455843485(6,61)
(5,61)1(5,62)
(6,61)827385948(6,62)
(7,61)28264029(8,61)
(7,61)278450030(7,62)
(8,61)311269559(8,62)
(9,61)1139352160(9,62)
(0,62)530406424(1,62)
(1,62)482417719(1,63)
(3,62)505593010(3,63)
(5,62)1(5,63)
(8,62)597010431(9,62)
(8,62)461152493(8,63)
(9,62)962980710(9,63)
(0,63)649785905(1,63)
(0,63)984124220(0,64)
(2,63)1105629391(2,64)
(3,63)1384079421(4,63)
(5,63)1(5,64)
(6,63)1367209095(7,63)
(6,63)692458743(6,64)
(9,63)213952386(9,64)
(0,64)695258232(1,64)
(1,64)1(2,64)
(1,64)1(1,65)
(2,64)1(3,64)
(3,64)1(4,64)
(4,64)1(5,64)
(5,64)499429649(6,64)
(6,64)16922351(7,64)
(6,64)1282291499(6,65)
(7,64)1015857464(8,64)
(8,64)1122551742(8,65)
(9,64)272312086(9,65)
(0,65)359147515(0,66)
(1,65)1(2,65)
(2,65)532495011(3,65)
(2,65)1(2,66)
(3,65)67874133(4,65)
(4,65)240854387(4,66)
(5,65)454806773(6,65)
(7,65)1549495354(8,65)
(8,65)657103124(9,65)
(0,66)193552063(1,66)
(0,66)331016259(0,67)
(2,66)1(2,67)
(3,66)304505404(4,66)
(4,66)837626799(5,66)
(6,66)1196774315(6,67)
(7,66)245240853(8,66)
(8,66)332702450(9,66)
(8,66)100669(8,67)
(0,67)67974802(0,68)
(1,67)75245562(1,68)
(2,67)1(2,68)
(3,67)573666704(4,67)
(4,67)674402557(5,67)
(4,67)933596911(4,68)
(5,67)172623403(6,67)
(6,67)1005418816(6,68)
(7,67)703571522(8,67)
(8,67)529302443(9,67)
(9,67)418646579(9,68)
(0,68)1(1,68)
(0,68)1(0,69)
(1,68)1(2,68)
(2,68)305564045(3,68)
(2,68)177332700(2,69)
(4,68)550804899(4,69)
(5,68)310242589(5,69)
(6,68)883799426(7,68)
(7,68)962764794(8,68)
(8,68)671068506(9,68)
(9,68)76277107(9,69)
(0,69)1(0,70)
(1,69)750679664(1,70)
(3,69)845954166(3,70)
(4,69)815774123(5,69)
(4,69)312186354(4,70)
(5,69)730832933(6,69)
(6,69)86086317(7,69)
(6,69)1090099484(6,70)
(8,69)145186709(9,69)
(8,69)263419017(8,70)
(9,69)724025165(9,70)
(0,70)1(0,71)
(1,70)551201745(2,70)
(1,70)228217069(1,71)
(3,70)1047196295(4,70)
(4,70)763148569(4,71)
(5,70)839425676(6,70)
(7,70)959658925(8,70)
(8,70)805251743(8,71)
(0,71)1(0,72)
(1,71)1(2,71)
(1,71)1(1,72)
(2,71)1(2,72)
(3,71)99885196(3,72)
(4,71)363304213(5,71)
(4,71)636453333(4,72)
(5,71)79065186(5,72)
(6,71)775056794(7,71)
(6,71)604263370(6,72)
(8,71)535286141(8,72)
(9,71)442982639(9,72)
(0,72)1(1,72)
(2,72)1(2,73)
(3,72)286791631(4,72)
(3,72)181226513(3,73)
(6,72)848934683(7,72)
(6,72)1131352346(6,73)
(8,72)943190495(8,73)
(9,72)1245036421(9,73)
(0,73)30387226(1,73)
(0,73)877068972(0,74)
(1,73)956134158(2,73)
(2,73)1(3,73)
(2,73)1390865725(2,74)
(3,73)1(4,73)
(4,73)1(5,73)
(5,73)1(5,74)
(6,73)78417603(7,73)
(7,73)707255825(8,73)
(8,73)44470216(9,73)
(9,73)888482339(9,74)
(1,74)547407330(2,74)
(2,74)858829294(3,74)
(4,74)192048860(5,74)
(5,74)1(5,75)
(6,74)942581876(7,74)
(7,74)562390279(7,75)
(8,74)627510635(9,74)
(8,74)185963953(8,75)
(0,75)1018041598(0,76)
(1,75)1091714937(2,75)
(2,75)1281944976(3,75)
(3,75)375444584(4,75)
(3,75)1170132540(3,76)
(5,75)730199492(6,75)
(5,75)1(5,76)
(6,75)309766496(7,75)
(7,75)457676440(7,76)
(9,75)950881304(9,76)
(0,76)1173002606(1,76)
(1,76)1142930164(1,77)
(2,76)1(3,76)
(2,76)1(2,77)
(3,76)1(4,76)
(3,76)928682751(3,77)
(4,76)1(5,76)
(6,76)1017565625(7,76)
(7,76)1076919591(8,76)
(8,76)266222407(9,76)
(8,76)234262547(8,77)
(9,76)99568484(9,77)
(0,77)107939561(1,77)
(0,77)609707131(0,78)
(1,77)1029621931(2,77)
(1,77)44804919(1,78)
(2,77)1(2,78)
(4,77)753959819(4,78)
(5,77)464837581(5,78)
(6,77)116423768(6,78)
(7,77)102524643(8,77)
(7,77)700287639(7,78)
(0,78)306851320(0,79)
(2,78)1(2,79)
(3,78)1(4,78)
(3,78)1(3,79)
(4,78)728149010(5,78)
(4,78)1(4,79)
(5,78)1160063179(6,78)
(7,78)219994425(8,78)
(8,78)256804978(9,78)
(8,78)307571472(8,79)
(9,78)1559382853(9,79)
(0,79)1010764797(1,79)
(1,79)454416748(1,80)
(2,79)1(3,79)
(2,79)568122272(2,80)
(4,79)1175989877(5,79)
(4,79)1(4,80)
(6,79)592962932(7,79)
(7,79)959162035(8,79)
(8,79)703955951(8,80)
(9,79)1453048498(9,80)
(0,80)599529154(1,80)
(1,80)33713861(1,81)
(3,80)1(4,80)
(3,80)1(3,81)
(4,80)1085206797(5,80)
(5,80)1003463633(6,80)
(6,80)541110115(6,81)
(7,80)461851014(8,80)
(8,80)505185185(8,81)
(0,81)554602408(1,81)
(1,81)1048938329(1,82)
(2,81)111691313(2,82)
(3,81)1(3,82)
(4,81)808808585(5,81)
(5,81)649022765(6,81)
(6,81)608034986(6,82)
(7,81)682736626(7,82)
(9,81)546389569(9,82)
(0,82)234799752(0,83)
(2,82)1(3,82)
(2,82)1(2,83)
(4,82)487073847(4,83)
(5,82)360022300(6,82)
(6,82)100603786(7,82)
(7,82)888830763(8,82)
(8,82)212295100(8,83)
(9,82)993683397(9,83)
(0,83)989230775(1,83)
(1,83)1233114544(2,83)
(2,83)1(3,83)
(3,83)1(4,83)
(4,83)456651794(5,83)
(4,83)1(4,84)
(5,83)578187134(6,83)
(5,83)80329499(5,84)
(6,83)691451546(6,84)
(7,83)62299853(7,84)
(8,83)87522686(9,83)
(9,83)1098193842(9,84)
(0,84)574596534(1,84)
(1,84)701539807(1,85)
(2,84)934618834(2,85)
(3,84)196095815(4,84)
(4,84)1(4,85)
(6,84)831099451(7,84)
(7,84)421825361(8,84)
(8,84)321869343(8,85)
(9,84)1460654187(9,85)
(0,85)495375861(0,86)
(1,85)575705360(2,85)
(2,85)194064088(2,86)
(3,85)1(4,85)
(3,85)1(3,86)
(4,85)313823293(4,86)
(5,85)343886628(5,86)
(6,85)918483162(7,85)
(6,85)1390387708(6,86)
(7,85)386753870(8,85)
(0,86)716898500(1,86)
(1,86)940472515(1,87)
(2,86)129183332(3,86)
(2,86)382926234(2,87)
(3,86)1(3,87)
(4,86)896551633(5,86)
(4,86)551008693(4,87)
(6,86)1051402293(7,86)
(8,86)95275444(9,86)
(8,86)1245466382(8,87)
(0,87)409098738(1,87)
(0,87)1501830323(0,88)
(3,87)1(3,88)
(4,87)322334813(5,87)
(5,87)880492499(6,87)
(6,87)253674535(7,87)
(6,87)224048977(6,88)
(8,87)636600769(8,88)
(9,87)542314107(9,88)
(0,88)353673391(1,88)
(0,88)340563072(0,89)
(2,88)683309587(3,88)
(2,88)217852623(2,89)
(3,88)1(3,89)
(4,88)503458793(4,89)
(5,88)330546620(6,88)
(6,88)356228371(7,88)
(8,88)960188534(9,88)
(8,88)29860596(8,89)
(0,89)209473567(1,89)
(1,89)1353825800(2,89)
(3,89)1(4,89)
(4,89)1(5,89)
(5,89)1(6,89)
(6,89)919785523(7,89)
(6,89)1(6,90)
(7,89)65785292(8,89)
(8,89)478307629(9,89)
(9,89)745792349(9,90)
(0,90)981766422(1,90)
(0,90)989492335(0,91)
(1,90)936621968(2,90)
(1,90)523782140(1,91)
(3,90)1262486766(4,90)
(4,90)634172025(4,91)
(5,90)81458260(6,90)
(5,90)75191653(5,91)
(6,90)284665220(7,90)
(6,90)1(6,91)
(7,90)198619204(8,90)
(8,90)1374631287(8,91)
(1,91)556707205(2,91)
(2,91)192433878(3,91)
(2,91)309667127(2,92)
(3,91)104665169(4,91)
(4,91)466647227(5,91)
(4,91)258219170(4,92)
(5,91)582972798(5,92)
(6,91)1(6,92)
(7,91)245277883(8,91)
(8,91)1183912267(9,91)
(8,91)729568616(8,92)
(0,92)1818084292(1,92)
(1,92)713355511(1,93)
(3,92)204428608(3,93)
(6,92)1(7,92)
(7,92)1(7,93)
(9,92)1455371254(9,93)
(0,93)1768794057(1,93)
(1,93)251243823(2,93)
(2,93)625321929(2,94)
(3,93)5631942(4,93)
(4,93)398068012(5,93)
(5,93)866596855(6,93)
(6,93)242639747(6,94)
(7,93)1(8,93)
(8,93)1(8,94)
(9,93)366831742(9,94)
(0,94)894869401(1,94)
(0,94)215341973(0,95)
(2,94)310273413(2,95)
(3,94)1064651899(3,95)
(4,94)628257755(5,94)
(5,94)1(6,94)
(5,94)1(5,95)
(6,94)1(7,94)
(6,94)296528780(6,95)
(7,94)1(8,94)
(7,94)429363923(7,95)
(9,94)216272000(9,95)
(0,95)988506952(1,95)
(1,95)285830504(2,95)
(1,95)614340012(1,96)
(2,95)856979759(3,95)
(3,95)1145975358(3,96)
(4,95)1019382894(4,96)
(5,95)1(5,96)
(8,95)405201937(9,95)
(9,95)553918865(9,96)
(0,96)964263748(0,97)
(1,96)1182176620(1,97)
(2,96)259488863(2,97)
(3,96)688852786(4,96)
(3,96)421101832(3,97)
(5,96)1(6,96)
(5,96)201407458(5,97)
(6,96)1(6,97)
(7,96)1041356631(8,96)
(7,96)709606368(7,97)
(8,96)897534569(8,97)
(9,96)39848341(9,97)
(0,97)438485374(1,97)
(0,97)37623446(0,98)
(1,97)315813605(2,97)
(3,97)861838989(4,97)
(4,97)824722490(5,97)
(4,97)1113331867(4,98)
(6,97)1(7,97)
(7,97)1(7,98)
(8,97)33165457(9,97)
(1,98)1530130017(1,99)
(2,98)138172497(3,98)
(2,98)7426169(2,99)
(3,98)717032538(4,98)
(3,98)1063880569(3,99)
(4,98)1179529128(4,99)
(5,98)136135018(5,99)
(6,98)574620392(7,98)
(7,98)167368542(8,98)
(7,98)1(7,99)
(8,98)346502533(9,98)
(8,98)251836754(8,99)
(0,99)1113675743(0,100)
(1,99)233233021(2,99)
(1,99)333480550(1,100)
(4,99)88639634(5,99)
(5,99)1443145325(6,99)
(7,99)1(7,100)
(9,99)699045063(9,100)
(0,100)203845520(0,101)
(1,100)339980538(2,100)
(1,100)512976554(1,101)
(2,100)364531492(3,100)
(2,100)1215387142(2,101)
(3,100)914600930(3,101)
(4,100)531900034(4,101)
(5,100)40658094(6,100)
(5,100)284327308(5,101)
(6,100)132629780(6,101)
(7,100)365862802(8,100)
(7,100)1(7,101)
(8,100)349121784(9,100)
(8,100)576279545(8,101)
(0,101)110341087(0,102)
(3,101)1304438548(3,102)
(4,101)791251530(5,101)
(5,101)859310840(5,102)
(6,101)1(7,101)
(6,101)1(6,102)
(7,101)20336956(7,102)
(8,101)384868448(9,101)
(9,101)102194872(9,102)
(0,102)916768482(1,102)
(1,102)145376088(2,102)
(2,102)957426576(2,103)
(4,102)318333694(5,102)
(6,102)1(6,103)
(7,102)106242869(8,102)
(7,102)502390523(7,103)
(8,102)524135236(8,103)
(0,103)419481884(0,104)
(1,103)54449299(1,104)
(2,103)138700754(2,104)
(3,103)159037710(4,103)
(4,103)237140292(4,104)
(5,103)1(6,103)
(5,103)1(5,104)
(8,103)861746410(9,103)
(8,103)270617569(8,104)
(0,104)481387902(1,104)
(1,104)1135386147(2,104)
(2,104)405341089(3,104)
(3,104)442482781(3,105)
(4,104)1(5,104)
(4,104)1(4,105)
(6,104)233614511(7,104)
(7,104)517408978(8,104)
(8,104)372315265(8,105)
(9,104)504038566(9,105)
(0,105)531352976(0,106)
(1,105)1075259134(2,105)
(1,105)413892161(1,106)
(2,105)184794536(3,105)
(3,105)388450127(3,106)
(4,105)659067697(5,105)
(4,105)1(4,106)
(6,105)111387570(7,105)
(6,105)113766839(6,106)
(8,105)141413008(9,105)
(0,106)652996966(1,106)
(1,106)510770136(1,107)
(2,106)427778693(2,107)
(3,106)257009719(4,106)
(4,106)1(4,107)
(5,106)770833934(6,106)
(6,106)104221117(7,106)
(6,106)202019540(6,107)
(7,106)1277278674(8,106)
(7,106)1184726095(7,107)
(8,106)1369520631(9,106)
(0,107)327727208(0,108)
(1,107)177312851(1,108)
(2,107)1(3,107)
(2,107)1(2,108)
(3,107)1(4,107)
(3,107)69114447(3,108)
(5,107)1084384795(6,107)
(5,107)1107484169(5,108)
(7,107)279527351(8,107)
(8,107)1344541320(9,107)
(8,107)40776180(8,108)
(0,108)297785900(0,109)
(2,108)1(2,109)
(4,108)727843428(4,109)
(5,108)246088582(6,108)
(5,108)641450052(5,109)
(7,108)423401433(7,109)
(8,108)714481123(9,108)
(8,108)1194559277(8,109)
(0,109)107230151(1,109)
(0,109)13146790(0,110)
(1,109)1(2,109)
(1,109)1(1,110)
(2,109)1191614946(2,110)
(3,109)639286229(4,109)
(3,109)733628447(3,110)
(4,109)774404628(5,109)
(4,109)256031502(4,110)
(6,109)1072190528(6,110)
(7,109)358279876(8,109)
(8,109)680503766(9,109)
(0,110)954296984(0,111)
(1,110)1(1,111)
(4,110)607382700(5,110)
(5,110)220510539(6,110)
(6,110)752064835(7,110)
(6,110)620529490(6,111)
(8,110)1106211926(9,110)
(9,110)327305250(9,111)
(0,111)435482362(0,112)
(1,111)1(2,111)
(2,111)1(3,111)
(3,111)1(4,111)
(4,111)1(4,112)
(5,111)133286977(6,111)
(6,111)1(7,111)
(6,111)1(6,112)
(7,111)1(7,112)
(8,111)660064472(9,111)
(9,111)1069774565(9,112)
(1,112)302116632(2,112)
(2,112)150203107(3,112)
(3,112)926440376(4,112)
(3,112)1054181467(3,113)
(4,112)1(5,112)
(5,112)1(6,112)
(7,112)1(7,113)
(8,112)296082014(8,113)
(9,112)1129709433(9,113)
(0,113)574690958(0,114)
(1,113)236616554(1,114)
(2,113)297820659(3,113)
(3,113)401473495(4,113)
(5,113)877062718(6,113)
(6,113)637760029(7,113)
(7,113)1(7,114)
(8,113)556939443(9,113)
(8,113)434492631(8,114)
(9,113)346804712(9,114)
(0,114)300819353(1,114)
(1,114)1197182313(1,115)
(2,114)335558628(3,114)
(2,114)372004513(2,115)
(3,114)346030096(3,115)
(4,114)642112110(5,114)
(5,114)1(6,114)
(5,114)1(5,115)
(6,114)1(7,114)
(7,114)603123090(8,114)
(7,114)1112087195(7,115)
(9,114)209419369(9,115)
(0,115)1217196008(1,115)
(0,115)4537736(0,116)
(1,115)1066075704(2,115)
(3,115)353511414(4,115)
(5,115)320062251(6,115)
(5,115)1(5,116)
(7,115)450395738(8,115)
(9,115)796425834(9,116)
(0,116)980690626(0,117)
(1,116)1438537945(1,117)
(2,116)507857366(3,116)
(2,116)326551394(2,117)
(4,116)1110980456(4,117)
(5,116)1(5,117)
(6,116)1218272784(6,117)
(7,116)136864840(8,116)
(7,116)863043860(7,117)
(0,117)71061648(0,118)
(1,117)981512505(2,117)
(2,117)1035839366(3,117)
(3,117)1206758863(4,117)
(3,117)45299067(3,118)
(5,117)1(6,117)
(6,117)363159161(7,117)
(6,117)1(6,118)
(8,117)689710555(8,118)
(9,117)1502386251(9,118)
(0,118)1045069410(1,118)
(1,118)681928291(2,118)
(1,118)568637651(1,119)
(2,118)217985588(2,119)
(3,118)1081029448(4,118)
(3,118)452703447(3,119)
(4,118)170253681(5,118)
(5,118)477223956(5,119)
(6,118)1(6,119)
(7,118)1222827834(8,118)
(8,118)189409560(9,118)
(9,118)1268126901(9,119)
(0,119)742949164(0,120)
(1,119)749217043(1,120)
(2,119)1210997811(3,119)
(2,119)1810821955(2,120)
(4,119)560413640(5,119)
(4,119)1102713256(4,120)
(5,119)457615859(6,119)
(6,119)68728258(7,119)
(6,119)1(6,120)
(8,119)665680297(9,119)
(8,119)286713846(8,120)
(0,120)441971924(1,120)
(3,120)1212534319(4,120)
(5,120)283467324(6,120)
(6,120)1(7,120)
(7,120)1(7,121)
(8,120)96198530(9,120)
(8,120)593443203(8,121)
(0,121)1198911786(1,121)
(1,121)854155594(2,121)
(2,121)303238858(3,121)
(3,121)535297508(4,121)
(3,121)922883852(3,122)
(5,121)1054873513(6,121)
(6,121)429857344(6,122)
(7,121)127340947(8,121)
(7,121)1(7,122)
(8,121)693550658(9,121)
(8,121)1554430207(8,122)
(0,122)619480878(0,123)
(1,122)899334107(1,123)
(2,122)722633179(3,122)
(3,122)804046007(3,123)
(4,122)53476175(4,123)
(5,122)1121241302(5,123)
(6,122)1(7,122)
(6,122)1(6,123)
(8,122)1467704485(9,122)
(9,122)710058106(9,123)
(0,123)846667123(1,123)
(0,123)217010946(0,124)
(1,123)1417988751(2,123)
(2,123)202029501(3,123)
(3,123)507611410(4,123)
(3,123)913454833(3,124)
(4,123)1(5,123)
(4,123)1(4,124)
(5,123)1(6,123)
(7,123)813823381(8,123)
(7,123)900205108(7,124)
(1,124)901211983(2,124)
(1,124)867874951(1,125)
(4,124)1(5,124)
(5,124)1(6,124)
(6,124)1(7,124)
(7,124)243110911(8,124)
(7,124)1(7,125)
(8,124)272327630(9,124)
(9,124)1156565744(9,125)
(0,125)601698078(1,125)
(0,125)376875057(0,126)
(2,125)269365760(3,125)
(3,125)340606628(3,126)
(4,125)1083189141(4,126)
(5,125)1(6,125)
(5,125)1(5,126)
(6,125)1(7,125)
(6,125)1022988865(6,126)
(8,125)1222343444(9,125)
(9,125)850598623(9,126)
(0,126)810411310(1,126)
(1,126)655154589(2,126)
(2,126)431315644(3,126)
(3,126)770361246(3,127)
(4,126)1(5,126)
(4,126)1(4,127)
(6,126)1016499950(6,127)
(7,126)447053428(8,126)
(8,126)507946550(8,127)
(9,126)787660056(9,127)
(0,127)365547042(1,127)
(1,127)841365914(2,127)
(2,127)906183458(3,127)
(3,127)193088109(4,127)
(4,127)639138264(5,127)
(4,127)1(4,128)
(6,127)78359216(7,127)
(7,127)533424260(8,127)
(7,127)992209118(7,128)
(0,128)218248263(0,129)
(1,128)1669411305(2,128)
(2,128)812426701(3,128)
(3,128)794452111(4,128)
(4,128)1(4,129)
(5,128)76810012(5,129)
(6,128)442357055(7,128)
(7,128)639854683(8,128)
(8,128)689034589(9,128)
(8,128)1361478979(8,129)
(0,129)1371935247(1,129)
(1,129)822514995(2,129)
(1,129)479834853(1,130)
(2,129)358104524(3,129)
(2,129)757950880(2,130)
(3,129)900874211(3,130)
(4,129)1(4,130)
(5,129)47830643(6,129)
(5,129)1026201114(5,130)
(6,129)976668784(7,129)
(6,129)158535326(6,130)
(8,129)656184096(9,129)
(8,129)610645107(8,130)
(0,130)1405097218(0,131)
(1,130)1190503441(1,131)
(4,130)1(5,130)
(5,130)1(5,131)
(6,130)545343058(6,131)
(7,130)1367858053(8,130)
(8,130)159999213(9,130)
(8,130)122125315(8,131)
(9,130)121248617(9,131)
(0,131)1051527998(1,131)
(1,131)1(2,131)
(1,131)1(1,132)
(2,131)1(3,131)
(3,131)1(4,131)
(4,131)1(5,131)
(5,131)1599300131(5,132)
(7,131)930353825(8,131)
(7,131)198805545(7,132)
(9,131)707134463(9,132)
(0,132)1(1,132)
(0,132)1(0,133)
(1,132)625728906(2,132)
(2,132)243253491(3,132)
(4,132)112028656(5,132)
(6,132)1004642738(7,132)
(7,132)587833102(8,132)
(9,132)168021018(9,133)
(0,133)1(0,134)
(1,133)351450250(2,133)
(1,133)358854042(1,134)
(3,133)1121608488(4,133)
(4,133)606765135(5,133)
(4,133)737654461(4,134)
(5,133)161922596(5,134)
(6,133)831083598(7,133)
(6,133)1092771206(6,134)
(8,133)822304435(8,134)
(0,134)1(1,134)
(0,134)615419962(0,135)
(1,134)1(2,134)
(2,134)1(2,135)
(3,134)80869451(4,134)
(4,134)97611886(4,135)
(5,134)265632904(6,134)
(6,134)281845289(6,135)
(7,134)624486946(7,135)
(8,134)431787582(9,134)
(9,134)204742850(9,135)
(1,135)811507986(1,136)
(2,135)1(2,136)
(3,135)604303818(3,136)
(5,135)1036215463(6,135)
(5,135)847915875(5,136)
(7,135)463079269(8,135)
(7,135)709163925(7,136)
(8,135)218942709(9,135)
(0,136)1(1,136)
(0,136)1(0,137)
(1,136)1(2,136)
(2,136)582187500(2,137)
(3,136)1206674446(4,136)
(4,136)364234956(5,136)
(4,136)186125413(4,137)
(5,136)390868264(6,136)
(6,136)660420424(7,136)
(7,136)1202376250(7,137)
(8,136)959171794(9,136)
(9,136)353056618(9,137)
(0,137)286983804(1,137)
(0,137)1(0,138)
(3,137)987059619(3,138)
(4,137)971529848(5,137)
(5,137)103822254(5,138)
(6,137)420376850(7,137)
(6,137)1036869528(6,138)
(7,137)1049561859(8,137)
(8,137)849876229(9,137)
(9,137)776624031(9,138)
(0,138)1036001642(1,138)
(0,138)1(0,139)
(2,138)1116391568(3,138)
(3,138)481762508(4,138)
(3,138)213153954(3,139)
(4,138)865144369(4,139)
(7,138)850382211(7,139)
(8,138)377108003(9,138)
(8,138)903633726(8,139)
(9,138)58591440(9,139)
(0,139)366913064(1,139)
(0,139)1(0,140)
(2,139)245491186(2,140)
(4,139)167793078(5,139)
(5,139)244930122(5,140)
(6,139)229548226(6,140)
(7,139)739068399(7,140)
(8,139)560318023(8,140)
(0,140)573120688(1,140)
(0,140)1(0,141)
(1,140)335531187(2,140)
(3,140)494220239(4,140)
(4,140)819599372(5,140)
(4,140)189258051(4,141)
(5,140)247849492(6,140)
(6,140)1238241306(7,140)
(7,140)352964522(8,140)
(8,140)1197477949(9,140)
(9,140)1665676898(9,141)
(0,141)19063328(1,141)
(0,141)1(0,142)
(1,141)1123716509(2,141)
(3,141)356341138(4,141)
(3,141)257164626(3,142)
(5,141)64317458(5,142)
(6,141)637438146(7,141)
(7,141)47610720(8,141)
(8,141)281276174(8,142)
(0,142)1(1,142)
(0,142)775496414(0,143)
(1,142)1(1,143)
(2,142)243804735(3,142)
(2,142)436359554(2,143)
(4,142)73831160(5,142)
(4,142)596769257(4,143)
(5,142)114962507(6,142)
(6,142)783387964(7,142)
(8,142)400660703(8,143)
(9,142)186015033(9,143)
(0,143)757001842(0,144)
(1,143)1(2,143)
(2,143)1(3,143)
(3,143)1(4,143)
(4,143)1(4,144)
(5,143)1(6,143)
(5,143)1(5,144)
(6,143)324323221(7,143)
(6,143)1(6,144)
(8,143)760682775(8,144)
(9,143)604969710(9,144)
(0,144)203030386(1,144)
(0,144)327529462(0,145)
(2,144)317992893(2,145)
(3,144)118941728(4,144)
(4,144)1(5,144)
(6,144)1(6,145)
(7,144)602297893(7,145)
(8,144)504760186(8,145)
(9,144)1018014057(9,145)
(0,145)641321335(0,146)
(1,145)610564030(1,146)
(2,145)978610417(3,145)
(2,145)660343702(2,146)
(3,145)22800096(4,145)
(3,145)1101457716(3,146)
(4,145)845997813(4,146)
(5,145)1450967523(6,145)
(6,145)1(6,146)
(7,145)1134040403(8,145)
(8,145)150084506(8,146)
(9,145)861798817(9,146)
(0,146)269026234(0,147)
(1,146)104451352(2,146)
(2,146)625288549(2,147)
(5,146)305425913(6,146)
(5,146)397977904(5,147)
(6,146)331557302(7,146)
(6,146)1(6,147)
(8,146)991901004(8,147)
(9,146)231366256(9,147)
(0,147)593114526(1,147)
(0,147)1014701101(0,148)
(1,147)643762327(2,147)
(3,147)475853939(3,148)
(4,147)625938445(5,147)
(6,147)1(7,147)
(7,147)999416032(8,147)
(7,147)1(7,148)
(8,147)554938157(9,147)
(9,147)353592203(9,148)
(0,148)76982346(0,149)
(1,148)474960250(2,148)
(1,148)212528560(1,149)
(2,148)712786252(3,148)
(2,148)147775927(2,149)
(3,148)1063765871(4,148)
(3,148)806517553(3,149)
(5,148)74061048(6,148)
(6,148)665636010(6,149)
(7,148)1(7,149)
(8,148)8293554(9,148)
(1,149)263707074(1,150)
(2,149)967108342(2,150)
(3,149)896172326(3,150)
(4,149)10604139(4,150)
(5,149)201345764(5,150)
(6,149)43695777(7,149)
(7,149)1(8,149)
(8,149)1289511154(9,149)
(8,149)1(8,150)
(9,149)1104028380(9,150)
(0,150)1132205946(1,150)
(1,150)754963290(1,151)
(4,150)1(5,150)
(4,150)1(4,151)
(5,150)1(6,150)
(5,150)1234644696(5,151)
(6,150)1(7,150)
(7,150)1(8,150)
(7,150)483989693(7,151)
(9,150)928494151(9,151)
(0,151)831220360(0,152)
(1,151)1(2,151)
(1,151)1(1,152)
(2,151)1(3,151)
(3,151)1(4,151)
(4,151)794123786(4,152)
(6,151)375487534(6,152)
(7,151)294124046(8,151)
(7,151)505631809(7,152)
(0,152)1(1,152)
(0,152)1(0,153)
(1,152)93232173(2,152)
(2,152)581544070(2,153)
(3,152)310936585(3,153)
(5,152)413575986(6,152)
(5,152)560711564(5,153)
(6,152)66493503(7,152)
(6,152)179486052(6,153)
(7,152)1212052176(8,152)
(9,152)140830430(9,153)
(0,153)230891466(1,153)
(0,153)1(0,154)
(3,153)487191794(4,153)
(3,153)692842292(3,154)
(4,153)472562275(5,153)
(5,153)265939255(5,154)
(6,153)627200707(7,153)
(7,153)1492469147(7,154)
(8,153)945229157(9,153)
(8,153)1208744777(8,154)
(0,154)1(1,154)
(0,154)126794893(0,155)
(1,154)1(2,154)
(2,154)1(2,155)
(4,154)690471744(5,154)
(4,154)475122431(4,155)
(5,154)615952861(6,154)
(6,154)1073646711(6,155)
(7,154)1045552368(8,154)
(8,154)1661084821(9,154)
(1,155)186391879(2,155)
(1,155)63473287(1,156)
(2,155)1(2,156)
(3,155)336728279(4,155)
(3,155)813592586(3,156)
(5,155)701807124(6,155)
(6,155)1648609(6,156)
(7,155)689155066(8,155)
(8,155)1195945229(9,155)
(8,155)408671759(8,156)
(0,156)192713458(0,157)
(2,156)1(2,157)
(3,156)16570124(4,156)
(3,156)1012707329(3,157)
(4,156)445968158(5,156)
(6,156)1121948088(7,156)
(6,156)366420782(6,157)
(7,156)552812661(8,156)
(8,156)1154349542(9,156)
(0,157)302935500(0,158)
(1,157)1241258962(1,158)
(2,157)1(2,158)
(3,157)460552958(4,157)
(5,157)1227734017(6,157)
(6,157)1180082199(7,157)
(7,157)1164585770(8,157)
(8,157)126183327(9,157)
(9,157)29809451(9,158)
(0,158)84041882(1,158)
(1,158)1(2,158)
(1,158)1(1,159)
(2,158)842198392(3,158)
(3,158)1392537953(4,158)
(5,158)613932652(6,158)
(5,158)399403847(5,159)
(6,158)372758355(7,158)
(6,158)109967654(6,159)
(8,158)950615538(9,158)
(9,158)697054660(9,159)
(0,159)735194528(1,159)
(1,159)1017487483(2,159)
(1,159)1(1,160)
(3,159)50086034(3,160)
(4,159)876085544(4,160)
(5,159)1155505365(5,160)
(6,159)1239547247(7,159)
(6,159)558410655(6,160)
(8,159)76387350(9,159)
(8,159)872358697(8,160)
(0,160)117413002(0,161)
(1,160)1(2,160)
(1,160)1072628238(1,161)
(2,160)1(3,160)
(3,160)1(3,161)
(4,160)729972835(4,161)
(5,160)596170911(5,161)
(7,160)168488323(8,160)
(7,160)1534947983(7,161)
(8,160)1146810336(8,161)
(9,160)218574358(9,161)
(0,161)28648726(0,162)
(1,161)1184154091(2,161)
(2,161)880944650(2,162)
(3,161)115133608(4,161)
(3,161)1(3,162)
(5,161)1(6,161)
(5,161)1(5,162)
(6,161)1(6,162)
(8,161)649830540(9,161)
(9,161)524897797(9,162)
(0,162)1246322141(0,163)
(1,162)314909341(1,163)
(2,162)659347223(2,163)
(3,162)1(4,162)
(3,162)1026374844(3,163)
(4,162)1(5,162)
(5,162)1293259316(5,163)
(6,162)1(6,163)
(7,162)1238504350(8,162)
(8,162)1769972(8,163)
(9,162)1514722040(9,163)
(0,163)716952774(1,163)
(0,163)116903580(0,164)
(1,163)308424538(2,163)
(1,163)515814780(1,164)
(3,163)726277479(4,163)
(5,163)1376108019(5,164)
(6,163)1(6,164)
(7,163)218474917(8,163)
(7,163)109450254(7,164)
(9,163)1244849762(9,164)
(0,164)1314586528(0,165)
(1,164)460362196(2,164)
(1,164)1270551295(1,165)
(2,164)1324901554(3,164)
(2,164)1210215450(2,165)
(3,164)503984129(4,164)
(4,164)415922256(4,165)
(6,164)1(7,164)
(7,164)8285608(8,164)
(7,164)1(7,165)
(0,165)351748718(0,166)
(1,165)1256772878(1,166)
(2,165)1144963628(2,166)
(3,165)1254413882(4,165)
(3,165)188800835(3,166)
(5,165)1096079422(6,165)
(5,165)829774317(5,166)
(6,165)39533257(7,165)
(6,165)623678685(6,166)
(7,165)1084040881(8,165)
(7,165)1(7,166)
(9,165)665228399(9,166)
(1,166)248185889(1,167)
(4,166)1690075412(5,166)
(7,166)1(7,167)
(8,166)678006046(9,166)
(8,166)175821956(8,167)
(0,167)529235706(1,167)
(1,167)112526508(2,167)
(1,167)1120090212(1,168)
(3,167)152059765(3,168)
(4,167)680326130(4,168)
(5,167)1241027172(5,168)
(6,167)1(7,167)
(6,167)1(6,168)
(7,167)411266131(8,167)
(8,167)1541787377(9,167)
(8,167)649162283(8,168)
(9,167)328386656(9,168)
(0,168)543785591(0,169)
(1,168)371704852(2,168)
(2,168)1286598370(2,169)
(3,168)184366026(4,168)
(4,168)1387516123(4,169)
(5,168)862372072(5,169)
(6,168)1(6,169)
(7,168)23637094(7,169)
(8,168)869439259(8,169)
(9,168)1273207249(9,169)
(0,169)300248473(1,169)
(0,169)566417809(0,170)
(1,169)527532074(1,170)
(3,169)1092059772(4,169)
(3,169)713475737(3,170)
(5,169)1(6,169)
(5,169)1(5,170)
(7,169)130644815(8,169)
(1,170)22852617(2,170)
(2,170)1(3,170)
(2,170)1(2,171)
(3,170)1(4,170)
(4,170)1(5,170)
(5,170)367085193(6,170)
(5,170)1846162289(5,171)
(6,170)702833817(6,171)
(7,170)362795150(8,170)
(7,170)894617267(7,171)
(8,170)282723354(9,170)
(9,170)1076270887(9,171)
(0,171)82095572(1,171)
(1,171)291425259(1,172)
(2,171)50365223(3,171)
(2,171)1(2,172)
(3,171)208591742(4,171)
(3,171)912669538(3,172)
(4,171)181010038(4,172)
(7,171)973294814(7,172)
(8,171)1093508921(9,171)
(9,171)486577616(9,172)
(0,172)187386865(1,172)
(1,172)622993624(1,173)
(2,172)1(2,173)
(3,172)955701520(3,173)
(4,172)452947988(5,172)
(5,172)617409831(6,172)
(7,172)908835090(7,173)
(8,172)959200313(9,172)
(9,172)883109859(9,173)
(0,173)84870791(0,174)
(1,173)1(2,173)
(1,173)1(1,174)
(4,173)213594814(5,173)
(4,173)1040759385(4,174)
(5,173)773748473(5,174)
(6,173)961135338(7,173)
(7,173)280981337(8,173)
(7,173)2846977(7,174)
(9,173)1236682857(9,174)
(0,174)1(1,174)
(0,174)1(0,175)
(1,174)401542104(2,174)
(2,174)584401425(3,174)
(3,174)248574635(4,174)
(3,174)67966707(3,175)
(6,174)200501653(7,174)
(6,174)29116548(6,175)
(7,174)86635281(8,174)
(7,174)62361873(7,175)
(0,175)924279777(1,175)
(0,175)1(0,176)
(2,175)806176022(3,175)
(2,175)304133130(2,176)
(3,175)306980108(4,175)
(3,175)322569755(3,176)
(5,175)176356569(6,175)
(6,175)507906577(6,176)
(7,175)909448681(8,175)
(8,175)302905192(9,175)
(0,176)1(1,176)
(1,176)1(1,177)
(2,176)148214896(2,177)
(3,176)210576770(4,176)
(4,176)262021414(5,176)
(4,176)1037412975(4,177)
(5,176)158303604(6,176)
(5,176)94097161(5,177)
(7,176)358625421(8,176)
(8,176)298965069(9,176)
(9,176)681195176(9,177)
(0,177)1386122429(1,177)
(1,177)1(1,178)
(2,177)879795257(3,177)
(5,177)619175679(6,177)
(6,177)294151249(7,177)
(7,177)126257224(8,177)
(8,177)344130872(9,177)
(8,177)442366146(8,178)
(0,178)652942916(0,179)
(1,178)1(2,178)
(2,178)1(3,178)
(3,178)1(4,178)
(4,178)940443437(5,178)
(4,178)1(4,179)
(6,178)570240349(7,178)
(6,178)422449966(6,179)
(8,178)736581905(9,178)
(9,178)868272669(9,179)
(0,179)378342196(1,179)
(0,179)1266218466(0,180)
(1,179)702622777(2,179)
(2,179)1013825605(3,179)
(2,179)997517875(2,180)
(3,179)1(4,179)
(3,179)1(3,180)
(5,179)473431429(6,179)
(5,179)735001925(5,180)
(7,179)691639518(8,179)
(7,179)68801443(7,180)
(8,179)661362461(9,179)
(9,179)309572886(9,180)
(0,180)394062426(0,181)
(1,180)1250016323(1,181)
(3,180)954233518(4,180)
(3,180)1(3,181)
(4,180)133656396(5,180)
(6,180)1399874863(6,181)
(8,180)693866392(9,180)
(8,180)919191847(8,181)
(9,180)951788018(9,181)
(0,181)1310062900(0,182)
(1,181)243444543(1,182)
(2,181)1(3,181)
(2,181)1(2,182)
(3,181)228698447(4,181)
(5,181)1189256387(6,181)
(5,181)890060908(5,182)
(6,181)355126162(7,181)
(7,181)291789062(7,182)
(8,181)1452573032(8,182)
(0,182)881865366(1,182)
(0,182)259322902(0,183)
(2,182)1(2,183)
(3,182)347788837(4,182)
(4,182)1(5,182)
(4,182)1(4,183)
(5,182)1(5,183)
(6,182)728120804(7,182)
(8,182)73070847(9,182)
(8,182)888017808(8,183)
(0,183)952754349(1,183)
(1,183)945877108(1,184)
(2,183)1(3,183)
(3,183)1(4,183)
(3,183)214419677(3,184)
(5,183)1(5,184)
(6,183)984953220(7,183)
(7,183)746926210(7,184)
(9,183)1453298941(9,184)
(0,184)318984471(1,184)
(1,184)894661689(2,184)
(4,184)363316653(5,184)
(5,184)1(6,184)
(6,184)871418852(7,184)
(6,184)1(6,185)
(7,184)1339326423(8,184)
(8,184)543326572(9,184)
(8,184)865945941(8,185)
(9,184)1553746101(9,185)
(0,185)311647339(1,185)
(1,185)1073255162(1,186)
(2,185)852087126(3,185)
(3,185)175627016(4,185)
(3,185)92819519(3,186)
(4,185)1745520789(5,185)
(6,185)1(6,186)
(7,185)345705290(8,185)
(0,186)1050760512(1,186)
(1,186)184320788(1,187)
(2,186)80201211(2,187)
(3,186)1(4,186)
(3,186)1(3,187)
(4,186)1(4,187)
(5,186)1(6,186)
(5,186)1(5,187)
(6,186)910492930(7,186)
(6,186)443286196(6,187)
(8,186)40317565(9,186)
(8,186)339193736(8,187)
(0,187)1(1,187)
(0,187)1(0,188)
(1,187)1(2,187)
(2,187)1(3,187)
(2,187)213280396(2,188)
(3,187)148472296(3,188)
(4,187)1(5,187)
(6,187)396926156(7,187)
(8,187)708436665(9,187)
(8,187)477127367(8,188)
(9,187)141540322(9,188)
(0,188)1(0,189)
(1,188)1131491977(2,188)
(3,188)1015322500(4,188)
(4,188)233694996(5,188)
(6,188)748515749(6,189)
(7,188)920670038(8,188)
(7,188)460467935(7,189)
(9,188)1069142334(9,189)
(0,189)1(1,189)
(1,189)1(2,189)
(2,189)1(3,189)
(3,189)1(4,189)
(4,189)1(4,190)
(5,189)732853814(6,189)
(5,189)1099527851(5,190)
(6,189)516677340(7,189)
(6,189)250198952(6,190)
(7,189)165418241(7,190)
(8,189)41268864(9,189)
(8,189)196285753(8,190)
(0,190)1211608254(0,191)
(1,190)119764672(2,190)
(2,190)110919287(3,190)
(2,190)686730762(2,191)
(3,190)1147198697(4,190)
(4,190)1(4,191)
(5,190)300719389(5,191)
(6,190)741957620(6,191)
(9,190)973365509(9,191)
(0,191)573912269(1,191)
(0,191)231097529(0,192)
(1,191)690918075(1,192)
(2,191)941117027(3,191)
(4,191)1(4,192)
(6,191)981725170(7,191)
(6,191)1107713080(6,192)
(7,191)813920038(7,192)
(8,191)924839325(9,191)
(9,191)729290176(9,192)
(0,192)668170982(0,193)
(2,192)568388370(3,192)
(3,192)869940457(4,192)
(4,192)1(4,193)
(5,192)1127210541(6,192)
(5,192)852539234(5,193)
(7,192)863617753(8,192)
(8,192)611761996(9,192)
(8,192)585733938(8,193)
(9,192)563436826(9,193)
(0,193)787086305(1,193)
(1,193)459541652(1,194)
(2,193)91119157(2,194)
(3,193)258129326(3,194)
(4,193)1(4,194)
(6,193)447272592(6,194)
(7,193)1202969762(7,194)
(9,193)878051463(9,194)
(0,194)123473348(0,195)
(1,194)179946307(1,195)
(2,194)904930058(2,195)
(3,194)1(4,194)
(3,194)1(3,195)
(4,194)840714375(5,194)
(4,194)576556433(4,195)
(5,194)1139993259(6,194)
(6,194)751148990(6,195)
(7,194)27553146(8,194)
(8,194)1019305995(9,194)
(9,194)285682472(9,195)
(0,195)823098032(0,196)
(1,195)505492905(2,195)
(1,195)64784082(1,196)
(2,195)1(3,195)
(2,195)1(2,196)
(5,195)658787454(6,195)
(7,195)349851601(8,195)
(7,195)838733761(7,196)
(8,195)551672441(9,195)
(8,195)257620370(8,196)
(9,195)604832038(9,196)
(0,196)833195397(0,197)
(2,196)49211756(3,196)
(2,196)1(2,197)
(4,196)76764902(4,197)
(5,196)362447374(6,196)
(6,196)111166929(7,196)
(6,196)441145323(6,197)
(7,196)427231456(7,197)
(0,197)720024122(1,197)
(0,197)957873435(0,198)
(1,197)1(2,197)
(1,197)1(1,198)
(3,197)70061690(4,197)
(4,197)143154913(5,197)
(5,197)522359337(6,197)
(5,197)621734132(5,198)
(7,197)849399083(8,197)
(9,197)549387536(9,198)
(0,198)1443491243(0,199)
(1,198)1(1,199)
(2,198)1(3,198)
(2,198)1(2,199)
(3,198)1(4,198)
(4,198)1(5,198)
(5,198)1(6,198)
(6,198)1(7,198)
(7,198)1(8,198)
(8,198)1(9,198)
(9,198)1(9,199)
(1,199)1(2,199)
(2,199)377970868(3,199)
(3,199)171029949(4,199)
(4,199)552604753(5,199)
(5,199)1354321179(6,199)
(7,199)373026856(8,199)
(8,199)56236614(9,199)
