100 10
(0,0)846930886(1,0)
(0,0)1804289383(0,1)
(1,0)1714636915(2,0)
(1,0)1681692777(1,1)
(2,0)424238335(3,0)
(2,0)1957747793(2,1)
(3,0)1649760492(4,0)
(3,0)719885386(3,1)
(4,0)1189641421(5,0)
(4,0)596516649(4,1)
(5,0)1350490027(6,0)
(5,0)1025202362(5,1)
(6,0)1102520059(7,0)
(6,0)783368690(6,1)
(7,0)1967513926(8,0)
(7,0)2044897763(7,1)
(8,0)1540383426(9,0)
(8,0)1365180540(8,1)
(9,0)1303455736(10,0)
(9,0)304089172(9,1)
(10,0)521595368(11,0)
(10,0)35005211(10,1)
(11,0)1726956429(12,0)
(11,0)294702567(11,1)
(12,0)861021530(13,0)
(12,0)336465782(12,1)
(13,0)233665123(14,0)
(13,0)278722862(13,1)
(14,0)468703135(15,0)
(14,0)2145174067(14,1)
(15,0)1801979802(16,0)
(15,0)1101513929(15,1)
(16,0)635723058(17,0)
(16,0)1315634022(16,1)
(17,0)1125898167(18,0)
(17,0)1369133069(17,1)
(18,0)2089018456(19,0)
(18,0)1059961393(18,1)
(19,0)1656478042(20,0)
(19,0)628175011(19,1)
(20,0)1653377373(21,0)
(20,0)1131176229(20,1)
(21,0)1914544919(22,0)
(21,0)859484421(21,1)
(22,0)756898537(23,0)
(22,0)608413784(22,1)
(23,0)1973594324(24,0)
(23,0)1734575198(23,1)
(24,0)2038664370(25,0)
(24,0)149798315(24,1)
(25,0)184803526(26,0)
(25,0)1129566413(25,1)
(26,0)1424268980(27,0)
(26,0)412776091(26,1)
(27,0)749241873(28,0)
(27,0)1911759956(27,1)
(28,0)42999170(29,0)
(28,0)137806862(28,1)
(29,0)135497281(30,0)
(29,0)982906996(29,1)
(30,0)2084420925(31,0)
(30,0)511702305(30,1)
(31,0)1827336327(32,0)
(31,0)1937477084(31,1)
(32,0)1159126505(33,0)
(32,0)572660336(32,1)
(33,0)1632621729(34,0)
(33,0)805750846(33,1)
(34,0)1433925857(35,0)
(34,0)1100661313(34,1)
(35,0)84353895(36,0)
(35,0)1141616124(35,1)
(36,0)2001100545(37,0)
(36,0)939819582(36,1)
(37,0)1548233367(38,0)
(37,0)1998898814(37,1)
(38,0)1585990364(39,0)
(38,0)610515434(38,1)
(39,0)760313750(40,0)
(39,0)1374344043(39,1)
(40,0)356426808(41,0)
(40,0)1477171087(40,1)
(41,0)1889947178(42,0)
(41,0)945117276(41,1)
(42,0)709393584(43,0)
(42,0)1780695788(42,1)
(43,0)1918502651(44,0)
(43,0)491705403(43,1)
(44,0)1474612399(45,0)
(44,0)752392754(44,1)
(45,0)1264095060(46,0)
(45,0)2053999932(45,1)
(46,0)1843993368(47,0)
(46,0)1411549676(46,1)
(47,0)1984210012(48,0)
(47,0)943947739(47,1)
(48,0)1749698586(49,0)
(48,0)855636226(48,1)
(49,0)1956297539(50,0)
(49,0)1469348094(49,1)
(50,0)463480570(51,0)
(50,0)1036140795(50,1)
(51,0)1975960378(52,0)
(51,0)2040651434(51,1)
(52,0)1892066601(53,0)
(52,0)317097467(52,1)
(53,0)927612902(54,0)
(53,0)1376710097(53,1)
(54,0)603570492(55,0)
(54,0)1330573317(54,1)
(55,0)660260756(56,0)
(55,0)1687926652(55,1)
(56,0)485560280(57,0)
(56,0)959997301(56,1)
(57,0)593209441(58,0)
(57,0)402724286(57,1)
(58,0)894429689(59,0)
(58,0)1194953865(58,1)
(59,0)1947346619(60,0)
(59,0)364228444(59,1)
(60,0)270744729(61,0)
(60,0)221558440(60,1)
(61,0)1633108117(62,0)
(61,0)1063958031(61,1)
(62,0)2007905771(63,0)
(62,0)2114738097(62,1)
(63,0)822890675(64,0)
(63,0)1469834481(63,1)
(64,0)791698927(65,0)
(64,0)1610120709(64,1)
(65,0)498777856(66,0)
(65,0)631704567(65,1)
(66,0)524872353(67,0)
(66,0)1255179497(66,1)
(67,0)1572276965(68,0)
(67,0)327254586(67,1)
(68,0)1703964683(69,0)
(68,0)269455306(68,1)
(69,0)1600028624(70,0)
(69,0)352406219(69,1)
(70,0)2040332871(71,0)
(70,0)160051528(70,1)
(71,0)1120048829(72,0)
(71,0)112805732(71,1)
(72,0)515530019(73,0)
(72,0)378409503(72,1)
(73,0)1573363368(74,0)
(73,0)1713258270(73,1)
(74,0)2077486715(75,0)
(74,0)1409959708(74,1)
(75,0)1631518149(76,0)
(75,0)1373226340(75,1)
(76,0)289700723(77,0)
(76,0)200747796(76,1)
(77,0)168002245(78,0)
(77,0)1117142618(77,1)
(78,0)439493451(79,0)
(78,0)150122846(78,1)
(79,0)1760243555(80,0)
(79,0)990892921(79,1)
(80,0)1622597488(81,0)
(80,0)1231192379(80,1)
(81,0)338888228(82,0)
(81,0)111537764(81,1)
(82,0)438792350(83,0)
(82,0)2147469841(82,1)
(83,0)269441500(84,0)
(83,0)1911165193(83,1)
(84,0)116087764(85,0)
(84,0)2142757034(84,1)
(85,0)155324914(86,0)
(85,0)1869470124(85,1)
(86,0)1982275856(87,0)
(86,0)8936987(86,1)
(87,0)387346491(88,0)
(87,0)1275373743(87,1)
(88,0)841148365(89,0)
(88,0)350322227(88,1)
(89,0)1760281936(90,0)
(89,0)1960709859(89,1)
(90,0)1186452551(91,0)
(90,0)771151432(90,1)
(91,0)971899228(92,0)
(91,0)1244316437(91,1)
(92,0)213975407(93,0)
(92,0)1476153275(92,1)
(93,0)1626276121(94,0)
(93,0)1139901474(93,1)
(94,0)2130794395(95,0)
(94,0)653468858(94,1)
(95,0)1884661237(96,0)
(95,0)1239036029(95,1)
(96,0)1350573793(97,0)
(96,0)1605908235(96,1)
(97,0)1605894428(98,0)
(97,0)76065818(97,1)
(98,0)1987231011(99,0)
(98,0)1789366143(98,1)
(99,0)1875335928(99,1)
(0,1)2103318776(1,1)
(0,1)1784639529(0,2)
(1,1)1939964443(2,1)
(1,1)1597322404(1,2)
(2,1)1432114613(3,1)
(2,1)2112255763(2,2)
(3,1)352118606(4,1)
(3,1)1067854538(3,2)
(4,1)1909002904(5,1)
(4,1)1782436840(4,2)
(5,1)1395235128(6,1)
(5,1)165344818(5,2)
(6,1)1351797369(7,1)
(6,1)532670688(6,2)
(7,1)1504569917(8,1)
(7,1)492067917(7,2)
(8,1)706043324(9,1)
(8,1)680466996(8,2)
(9,1)159259470(10,1)
(9,1)496987743(9,2)
(10,1)480298490(11,1)
(10,1)1359512183(10,2)
(11,1)1096689772(12,1)
(11,1)1398295499(11,2)
(12,1)601385644(13,1)
(12,1)2086206725(12,2)
(13,1)1544617505(14,1)
(13,1)1172755590(13,2)
(14,1)1012502954(15,1)
(14,1)243268139(14,2)
(15,1)2027907669(16,1)
(15,1)1272469786(15,2)
(16,1)722308542(17,1)
(16,1)968338082(16,2)
(17,1)933110197(18,1)
(17,1)1820388464(17,2)
(18,1)740759355(19,1)
(18,1)6939507(18,2)
(19,1)1789376348(20,1)
(19,1)1285228804(19,2)
(20,1)1450573622(21,1)
(20,1)502278611(20,2)
(21,1)1034949299(22,1)
(21,1)1037127828(21,2)
(22,1)1529195746(23,1)
(22,1)654887343(22,2)
(23,1)1335354340(24,1)
(23,1)392035568(23,2)
(24,1)889023311(25,1)
(24,1)87755422(24,2)
(25,1)1447267605(26,1)
(25,1)1494613810(25,2)
(26,1)745425661(27,1)
(26,1)1369321801(26,2)
(27,1)1308044878(28,1)
(27,1)396473730(27,2)
(28,1)1569229320(29,1)
(28,1)1346811305(28,2)
(29,1)1590079444(30,1)
(29,1)705178736(29,2)
(30,1)1977648522(31,1)
(30,1)434248626(30,2)
(31,1)1402586708(32,1)
(31,1)1470503465(31,2)
(32,1)1143408282(33,1)
(32,1)552473416(32,2)
(33,1)559412924(34,1)
(33,1)188213258(33,2)
(34,1)1473442062(35,1)
(34,1)1884167637(34,2)
(35,1)238962600(36,1)
(35,1)201305624(35,2)
(36,1)1238433452(37,1)
(36,1)776532036(36,2)
(37,1)1431419379(38,1)
(37,1)1273911899(37,2)
(38,1)1665947468(39,1)
(38,1)620145550(38,2)
(39,1)707900973(40,1)
(39,1)619290071(39,2)
(40,1)2113903881(41,1)
(40,1)407487131(40,2)
(41,1)1776808933(42,1)
(41,1)7684930(41,2)
(42,1)404158660(43,1)
(42,1)711845894(42,2)
(43,1)2058657199(44,1)
(43,1)937370163(43,2)
(44,1)1642548899(45,1)
(44,1)1973387981(44,2)
(45,1)260152959(46,1)
(45,1)1501252996(45,2)
(46,1)824272813(47,1)
(46,1)1472713773(46,2)
(47,1)2025187190(48,1)
(47,1)1662739668(47,2)
(48,1)1850952926(49,1)
(48,1)1967681095(48,2)
(49,1)1704365084(50,1)
(49,1)437116466(49,2)
(50,1)638422090(51,1)
(50,1)1176911340(50,2)
(51,1)1953443376(52,1)
(51,1)1943327684(51,2)
(52,1)1069755936(53,1)
(52,1)1876855542(52,2)
(53,1)349517445(54,1)
(53,1)1237379107(53,2)
(54,1)1856669179(55,1)
(54,1)588219756(54,2)
(55,1)995706887(56,1)
(55,1)1057418418(55,2)
(56,1)1065103348(57,1)
(56,1)1823089412(56,2)
(57,1)387451659(58,1)
(57,1)625032172(57,2)
(58,1)1562402336(59,1)
(58,1)1469262009(58,2)
(59,1)1295166342(60,1)
(59,1)298625210(59,2)
(60,1)1799878206(61,1)
(60,1)1057467587(60,2)
(61,1)382697713(62,1)
(61,1)1555319301(61,2)
(62,1)1070575321(63,1)
(62,1)476667372(62,2)
(63,1)296864819(64,1)
(63,1)260401255(63,2)
(64,1)697517721(65,1)
(64,1)774044599(64,2)
(65,1)1950955939(66,1)
(65,1)2001229904(65,2)
(66,1)1797073940(67,1)
(66,1)1335939811(66,2)
(67,1)1065311705(68,1)
(67,1)1756915667(67,2)
(68,1)846811127(69,1)
(68,1)719346228(68,2)
(69,1)1307565984(70,1)
(69,1)1414829150(69,2)
(70,1)324763920(71,1)
(70,1)555996658(70,2)
(71,1)231602422(72,1)
(71,1)155789224(71,2)
(72,1)780821396(73,1)
(72,1)1389867269(72,2)
(73,1)711645630(74,1)
(73,1)619054081(73,2)
(74,1)917679292(75,1)
(74,1)195740084(74,2)
(75,1)1253207672(76,1)
(75,1)2006811972(75,2)
(76,1)1414647625(77,1)
(76,1)570073850(76,2)
(77,1)1046741222(78,1)
(77,1)1635905385(77,2)
(78,1)1896306640(79,1)
(78,1)337739299(78,2)
(79,1)1111783898(80,1)
(79,1)1343606042(79,2)
(80,1)1197352298(81,1)
(80,1)446340713(80,2)
(81,1)1782280524(82,1)
(81,1)915256190(81,2)
(82,1)524688209(83,1)
(82,1)846942590(82,2)
(83,1)1566288819(84,1)
(83,1)700108581(83,2)
(84,1)2114937732(85,1)
(84,1)1371499336(84,2)
(85,1)1927495994(86,1)
(85,1)726371155(85,2)
(86,1)882160379(87,1)
(86,1)292218004(86,2)
(87,1)1682085273(88,1)
(87,1)11614769(87,2)
(88,1)630668850(89,1)
(88,1)1662981776(88,2)
(89,1)1858721860(90,1)
(89,1)246247255(89,2)
(90,1)105575579(91,1)
(90,1)1548348142(90,2)
(91,1)2118421993(92,1)
(91,1)964445884(91,2)
(92,1)452867621(93,1)
(92,1)1520223205(92,2)
(93,1)1857962504(94,1)
(93,1)1017679567(93,2)
(94,1)213801961(95,1)
(94,1)201690613(94,2)
(95,1)648031326(96,1)
(95,1)822262754(95,2)
(96,1)1737518944(97,1)
(96,1)1411154259(96,2)
(97,1)110613202(98,1)
(97,1)282828202(97,2)
(98,1)982936784(99,1)
(98,1)114723506(98,2)
(99,1)1676902021(99,2)
(0,2)950390868(1,2)
(0,2)1486222842(0,3)
(1,2)1266235189(2,2)
(1,2)255789528(1,3)
(2,2)1137949908(3,2)
(2,2)1242608872(2,3)
(3,2)777210498(4,2)
(3,2)1277849958(3,3)
(4,2)1908518808(5,2)
(4,2)653448036(4,3)
(5,2)364686248(6,2)
(5,2)1023457753(5,3)
(6,2)1129033333(7,2)
(6,2)1309383303(6,3)
(7,2)1280321648(8,2)
(7,2)1329132133(7,3)
(8,2)1781999754(9,2)
(8,2)501772890(8,3)
(9,2)212251746(10,2)
(9,2)150517567(9,3)
(10,2)364319529(11,2)
(10,2)1983690368(10,3)
(11,2)484238046(12,2)
(11,2)1034514500(11,3)
(12,2)624549797(13,2)
(12,2)1775473788(12,3)
(13,2)1886086990(14,2)
(13,2)767066249(13,3)
(14,2)1750003033(15,2)
(14,2)739273303(14,3)
(15,2)78012497(16,2)
(15,2)1415505363(15,3)
(16,2)1671294892(17,2)
(16,2)552910253(16,3)
(17,2)1795519125(18,2)
(17,2)1344247686(17,3)
(18,2)474613996(19,2)
(18,2)661761152(18,3)
(19,2)1315209188(20,2)
(19,2)425245975(19,3)
(20,2)1448703729(21,2)
(20,2)235649157(20,3)
(21,2)1545032460(22,2)
(21,2)1679895436(21,3)
(22,2)861543921(23,2)
(22,2)430253414(22,3)
(23,2)932026304(24,2)
(23,2)677870460(23,3)
(24,2)828388027(25,2)
(24,2)496060028(24,3)
(25,2)332266748(26,2)
(25,2)1144278050(25,3)
(26,2)31308902(27,2)
(26,2)1192707556(26,3)
(27,2)820697697(28,2)
(27,2)816504794(27,3)
(28,2)1583571043(29,2)
(28,2)655858699(28,3)
(29,2)1395132002(30,2)
(29,2)559301039(29,3)
(30,2)1974806403(31,2)
(30,2)1186090428(30,3)
(31,2)1739000681(32,2)
(31,2)1473144500(31,3)
(32,2)669908538(33,2)
(32,2)1498617647(32,3)
(33,2)12895151(34,2)
(33,2)1387036159(33,3)
(34,2)1812282134(35,2)
(34,2)1144522535(34,3)
(35,2)1380171692(36,2)
(35,2)1328104339(35,3)
(36,2)860516127(37,2)
(36,2)1113502215(36,3)
(37,2)1543755629(38,2)
(37,2)777720504(37,3)
(38,2)1455590964(39,2)
(38,2)1722060049(38,3)
(39,2)70636429(40,2)
(39,2)328298285(39,3)
(40,2)1472576335(41,2)
(40,2)136495343(40,3)
(41,2)1329202900(42,2)
(41,2)402903177(41,3)
(42,2)1219407971(43,2)
(42,2)1503885238(42,3)
(43,2)12260289(44,2)
(43,2)2416949(43,3)
(44,2)561717988(45,2)
(44,2)655495367(44,3)
(45,2)1841585795(46,2)
(45,2)1407392292(45,3)
(46,2)733053144(47,2)
(46,2)389040743(46,3)
(47,2)1887658390(48,2)
(47,2)1433102829(47,3)
(48,2)672655340(49,2)
(48,2)1402961682(48,3)
(49,2)400000569(50,2)
(49,2)1900553541(49,3)
(50,2)1081174232(51,2)
(50,2)337453826(50,3)
(51,2)1450956042(52,2)
(51,2)1780172261(51,3)
(52,2)410409117(53,2)
(52,2)1941690360(52,3)
(53,2)1516266761(54,2)
(53,2)847228023(53,3)
(54,2)1175526309(55,2)
(54,2)1866000081(54,3)
(55,2)2002495425(56,2)
(55,2)1586903190(55,3)
(56,2)1989806367(57,2)
(56,2)500618996(56,3)
(57,2)2004504234(58,2)
(57,2)1184214677(57,3)
(58,2)1186631626(59,2)
(58,2)1061730690(58,3)
(59,2)1717226057(60,2)
(59,2)2016764524(59,3)
(60,2)1276673168(61,2)
(60,2)1748349614(60,3)
(61,2)2137390358(62,2)
(61,2)1411328205(61,3)
(62,2)696947386(63,2)
(62,2)2009726312(62,3)
(63,2)1265204346(64,2)
(63,2)1877565100(63,3)
(64,2)1630634994(65,2)
(64,2)1369602726(64,3)
(65,2)1707056552(66,2)
(65,2)1665204916(65,3)
(66,2)1297893529(67,2)
(66,2)564325578(66,3)
(67,2)358532290(68,2)
(67,2)1010528946(67,3)
(68,2)1857756970(69,2)
(68,2)1708302647(68,3)
(69,2)1426819080(70,2)
(69,2)1874799051(69,3)
(70,2)1314218593(71,2)
(70,2)885799631(70,3)
(71,2)1386418627(72,2)
(71,2)1281830857(71,3)
(72,2)318561886(73,2)
(72,2)1156541312(72,3)
(73,2)70788355(74,2)
(73,2)1243439214(73,3)
(74,2)1112720090(75,2)
(74,2)1505193512(74,3)
(75,2)1106059479(76,2)
(75,2)1788014412(75,3)
(76,2)1051858969(77,2)
(76,2)241909610(76,3)
(77,2)104152274(78,2)
(77,2)1095966189(77,3)
(78,2)826047641(79,2)
(78,2)1748806355(78,3)
(79,2)970925433(80,2)
(79,2)1369356620(79,3)
(80,2)887077888(81,2)
(80,2)309198987(80,3)
(81,2)873524566(82,2)
(81,2)530498338(81,3)
(82,2)1541027284(83,2)
(82,2)37487770(82,3)
(83,2)1745790417(84,2)
(83,2)1232056856(83,3)
(84,2)959372260(85,2)
(84,2)1251300606(84,3)
(85,2)2137100237(86,2)
(85,2)1025125849(85,3)
(86,2)159473059(87,2)
(86,2)126107205(86,3)
(87,2)1282648518(88,2)
(87,2)1376035217(87,3)
(88,2)471990783(89,2)
(88,2)478034945(88,3)
(89,2)1983228458(90,2)
(89,2)1353436873(89,3)
(90,2)993967637(91,2)
(90,2)1584710873(90,3)
(91,2)1826620483(92,2)
(91,2)941804289(91,3)
(92,2)2037770478(93,2)
(92,2)2045826607(92,3)
(93,2)1647149314(94,2)
(93,2)1930772757(93,3)
(94,2)1152645729(95,2)
(94,2)716334471(94,3)
(95,2)1025533459(96,2)
(95,2)470591100(95,3)
(96,2)1001089438(97,2)
(96,2)2039723618(96,3)
(97,2)2077211388(98,2)
(97,2)1899058025(97,3)
(98,2)983631233(99,2)
(98,2)394633074(98,3)
(99,2)1675518157(99,3)
(0,3)1943003493(1,3)
(0,3)1645933681(0,4)
(1,3)1635550270(2,3)
(1,3)553160358(1,4)
(2,3)712633417(3,3)
(2,3)2069110699(2,4)
(3,3)1204275569(4,3)
(3,3)864101839(3,4)
(4,3)1336092622(5,3)
(4,3)1190668363(4,4)
(5,3)1026413173(6,3)
(5,3)410228794(5,4)
(6,3)1404196431(7,3)
(6,3)773319847(6,4)
(7,3)452456682(8,3)
(7,3)1968217462(7,4)
(8,3)1858504292(9,3)
(8,3)1302539390(8,4)
(9,3)802205057(10,3)
(9,3)235745791(9,4)
(10,3)1388391521(11,3)
(10,3)427355115(10,4)
(11,3)1452888574(12,3)
(11,3)1272796157(11,4)
(12,3)126401947(13,3)
(12,3)1280631491(12,4)
(13,3)1210359231(14,3)
(13,3)1204462951(13,4)
(14,3)40610537(15,3)
(14,3)521035021(14,4)
(15,3)19485054(16,3)
(15,3)738393740(15,4)
(16,3)1291554098(17,3)
(16,3)1983614030(16,4)
(17,3)1905241081(18,3)
(17,3)1655035325(17,4)
(18,3)371653516(19,3)
(18,3)2004187516(18,4)
(19,3)1047372231(20,3)
(19,3)962033002(19,4)
(20,3)1372261796(21,3)
(20,3)1707746139(20,4)
(21,3)333582338(22,3)
(21,3)2073785404(21,4)
(22,3)1894519218(23,3)
(22,3)628974580(22,4)
(23,3)1931513970(24,3)
(23,3)786039021(23,4)
(24,3)1021784812(25,3)
(24,3)1605539862(24,4)
(25,3)2032894977(26,3)
(25,3)586235379(25,4)
(26,3)1859031536(27,3)
(26,3)262692685(26,4)
(27,3)1543324176(28,3)
(27,3)1338299904(27,4)
(28,3)395279207(29,3)
(28,3)1985433483(28,4)
(29,3)358984857(30,3)
(29,3)606199759(29,4)
(30,3)1344593499(31,3)
(30,3)435889744(30,4)
(31,3)272020127(32,3)
(31,3)378469911(31,4)
(32,3)2033505236(33,3)
(32,3)488663950(32,4)
(33,3)345367818(34,3)
(33,3)29777560(33,4)
(34,3)991810563(35,3)
(34,3)257675105(34,4)
(35,3)1965421244(36,3)
(35,3)1392740049(35,4)
(36,3)1319041805(37,3)
(36,3)216588711(36,4)
(37,3)845563291(38,3)
(37,3)151519934(37,4)
(38,3)937558955(39,3)
(38,3)1066077375(38,4)
(39,3)524133589(40,3)
(39,3)629593614(39,4)
(40,3)1215828993(41,3)
(40,3)1959343768(40,4)
(41,3)74552805(42,3)
(41,3)409544918(41,4)
(42,3)1747844822(43,3)
(42,3)927376882(42,4)
(43,3)765326717(44,3)
(43,3)1617876982(43,4)
(44,3)76593093(45,3)
(44,3)2143124030(44,4)
(45,3)431530126(46,3)
(45,3)1124311574(45,4)
(46,3)1502781486(47,3)
(46,3)1421186593(46,4)
(47,3)1909850543(48,3)
(47,3)703550253(47,4)
(48,3)733327814(49,3)
(48,3)1388803074(48,4)
(49,3)1646478179(50,3)
(49,3)107734713(49,4)
(50,3)1500474762(51,3)
(50,3)1725138377(50,4)
(51,3)1941727088(52,3)
(51,3)1464415775(51,4)
(52,3)1615935710(53,3)
(52,3)672032919(52,4)
(53,3)1738110294(54,3)
(53,3)639806732(53,4)
(54,3)1269400346(55,3)
(54,3)406011017(54,4)
(55,3)217871137(56,3)
(55,3)114760235(55,4)
(56,3)524305153(57,3)
(56,3)337745691(56,4)
(57,3)1265122573(58,3)
(57,3)292423943(57,4)
(58,3)1910300925(59,3)
(58,3)124666328(58,4)
(59,3)120306710(60,3)
(59,3)2030449291(59,4)
(60,3)1007277217(61,3)
(60,3)1986894018(60,4)
(61,3)1260596963(62,3)
(61,3)551836836(61,4)
(62,3)1255387090(63,3)
(62,3)362575055(62,4)
(63,3)1751378130(64,3)
(63,3)1022963858(63,4)
(64,3)1130698571(65,3)
(64,3)1988714904(64,4)
(65,3)1566369633(66,3)
(65,3)1250372661(65,4)
(66,3)567304789(67,3)
(66,3)483689685(66,4)
(67,3)1155722604(68,3)
(67,3)1360613073(67,4)
(68,3)2000419805(69,3)
(68,3)35756851(68,4)
(69,3)441767868(70,3)
(69,3)746349250(69,4)
(70,3)861109485(71,3)
(70,3)1122336503(70,4)
(71,3)1460082195(72,3)
(71,3)659639006(71,4)
(72,3)952062949(73,3)
(72,3)1385414639(72,4)
(73,3)1510080967(74,3)
(73,3)577721120(73,4)
(74,3)460686763(75,3)
(74,3)714880226(74,4)
(75,3)554290596(76,3)
(75,3)1630387677(75,4)
(76,3)34740865(77,3)
(76,3)1467963981(76,4)
(77,3)1830539036(78,3)
(77,3)1814887560(77,4)
(78,3)690367770(79,3)
(78,3)1290127955(78,4)
(79,3)1131359211(80,3)
(79,3)1434433518(79,4)
(80,3)537322532(81,3)
(80,3)1821066342(80,4)
(81,3)157272379(82,3)
(81,3)550245196(81,4)
(82,3)1910858270(83,3)
(82,3)1104627321(82,4)
(83,3)1140384172(84,3)
(83,3)1312994984(83,4)
(84,3)2059344234(85,3)
(84,3)1763794427(84,4)
(85,3)738647283(86,3)
(85,3)1582152040(85,4)
(86,3)94307398(87,3)
(86,3)772970072(86,4)
(87,3)10901063(88,3)
(87,3)51245830(87,4)
(88,3)628966950(89,3)
(88,3)1046370347(88,4)
(89,3)1761250573(90,3)
(89,3)1520982030(89,4)
(90,3)1003886059(91,3)
(90,3)1089653714(90,4)
(91,3)410134047(92,3)
(91,3)168057522(91,4)
(92,3)1982945082(93,3)
(92,3)1038626924(92,4)
(93,3)181271232(94,3)
(93,3)93189435(93,4)
(94,3)1527622954(95,3)
(94,3)525829204(94,4)
(95,3)199411898(96,3)
(95,3)1312630443(95,4)
(96,3)1862875640(97,3)
(96,3)2064945486(96,4)
(97,3)1022089159(98,3)
(97,3)356684278(97,4)
(98,3)1669679262(99,3)
(98,3)1626250262(98,4)
(99,3)14989683(99,4)
(0,4)1581539848(1,4)
(0,4)1242561041(0,5)
(1,4)1981208324(2,4)
(1,4)1597141723(1,5)
(2,4)1691449122(3,4)
(2,4)207026272(2,5)
(3,4)217927335(4,4)
(3,4)2032454154(3,5)
(4,4)513937457(5,4)
(4,4)590335821(4,5)
(5,4)204102747(6,4)
(5,4)1738909365(5,5)
(6,4)595311776(7,4)
(6,4)1603591171(6,5)
(7,4)2013725218(8,4)
(7,4)372160269(7,5)
(8,4)207621703(9,4)
(8,4)1633938701(8,5)
(9,4)1815209933(10,4)
(9,4)2106914653(9,5)
(10,4)1487053959(11,4)
(10,4)733450907(10,5)
(11,4)932862806(12,4)
(11,4)980356728(11,5)
(12,4)695748720(13,4)
(12,4)1404515797(12,5)
(13,4)279121308(14,4)
(13,4)1289547084(13,5)
(14,4)811742698(15,4)
(14,4)174515334(14,5)
(15,4)1417076376(16,4)
(15,4)294110991(15,5)
(16,4)1891252715(17,4)
(16,4)245798898(16,5)
(17,4)452825171(18,4)
(17,4)1250801052(17,5)
(18,4)1135771559(19,4)
(18,4)1435218189(18,5)
(19,4)2025554010(20,4)
(19,4)670752506(19,5)
(20,4)262178224(21,4)
(20,4)1649709016(20,5)
(21,4)1105816539(22,4)
(21,4)82173109(21,5)
(22,4)454333378(23,4)
(22,4)857490000(22,5)
(23,4)343945053(24,4)
(23,4)972058109(23,5)
(24,4)931489114(25,4)
(24,4)661955081(24,5)
(25,4)1395405989(26,4)
(25,4)11671338(25,5)
(26,4)992028067(27,4)
(26,4)271059426(26,5)
(27,4)1675575223(28,4)
(27,4)180785147(27,5)
(28,4)1470332231(29,4)
(28,4)1687776787(28,5)
(29,4)1862292122(30,4)
(29,4)1954696532(29,5)
(30,4)101323875(31,4)
(30,4)134591281(30,5)
(31,4)380390179(32,4)
(31,4)1131884850(31,5)
(32,4)235202254(33,4)
(32,4)1992576590(32,5)
(33,4)1280311131(34,4)
(33,4)833215350(33,5)
(34,4)1503967857(35,4)
(34,4)1370973813(34,5)
(35,4)873199181(36,4)
(35,4)1158381494(35,5)
(36,4)1240554603(37,4)
(36,4)1766146081(36,5)
(37,4)476152433(38,4)
(37,4)1979015720(37,5)
(38,4)803590181(39,4)
(38,4)1694887982(38,5)
(39,4)209359415(40,4)
(39,4)820097487(39,5)
(40,4)831768825(41,4)
(40,4)1735079296(40,5)
(41,4)2006138722(42,4)
(41,4)1604765404(41,5)
(42,4)1785550551(43,4)
(42,4)1823796892(42,5)
(43,4)1364090032(44,4)
(43,4)1534230297(43,5)
(44,4)1341443181(45,4)
(44,4)1108399134(44,5)
(45,4)1242990415(46,4)
(45,4)1078898506(45,5)
(46,4)63299708(47,4)
(46,4)1442767057(46,5)
(47,4)1287859999(48,4)
(47,4)1623380595(47,5)
(48,4)309112297(49,4)
(48,4)298501962(48,5)
(49,4)1669475776(50,4)
(49,4)420687483(49,5)
(50,4)1579068977(51,4)
(50,4)1813080154(50,5)
(51,4)1431742587(52,4)
(51,4)395191309(51,5)
(52,4)226723382(53,4)
(52,4)672139932(52,5)
(53,4)219544266(54,4)
(53,4)1907895021(53,5)
(54,4)580508860(55,4)
(54,4)1030313563(54,5)
(55,4)617909211(56,4)
(55,4)428903682(55,5)
(56,4)2033669086(57,4)
(56,4)1412277685(56,5)
(57,4)1088590930(58,4)
(57,4)476564285(57,5)
(58,4)2010794583(59,4)
(58,4)1671735990(58,5)
(59,4)632651476(60,4)
(59,4)305197314(59,5)
(60,4)1384095820(61,4)
(60,4)1204754116(60,5)
(61,4)500037525(62,4)
(61,4)1875641892(61,5)
(62,4)1351538839(63,4)
(62,4)1447395528(62,5)
(63,4)1745897490(64,4)
(63,4)1787897525(63,5)
(64,4)61101360(65,4)
(64,4)1660651136(64,5)
(65,4)1326247643(66,4)
(65,4)1267889618(65,5)
(66,4)1663080928(67,4)
(66,4)1640170337(66,5)
(67,4)164826621(68,4)
(67,4)610506582(67,5)
(68,4)370917955(69,4)
(68,4)1889804310(68,5)
(69,4)772634225(70,4)
(69,4)384370888(69,5)
(70,4)813274570(71,4)
(70,4)951426815(70,5)
(71,4)216220853(72,4)
(71,4)1390543437(71,5)
(72,4)1867107722(73,4)
(72,4)699460008(72,5)
(73,4)223712350(74,4)
(73,4)1304811783(73,5)
(74,4)1610009097(75,4)
(74,4)1730418657(74,5)
(75,4)787689126(76,4)
(75,4)856363827(75,5)
(76,4)584522071(77,4)
(76,4)846621269(76,5)
(77,4)146533149(78,4)
(77,4)1287726651(77,5)
(78,4)928140528(79,4)
(78,4)1936060910(78,5)
(79,4)1449228398(80,4)
(79,4)1892430639(79,5)
(80,4)1012836610(81,4)
(80,4)989241888(80,5)
(81,4)481928577(82,4)
(81,4)627992393(81,5)
(82,4)1238498976(83,4)
(82,4)528433890(82,5)
(83,4)270754552(84,4)
(83,4)646755199(83,5)
(84,4)1031126087(85,4)
(84,4)1609416931(84,5)
(85,4)413360099(86,4)
(85,4)1043388777(85,5)
(86,4)286448566(87,4)
(86,4)1844400657(86,5)
(87,4)396377017(88,4)
(87,4)629580952(87,5)
(88,4)1934392735(89,4)
(88,4)6072641(88,5)
(89,4)1736491298(90,4)
(89,4)620089368(89,5)
(90,4)1476453195(91,4)
(90,4)1396918184(90,5)
(91,4)96055805(92,4)
(91,4)376696776(91,5)
(92,4)1664423428(93,4)
(92,4)2060975266(92,5)
(93,4)1849552528(94,4)
(93,4)242588954(93,5)
(94,4)2135019593(95,4)
(94,4)445080308(94,5)
(95,4)1434322197(96,4)
(95,4)1151297278(95,5)
(96,4)1779289672(97,4)
(96,4)1000372555(96,5)
(97,4)1528806445(98,4)
(97,4)1916250774(97,5)
(98,4)415522325(99,4)
(98,4)870305000(98,5)
(99,4)1799560997(99,5)
(0,5)1446648412(1,5)
(0,5)332238283(0,6)
(1,5)745598382(2,5)
(1,5)695466127(1,6)
(2,5)981914693(3,5)
(2,5)1143565421(2,6)
(3,5)1539942439(4,5)
(3,5)1375179334(3,6)
(4,5)1162088421(5,5)
(4,5)987987334(4,6)
(5,5)576994985(6,5)
(5,5)12548159(5,6)
(6,5)1489001354(7,5)
(6,5)411522957(6,6)
(7,5)507578762(8,5)
(7,5)953691761(7,6)
(8,5)470631541(9,5)
(8,5)1402492972(8,6)
(9,5)1104561852(10,5)
(9,5)750167716(9,6)
(10,5)737703662(11,5)
(10,5)915711850(10,6)
(11,5)202550399(12,5)
(11,5)108375482(11,6)
(12,5)1887665154(13,5)
(12,5)1738076217(12,6)
(13,5)1119399015(14,5)
(13,5)2118801173(13,6)
(14,5)386839851(15,5)
(14,5)610486506(14,6)
(15,5)942724790(16,5)
(15,5)771476364(15,6)
(16,5)1466942491(17,5)
(16,5)1833488263(16,6)
(17,5)829570037(18,5)
(17,5)1688323172(17,6)
(18,5)916018859(19,5)
(18,5)301373537(18,6)
(19,5)1289360871(20,5)
(19,5)222028828(19,6)
(20,5)234576987(21,5)
(20,5)2078107280(20,6)
(21,5)342146590(22,5)
(21,5)1866355856(21,6)
(22,5)672563970(23,5)
(22,5)1723578341(22,6)
(23,5)978587665(24,5)
(23,5)849725352(23,6)
(24,5)1599893069(25,5)
(24,5)1143195511(24,6)
(25,5)2058907361(26,5)
(25,5)2083149517(25,6)
(26,5)44041351(27,5)
(26,5)190113083(26,6)
(27,5)1928189300(28,5)
(27,5)113974112(27,6)
(28,5)85291638(29,5)
(28,5)1931706506(28,6)
(29,5)394709364(30,5)
(29,5)900104667(29,6)
(30,5)1671581032(31,5)
(30,5)472131489(30,6)
(31,5)158136104(32,5)
(31,5)1337434154(31,6)
(32,5)878273679(33,5)
(32,5)991039875(32,6)
(33,5)1292413412(34,5)
(33,5)987706141(33,6)
(34,5)1209734969(35,5)
(34,5)1794292538(34,6)
(35,5)1724916170(36,5)
(35,5)434290636(35,6)
(36,5)153162844(37,5)
(36,5)1444311956(36,6)
(37,5)1020406649(38,5)
(37,5)2067062760(37,6)
(38,5)769304465(39,5)
(38,5)825726814(38,6)
(39,5)1968922326(40,5)
(39,5)1998994314(39,6)
(40,5)1934660183(41,5)
(40,5)221713886(40,6)
(41,5)411826969(42,5)
(41,5)1880346039(41,6)
(42,5)1994320152(43,5)
(42,5)1978701535(42,6)
(43,5)1762924393(44,5)
(43,5)192532621(43,6)
(44,5)1092637289(45,5)
(44,5)2079611790(44,6)
(45,5)404259631(46,5)
(45,5)10150109(45,6)
(46,5)1347584264(47,5)
(46,5)616734673(46,6)
(47,5)1607774548(48,5)
(47,5)562395735(47,6)
(48,5)1550101877(49,5)
(48,5)78374295(48,6)
(49,5)1872666833(50,5)
(49,5)752704313(49,6)
(50,5)1186994949(51,5)
(50,5)612353198(50,6)
(51,5)2056665155(52,5)
(51,5)1450099355(51,6)
(52,5)1369678468(53,5)
(52,5)1340157793(52,6)
(53,5)18400960(54,5)
(53,5)929588156(53,6)
(54,5)781098823(55,5)
(54,5)2138982933(54,6)
(55,5)213213171(56,5)
(55,5)1987323286(55,6)
(56,5)1720185677(57,5)
(56,5)568275358(56,6)
(57,5)399493245(58,5)
(57,5)625040140(57,6)
(58,5)817572761(59,5)
(58,5)1567022181(58,6)
(59,5)1499150323(60,5)
(59,5)14933990(59,6)
(60,5)25084100(61,5)
(60,5)1910210050(60,6)
(61,5)379461075(62,5)
(61,5)1903409954(61,6)
(62,5)318322042(63,5)
(62,5)1372668364(62,6)
(63,5)1451042659(64,5)
(63,5)1987235624(63,6)
(64,5)592456289(65,5)
(64,5)1868423919(64,6)
(65,5)333293469(66,5)
(65,5)1176225844(65,6)
(66,5)478841551(67,5)
(66,5)1779451238(66,6)
(67,5)972125383(68,5)
(67,5)242474976(67,6)
(68,5)1172063133(69,5)
(68,5)1848520019(68,6)
(69,5)1840019304(70,5)
(69,5)990526343(69,6)
(70,5)830365981(71,5)
(70,5)1953161956(70,6)
(71,5)373953666(72,5)
(71,5)2053232475(71,6)
(72,5)530788967(73,5)
(72,5)403068011(72,6)
(73,5)1970090192(74,5)
(73,5)773446912(73,6)
(74,5)788380902(75,5)
(74,5)1348361729(74,6)
(75,5)1111088131(76,5)
(75,5)1321756868(75,6)
(76,5)1077683174(77,5)
(76,5)813465002(76,6)
(77,5)38649718(78,5)
(77,5)1490549207(77,6)
(78,5)1330301183(79,5)
(78,5)1396005216(78,6)
(79,5)1116945487(80,5)
(79,5)1489692377(79,6)
(80,5)518434573(81,5)
(80,5)1922757472(80,6)
(81,5)1554725062(82,5)
(81,5)1450238957(81,6)
(82,5)1692713933(83,5)
(82,5)997276125(82,6)
(83,5)698312496(84,5)
(83,5)379366797(83,6)
(84,5)1369893141(85,5)
(84,5)717293418(84,6)
(85,5)522971726(86,5)
(85,5)390848153(85,6)
(86,5)296596980(87,5)
(86,5)52775474(86,6)
(87,5)455843485(88,5)
(87,5)896925393(87,6)
(88,5)1670372305(89,5)
(88,5)827385948(88,6)
(89,5)28264029(90,5)
(89,5)278450030(89,6)
(90,5)1600206898(91,5)
(90,5)311269559(90,6)
(91,5)1124734562(92,5)
(91,5)1139352160(91,6)
(92,5)482417719(93,5)
(92,5)530406424(92,6)
(93,5)1926411641(94,5)
(93,5)1163384280(93,6)
(94,5)505593010(95,5)
(94,5)1812718902(94,6)
(95,5)1587992726(96,5)
(95,5)895873480(95,6)
(96,5)198628789(97,5)
(96,5)1024027583(96,6)
(97,5)2021303708(98,5)
(97,5)995234140(97,6)
(98,5)1374600938(99,5)
(98,5)1891342723(98,6)
(99,5)572132557(99,6)
(0,6)597010431(1,6)
(0,6)461152493(0,7)
(1,6)984124220(2,6)
(1,6)962980710(1,7)
(2,6)1259577690(3,6)
(2,6)649785905(2,7)
(3,6)1105629391(4,6)
(3,6)1881049613(3,7)
(4,6)1403938270(5,6)
(4,6)2086963638(4,7)
(5,6)2115227667(6,6)
(5,6)1384079421(5,7)
(6,6)836802671(7,6)
(6,6)1715207829(6,7)
(7,6)692458743(8,6)
(7,6)1107096180(7,7)
(8,6)1589513899(9,6)
(8,6)1367209095(8,7)
(9,6)1146137088(10,6)
(9,6)1855843024(9,7)
(10,6)213952386(11,6)
(10,6)1254749154(10,7)
(11,6)695258232(12,6)
(11,6)2042010569(11,7)
(12,6)93155710(13,6)
(12,6)1237979969(12,7)
(13,6)1111800030(14,6)
(13,6)1690492373(13,7)
(14,6)917609663(15,6)
(14,6)1984498433(14,7)
(15,6)298167279(16,6)
(15,6)1683932587(15,7)
(16,6)499429649(17,6)
(16,6)1514620094(16,7)
(17,6)16922351(18,6)
(17,6)1282291499(17,7)
(18,6)1015857464(19,6)
(18,6)1759007339(18,7)
(19,6)1698487330(20,6)
(19,6)1122551742(19,7)
(20,6)359147515(21,6)
(20,6)272312086(20,7)
(21,6)1987519915(22,6)
(21,6)1666231349(21,7)
(22,6)625843881(23,6)
(22,6)1195950186(22,7)
(23,6)415675634(24,6)
(23,6)532495011(23,7)
(24,6)240854387(25,6)
(24,6)67874133(24,7)
(25,6)1322623287(26,6)
(25,6)1561812722(25,7)
(26,6)1456339643(27,6)
(26,6)454806773(26,7)
(27,6)1692786742(28,6)
(27,6)2017881519(27,7)
(28,6)1560890244(29,6)
(28,6)1549495354(28,7)
(29,6)1386510139(30,6)
(29,6)657103124(29,7)
(30,6)193552063(31,6)
(30,6)331016259(30,7)
(31,6)1845636353(32,6)
(31,6)1684677418(31,7)
(32,6)819485269(33,6)
(32,6)692981712(32,7)
(33,6)304505404(34,6)
(33,6)1862558705(33,7)
(34,6)837626799(35,6)
(34,6)1835342733(34,7)
(35,6)2107654819(36,6)
(35,6)2002992734(35,7)
(36,6)1521740435(37,6)
(36,6)1196774315(36,7)
(37,6)245240853(38,6)
(37,6)1947691087(37,7)
(38,6)332702450(39,6)
(38,6)100669(38,7)
(39,6)67974802(40,6)
(39,6)660916487(39,7)
(40,6)75245562(41,6)
(40,6)573556837(40,7)
(41,6)1028363610(42,6)
(41,6)1390598089(41,7)
(42,6)1260995960(43,6)
(42,6)1531585205(42,7)
(43,6)933596911(44,6)
(43,6)573666704(43,7)
(44,6)1230769829(45,6)
(44,6)674402557(44,7)
(45,6)1005418816(46,6)
(45,6)172623403(45,7)
(46,6)1857300821(47,6)
(46,6)1424321892(46,7)
(47,6)2117303605(48,6)
(47,6)703571522(47,7)
(48,6)418646579(49,6)
(48,6)529302443(48,7)
(49,6)217161528(50,6)
(49,6)274325361(49,7)
(50,6)129834447(51,6)
(50,6)1256273378(50,7)
(51,6)305564045(52,6)
(51,6)177332700(51,7)
(52,6)2125023787(53,6)
(52,6)1651574882(52,7)
(53,6)1651675551(54,6)
(53,6)550804899(53,7)
(54,6)1211721386(55,6)
(54,6)310242589(54,7)
(55,6)883799426(56,6)
(55,6)1719650353(55,7)
(56,6)962764794(57,6)
(56,6)1286966948(56,7)
(57,6)671068506(58,6)
(57,6)1912163036(57,7)
(58,6)338346092(59,6)
(58,6)76277107(58,7)
(59,6)750679664(60,6)
(59,6)1604665417(59,7)
(60,6)1777288820(61,6)
(60,6)1569115921(60,7)
(61,6)845954166(62,6)
(61,6)1756098480(61,7)
(62,6)312186354(63,6)
(62,6)1487105994(62,7)
(63,6)2016408437(64,6)
(63,6)815774123(63,7)
(64,6)1090099484(65,6)
(64,6)730832933(64,7)
(65,6)1987106312(66,6)
(65,6)86086317(65,7)
(66,6)263419017(67,6)
(66,6)1219933931(66,7)
(67,6)724025165(68,6)
(67,6)145186709(67,7)
(68,6)695991608(69,6)
(68,6)240959156(68,7)
(69,6)551201745(70,6)
(69,6)228217069(69,7)
(70,6)1947867422(71,6)
(70,6)1907712995(70,7)
(71,6)1047196295(72,6)
(71,6)1435001171(71,7)
(72,6)1199680559(73,6)
(72,6)763148569(72,7)
(73,6)839425676(74,6)
(73,6)1718264801(73,7)
(74,6)1175446571(75,6)
(74,6)1538026652(74,7)
(75,6)959658925(76,6)
(75,6)1590105340(75,7)
(76,6)1198720172(77,6)
(76,6)805251743(76,7)
(77,6)144874089(78,6)
(77,6)1805613091(77,7)
(78,6)473903566(79,6)
(78,6)1510906527(78,7)
(79,6)94255812(80,6)
(79,6)13798878(79,7)
(80,6)99885196(81,6)
(80,6)1564003050(80,7)
(81,6)636453333(82,6)
(81,6)2081362124(81,7)
(82,6)79065186(83,6)
(82,6)363304213(82,7)
(83,6)604263370(84,6)
(83,6)1360478499(83,7)
(84,6)1588695568(85,6)
(84,6)775056794(84,7)
(85,6)535286141(86,6)
(85,6)1155465115(85,7)
(86,6)442982639(87,6)
(86,6)1389079342(86,7)
(87,6)4744263(88,6)
(87,6)1582482437(87,7)
(88,6)1153263590(89,6)
(88,6)1642663198(88,7)
(89,6)1033206202(90,6)
(89,6)844169939(89,7)
(90,6)286791631(91,6)
(90,6)181226513(90,7)
(91,6)986478257(92,6)
(91,6)1992865128(91,7)
(92,6)1650994571(93,6)
(92,6)1485511804(92,7)
(93,6)848934683(94,6)
(93,6)1131352346(93,7)
(94,6)1145151225(95,6)
(94,6)2124898138(94,7)
(95,6)1541417540(96,6)
(95,6)943190495(95,7)
(96,6)877068972(97,6)
(96,6)1245036421(96,7)
(97,6)1608340634(98,6)
(97,6)30387226(97,7)
(98,6)1390865725(99,6)
(98,6)956134158(98,7)
(99,6)65120356(99,7)
(0,7)832077645(1,7)
(0,7)1731190952(0,8)
(1,7)118993446(2,7)
(1,7)1220585472(1,8)
(2,7)1663568111(3,7)
(2,7)73673339(2,8)
(3,7)78417603(4,7)
(3,7)1701475883(3,8)
(4,7)707255825(5,7)
(4,7)1158747661(4,8)
(5,7)44470216(6,7)
(5,7)922587542(5,8)
(6,7)1209379174(7,7)
(6,7)888482339(6,8)
(7,7)1874960596(8,7)
(7,7)2037335344(7,8)
(8,7)1540846267(9,7)
(8,7)547407330(8,8)
(9,7)1396342013(10,7)
(9,7)858829294(9,8)
(10,7)2003980519(11,7)
(10,7)1518260757(10,8)
(11,7)912194650(12,7)
(11,7)192048860(11,8)
(12,7)1069117832(13,7)
(12,7)1101533292(12,8)
(13,7)562390279(14,7)
(13,7)942581876(13,8)
(14,7)185963953(15,7)
(14,7)2025251990(14,8)
(15,7)1608959295(16,7)
(15,7)627510635(15,8)
(16,7)1848096107(17,7)
(16,7)1018041598(16,8)
(17,7)1091714937(18,7)
(17,7)1727952741(17,8)
(18,7)1281944976(19,7)
(18,7)1364180570(18,8)
(19,7)375444584(20,7)
(19,7)1170132540(19,8)
(20,7)2092720083(21,7)
(20,7)1989200801(20,8)
(21,7)730199492(22,7)
(21,7)419914800(21,8)
(22,7)309766496(23,7)
(22,7)1154615609(22,8)
(23,7)1702022939(24,7)
(23,7)457676440(23,8)
(24,7)1316505735(25,7)
(24,7)1850612763(24,8)
(25,7)1221389873(26,7)
(25,7)950881304(25,8)
(26,7)1142930164(27,7)
(26,7)1173002606(26,8)
(27,7)127052251(28,7)
(27,7)2133584523(27,8)
(28,7)928682751(29,7)
(28,7)64564349(28,8)
(29,7)2089816339(30,7)
(29,7)689442530(29,8)
(30,7)1316953165(31,7)
(30,7)1114646704(30,8)
(31,7)2132688302(32,7)
(31,7)1551291986(31,8)
(32,7)1131761079(33,7)
(32,7)1017565625(32,8)
(33,7)234262547(34,7)
(33,7)1076919591(33,8)
(34,7)99568484(35,7)
(34,7)266222407(34,8)
(35,7)107939561(36,7)
(35,7)609707131(35,8)
(36,7)1029621931(37,7)
(36,7)44804919(36,8)
(37,7)1199420528(38,7)
(37,7)838139053(37,8)
(38,7)1295815494(39,7)
(38,7)1339388427(38,8)
(39,7)1042517543(40,7)
(39,7)753959819(39,8)
(40,7)1704841123(41,7)
(40,7)464837581(40,8)
(41,7)1637840187(42,7)
(41,7)116423768(41,8)
(42,7)102524643(43,7)
(42,7)700287639(42,8)
(43,7)764851988(44,7)
(43,7)1764892438(43,8)
(44,7)306851320(45,7)
(44,7)1031207394(44,8)
(45,7)2145854098(46,7)
(45,7)707184680(45,8)
(46,7)110993018(47,7)
(46,7)1623804486(46,8)
(47,7)493886463(48,7)
(47,7)2131058752(47,8)
(48,7)1060494695(49,7)
(48,7)1242754098(48,8)
(49,7)1508976505(50,7)
(49,7)728149010(49,8)
(50,7)1337856142(51,7)
(50,7)1160063179(50,8)
(51,7)1204868098(52,7)
(51,7)1616916066(51,8)
(52,7)307571472(53,7)
(52,7)219994425(52,8)
(53,7)1559382853(54,7)
(53,7)256804978(53,8)
(54,7)1010764797(55,7)
(54,7)1603386966(54,8)
(55,7)2068224547(56,7)
(55,7)454416748(55,8)
(56,7)570840516(57,7)
(56,7)568122272(56,8)
(57,7)1268409912(58,7)
(57,7)1558581086(57,8)
(58,7)1175989877(59,7)
(58,7)673365159(58,8)
(59,7)1704572553(60,7)
(59,7)2033261900(59,8)
(60,7)592962932(61,7)
(60,7)1482841197(60,8)
(61,7)959162035(62,7)
(61,7)1702943003(61,8)
(62,7)1686518107(63,7)
(62,7)703955951(62,8)
(63,7)1946710049(64,7)
(63,7)1453048498(63,8)
(64,7)33713861(65,7)
(64,7)599529154(64,8)
(65,7)1759592334(66,7)
(65,7)1308202906(65,8)
(66,7)777635325(67,7)
(66,7)1371570003(66,8)
(67,7)1591564428(68,7)
(67,7)816976784(67,8)
(68,7)1073781763(69,7)
(68,7)1085206797(68,8)
(69,7)541110115(70,7)
(69,7)1003463633(69,8)
(70,7)1457880381(71,7)
(70,7)2084546560(70,8)
(71,7)505185185(72,7)
(71,7)461851014(71,8)
(72,7)2020432100(73,7)
(72,7)2028720897(72,8)
(73,7)554602408(74,7)
(73,7)1773595097(73,8)
(74,7)1659373349(75,7)
(74,7)1048938329(74,8)
(75,7)384295879(76,7)
(75,7)111691313(75,8)
(76,7)1814634316(77,7)
(76,7)104852634(76,8)
(77,7)808808585(78,7)
(77,7)1343457914(77,8)
(78,7)649022765(79,7)
(78,7)1353668775(78,8)
(79,7)1953197930(80,7)
(79,7)608034986(79,8)
(80,7)1916237892(81,7)
(80,7)682736626(80,8)
(81,7)2054306629(82,7)
(81,7)1565306616(81,8)
(82,7)234799752(83,7)
(82,7)546389569(82,8)
(83,7)1631596366(84,7)
(83,7)1498387409(83,8)
(84,7)354367395(85,7)
(84,7)1308581515(84,8)
(85,7)1245644428(86,7)
(85,7)25222833(85,8)
(86,7)487073847(87,7)
(86,7)1812247776(86,8)
(87,7)1693485026(88,7)
(87,7)1750829613(87,8)
(88,7)1376941062(89,7)
(88,7)360022300(88,8)
(89,7)1408960629(90,7)
(89,7)100603786(89,8)
(90,7)212295100(91,7)
(90,7)888830763(90,8)
(91,7)993683397(92,7)
(91,7)1793256508(91,8)
(92,7)989230775(93,7)
(92,7)2026929416(92,8)
(93,7)1233114544(94,7)
(93,7)1802491982(93,8)
(94,7)263043320(95,7)
(94,7)1638253540(94,8)
(95,7)173506518(96,7)
(95,7)1038828826(95,8)
(96,7)456651794(97,7)
(96,7)31797565(96,8)
(97,7)578187134(98,7)
(97,7)80329499(97,8)
(98,7)1578716908(99,7)
(98,7)691451546(98,8)
(99,7)62299853(99,8)
(0,8)1933084303(1,8)
(0,8)2000033062(0,9)
(1,8)1098193842(2,8)
(1,8)87522686(1,9)
(2,8)574596534(3,8)
(2,8)1597848432(2,9)
(3,8)1143849810(4,8)
(3,8)701539807(3,9)
(4,8)2078480869(5,8)
(4,8)934618834(4,9)
(5,8)196095815(6,8)
(5,8)1244453596(5,9)
(6,8)1456748696(7,8)
(6,8)819827984(6,9)
(7,8)1813511382(8,8)
(7,8)1989352324(7,9)
(8,8)831099451(9,8)
(8,8)1336194465(8,9)
(9,8)421825361(10,8)
(9,8)1468519716(9,9)
(10,8)1731563037(11,8)
(10,8)321869343(10,9)
(11,8)495375861(12,8)
(11,8)1460654187(11,9)
(12,8)1917305981(13,8)
(12,8)1763360602(12,9)
(13,8)194064088(14,8)
(13,8)575705360(13,9)
(14,8)6938620(15,8)
(14,8)461273879(14,9)
(15,8)313823293(16,8)
(15,8)256363941(15,9)
(16,8)343886628(17,8)
(16,8)1940022924(16,9)
(17,8)1390387708(18,8)
(17,8)1412017135(17,9)
(18,8)2113556942(19,8)
(18,8)918483162(18,9)
(19,8)1853101996(20,8)
(19,8)386753870(19,9)
(20,8)1631207466(21,8)
(20,8)2044554163(20,9)
(21,8)716898500(22,8)
(21,8)2049197811(21,9)
(22,8)1891066487(23,8)
(22,8)940472515(22,9)
(23,8)129183332(24,8)
(23,8)382926234(23,9)
(24,8)1851445950(25,8)
(24,8)574682290(24,9)
(25,8)896551633(26,8)
(25,8)551008693(25,9)
(26,8)2011662880(27,8)
(26,8)1435525339(26,9)
(27,8)1051402293(28,8)
(27,8)1391927494(27,9)
(28,8)1967632854(29,8)
(28,8)1781485213(28,9)
(29,8)95275444(30,8)
(29,8)1245466382(29,9)
(30,8)1501830323(31,8)
(30,8)1974571475(30,9)
(31,8)1767110751(32,8)
(31,8)409098738(31,9)
(32,8)1821115873(33,8)
(32,8)1845716951(32,9)
(33,8)616716465(34,8)
(33,8)1010014811(33,9)
(34,8)1396768681(35,8)
(34,8)1787189168(34,9)
(35,8)1684259683(36,8)
(35,8)322334813(35,9)
(36,8)224048977(37,8)
(36,8)880492499(36,9)
(37,8)1820965014(38,8)
(37,8)253674535(37,9)
(38,8)636600769(39,8)
(38,8)2115115464(38,9)
(39,8)542314107(40,8)
(39,8)1950148346(39,9)
(40,8)353673391(41,8)
(40,8)340563072(40,9)
(41,8)1776088411(42,8)
(41,8)1438865740(41,9)
(42,8)683309587(43,8)
(42,8)217852623(42,9)
(43,8)1999337836(44,8)
(43,8)680007057(43,9)
(44,8)1925473439(45,8)
(44,8)503458793(44,9)
(45,8)330546620(46,8)
(45,8)2094613281(45,9)
(46,8)356228371(47,8)
(46,8)1279820114(46,9)
(47,8)978053418(48,8)
(47,8)2097657371(47,9)
(48,8)960188534(49,8)
(48,8)29860596(48,9)
(49,8)1817049764(50,8)
(49,8)1594769883(49,9)
(50,8)1917104697(51,8)
(50,8)209473567(50,9)
(51,8)1089966067(52,8)
(51,8)1353825800(51,9)
(52,8)1607500335(53,8)
(52,8)2141153674(52,9)
(53,8)2108785490(54,8)
(53,8)763447433(53,9)
(54,8)566112132(55,8)
(54,8)96617457(54,9)
(55,8)437180529(56,8)
(55,8)503615949(55,9)
(56,8)1942481690(57,8)
(56,8)919785523(56,9)
(57,8)1137638147(58,8)
(57,8)65785292(57,9)
(58,8)745792349(59,8)
(58,8)478307629(58,9)
(59,8)981766422(60,8)
(59,8)989492335(59,9)
(60,8)936621968(61,8)
(60,8)523782140(60,9)
(61,8)1803602255(62,8)
(61,8)1312313043(61,9)
(62,8)1262486766(63,8)
(62,8)1292850339(62,9)
(63,8)1322710936(64,8)
(63,8)634172025(63,9)
(64,8)81458260(65,8)
(64,8)75191653(64,9)
(65,8)284665220(66,8)
(65,8)992277052(65,9)
(66,8)198619204(67,8)
(66,8)1998562957(66,9)
(67,8)1992232983(68,8)
(67,8)1374631287(67,9)
(68,8)2138078721(69,8)
(68,8)1806119540(68,9)
(69,8)1902736997(70,8)
(69,8)1953534826(69,9)
(70,8)309667127(71,8)
(70,8)556707205(70,9)
(71,8)1476492728(72,8)
(71,8)192433878(71,9)
(72,8)258219170(73,8)
(72,8)104665169(72,9)
(73,8)582972798(74,8)
(73,8)466647227(73,9)
(74,8)1456139563(75,8)
(74,8)1004011520(74,9)
(75,8)1527793660(76,8)
(75,8)1564739221(75,9)
(76,8)729568616(77,8)
(76,8)245277883(76,9)
(77,8)1538128223(78,8)
(77,8)1183912267(77,9)
(78,8)1818084292(79,8)
(78,8)1992055382(78,9)
(79,8)2067247035(80,8)
(79,8)713355511(79,9)
(80,8)1705632563(81,8)
(80,8)1899542553(80,9)
(81,8)1750621862(82,8)
(81,8)204428608(81,9)
(82,8)1579059895(83,8)
(82,8)1904251768(82,9)
(83,8)1562887660(84,8)
(83,8)1595371198(83,9)
(84,8)1401422376(85,8)
(84,8)1569654968(84,9)
(85,8)2126362173(86,8)
(85,8)1318141009(85,9)
(86,8)1510574887(87,8)
(86,8)1711089503(86,9)
(87,8)1815754673(88,8)
(87,8)1455371254(87,9)
(88,8)1922018481(89,8)
(88,8)1768794057(88,9)
(89,8)625321929(90,8)
(89,8)251243823(89,9)
(90,8)1815983044(91,8)
(90,8)1230674396(90,9)
(91,8)1475952280(92,8)
(91,8)5631942(91,9)
(92,8)1189544209(93,8)
(92,8)398068012(92,9)
(93,8)242639747(94,8)
(93,8)866596855(93,9)
(94,8)1579952366(95,8)
(94,8)860144854(94,9)
(95,8)612203759(96,8)
(95,8)162403134(95,9)
(96,8)366831742(97,8)
(96,8)1138101281(96,9)
(97,8)894869401(98,8)
(97,8)215341973(97,9)
(98,8)1810713171(99,8)
(98,8)1945891638(98,9)
(99,8)310273413(99,9)
(0,9)1368062958(1,9)
(1,9)1064651899(2,9)
(2,9)1628414422(3,9)
(3,9)1346941484(4,9)
(4,9)628257755(5,9)
(5,9)991505661(6,9)
(6,9)654829090(7,9)
(7,9)296528780(8,9)
(8,9)612816071(9,9)
(9,9)429363923(10,9)
(10,9)547772603(11,9)
(11,9)1238138000(12,9)
(12,9)1660038320(13,9)
(13,9)216272000(14,9)
(14,9)1243769942(15,9)
(15,9)988506952(16,9)
(16,9)614340012(17,9)
(17,9)285830504(18,9)
(18,9)1855103807(19,9)
(19,9)856979759(20,9)
(20,9)1145975358(21,9)
(21,9)1287572525(22,9)
(22,9)1019382894(23,9)
(23,9)1758179117(24,9)
(24,9)278190158(25,9)
(25,9)1386214636(26,9)
(26,9)1973521090(27,9)
(27,9)1173059560(28,9)
(28,9)1184622626(29,9)
(29,9)1636750614(30,9)
(30,9)1483332973(31,9)
(31,9)405201937(32,9)
(32,9)553918865(33,9)
(33,9)964263748(34,9)
(34,9)1752143421(35,9)
(35,9)1182176620(36,9)
(36,9)1955769409(37,9)
(37,9)259488863(38,9)
(38,9)1478705400(39,9)
(39,9)421101832(40,9)
(40,9)688852786(41,9)
(41,9)2026478004(42,9)
(42,9)1659239833(43,9)
(43,9)201407458(44,9)
(44,9)95266356(45,9)
(45,9)755526127(46,9)
(46,9)1189914410(47,9)
(47,9)709606368(48,9)
(48,9)1041356631(49,9)
(49,9)897534569(50,9)
(50,9)1566586128(51,9)
(51,9)39848341(52,9)
(52,9)37623446(53,9)
(53,9)438485374(54,9)
(54,9)1798027458(55,9)
(55,9)315813605(56,9)
(56,9)1824700010(57,9)
(57,9)1624064901(58,9)
(58,9)1488873165(59,9)
(59,9)861838989(60,9)
(60,9)1113331867(61,9)
(61,9)824722490(62,9)
(62,9)1267040926(63,9)
(63,9)1667250732(64,9)
(64,9)1788986238(65,9)
(65,9)871700699(66,9)
(66,9)701943705(67,9)
(67,9)1597272000(68,9)
(68,9)1131189562(69,9)
(69,9)33165457(70,9)
(70,9)2018373832(71,9)
(71,9)1820042348(72,9)
(72,9)2059643461(73,9)
(73,9)1530130017(74,9)
(74,9)2021449807(75,9)
(75,9)7426169(76,9)
(76,9)138172497(77,9)
(77,9)1063880569(78,9)
(78,9)717032538(79,9)
(79,9)1179529128(80,9)
(80,9)1961415139(81,9)
(81,9)136135018(82,9)
(82,9)1219377470(83,9)
(83,9)1999038585(84,9)
(84,9)574620392(85,9)
(85,9)869921280(86,9)
(86,9)167368542(87,9)
(87,9)251836754(88,9)
(88,9)346502533(89,9)
(89,9)1656241707(90,9)
(90,9)1113675743(91,9)
(91,9)1459834400(92,9)
(92,9)333480550(93,9)
(93,9)233233021(94,9)
(94,9)979601485(95,9)
(95,9)2122466788(96,9)
(96,9)1104933720(97,9)
(97,9)1681545190(98,9)
(98,9)1572255140(99,9)
