10 50
(0,0)846930886(1,0)
(1,0)1681692777(1,1)
(2,0)424238335(3,0)
(3,0)719885386(3,1)
(4,0)596516649(4,1)
(5,0)1025202362(5,1)
(6,0)1102520059(7,0)
(6,0)783368690(6,1)
(8,0)1365180540(8,1)
(9,0)304089172(9,1)
(0,1)35005211(1,1)
(1,1)294702567(2,1)
(1,1)521595368(1,2)
(2,1)336465782(3,1)
(3,1)278722862(4,1)
(4,1)233665123(4,2)
(5,1)1101513929(6,1)
(5,1)468703135(5,2)
(7,1)1369133069(8,1)
(7,1)635723058(7,2)
(8,1)1059961393(9,1)
(8,1)1125898167(8,2)
(0,2)628175011(0,3)
(1,2)1131176229(1,3)
(2,2)859484421(2,3)
(3,2)756898537(4,2)
(3,2)608413784(3,3)
(5,2)149798315(5,3)
(6,2)184803526(7,2)
(6,2)1129566413(6,3)
(7,2)412776091(7,3)
(8,2)749241873(9,2)
(9,2)137806862(9,3)
(0,3)982906996(1,3)
(0,3)42999170(0,4)
(1,3)511702305(2,3)
(1,3)135497281(1,4)
(3,3)572660336(4,3)
(4,3)805750846(5,3)
(4,3)1159126505(4,4)
(5,3)1100661313(6,3)
(7,3)939819582(8,3)
(7,3)84353895(7,4)
(0,4)610515434(0,5)
(1,4)760313750(2,4)
(2,4)356426808(3,4)
(3,4)945117276(3,5)
(4,4)709393584(5,4)
(5,4)491705403(5,5)
(6,4)752392754(6,5)
(7,4)1264095060(8,4)
(9,4)943947739(9,5)
(0,5)855636226(1,5)
(2,5)1036140795(3,5)
(3,5)463480570(3,6)
(4,5)317097467(5,5)
(5,5)1376710097(6,5)
(6,5)927612902(6,6)
(7,5)603570492(7,6)
(8,5)660260756(8,6)
(9,5)485560280(9,6)
(0,6)593209441(1,6)
(0,6)402724286(0,7)
(2,6)364228444(2,7)
(3,6)270744729(4,6)
(3,6)221558440(3,7)
(4,6)1633108117(5,6)
(6,6)822890675(7,6)
(7,6)791698927(8,6)
(8,6)498777856(9,6)
(8,6)631704567(8,7)
(9,6)1255179497(9,7)
(0,7)327254586(1,7)
(0,7)524872353(0,8)
(1,7)269455306(2,7)
(2,7)352406219(3,7)
(3,7)160051528(4,7)
(4,7)112805732(5,7)
(5,7)378409503(6,7)
(6,7)515530019(6,8)
(7,7)1409959708(8,7)
(0,8)289700723(1,8)
(0,8)200747796(0,9)
(1,8)168002245(2,8)
(2,8)439493451(3,8)
(2,8)150122846(2,9)
(4,8)1231192379(4,9)
(5,8)338888228(6,8)
(5,8)111537764(5,9)
(6,8)438792350(7,8)
(7,8)269441500(8,8)
(8,8)116087764(9,8)
(0,9)8936987(1,9)
(0,9)155324914(0,10)
(2,9)350322227(3,9)
(2,9)387346491(2,10)
(3,9)841148365(3,10)
(4,9)771151432(5,9)
(4,9)1760281936(4,10)
(5,9)1244316437(6,9)
(5,9)1186452551(5,10)
(6,9)971899228(6,10)
(7,9)1139901474(8,9)
(7,9)213975407(7,10)
(8,9)653468858(9,9)
(0,10)1239036029(0,11)
(1,10)1350573793(2,10)
(2,10)76065818(2,11)
(7,10)1067854538(8,10)
(8,10)1782436840(9,10)
(8,10)352118606(8,11)
(0,11)165344818(0,12)
(1,11)532670688(1,12)
(2,11)492067917(2,12)
(3,11)680466996(3,12)
(4,11)159259470(5,11)
(4,11)496987743(4,12)
(5,11)480298490(6,11)
(6,11)1096689772(7,11)
(7,11)601385644(8,11)
(8,11)1172755590(8,12)
(9,11)243268139(9,12)
(0,12)1012502954(0,13)
(1,12)968338082(2,12)
(2,12)722308542(2,13)
(3,12)6939507(4,12)
(3,12)933110197(3,13)
(4,12)740759355(4,13)
(5,12)502278611(6,12)
(6,12)1037127828(7,12)
(7,12)654887343(8,12)
(7,12)1034949299(7,13)
(8,12)392035568(9,12)
(0,13)889023311(1,13)
(0,13)87755422(0,14)
(2,13)745425661(3,13)
(3,13)396473730(3,14)
(5,13)705178736(5,14)
(6,13)434248626(6,14)
(8,13)552473416(8,14)
(9,13)188213258(9,14)
(0,14)559412924(0,15)
(1,14)201305624(2,14)
(1,14)1473442062(1,15)
(2,14)776532036(3,14)
(2,14)238962600(2,15)
(3,14)1273911899(4,14)
(4,14)620145550(5,14)
(5,14)619290071(6,14)
(5,14)1665947468(5,15)
(6,14)407487131(7,14)
(6,14)707900973(6,15)
(7,14)7684930(8,14)
(8,14)711845894(9,14)
(9,14)404158660(9,15)
(0,15)937370163(0,16)
(2,15)260152959(3,15)
(3,15)824272813(4,15)
(6,15)437116466(6,16)
(7,15)638422090(8,15)
(7,15)1176911340(7,16)
(0,16)1069755936(0,17)
(1,16)588219756(2,16)
(1,16)349517445(1,17)
(3,16)995706887(3,17)
(4,16)625032172(5,16)
(4,16)1065103348(4,17)
(5,16)387451659(5,17)
(6,16)298625210(7,16)
(7,16)1057467587(8,16)
(9,16)382697713(9,17)
(0,17)476667372(0,18)
(1,17)296864819(2,17)
(1,17)260401255(1,18)
(2,17)697517721(3,17)
(5,17)1065311705(6,17)
(6,17)846811127(7,17)
(6,17)719346228(6,18)
(8,17)324763920(9,17)
(9,17)155789224(9,18)
(0,18)231602422(0,19)
(1,18)619054081(2,18)
(2,18)195740084(3,18)
(2,18)711645630(2,19)
(3,18)917679292(3,19)
(4,18)570073850(5,18)
(4,18)1253207672(4,19)
(6,18)337739299(7,18)
(6,18)1046741222(6,19)
(8,18)446340713(9,18)
(8,18)1111783898(8,19)
(9,18)1197352298(9,19)
(0,19)915256190(0,20)
(1,19)524688209(2,19)
(1,19)846942590(1,20)
(2,19)700108581(2,20)
(4,19)726371155(4,20)
(5,19)882160379(6,19)
(5,19)292218004(5,20)
(6,19)11614769(6,20)
(7,19)630668850(8,19)
(8,19)246247255(8,20)
(0,20)964445884(1,20)
(0,20)1(0,21)
(2,20)452867621(2,21)
(3,20)201690613(4,20)
(4,20)822262754(5,20)
(4,20)213801961(4,21)
(5,20)648031326(5,21)
(6,20)282828202(7,20)
(7,20)114723506(8,20)
(7,20)110613202(7,21)
(9,20)1486222842(9,21)
(0,21)255789528(1,21)
(0,21)1(0,22)
(3,21)653448036(4,21)
(3,21)777210498(3,22)
(5,21)364686248(5,22)
(6,21)1129033333(6,22)
(7,21)501772890(8,21)
(7,21)1280321648(7,22)
(8,21)150517567(9,21)
(9,21)212251746(9,22)
(0,22)1(1,22)
(1,22)1(2,22)
(1,22)1034514500(1,23)
(2,22)1(3,22)
(3,22)1(3,23)
(4,22)739273303(4,23)
(5,22)78012497(6,22)
(6,22)552910253(6,23)
(8,22)474613996(9,22)
(9,22)425245975(9,23)
(0,23)235649157(1,23)
(0,23)1315209188(0,24)
(2,23)430253414(3,23)
(3,23)1(4,23)
(4,23)1(5,23)
(5,23)1(5,24)
(6,23)332266748(6,24)
(7,23)816504794(8,23)
(7,23)31308902(7,24)
(8,23)655858699(9,23)
(8,23)820697697(8,24)
(0,24)559301039(0,25)
(1,24)1186090428(1,25)
(2,24)1473144500(2,25)
(3,24)669908538(4,24)
(4,24)12895151(5,24)
(5,24)1(5,25)
(8,24)1543755629(9,24)
(8,24)777720504(8,25)
(0,25)328298285(1,25)
(1,25)136495343(2,25)
(1,25)70636429(1,26)
(2,25)402903177(3,25)
(4,25)2416949(5,25)
(5,25)655495367(6,25)
(5,25)1(5,26)
(6,25)561717988(6,26)
(7,25)389040743(8,25)
(8,25)1433102829(9,25)
(8,25)733053144(8,26)
(0,26)672655340(1,26)
(1,26)400000569(2,26)
(2,26)1081174232(3,26)
(2,26)337453826(2,27)
(4,26)410409117(5,26)
(5,26)1(5,27)
(6,26)1175526309(7,26)
(8,26)500618996(8,27)
(9,26)1184214677(9,27)
(0,27)1061730690(1,27)
(1,27)1186631626(1,28)
(3,27)1411328205(4,27)
(3,27)1276673168(3,28)
(5,27)1(5,28)
(6,27)1369602726(7,27)
(6,27)1265204346(6,28)
(8,27)564325578(9,27)
(0,28)358532290(1,28)
(0,28)1010528946(0,29)
(2,28)1426819080(3,28)
(3,28)885799631(3,29)
(4,28)1281830857(4,29)
(5,28)318561886(6,28)
(5,28)1(5,29)
(6,28)70788355(7,28)
(7,28)1112720090(8,28)
(8,28)1106059479(9,28)
(9,28)241909610(9,29)
(0,29)1051858969(0,30)
(1,29)104152274(1,30)
(2,29)826047641(2,30)
(3,29)309198987(4,29)
(3,29)970925433(3,30)
(4,29)530498338(5,29)
(4,29)887077888(4,30)
(5,29)37487770(6,29)
(5,29)1(5,30)
(6,29)1232056856(7,29)
(6,29)1541027284(6,30)
(8,29)1025125849(9,29)
(8,29)959372260(8,30)
(0,30)159473059(1,30)
(0,30)126107205(0,31)
(2,30)471990783(3,30)
(2,30)478034945(2,31)
(4,30)1584710873(4,31)
(5,30)1(5,31)
(7,30)1647149314(8,30)
(8,30)1152645729(9,30)
(8,30)716334471(8,31)
(9,30)470591100(9,31)
(0,31)1025533459(0,32)
(1,31)1001089438(1,32)
(2,31)394633074(3,31)
(5,31)1(5,32)
(6,31)712633417(7,31)
(7,31)864101839(7,32)
(9,31)410228794(9,32)
(0,32)773319847(1,32)
(0,32)1026413173(0,33)
(2,32)452456682(2,33)
(3,32)235745791(4,32)
(4,32)1(5,32)
(4,32)1(4,33)
(5,32)1272796157(6,32)
(7,32)126401947(7,33)
(8,32)521035021(9,32)
(9,32)40610537(9,33)
(0,33)19485054(1,33)
(0,33)738393740(0,34)
(1,33)1291554098(2,33)
(3,33)371653516(4,33)
(4,33)1047372231(5,33)
(4,33)1(4,34)
(6,33)333582338(7,33)
(7,33)628974580(7,34)
(8,33)786039021(8,34)
(0,34)586235379(1,34)
(0,34)1021784812(0,35)
(1,34)262692685(2,34)
(2,34)1338299904(3,34)
(4,34)1(5,34)
(4,34)395279207(4,35)
(5,34)435889744(6,34)
(5,34)1(5,35)
(6,34)378469911(7,34)
(7,34)488663950(8,34)
(7,34)272020127(7,35)
(8,34)29777560(9,34)
(9,34)345367818(9,35)
(0,35)991810563(1,35)
(0,35)257675105(0,36)
(2,35)216588711(2,36)
(3,35)845563291(4,35)
(3,35)151519934(3,36)
(5,35)524133589(6,35)
(5,35)1(5,36)
(7,35)74552805(8,35)
(7,35)409544918(7,36)
(8,35)927376882(8,36)
(0,36)765326717(0,37)
(1,36)1124311574(2,36)
(1,36)76593093(1,37)
(2,36)431530126(2,37)
(3,36)703550253(4,36)
(5,36)107734713(6,36)
(5,36)1(5,37)
(8,36)672032919(9,36)
(0,37)639806732(0,38)
(1,37)406011017(1,38)
(2,37)217871137(3,37)
(2,37)114760235(2,38)
(3,37)337745691(3,38)
(4,37)292423943(4,38)
(5,37)1(5,38)
(6,37)120306710(7,37)
(7,37)1007277217(8,37)
(8,37)551836836(8,38)
(9,37)362575055(9,38)
(0,38)1022963858(1,38)
(3,38)483689685(4,38)
(4,38)567304789(4,39)
(5,38)35756851(6,38)
(5,38)1(5,39)
(6,38)746349250(7,38)
(7,38)1122336503(8,38)
(7,38)441767868(7,39)
(8,38)659639006(9,38)
(8,38)861109485(8,39)
(0,39)952062949(1,39)
(1,39)577721120(1,40)
(2,39)1(3,39)
(2,39)1(2,40)
(3,39)1(4,39)
(4,39)1(5,39)
(6,39)690367770(7,39)
(8,39)537322532(9,39)
(9,39)550245196(9,40)
(0,40)1104627321(1,40)
(0,40)157272379(0,41)
(2,40)1(2,41)
(3,40)1582152040(4,40)
(4,40)738647283(4,41)
(5,40)51245830(6,40)
(5,40)94307398(5,41)
(6,40)10901063(6,41)
(7,40)628966950(7,41)
(8,40)1089653714(9,40)
(9,40)1003886059(9,41)
(0,41)410134047(1,41)
(0,41)168057522(0,42)
(1,41)1038626924(1,42)
(2,41)181271232(3,41)
(2,41)1(2,42)
(4,41)199411898(5,41)
(6,41)1022089159(7,41)
(6,41)356684278(6,42)
(8,41)1242561041(9,41)
(8,41)14989683(8,42)
(1,42)207026272(1,43)
(2,42)1(3,42)
(3,42)513937457(4,42)
(3,42)1(3,43)
(4,42)204102747(5,42)
(6,42)372160269(6,43)
(7,42)207621703(8,42)
(9,42)733450907(9,43)
(0,43)980356728(1,43)
(1,43)932862806(1,44)
(2,43)695748720(2,44)
(3,43)174515334(4,43)
(3,43)1(3,44)
(4,43)294110991(5,43)
(5,43)245798898(6,43)
(7,43)1435218189(8,43)
(7,43)452825171(7,44)
(8,43)670752506(9,43)
(8,43)1135771559(8,44)
(0,44)262178224(1,44)
(1,44)82173109(1,45)
(2,44)454333378(3,44)
(2,44)857490000(2,45)
(3,44)1(4,44)
(4,44)1(5,44)
(4,44)661955081(4,45)
(5,44)1(5,45)
(6,44)1(7,44)
(6,44)1(6,45)
(7,44)1(7,45)
(8,44)1470332231(9,44)
(0,45)134591281(1,45)
(1,45)101323875(1,46)
(2,45)380390179(2,46)
(3,45)833215350(4,45)
(3,45)235202254(3,46)
(4,45)1280311131(4,46)
(5,45)1(6,45)
(6,45)873199181(6,46)
(7,45)1(7,46)
(8,45)476152433(8,46)
(9,45)803590181(9,46)
(0,46)209359415(1,46)
(0,46)820097487(0,47)
(1,46)831768825(2,46)
(5,46)1108399134(5,47)
(6,46)1078898506(6,47)
(7,46)1(8,46)
(8,46)1(9,46)
(9,46)1(9,47)
(0,47)420687483(1,47)
(0,47)309112297(0,48)
(2,47)395191309(3,47)
(3,47)672139932(4,47)
(4,47)226723382(4,48)
(5,47)1030313563(6,47)
(5,47)219544266(5,48)
(6,47)428903682(7,47)
(6,47)580508860(6,48)
(8,47)476564285(9,47)
(9,47)1(9,48)
(1,48)632651476(2,48)
(1,48)305197314(1,49)
(2,48)1204754116(2,49)
(3,48)500037525(4,48)
(4,48)1351538839(5,48)
(6,48)61101360(7,48)
(7,48)1326247643(8,48)
(7,48)1267889618(7,49)
(9,48)1(9,49)
(0,49)164826621(1,49)
(2,49)370917955(3,49)
(3,49)384370888(4,49)
(4,49)772634225(5,49)
(5,49)951426815(6,49)
(6,49)813274570(7,49)
(8,49)216220853(9,49)
