100 37
(0,0)846930886(1,0)
(1,0)1681692777(1,1)
(2,0)424238335(3,0)
(3,0)719885386(3,1)
(4,0)1189641421(5,0)
(4,0)596516649(4,1)
(5,0)1025202362(5,1)
(6,0)1102520059(7,0)
(6,0)783368690(6,1)
(8,0)1365180540(8,1)
(9,0)304089172(9,1)
(10,0)35005211(10,1)
(11,0)294702567(11,1)
(12,0)336465782(12,1)
(13,0)233665123(14,0)
(13,0)278722862(13,1)
(14,0)468703135(15,0)
(16,0)635723058(17,0)
(17,0)1125898167(18,0)
(18,0)1059961393(18,1)
(19,0)628175011(19,1)
(20,0)1131176229(20,1)
(21,0)859484421(21,1)
(22,0)756898537(23,0)
(22,0)608413784(22,1)
(24,0)149798315(24,1)
(25,0)184803526(26,0)
(26,0)412776091(26,1)
(27,0)749241873(28,0)
(28,0)42999170(29,0)
(28,0)137806862(28,1)
(29,0)135497281(30,0)
(29,0)982906996(29,1)
(30,0)511702305(30,1)
(31,0)1827336327(32,0)
(32,0)572660336(32,1)
(33,0)805750846(33,1)
(34,0)1100661313(34,1)
(35,0)84353895(36,0)
(36,0)939819582(36,1)
(37,0)1548233367(38,0)
(38,0)610515434(38,1)
(39,0)760313750(40,0)
(40,0)356426808(41,0)
(41,0)945117276(41,1)
(42,0)709393584(43,0)
(43,0)491705403(43,1)
(44,0)1474612399(45,0)
(44,0)752392754(44,1)
(45,0)1264095060(46,0)
(46,0)1411549676(46,1)
(47,0)943947739(47,1)
(48,0)1749698586(49,0)
(48,0)855636226(48,1)
(49,0)1469348094(49,1)
(50,0)463480570(51,0)
(50,0)1036140795(50,1)
(52,0)317097467(52,1)
(53,0)927612902(54,0)
(54,0)603570492(55,0)
(55,0)660260756(56,0)
(56,0)485560280(57,0)
(56,0)959997301(56,1)
(57,0)593209441(58,0)
(57,0)402724286(57,1)
(58,0)894429689(59,0)
(59,0)364228444(59,1)
(60,0)270744729(61,0)
(60,0)221558440(60,1)
(61,0)1633108117(62,0)
(61,0)1063958031(61,1)
(63,0)822890675(64,0)
(64,0)791698927(65,0)
(65,0)498777856(66,0)
(65,0)631704567(65,1)
(66,0)524872353(67,0)
(66,0)1255179497(66,1)
(67,0)327254586(67,1)
(68,0)269455306(68,1)
(69,0)352406219(69,1)
(70,0)160051528(70,1)
(71,0)112805732(71,1)
(72,0)515530019(73,0)
(72,0)378409503(72,1)
(74,0)1409959708(74,1)
(75,0)1373226340(75,1)
(76,0)1(77,0)
(76,0)1(76,1)
(77,0)1(78,0)
(78,0)439493451(79,0)
(78,0)1(78,1)
(79,0)990892921(79,1)
(80,0)1231192379(80,1)
(81,0)338888228(82,0)
(81,0)111537764(81,1)
(82,0)438792350(83,0)
(83,0)269441500(84,0)
(84,0)116087764(85,0)
(85,0)155324914(86,0)
(86,0)8936987(86,1)
(87,0)387346491(88,0)
(88,0)841148365(89,0)
(88,0)350322227(88,1)
(90,0)1186452551(91,0)
(90,0)771151432(90,1)
(91,0)971899228(92,0)
(92,0)213975407(93,0)
(93,0)1139901474(93,1)
(94,0)653468858(94,1)
(95,0)1239036029(95,1)
(96,0)1350573793(97,0)
(97,0)1605894428(98,0)
(97,0)76065818(97,1)
(99,0)1875335928(99,1)
(0,1)1784639529(0,2)
(1,1)1597322404(1,2)
(2,1)1432114613(3,1)
(3,1)352118606(4,1)
(3,1)1067854538(3,2)
(5,1)165344818(5,2)
(6,1)532670688(6,2)
(7,1)492067917(7,2)
(8,1)706043324(9,1)
(8,1)680466996(8,2)
(9,1)159259470(10,1)
(9,1)496987743(9,2)
(10,1)480298490(11,1)
(11,1)1096689772(12,1)
(12,1)601385644(13,1)
(14,1)1012502954(15,1)
(14,1)243268139(14,2)
(16,1)722308542(17,1)
(17,1)933110197(18,1)
(18,1)740759355(19,1)
(18,1)6939507(18,2)
(20,1)502278611(20,2)
(21,1)1034949299(22,1)
(21,1)1037127828(21,2)
(22,1)654887343(22,2)
(23,1)392035568(23,2)
(24,1)889023311(25,1)
(24,1)87755422(24,2)
(26,1)745425661(27,1)
(27,1)396473730(27,2)
(29,1)705178736(29,2)
(30,1)434248626(30,2)
(31,1)1402586708(32,1)
(31,1)1470503465(31,2)
(32,1)552473416(32,2)
(33,1)559412924(34,1)
(33,1)188213258(33,2)
(35,1)238962600(36,1)
(35,1)201305624(35,2)
(36,1)1238433452(37,1)
(36,1)776532036(36,2)
(37,1)1431419379(38,1)
(38,1)620145550(38,2)
(39,1)619290071(39,2)
(40,1)407487131(40,2)
(41,1)7684930(41,2)
(42,1)404158660(43,1)
(42,1)711845894(42,2)
(43,1)937370163(43,2)
(45,1)260152959(46,1)
(46,1)824272813(47,1)
(46,1)1472713773(46,2)
(49,1)437116466(49,2)
(50,1)638422090(51,1)
(50,1)1176911340(50,2)
(52,1)1069755936(53,1)
(53,1)349517445(54,1)
(54,1)588219756(54,2)
(55,1)995706887(56,1)
(55,1)1057418418(55,2)
(57,1)387451659(58,1)
(57,1)625032172(57,2)
(59,1)298625210(59,2)
(60,1)1057467587(60,2)
(61,1)382697713(62,1)
(62,1)476667372(62,2)
(63,1)296864819(64,1)
(63,1)260401255(63,2)
(64,1)697517721(65,1)
(64,1)774044599(64,2)
(67,1)1065311705(68,1)
(68,1)846811127(69,1)
(68,1)719346228(68,2)
(69,1)1414829150(69,2)
(70,1)1(71,1)
(70,1)1(70,2)
(71,1)1(72,1)
(71,1)155789224(71,2)
(72,1)1(73,1)
(73,1)1(73,2)
(74,1)917679292(75,1)
(74,1)195740084(74,2)
(76,1)1(76,2)
(77,1)1046741222(78,1)
(78,1)1(78,2)
(80,1)446340713(80,2)
(81,1)915256190(81,2)
(82,1)524688209(83,1)
(82,1)846942590(82,2)
(83,1)700108581(83,2)
(84,1)1371499336(84,2)
(85,1)726371155(85,2)
(86,1)292218004(86,2)
(87,1)11614769(87,2)
(88,1)630668850(89,1)
(89,1)246247255(89,2)
(90,1)105575579(91,1)
(91,1)964445884(91,2)
(92,1)452867621(93,1)
(92,1)1520223205(92,2)
(93,1)1017679567(93,2)
(94,1)213801961(95,1)
(94,1)201690613(94,2)
(95,1)648031326(96,1)
(95,1)822262754(95,2)
(97,1)110613202(98,1)
(97,1)282828202(97,2)
(98,1)982936784(99,1)
(98,1)114723506(98,2)
(0,2)950390868(1,2)
(0,2)1486222842(0,3)
(1,2)1266235189(2,2)
(1,2)255789528(1,3)
(2,2)1137949908(3,2)
(3,2)777210498(4,2)
(4,2)653448036(4,3)
(5,2)364686248(6,2)
(5,2)1023457753(5,3)
(6,2)1129033333(7,2)
(8,2)501772890(8,3)
(9,2)212251746(10,2)
(9,2)150517567(9,3)
(10,2)364319529(11,2)
(11,2)484238046(12,2)
(11,2)1034514500(11,3)
(12,2)624549797(13,2)
(13,2)767066249(13,3)
(14,2)739273303(14,3)
(15,2)78012497(16,2)
(16,2)552910253(16,3)
(17,2)1344247686(17,3)
(18,2)474613996(19,2)
(19,2)425245975(19,3)
(20,2)235649157(20,3)
(22,2)430253414(22,3)
(23,2)932026304(24,2)
(23,2)677870460(23,3)
(24,2)828388027(25,2)
(24,2)496060028(24,3)
(25,2)332266748(26,2)
(26,2)31308902(27,2)
(27,2)820697697(28,2)
(27,2)816504794(27,3)
(28,2)655858699(28,3)
(29,2)559301039(29,3)
(32,2)669908538(33,2)
(33,2)12895151(34,2)
(34,2)1144522535(34,3)
(36,2)860516127(37,2)
(36,2)1113502215(36,3)
(37,2)777720504(37,3)
(39,2)70636429(40,2)
(39,2)328298285(39,3)
(40,2)136495343(40,3)
(41,2)402903177(41,3)
(43,2)12260289(44,2)
(43,2)2416949(43,3)
(44,2)561717988(45,2)
(44,2)655495367(44,3)
(46,2)733053144(47,2)
(46,2)389040743(46,3)
(48,2)672655340(49,2)
(48,2)1402961682(48,3)
(49,2)400000569(50,2)
(50,2)1081174232(51,2)
(50,2)337453826(50,3)
(52,2)410409117(53,2)
(53,2)847228023(53,3)
(54,2)1175526309(55,2)
(56,2)500618996(56,3)
(57,2)1184214677(57,3)
(58,2)1061730690(58,3)
(60,2)1276673168(61,2)
(62,2)696947386(63,2)
(64,2)1630634994(65,2)
(66,2)564325578(66,3)
(67,2)358532290(68,2)
(67,2)1010528946(67,3)
(70,2)1(70,3)
(72,2)318561886(73,2)
(73,2)1(74,2)
(74,2)1(75,2)
(75,2)1(76,2)
(76,2)241909610(76,3)
(77,2)104152274(78,2)
(78,2)1(79,2)
(79,2)1(80,2)
(80,2)1(80,3)
(81,2)530498338(81,3)
(82,2)37487770(82,3)
(83,2)1232056856(83,3)
(84,2)959372260(85,2)
(85,2)1025125849(85,3)
(86,2)159473059(87,2)
(86,2)126107205(86,3)
(88,2)471990783(89,2)
(88,2)478034945(88,3)
(90,2)993967637(91,2)
(91,2)941804289(91,3)
(94,2)716334471(94,3)
(95,2)1025533459(96,2)
(95,2)470591100(95,3)
(96,2)1001089438(97,2)
(98,2)983631233(99,2)
(98,2)394633074(98,3)
(1,3)553160358(1,4)
(2,3)712633417(3,3)
(3,3)864101839(3,4)
(5,3)410228794(5,4)
(6,3)773319847(6,4)
(7,3)452456682(8,3)
(9,3)802205057(10,3)
(9,3)235745791(9,4)
(10,3)427355115(10,4)
(12,3)126401947(13,3)
(14,3)40610537(15,3)
(14,3)521035021(14,4)
(15,3)19485054(16,3)
(16,3)1291554098(17,3)
(18,3)371653516(19,3)
(19,3)1047372231(20,3)
(19,3)962033002(19,4)
(21,3)333582338(22,3)
(22,3)628974580(22,4)
(23,3)786039021(23,4)
(25,3)586235379(25,4)
(26,3)262692685(26,4)
(28,3)395279207(29,3)
(29,3)358984857(30,3)
(29,3)606199759(29,4)
(30,3)435889744(30,4)
(31,3)272020127(32,3)
(31,3)378469911(31,4)
(33,3)345367818(34,3)
(33,3)29777560(33,4)
(34,3)991810563(35,3)
(34,3)257675105(34,4)
(36,3)216588711(36,4)
(37,3)845563291(38,3)
(37,3)151519934(37,4)
(39,3)629593614(39,4)
(41,3)74552805(42,3)
(41,3)409544918(41,4)
(42,3)927376882(42,4)
(44,3)76593093(45,3)
(45,3)431530126(46,3)
(45,3)1124311574(45,4)
(47,3)703550253(47,4)
(48,3)733327814(49,3)
(49,3)107734713(49,4)
(51,3)1464415775(51,4)
(52,3)672032919(52,4)
(53,3)639806732(53,4)
(54,3)406011017(54,4)
(55,3)217871137(56,3)
(55,3)114760235(55,4)
(56,3)524305153(57,3)
(56,3)337745691(56,4)
(57,3)292423943(57,4)
(58,3)124666328(58,4)
(59,3)120306710(60,3)
(60,3)1007277217(61,3)
(61,3)551836836(61,4)
(62,3)1255387090(63,3)
(62,3)362575055(62,4)
(63,3)1022963858(63,4)
(64,3)1130698571(65,3)
(65,3)1250372661(65,4)
(66,3)567304789(67,3)
(66,3)483689685(66,4)
(67,3)1155722604(68,3)
(68,3)35756851(68,4)
(69,3)1(70,3)
(69,3)1(69,4)
(71,3)659639006(71,4)
(72,3)952062949(73,3)
(73,3)577721120(73,4)
(74,3)460686763(75,3)
(74,3)714880226(74,4)
(75,3)554290596(76,3)
(76,3)34740865(77,3)
(78,3)690367770(79,3)
(79,3)1131359211(80,3)
(80,3)1(81,3)
(81,3)157272379(82,3)
(81,3)1(81,4)
(83,3)1140384172(84,3)
(85,3)738647283(86,3)
(86,3)94307398(87,3)
(87,3)10901063(88,3)
(87,3)51245830(87,4)
(88,3)628966950(89,3)
(90,3)1003886059(91,3)
(90,3)1089653714(90,4)
(91,3)410134047(92,3)
(91,3)168057522(91,4)
(93,3)181271232(94,3)
(93,3)93189435(93,4)
(94,3)525829204(94,4)
(95,3)199411898(96,3)
(97,3)1022089159(98,3)
(97,3)356684278(97,4)
(99,3)14989683(99,4)
(0,4)1242561041(0,5)
(2,4)207026272(2,5)
(3,4)217927335(4,4)
(4,4)513937457(5,4)
(4,4)590335821(4,5)
(5,4)204102747(6,4)
(6,4)595311776(7,4)
(7,4)372160269(7,5)
(8,4)207621703(9,4)
(10,4)733450907(10,5)
(11,4)932862806(12,4)
(11,4)980356728(11,5)
(12,4)695748720(13,4)
(13,4)279121308(14,4)
(14,4)174515334(14,5)
(15,4)294110991(15,5)
(16,4)245798898(16,5)
(17,4)452825171(18,4)
(18,4)1135771559(19,4)
(19,4)670752506(19,5)
(20,4)262178224(21,4)
(21,4)82173109(21,5)
(22,4)454333378(23,4)
(22,4)857490000(22,5)
(23,4)343945053(24,4)
(24,4)931489114(25,4)
(24,4)661955081(24,5)
(25,4)11671338(25,5)
(26,4)271059426(26,5)
(27,4)180785147(27,5)
(28,4)1470332231(29,4)
(30,4)101323875(31,4)
(30,4)134591281(30,5)
(31,4)380390179(32,4)
(32,4)235202254(33,4)
(33,4)833215350(33,5)
(35,4)873199181(36,4)
(35,4)1158381494(35,5)
(37,4)476152433(38,4)
(38,4)803590181(39,4)
(39,4)209359415(40,4)
(39,4)820097487(39,5)
(40,4)831768825(41,4)
(41,4)1604765404(41,5)
(43,4)1364090032(44,4)
(44,4)1108399134(44,5)
(45,4)1242990415(46,4)
(45,4)1078898506(45,5)
(46,4)63299708(47,4)
(48,4)309112297(49,4)
(48,4)298501962(48,5)
(49,4)420687483(49,5)
(50,4)1579068977(51,4)
(51,4)395191309(51,5)
(52,4)226723382(53,4)
(52,4)672139932(52,5)
(53,4)219544266(54,4)
(54,4)580508860(55,4)
(55,4)428903682(55,5)
(57,4)1088590930(58,4)
(57,4)476564285(57,5)
(59,4)632651476(60,4)
(59,4)305197314(59,5)
(60,4)1384095820(61,4)
(60,4)1204754116(60,5)
(61,4)500037525(62,4)
(64,4)61101360(65,4)
(65,4)1267889618(65,5)
(67,4)1(68,4)
(67,4)1(67,5)
(68,4)1(69,4)
(69,4)772634225(70,4)
(69,4)384370888(69,5)
(70,4)813274570(71,4)
(71,4)216220853(72,4)
(72,4)699460008(72,5)
(73,4)223712350(74,4)
(75,4)787689126(76,4)
(75,4)856363827(75,5)
(76,4)584522071(77,4)
(76,4)846621269(76,5)
(77,4)146533149(78,4)
(78,4)928140528(79,4)
(80,4)989241888(80,5)
(81,4)1(82,4)
(81,4)627992393(81,5)
(82,4)1(82,5)
(83,4)270754552(84,4)
(83,4)646755199(83,5)
(85,4)413360099(86,4)
(86,4)286448566(87,4)
(87,4)396377017(88,4)
(88,4)6072641(88,5)
(89,4)620089368(89,5)
(91,4)96055805(92,4)
(91,4)376696776(91,5)
(93,4)242588954(93,5)
(94,4)445080308(94,5)
(95,4)1151297278(95,5)
(96,4)1000372555(96,5)
(98,4)415522325(99,4)
(98,4)870305000(98,5)
(0,5)332238283(0,6)
(1,5)745598382(2,5)
(1,5)695466127(1,6)
(2,5)981914693(3,5)
(4,5)987987334(4,6)
(5,5)576994985(6,5)
(5,5)12548159(5,6)
(6,5)411522957(6,6)
(7,5)507578762(8,5)
(7,5)953691761(7,6)
(8,5)470631541(9,5)
(9,5)1104561852(10,5)
(9,5)750167716(9,6)
(10,5)737703662(11,5)
(11,5)202550399(12,5)
(11,5)108375482(11,6)
(13,5)1119399015(14,5)
(14,5)386839851(15,5)
(14,5)610486506(14,6)
(15,5)942724790(16,5)
(15,5)771476364(15,6)
(17,5)829570037(18,5)
(18,5)916018859(19,5)
(18,5)301373537(18,6)
(19,5)222028828(19,6)
(20,5)234576987(21,5)
(21,5)342146590(22,5)
(22,5)672563970(23,5)
(23,5)849725352(23,6)
(26,5)44041351(27,5)
(26,5)190113083(26,6)
(27,5)113974112(27,6)
(28,5)85291638(29,5)
(29,5)394709364(30,5)
(29,5)900104667(29,6)
(30,5)472131489(30,6)
(31,5)158136104(32,5)
(32,5)878273679(33,5)
(33,5)987706141(33,6)
(34,5)1209734969(35,5)
(35,5)434290636(35,6)
(36,5)153162844(37,5)
(37,5)1020406649(38,5)
(38,5)769304465(39,5)
(38,5)825726814(38,6)
(40,5)221713886(40,6)
(41,5)411826969(42,5)
(43,5)192532621(43,6)
(44,5)1092637289(45,5)
(45,5)404259631(46,5)
(45,5)10150109(45,6)
(46,5)616734673(46,6)
(47,5)562395735(47,6)
(48,5)78374295(48,6)
(50,5)1186994949(51,5)
(50,5)612353198(50,6)
(53,5)18400960(54,5)
(53,5)929588156(53,6)
(54,5)781098823(55,5)
(55,5)213213171(56,5)
(56,5)568275358(56,6)
(57,5)399493245(58,5)
(57,5)625040140(57,6)
(59,5)14933990(59,6)
(60,5)25084100(61,5)
(61,5)379461075(62,5)
(62,5)318322042(63,5)
(62,5)1372668364(62,6)
(64,5)592456289(65,5)
(65,5)333293469(66,5)
(66,5)478841551(67,5)
(67,5)972125383(68,5)
(67,5)1(67,6)
(70,5)830365981(71,5)
(71,5)373953666(72,5)
(72,5)530788967(73,5)
(72,5)403068011(72,6)
(73,5)773446912(73,6)
(74,5)788380902(75,5)
(76,5)1077683174(77,5)
(76,5)813465002(76,6)
(77,5)38649718(78,5)
(79,5)1116945487(80,5)
(80,5)518434573(81,5)
(82,5)1(82,6)
(83,5)698312496(84,5)
(83,5)379366797(83,6)
(85,5)522971726(86,5)
(85,5)390848153(85,6)
(86,5)296596980(87,5)
(86,5)52775474(86,6)
(87,5)455843485(88,5)
(89,5)28264029(90,5)
(89,5)278450030(89,6)
(90,5)311269559(90,6)
(91,5)1124734562(92,5)
(92,5)482417719(93,5)
(92,5)530406424(92,6)
(94,5)505593010(95,5)
(95,5)895873480(95,6)
(96,5)198628789(97,5)
(97,5)995234140(97,6)
(98,5)1374600938(99,5)
(99,5)572132557(99,6)
(0,6)597010431(1,6)
(0,6)461152493(0,7)
(2,6)649785905(2,7)
(3,6)1105629391(4,6)
(6,6)836802671(7,6)
(7,6)692458743(8,6)
(7,6)1107096180(7,7)
(10,6)213952386(11,6)
(10,6)1254749154(10,7)
(11,6)695258232(12,6)
(12,6)93155710(13,6)
(15,6)298167279(16,6)
(16,6)499429649(17,6)
(17,6)16922351(18,6)
(19,6)1122551742(19,7)
(20,6)359147515(21,6)
(20,6)272312086(20,7)
(22,6)625843881(23,6)
(23,6)415675634(24,6)
(23,6)532495011(23,7)
(24,6)240854387(25,6)
(24,6)67874133(24,7)
(26,6)454806773(26,7)
(28,6)1549495354(28,7)
(29,6)657103124(29,7)
(30,6)193552063(31,6)
(30,6)331016259(30,7)
(32,6)819485269(33,6)
(32,6)692981712(32,7)
(33,6)304505404(34,6)
(34,6)837626799(35,6)
(36,6)1196774315(36,7)
(37,6)245240853(38,6)
(38,6)332702450(39,6)
(38,6)100669(38,7)
(39,6)67974802(40,6)
(39,6)660916487(39,7)
(40,6)75245562(41,6)
(40,6)573556837(40,7)
(41,6)1028363610(42,6)
(43,6)573666704(43,7)
(44,6)674402557(44,7)
(45,6)172623403(45,7)
(47,6)703571522(47,7)
(48,6)418646579(49,6)
(48,6)529302443(48,7)
(49,6)217161528(50,6)
(49,6)274325361(49,7)
(50,6)129834447(51,6)
(50,6)1256273378(50,7)
(51,6)305564045(52,6)
(51,6)177332700(51,7)
(53,6)550804899(53,7)
(54,6)310242589(54,7)
(55,6)883799426(56,6)
(57,6)671068506(58,6)
(58,6)338346092(59,6)
(58,6)76277107(58,7)
(59,6)750679664(60,6)
(61,6)845954166(62,6)
(62,6)312186354(63,6)
(63,6)815774123(63,7)
(64,6)730832933(64,7)
(65,6)86086317(65,7)
(66,6)263419017(67,6)
(67,6)724025165(68,6)
(67,6)1(67,7)
(68,6)695991608(69,6)
(68,6)240959156(68,7)
(69,6)551201745(70,6)
(69,6)228217069(69,7)
(71,6)1047196295(72,6)
(72,6)763148569(72,7)
(73,6)839425676(74,6)
(75,6)959658925(76,6)
(76,6)805251743(76,7)
(77,6)144874089(78,6)
(78,6)473903566(79,6)
(79,6)1(80,6)
(79,6)1(79,7)
(80,6)1(81,6)
(80,6)1564003050(80,7)
(81,6)1(82,6)
(82,6)79065186(83,6)
(82,6)363304213(82,7)
(83,6)604263370(84,6)
(84,6)775056794(84,7)
(86,6)442982639(87,6)
(87,6)4744263(88,6)
(89,6)844169939(89,7)
(90,6)286791631(91,6)
(90,6)181226513(90,7)
(91,6)986478257(92,6)
(93,6)848934683(94,6)
(93,6)1131352346(93,7)
(95,6)943190495(95,7)
(96,6)877068972(97,6)
(97,6)30387226(97,7)
(98,6)956134158(98,7)
(99,6)65120356(99,7)
(0,7)832077645(1,7)
(0,7)1731190952(0,8)
(1,7)118993446(2,7)
(2,7)73673339(2,8)
(3,7)78417603(4,7)
(4,7)707255825(5,7)
(4,7)1158747661(4,8)
(5,7)44470216(6,7)
(6,7)888482339(6,8)
(8,7)547407330(8,8)
(9,7)858829294(9,8)
(11,7)912194650(12,7)
(11,7)192048860(11,8)
(12,7)1069117832(13,7)
(13,7)562390279(14,7)
(14,7)185963953(15,7)
(15,7)627510635(15,8)
(16,7)1018041598(16,8)
(17,7)1091714937(18,7)
(18,7)1281944976(19,7)
(19,7)375444584(20,7)
(19,7)1170132540(19,8)
(21,7)730199492(22,7)
(21,7)419914800(21,8)
(22,7)309766496(23,7)
(23,7)457676440(23,8)
(25,7)950881304(25,8)
(26,7)1142930164(27,7)
(27,7)127052251(28,7)
(28,7)928682751(29,7)
(28,7)64564349(28,8)
(29,7)689442530(29,8)
(30,7)1316953165(31,7)
(32,7)1017565625(32,8)
(33,7)234262547(34,7)
(34,7)99568484(35,7)
(34,7)266222407(34,8)
(35,7)107939561(36,7)
(35,7)609707131(35,8)
(36,7)44804919(36,8)
(37,7)838139053(37,8)
(40,7)464837581(40,8)
(41,7)116423768(41,8)
(42,7)102524643(43,7)
(42,7)700287639(42,8)
(43,7)764851988(44,7)
(44,7)306851320(45,7)
(45,7)707184680(45,8)
(46,7)110993018(47,7)
(47,7)493886463(48,7)
(49,7)728149010(49,8)
(50,7)1160063179(50,8)
(52,7)307571472(53,7)
(52,7)219994425(52,8)
(53,7)256804978(53,8)
(54,7)1010764797(55,7)
(55,7)454416748(55,8)
(56,7)570840516(57,7)
(56,7)568122272(56,8)
(58,7)1175989877(59,7)
(58,7)673365159(58,8)
(60,7)592962932(61,7)
(61,7)959162035(62,7)
(62,7)703955951(62,8)
(64,7)33713861(65,7)
(64,7)599529154(64,8)
(66,7)777635325(67,7)
(67,7)1(67,8)
(68,7)1085206797(68,8)
(69,7)541110115(70,7)
(69,7)1003463633(69,8)
(71,7)505185185(72,7)
(71,7)461851014(71,8)
(73,7)554602408(74,7)
(74,7)1048938329(74,8)
(75,7)384295879(76,7)
(75,7)111691313(75,8)
(76,7)104852634(76,8)
(77,7)808808585(78,7)
(78,7)649022765(79,7)
(78,7)1353668775(78,8)
(79,7)1(79,8)
(80,7)682736626(80,8)
(81,7)1565306616(81,8)
(82,7)234799752(83,7)
(82,7)546389569(82,8)
(83,7)1498387409(83,8)
(84,7)354367395(85,7)
(84,7)1308581515(84,8)
(85,7)1245644428(86,7)
(85,7)25222833(85,8)
(86,7)487073847(87,7)
(88,7)1376941062(89,7)
(88,7)360022300(88,8)
(89,7)100603786(89,8)
(90,7)212295100(91,7)
(91,7)993683397(92,7)
(92,7)989230775(93,7)
(94,7)263043320(95,7)
(95,7)173506518(96,7)
(96,7)31797565(96,8)
(97,7)578187134(98,7)
(97,7)80329499(97,8)
(98,7)691451546(98,8)
(99,7)62299853(99,8)
(1,8)1098193842(2,8)
(1,8)87522686(1,9)
(2,8)574596534(3,8)
(3,8)701539807(3,9)
(4,8)934618834(4,9)
(5,8)196095815(6,8)
(6,8)1456748696(7,8)
(6,8)819827984(6,9)
(8,8)831099451(9,8)
(9,8)421825361(10,8)
(10,8)321869343(10,9)
(11,8)495375861(12,8)
(13,8)194064088(14,8)
(13,8)575705360(13,9)
(14,8)6938620(15,8)
(14,8)461273879(14,9)
(15,8)313823293(16,8)
(15,8)256363941(15,9)
(16,8)343886628(17,8)
(18,8)918483162(18,9)
(19,8)386753870(19,9)
(20,8)1631207466(21,8)
(21,8)716898500(22,8)
(23,8)129183332(24,8)
(23,8)382926234(23,9)
(24,8)574682290(24,9)
(25,8)896551633(26,8)
(25,8)551008693(25,9)
(27,8)1051402293(28,8)
(29,8)95275444(30,8)
(31,8)409098738(31,9)
(33,8)616716465(34,8)
(33,8)1010014811(33,9)
(35,8)322334813(35,9)
(36,8)224048977(37,8)
(36,8)880492499(36,9)
(37,8)253674535(37,9)
(38,8)636600769(39,8)
(39,8)542314107(40,8)
(40,8)353673391(41,8)
(40,8)340563072(40,9)
(42,8)683309587(43,8)
(42,8)217852623(42,9)
(43,8)680007057(43,9)
(44,8)503458793(44,9)
(45,8)330546620(46,8)
(46,8)356228371(47,8)
(47,8)978053418(48,8)
(48,8)960188534(49,8)
(48,8)29860596(48,9)
(50,8)209473567(50,9)
(51,8)1089966067(52,8)
(51,8)1353825800(51,9)
(53,8)763447433(53,9)
(54,8)96617457(54,9)
(55,8)437180529(56,8)
(55,8)503615949(55,9)
(57,8)65785292(57,9)
(58,8)745792349(59,8)
(58,8)478307629(58,9)
(60,8)936621968(61,8)
(60,8)523782140(60,9)
(62,8)1262486766(63,8)
(63,8)634172025(63,9)
(64,8)1(65,8)
(64,8)1(64,9)
(65,8)1(66,8)
(65,8)992277052(65,9)
(66,8)1(67,8)
(70,8)309667127(71,8)
(70,8)556707205(70,9)
(71,8)192433878(71,9)
(72,8)258219170(73,8)
(72,8)104665169(72,9)
(73,8)582972798(74,8)
(76,8)729568616(77,8)
(76,8)245277883(76,9)
(77,8)1183912267(77,9)
(79,8)1(79,9)
(81,8)204428608(81,9)
(86,8)1510574887(87,8)
(87,8)1455371254(87,9)
(89,8)625321929(90,8)
(89,8)251243823(89,9)
(90,8)1230674396(90,9)
(91,8)5631942(91,9)
(92,8)398068012(92,9)
(93,8)242639747(94,8)
(93,8)866596855(93,9)
(94,8)860144854(94,9)
(95,8)162403134(95,9)
(96,8)366831742(97,8)
(97,8)215341973(97,9)
(99,8)310273413(99,9)
(0,9)1064651899(1,9)
(2,9)628257755(2,10)
(3,9)296528780(4,9)
(4,9)429363923(5,9)
(4,9)612816071(4,10)
(5,9)547772603(5,10)
(6,9)216272000(7,9)
(7,9)988506952(8,9)
(8,9)285830504(9,9)
(8,9)614340012(8,10)
(9,9)856979759(10,9)
(10,9)1145975358(10,10)
(11,9)1019382894(11,10)
(12,9)278190158(12,10)
(14,9)1184622626(14,10)
(15,9)405201937(16,9)
(16,9)964263748(17,9)
(16,9)553918865(16,10)
(17,9)1182176620(18,9)
(18,9)259488863(19,9)
(19,9)421101832(20,9)
(20,9)688852786(20,10)
(21,9)201407458(22,9)
(22,9)755526127(23,9)
(22,9)95266356(22,10)
(24,9)897534569(25,9)
(24,9)1041356631(24,10)
(25,9)39848341(26,9)
(26,9)438485374(27,9)
(26,9)37623446(26,10)
(27,9)315813605(28,9)
(29,9)861838989(30,9)
(30,9)824722490(31,9)
(30,9)1113331867(30,10)
(32,9)871700699(33,9)
(33,9)701943705(33,10)
(34,9)33165457(35,9)
(34,9)1131189562(34,10)
(37,9)7426169(38,9)
(38,9)1063880569(39,9)
(38,9)138172497(38,10)
(39,9)717032538(39,10)
(40,9)136135018(41,9)
(42,9)574620392(42,10)
(43,9)251836754(44,9)
(43,9)167368542(43,10)
(44,9)346502533(44,10)
(45,9)1113675743(45,10)
(46,9)233233021(47,9)
(46,9)333480550(46,10)
(47,9)979601485(47,10)
(48,9)1104933720(48,10)
(49,9)88639634(50,9)
(52,9)825791694(52,10)
(54,9)203845520(55,9)
(55,9)512976554(56,9)
(56,9)339980538(56,10)
(57,9)364531492(57,10)
(58,9)531900034(59,9)
(59,9)284327308(60,9)
(60,9)1(61,9)
(60,9)1(60,10)
(61,9)1(62,9)
(62,9)1(62,10)
(63,9)349121784(63,10)
(64,9)1(64,10)
(66,9)1217038602(66,10)
(67,9)1304438548(67,10)
(68,9)791251530(69,9)
(68,9)955798986(68,10)
(69,9)859310840(69,10)
(71,9)20336956(71,10)
(72,9)384868448(73,9)
(73,9)102194872(73,10)
(74,9)916768482(74,10)
(75,9)957426576(76,9)
(75,9)145376088(75,10)
(78,9)318333694(78,10)
(79,9)1(80,9)
(79,9)1090438014(79,10)
(80,9)1(81,9)
(81,9)524135236(82,9)
(81,9)1(81,10)
(83,9)631340353(84,9)
(83,9)419481884(83,10)
(84,9)54449299(84,10)
(85,9)138700754(85,10)
(86,9)159037710(87,9)
(87,9)237140292(87,10)
(88,9)339335164(89,9)
(88,9)543906158(88,10)
(91,9)861746410(92,9)
(91,9)270617569(91,10)
(93,9)481387902(93,10)
(95,9)442482781(96,9)
(95,9)405341089(95,10)
(96,9)511583958(97,9)
(97,9)966618017(97,10)
(98,9)1386099901(99,9)
(99,9)233614511(99,10)
(0,10)517408978(1,10)
(1,10)372315265(1,11)
(2,10)531352976(3,10)
(2,10)504038566(2,11)
(3,10)413892161(4,10)
(4,10)1075259134(4,11)
(5,10)388450127(6,10)
(5,10)184794536(5,11)
(6,10)101072999(7,10)
(7,10)659067697(7,11)
(8,10)113766839(9,10)
(9,10)111387570(9,11)
(11,10)141413008(11,11)
(12,10)652996966(13,10)
(13,10)1212220435(14,10)
(13,10)510770136(13,11)
(14,10)427778693(14,11)
(15,10)257009719(16,10)
(16,10)266795367(16,11)
(17,10)770833934(18,10)
(18,10)104221117(19,10)
(18,10)202019540(18,11)
(21,10)327727208(22,10)
(22,10)177312851(23,10)
(24,10)69114447(25,10)
(24,10)291079690(24,11)
(25,10)966071161(25,11)
(26,10)1107484169(27,10)
(27,10)1214790563(28,10)
(27,10)1084384795(27,11)
(29,10)40776180(30,10)
(29,10)279527351(29,11)
(31,10)297785900(31,11)
(32,10)1396028861(32,11)
(33,10)234686974(33,11)
(35,10)727843428(35,11)
(36,10)246088582(37,10)
(36,10)641450052(36,11)
(38,10)423401433(38,11)
(39,10)714481123(40,10)
(39,10)1194559277(39,11)
(40,10)13146790(41,10)
(41,10)909197235(42,10)
(41,10)107230151(41,11)
(44,10)256031502(45,10)
(44,10)639286229(44,11)
(47,10)1229939013(48,10)
(47,10)1447680589(47,11)
(48,10)358279876(48,11)
(49,10)680503766(49,11)
(50,10)954296984(50,11)
(51,10)1595747036(52,10)
(51,10)698374759(51,11)
(53,10)1560307071(53,11)
(54,10)1(55,10)
(54,10)1(54,11)
(55,10)1(56,10)
(55,10)644834684(55,11)
(56,10)752064835(57,10)
(56,10)1(56,11)
(58,10)1106211926(59,10)
(59,10)1(60,10)
(59,10)1(59,11)
(61,10)271826264(61,11)
(62,10)1(62,11)
(63,10)1(64,10)
(63,10)1(63,11)
(65,10)61204105(66,10)
(65,10)133286977(65,11)
(66,10)831661736(67,10)
(66,10)219976257(66,11)
(68,10)660064472(68,11)
(70,10)302116632(71,10)
(71,10)150203107(72,10)
(72,10)926440376(73,10)
(72,10)1054181467(72,11)
(73,10)850377601(74,10)
(74,10)71185160(75,10)
(76,10)1172895038(76,11)
(77,10)296082014(77,11)
(78,10)574690958(79,10)
(79,10)236616554(80,10)
(81,10)1(81,11)
(82,10)401473495(82,11)
(83,10)1480708313(83,11)
(84,10)877062718(84,11)
(85,10)406736335(86,10)
(85,10)637760029(85,11)
(86,10)434492631(87,10)
(87,10)346804712(88,10)
(87,10)556939443(87,11)
(88,10)300819353(89,10)
(90,10)335558628(91,10)
(91,10)346030096(91,11)
(92,10)642112110(93,10)
(93,10)875470641(94,10)
(93,10)596727699(93,11)
(94,10)33252481(95,10)
(95,10)603123090(96,10)
(97,10)4537736(98,10)
(97,10)209419369(97,11)
(99,10)1066075704(99,11)
(0,11)680634295(1,11)
(1,11)353511414(2,11)
(3,11)320062251(4,11)
(3,11)910450857(3,12)
(5,11)450395738(6,11)
(7,11)980690626(8,11)
(7,11)796425834(7,12)
(9,11)326551394(10,11)
(10,11)507857366(10,12)
(11,11)1110980456(12,11)
(12,11)701062795(13,11)
(14,11)863043860(15,11)
(15,11)136864840(15,12)
(17,11)71061648(17,12)
(18,11)981512505(19,11)
(19,11)1035839366(20,11)
(20,11)1206758863(21,11)
(20,11)45299067(20,12)
(22,11)135177290(23,11)
(22,11)912078408(22,12)
(23,11)363159161(24,11)
(23,11)461780768(23,12)
(25,11)689710555(25,12)
(26,11)1502386251(26,12)
(27,11)568637651(28,11)
(27,11)1045069410(27,12)
(28,11)217985588(29,11)
(28,11)681928291(28,12)
(29,11)452703447(30,11)
(31,11)477223956(32,11)
(31,11)170253681(31,12)
(32,11)241315329(33,11)
(34,11)1222827834(34,12)
(35,11)189409560(35,12)
(36,11)742949164(36,12)
(37,11)749217043(37,12)
(40,11)560413640(41,11)
(41,11)457615859(42,11)
(41,11)1171142496(41,12)
(42,11)68728258(43,11)
(42,11)541279136(42,12)
(44,11)665680297(45,11)
(44,11)286713846(44,12)
(46,11)441971924(46,12)
(49,11)1162824071(50,11)
(49,11)1212534319(49,12)
(51,11)283467324(51,12)
(52,11)930104896(52,12)
(53,11)593443203(54,11)
(54,11)1(54,12)
(56,11)1(57,11)
(57,11)1(58,11)
(58,11)1(59,11)
(58,11)922883852(58,12)
(60,11)1054873513(61,11)
(61,11)429857344(61,12)
(62,11)1(63,11)
(62,11)753554421(62,12)
(63,11)693550658(64,11)
(64,11)619480878(65,11)
(67,11)804046007(68,11)
(67,11)722633179(67,12)
(68,11)53476175(69,11)
(69,11)1121241302(70,11)
(70,11)1080502308(71,11)
(71,11)172669440(71,12)
(73,11)710058106(74,11)
(74,11)846667123(75,11)
(74,11)217010946(74,12)
(76,11)202029501(77,11)
(77,11)507611410(78,11)
(78,11)320401392(79,11)
(78,11)329370448(78,12)
(79,11)871000(80,11)
(80,11)910053150(81,11)
(81,11)813823381(82,11)
(81,11)1(81,12)
(84,11)867874951(85,11)
(85,11)931336718(86,11)
(85,11)901211983(85,12)
(88,11)755594861(88,12)
(89,11)298125972(89,12)
(90,11)70298129(91,11)
(90,11)115206657(90,12)
(91,11)243110911(91,12)
(92,11)1156565744(93,11)
(92,11)272327630(92,12)
(93,11)601698078(94,11)
(93,11)376875057(93,12)
(95,11)269365760(96,11)
(95,11)602569078(95,12)
(96,11)340606628(96,12)
(97,11)1083189141(97,12)
(98,11)553574882(99,11)
(98,11)978128825(98,12)
(0,12)1421449833(1,12)
(0,12)506959639(0,13)
(2,12)850598623(3,12)
(2,12)1222343444(2,13)
(3,12)810411310(4,12)
(4,12)655154589(5,12)
(5,12)431315644(6,12)
(5,12)1108537283(5,13)
(6,12)770361246(6,13)
(7,12)639624893(8,12)
(7,12)674426555(7,13)
(9,12)1016499950(9,13)
(10,12)447053428(11,12)
(10,12)1160475789(10,13)
(11,12)507946550(11,13)
(12,12)787660056(12,13)
(13,12)365547042(13,13)
(14,12)841365914(14,13)
(15,12)906183458(15,13)
(16,12)682900658(17,12)
(16,12)193088109(16,13)
(17,12)1415431554(18,12)
(17,12)639138264(17,13)
(19,12)992209118(20,12)
(19,12)78359216(19,13)
(20,12)1186896499(21,12)
(20,12)533424260(20,13)
(22,12)218248263(22,13)
(24,12)812426701(25,12)
(25,12)794452111(26,12)
(27,12)76810012(27,13)
(28,12)442357055(29,12)
(29,12)639854683(30,12)
(30,12)689034589(31,12)
(32,12)479834853(33,12)
(33,12)757950880(34,12)
(33,12)822514995(33,13)
(34,12)900874211(35,12)
(34,12)358104524(34,13)
(35,12)891528784(36,12)
(36,12)1026201114(37,12)
(37,12)158535326(38,12)
(37,12)47830643(37,13)
(39,12)610645107(40,12)
(40,12)656184096(40,13)
(43,12)988992210(44,12)
(45,12)1138259617(46,12)
(46,12)139722835(46,13)
(47,12)545343058(47,13)
(48,12)1367858053(49,12)
(49,12)159999213(50,12)
(49,12)122125315(49,13)
(50,12)121248617(50,13)
(51,12)61535680(52,12)
(52,12)751002780(52,13)
(53,12)220071006(53,13)
(54,12)1(54,13)
(55,12)190833023(55,13)
(56,12)1155785752(56,13)
(57,12)198805545(58,12)
(59,12)707134463(60,12)
(60,12)669161002(61,12)
(60,12)486006071(60,13)
(61,12)625728906(62,12)
(62,12)243253491(63,12)
(64,12)112028656(65,12)
(64,12)1611111544(64,13)
(66,12)1004642738(67,12)
(67,12)587833102(68,12)
(69,12)899633766(70,12)
(69,12)168021018(69,13)
(70,12)358854042(71,12)
(71,12)922802942(72,12)
(71,12)351450250(71,13)
(73,12)737654461(74,12)
(73,12)1121608488(73,13)
(74,12)161922596(75,12)
(74,12)606765135(74,13)
(76,12)831083598(76,13)
(77,12)822304435(78,12)
(78,12)1385952847(78,13)
(79,12)849580744(80,12)
(79,12)615419962(79,13)
(80,12)568534702(81,12)
(81,12)1(81,13)
(82,12)80869451(83,12)
(83,12)97611886(83,13)
(84,12)265632904(85,12)
(85,12)281845289(85,13)
(86,12)633295539(87,12)
(86,12)624486946(86,13)
(87,12)431787582(88,12)
(88,12)204742850(88,13)
(89,12)811507986(90,12)
(89,12)1169442043(89,13)
(91,12)604303818(92,12)
(93,12)847915875(94,12)
(94,12)1036215463(94,13)
(96,12)463079269(96,13)
(97,12)218942709(97,13)
(98,12)316554595(99,12)
(98,12)65339680(98,13)
(0,13)582187500(1,13)
(0,13)12692331(0,14)
(2,13)186125413(3,13)
(3,13)364234956(3,14)
(4,13)390868264(4,14)
(5,13)660420424(5,14)
(7,13)353056618(8,13)
(7,13)959171794(7,14)
(8,13)286983804(9,13)
(8,13)589130772(8,14)
(11,13)987059619(11,14)
(12,13)971529848(13,13)
(13,13)103822254(13,14)
(14,13)420376850(15,13)
(14,13)1036869528(14,14)
(16,13)1002564350(16,14)
(17,13)61755148(18,13)
(17,13)776624031(17,14)
(20,13)213153954(21,13)
(21,13)865144369(22,13)
(21,13)481762508(21,14)
(23,13)1218200987(23,14)
(24,13)850382211(25,13)
(25,13)903633726(26,13)
(26,13)58591440(27,13)
(26,13)377108003(26,14)
(27,13)366913064(28,13)
(29,13)245491186(29,14)
(30,13)1312712376(30,14)
(31,13)167793078(32,13)
(31,13)969069027(31,14)
(32,13)244930122(32,14)
(33,13)229548226(33,14)
(34,13)739068399(34,14)
(35,13)560318023(35,14)
(36,13)1042080532(37,13)
(37,13)573120688(37,14)
(38,13)335531187(38,14)
(39,13)1117726230(39,14)
(40,13)189258051(41,13)
(40,13)494220239(40,14)
(41,13)819599372(41,14)
(42,13)247849492(42,14)
(43,13)1238241306(43,14)
(44,13)352964522(44,14)
(45,13)1197477949(45,14)
(46,13)19063328(47,13)
(46,13)878786386(46,14)
(47,13)1123716509(48,13)
(49,13)257164626(49,14)
(50,13)817482649(51,13)
(51,13)64317458(51,14)
(52,13)637438146(53,13)
(53,13)1(54,13)
(53,13)1(53,14)
(54,13)281276174(54,14)
(55,13)775496414(56,13)
(56,13)188510062(56,14)
(57,13)436359554(58,13)
(58,13)737582315(59,13)
(58,13)243804735(58,14)
(59,13)596769257(60,13)
(60,13)73831160(60,14)
(61,13)952617546(62,13)
(61,13)114962507(61,14)
(62,13)783387964(62,14)
(63,13)400660703(64,13)
(64,13)186015033(65,13)
(65,13)757001842(65,14)
(66,13)821319300(67,13)
(66,13)1003497683(66,14)
(67,13)715577216(68,13)
(68,13)136561149(69,13)
(69,13)763187937(69,14)
(70,13)135813159(70,14)
(71,13)324323221(72,13)
(71,13)368046387(71,14)
(73,13)760682775(73,14)
(74,13)327529462(75,13)
(74,13)604969710(74,14)
(75,13)678800870(76,13)
(75,13)203030386(75,14)
(76,13)317992893(77,13)
(78,13)118941728(78,14)
(79,13)128419117(79,14)
(80,13)885420959(81,13)
(81,13)1(82,13)
(82,13)1(83,13)
(83,13)1(84,13)
(84,13)1(84,14)
(85,13)610564030(85,14)
(86,13)660343702(86,14)
(87,13)22800096(88,13)
(88,13)845997813(88,14)
(89,13)1450967523(90,13)
(90,13)42186306(90,14)
(91,13)1134040403(92,13)
(92,13)150084506(92,14)
(93,13)269026234(94,13)
(93,13)861798817(93,14)
(94,13)990217934(95,13)
(95,13)625288549(96,13)
(95,13)104451352(95,14)
(98,13)397977904(99,13)
(99,13)305425913(99,14)
(0,14)331557302(1,14)
(0,14)500257692(0,15)
(1,14)915989944(1,15)
(2,14)991901004(2,15)
(3,14)1014701101(4,14)
(3,14)231366256(3,15)
(4,14)593114526(4,15)
(5,14)643762327(5,15)
(6,14)475853939(7,14)
(8,14)625938445(8,15)
(9,14)894964680(10,14)
(10,14)826782912(11,14)
(10,14)371591002(10,15)
(11,14)996879552(12,14)
(12,14)353592203(13,14)
(12,14)554938157(12,15)
(13,14)76982346(13,15)
(14,14)212528560(14,15)
(15,14)712786252(16,14)
(15,14)147775927(15,15)
(16,14)806517553(16,15)
(18,14)74061048(19,14)
(19,14)665636010(19,15)
(20,14)20084148(20,15)
(21,14)8293554(22,14)
(23,14)263707074(24,14)
(24,14)524581324(24,15)
(25,14)896172326(26,14)
(25,14)1158671754(25,15)
(26,14)10604139(27,14)
(27,14)201345764(28,14)
(28,14)364196342(28,15)
(29,14)576724902(30,14)
(29,14)43695777(29,15)
(30,14)191471704(31,14)
(30,14)297510827(30,15)
(33,14)754963290(33,15)
(34,14)1206266994(34,15)
(35,14)1226351142(36,14)
(36,14)475745488(37,14)
(36,14)582513990(36,15)
(37,14)220282619(38,14)
(38,14)217704412(39,14)
(39,14)32321825(40,14)
(39,14)483989693(39,15)
(41,14)831220360(42,14)
(41,14)928494151(41,15)
(42,14)674062382(43,14)
(44,14)1076261902(45,14)
(44,14)496612959(44,15)
(45,14)794123786(46,14)
(45,14)446703183(45,15)
(47,14)375487534(48,14)
(48,14)505631809(49,14)
(49,14)294124046(49,15)
(50,14)1616757669(51,14)
(51,14)1(52,14)
(51,14)1(51,15)
(52,14)1(53,14)
(53,14)581544070(53,15)
(54,14)1065533764(55,14)
(54,14)310936585(54,15)
(56,14)413575986(57,14)
(56,14)560711564(56,15)
(57,14)66493503(58,14)
(57,14)179486052(57,15)
(58,14)1212052176(59,14)
(60,14)383174967(61,14)
(60,14)140830430(60,15)
(61,14)230891466(61,15)
(63,14)692842292(64,14)
(64,14)487191794(64,15)
(65,14)265939255(66,14)
(65,14)472562275(65,15)
(67,14)627200707(67,15)
(68,14)1208744777(69,14)
(70,14)430310992(71,14)
(70,14)126794893(70,15)
(71,14)687506457(72,14)
(71,14)1231067850(71,15)
(72,14)843886978(72,15)
(73,14)753999960(73,15)
(74,14)475122431(74,15)
(75,14)615952861(76,14)
(76,14)1073646711(76,15)
(77,14)1045552368(78,14)
(80,14)63473287(81,14)
(81,14)1(82,14)
(81,14)1(81,15)
(82,14)1(83,14)
(83,14)1(84,14)
(83,14)336728279(83,15)
(85,14)1648609(86,14)
(85,14)701807124(85,15)
(87,14)408671759(88,14)
(87,14)689155066(87,15)
(88,14)1443155027(89,14)
(88,14)1195945229(88,15)
(89,14)192713458(89,15)
(91,14)139536873(91,15)
(92,14)16570124(93,14)
(92,14)1012707329(92,15)
(93,14)445968158(94,14)
(95,14)1121948088(96,14)
(95,14)366420782(95,15)
(96,14)552812661(97,14)
(97,14)1154349542(98,14)
(98,14)302935500(99,14)
(1,15)675161631(1,16)
(2,15)460552958(3,15)
(2,15)1149677717(2,16)
(6,15)1164585770(7,15)
(6,15)1213877140(6,16)
(7,15)126183327(8,15)
(8,15)29809451(8,16)
(9,15)475777610(10,15)
(9,15)84041882(9,16)
(10,15)866360494(10,16)
(11,15)842198392(11,16)
(13,15)399403847(14,15)
(14,15)109967654(15,15)
(15,15)372758355(15,16)
(17,15)697054660(18,15)
(17,15)950615538(17,16)
(18,15)735194528(19,15)
(19,15)1017487483(20,15)
(19,15)107920488(19,16)
(21,15)1029322037(22,15)
(21,15)50086034(21,16)
(22,15)876085544(22,16)
(23,15)905894996(24,15)
(24,15)558410655(24,16)
(26,15)76387350(27,15)
(26,15)872358697(26,16)
(27,15)117413002(28,15)
(29,15)516816850(29,16)
(30,15)889575205(31,15)
(31,15)729972835(32,15)
(32,15)596170911(33,15)
(35,15)168488323(35,16)
(36,15)218574358(37,15)
(37,15)28648726(37,16)
(38,15)1184154091(39,15)
(39,15)880944650(39,16)
(40,15)115133608(41,15)
(40,15)276217690(40,16)
(42,15)542090057(43,15)
(42,15)191520958(42,16)
(45,15)649830540(46,15)
(46,15)524897797(46,16)
(47,15)314909341(48,15)
(48,15)659347223(49,15)
(50,15)46811558(50,16)
(51,15)1(51,16)
(52,15)54350259(53,15)
(54,15)1769972(55,15)
(56,15)116903580(56,16)
(57,15)308424538(58,15)
(57,15)515814780(57,16)
(59,15)726277479(60,15)
(62,15)523465512(62,16)
(63,15)218474917(64,15)
(63,15)109450254(63,16)
(66,15)1270551295(67,15)
(67,15)1210215450(68,15)
(67,15)460362196(67,16)
(69,15)415922256(70,15)
(69,15)503984129(69,16)
(72,15)298975429(73,15)
(73,15)8285608(73,16)
(75,15)351748718(75,16)
(77,15)1144963628(77,16)
(78,15)1254413882(79,15)
(78,15)188800835(78,16)
(80,15)829774317(80,16)
(81,15)1(82,15)
(81,15)623678685(81,16)
(82,15)1(82,16)
(84,15)665228399(84,16)
(85,15)248185889(86,15)
(90,15)1935962074(90,16)
(91,15)1045251304(92,15)
(92,15)175821956(93,15)
(93,15)678006046(93,16)
(94,15)529235706(95,15)
(95,15)112526508(96,15)
(95,15)1120090212(95,16)
(97,15)152059765(97,16)
(98,15)680326130(98,16)
(99,15)1241027172(99,16)
(0,16)1008057661(1,16)
(0,16)1345554529(0,17)
(1,16)1053514403(1,17)
(2,16)649162283(3,16)
(2,16)411266131(2,17)
(3,16)328386656(4,16)
(4,16)543785591(4,17)
(5,16)371704852(6,16)
(7,16)184366026(8,16)
(9,16)862372072(9,17)
(11,16)23637094(11,17)
(12,16)869439259(12,17)
(13,16)566417809(14,16)
(14,16)527532074(15,16)
(14,16)300248473(14,17)
(16,16)713475737(17,16)
(18,16)486363501(19,16)
(19,16)1906423611(20,16)
(19,16)127758874(19,17)
(21,16)130644815(21,17)
(23,16)1151572322(24,16)
(24,16)22852617(25,16)
(24,16)1259076780(24,17)
(25,16)120214107(26,16)
(25,16)55119204(25,17)
(26,16)78756298(27,16)
(27,16)136416008(28,16)
(27,16)1241361591(27,17)
(28,16)367085193(29,16)
(29,16)702833817(29,17)
(30,16)362795150(31,16)
(31,16)282723354(32,16)
(32,16)589306240(33,16)
(33,16)291425259(34,16)
(33,16)82095572(33,17)
(34,16)209854446(35,16)
(35,16)912669538(36,16)
(35,16)50365223(35,17)
(36,16)181010038(37,16)
(36,16)208591742(36,17)
(38,16)1196748250(39,16)
(41,16)486577616(42,16)
(42,16)187386865(43,16)
(43,16)956774406(44,16)
(43,16)622993624(43,17)
(44,16)554472058(44,17)
(45,16)955701520(45,17)
(46,16)452947988(47,16)
(47,16)617409831(48,16)
(48,16)1042254228(48,17)
(49,16)908835090(49,17)
(50,16)959200313(51,16)
(51,16)1(52,16)
(51,16)883109859(51,17)
(52,16)1(53,16)
(52,16)1140210352(52,17)
(53,16)854428386(54,16)
(53,16)1(53,17)
(55,16)1040759385(56,16)
(56,16)213594814(56,17)
(58,16)2846977(59,16)
(58,16)961135338(58,17)
(59,16)280981337(59,17)
(60,16)1236682857(61,16)
(60,16)1328674418(60,17)
(61,16)869813362(62,16)
(61,16)817213073(61,17)
(62,16)401542104(63,16)
(63,16)584401425(64,16)
(64,16)248574635(65,16)
(64,16)67966707(64,17)
(65,16)554841746(65,17)
(66,16)1207774949(66,17)
(67,16)200501653(68,16)
(67,16)29116548(67,17)
(68,16)86635281(69,16)
(68,16)62361873(68,17)
(70,16)735169591(71,16)
(70,16)1268374276(70,17)
(71,16)924279777(71,17)
(72,16)304133130(73,16)
(72,16)1508918064(72,17)
(73,16)322569755(74,16)
(74,16)1087157360(75,16)
(74,16)306980108(74,17)
(76,16)176356569(76,17)
(77,16)357984240(77,17)
(78,16)909448681(78,17)
(79,16)302905192(79,17)
(80,16)857746939(81,16)
(82,16)1(82,17)
(83,16)210576770(84,16)
(84,16)262021414(85,16)
(85,16)158303604(86,16)
(85,16)94097161(85,17)
(86,16)1018376938(87,16)
(87,16)358625421(88,16)
(88,16)298965069(89,16)
(89,16)681195176(89,17)
(90,16)371888680(91,16)
(91,16)1117661055(91,17)
(92,16)879795257(92,17)
(94,16)1173369081(94,17)
(95,16)1119667502(96,16)
(95,16)619175679(95,17)
(96,16)294151249(96,17)
(97,16)442366146(98,16)
(97,16)126257224(97,17)
(98,16)344130872(98,17)
(99,16)652942916(99,17)
(1,17)747040077(1,18)
(2,17)592561018(2,18)
(3,17)951186440(4,17)
(4,17)940443437(4,18)
(5,17)422449966(6,17)
(6,17)570240349(6,18)
(7,17)1540111021(7,18)
(8,17)868272669(9,17)
(8,17)736581905(8,18)
(9,17)378342196(10,17)
(10,17)702622777(11,17)
(12,17)390871053(13,17)
(12,17)996774026(12,18)
(14,17)473431429(15,17)
(14,17)735001925(14,18)
(16,17)691639518(17,17)
(16,17)68801443(16,18)
(17,17)661362461(18,17)
(18,17)394062426(19,17)
(18,17)309572886(18,18)
(20,17)1097446870(21,17)
(21,17)148420696(22,17)
(22,17)1065093662(23,17)
(22,17)954233518(22,18)
(23,17)133656396(23,18)
(26,17)919191847(27,17)
(27,17)951788018(28,17)
(27,17)693866392(27,18)
(29,17)243444543(29,18)
(30,17)188043983(31,17)
(30,17)159897004(30,18)
(31,17)228698447(32,17)
(32,17)879683501(32,18)
(33,17)890060908(33,18)
(34,17)355126162(35,17)
(35,17)291789062(35,18)
(37,17)259322902(38,17)
(38,17)881865366(38,18)
(39,17)667748050(40,17)
(40,17)882263958(40,18)
(41,17)347788837(41,18)
(42,17)643520498(42,18)
(44,17)728120804(44,18)
(45,17)888017808(46,17)
(46,17)73070847(46,18)
(47,17)952754349(48,17)
(47,17)1116716255(47,18)
(48,17)945877108(48,18)
(49,17)568008764(50,17)
(50,17)286316151(51,17)
(50,17)214419677(50,18)
(52,17)103087854(52,18)
(53,17)1(54,17)
(54,17)1(54,18)
(55,17)1629190168(56,17)
(57,17)318984471(57,18)
(58,17)894661689(58,18)
(61,17)363316653(61,18)
(62,17)1176924347(62,18)
(63,17)871418852(63,18)
(65,17)543326572(65,18)
(66,17)311647339(67,17)
(66,17)1152262092(66,18)
(68,17)852087126(69,17)
(69,17)175627016(70,17)
(69,17)92819519(69,18)
(73,17)345705290(74,17)
(74,17)1591644042(75,17)
(76,17)184320788(77,17)
(77,17)80201211(78,17)
(78,17)572561811(79,17)
(79,17)856196471(80,17)
(79,17)55519019(79,18)
(80,17)598845591(81,17)
(81,17)1(82,17)
(81,17)1(81,18)
(83,17)339193736(84,17)
(84,17)40317565(84,18)
(85,17)473891334(86,17)
(85,17)514820752(85,18)
(86,17)172154289(87,17)
(87,17)840536404(88,17)
(87,17)213280396(87,18)
(88,17)148472296(88,18)
(89,17)85357096(90,17)
(89,17)1186241694(89,18)
(90,17)1007245829(91,17)
(91,17)396926156(92,17)
(93,17)708436665(94,17)
(93,17)477127367(93,18)
(94,17)532646386(95,17)
(94,17)141540322(94,18)
(98,17)1015322500(98,18)
(99,17)233694996(99,18)
(0,18)1055640066(0,19)
(1,18)748515749(1,19)
(2,18)920670038(3,18)
(2,18)460467935(2,19)
(4,18)1069142334(4,19)
(5,18)339762386(5,19)
(6,18)990982690(6,19)
(7,18)1022334982(7,19)
(8,18)591313492(9,18)
(8,18)391091185(8,19)
(10,18)250198952(11,18)
(10,18)732853814(10,19)
(11,18)165418241(12,18)
(11,18)516677340(11,19)
(12,18)196285753(13,18)
(13,18)41268864(13,19)
(15,18)119764672(16,18)
(16,18)110919287(17,18)
(16,18)686730762(16,19)
(19,18)300719389(19,19)
(20,18)640481776(21,18)
(20,18)741957620(20,19)
(23,18)231097529(24,18)
(23,18)973365509(23,19)
(24,18)690918075(25,18)
(24,18)573912269(24,19)
(25,18)1306766083(26,18)
(26,18)941117027(26,19)
(27,18)175324309(28,18)
(30,18)813920038(31,18)
(30,18)981725170(30,19)
(32,18)729290176(33,18)
(32,18)924839325(32,19)
(33,18)668170982(33,19)
(34,18)968890371(35,18)
(35,18)568388370(36,18)
(36,18)869940457(37,18)
(37,18)153845032(37,19)
(38,18)1127210541(39,18)
(38,18)852539234(38,19)
(40,18)863617753(41,18)
(41,18)611761996(42,18)
(41,18)585733938(41,19)
(42,18)563436826(42,19)
(43,18)459541652(44,18)
(43,18)787086305(43,19)
(44,18)91119157(45,18)
(45,18)258129326(46,18)
(46,18)647248836(47,18)
(46,18)905039195(46,19)
(48,18)447272592(49,18)
(51,18)878051463(52,18)
(52,18)123473348(52,19)
(53,18)179946307(53,19)
(54,18)1(54,19)
(55,18)1(56,18)
(55,18)1(55,19)
(56,18)840714375(57,18)
(56,18)1(56,19)
(58,18)751148990(58,19)
(59,18)27553146(60,18)
(59,18)1599534911(59,19)
(60,18)1019305995(61,18)
(61,18)823098032(62,18)
(61,18)285682472(61,19)
(62,18)64784082(63,18)
(63,18)505492905(63,19)
(64,18)512056675(64,19)
(67,18)658787454(67,19)
(68,18)838733761(69,18)
(69,18)257620370(70,18)
(69,18)349851601(69,19)
(70,18)604832038(71,18)
(71,18)1128228875(72,18)
(73,18)49211756(74,18)
(73,18)120738486(73,19)
(75,18)76764902(75,19)
(76,18)362447374(77,18)
(77,18)111166929(78,18)
(77,18)441145323(77,19)
(78,18)946638228(79,18)
(78,18)427231456(78,19)
(79,18)939288131(80,18)
(80,18)943471008(80,19)
(81,18)1(82,18)
(82,18)1378811577(83,18)
(82,18)1(82,19)
(84,18)70061690(84,19)
(85,18)1(86,18)
(85,18)1(85,19)
(86,18)1(86,19)
(89,18)549387536(90,18)
(91,18)167434826(91,19)
(92,18)608580149(93,18)
(92,18)308846135(92,19)
(94,18)1006047395(95,18)
(95,18)351205738(96,18)
(96,18)247906197(97,18)
(97,18)349281413(98,18)
(97,18)545042417(97,19)
(98,18)112718116(99,18)
(99,18)234815955(99,19)
(0,19)30245415(1,19)
(1,19)171029949(2,19)
(1,19)377970868(1,20)
(2,19)552604753(2,20)
(3,19)373026856(4,19)
(4,19)56236614(4,20)
(5,19)605624150(6,19)
(5,19)242660715(5,20)
(6,19)189059476(7,19)
(7,19)828321738(8,19)
(7,19)773058976(7,20)
(8,19)497905611(8,20)
(9,19)1233983202(10,19)
(9,19)827592008(9,20)
(11,19)761865277(11,20)
(12,19)1009771475(13,19)
(14,19)489005601(14,20)
(15,19)38301418(16,19)
(15,19)86690306(15,20)
(17,19)233706647(18,19)
(17,19)209331367(17,20)
(19,19)606733503(19,20)
(20,19)849394218(21,19)
(21,19)419786226(22,19)
(21,19)333359469(21,20)
(22,19)1038453694(22,20)
(23,19)1248107964(23,20)
(24,19)340573924(24,20)
(25,19)1129947779(26,19)
(25,19)622858860(25,20)
(27,19)123043725(27,20)
(28,19)247011964(28,20)
(29,19)736017566(30,19)
(31,19)774318984(31,20)
(34,19)966491027(34,20)
(35,19)446058856(36,19)
(36,19)682974831(36,20)
(37,19)865845082(37,20)
(38,19)359202788(38,20)
(39,19)699776712(40,19)
(39,19)1110304183(39,20)
(42,19)970403532(42,20)
(43,19)1217415497(44,19)
(43,19)773506466(43,20)
(45,19)925988871(46,19)
(46,19)580268399(47,19)
(46,19)945359154(46,20)
(47,19)465550001(48,19)
(49,19)382926131(50,19)
(50,19)724148075(51,19)
(51,19)828984987(51,20)
(53,19)336135205(54,19)
(54,19)1(55,19)
(56,19)1(57,19)
(57,19)1(58,19)
(58,19)1(58,20)
(60,19)1580895291(60,20)
(61,19)378770797(62,19)
(61,19)915892857(61,20)
(62,19)359013537(62,20)
(63,19)844320799(63,20)
(64,19)501560353(65,19)
(65,19)158374771(65,20)
(66,19)987359759(67,19)
(67,19)770571220(67,20)
(68,19)7047983(69,19)
(68,19)534706181(68,20)
(69,19)48522001(70,19)
(70,19)427204319(71,19)
(70,19)353828929(70,20)
(71,19)286289270(72,19)
(72,19)522066537(73,19)
(74,19)1161948866(75,19)
(74,19)213132347(74,20)
(76,19)427107603(77,19)
(77,19)25314788(77,20)
(78,19)869635587(79,19)
(79,19)1075156181(79,20)
(81,19)203684112(81,20)
(82,19)974255332(83,19)
(82,19)1(82,20)
(83,19)608113244(84,19)
(84,19)981303315(84,20)
(85,19)1(85,20)
(86,19)1(87,19)
(87,19)1(88,19)
(88,19)663091009(89,19)
(88,19)1(88,20)
(89,19)848857675(90,19)
(91,19)618250231(92,19)
(91,19)495401666(91,20)
(92,19)520716454(93,19)
(94,19)845630304(95,19)
(95,19)614064335(96,19)
(95,19)285839403(95,20)
(96,19)489523515(97,19)
(97,19)5084672(98,19)
(97,19)1063485056(97,20)
(99,19)613197917(99,20)
(0,20)297598514(0,21)
(2,20)934491586(2,21)
(3,20)1106668624(3,21)
(5,20)720591308(6,20)
(8,20)821687849(8,21)
(10,20)534186872(11,20)
(11,20)150238230(11,21)
(12,20)639761745(13,20)
(12,20)465864481(12,21)
(13,20)470949153(14,20)
(13,20)509643566(13,21)
(15,20)253655458(16,20)
(16,20)206496585(17,20)
(16,20)541639838(16,21)
(18,20)845571192(19,20)
(19,20)731571083(19,21)
(20,20)467847177(20,21)
(21,20)34829832(21,21)
(22,20)870376242(22,21)
(24,20)840048586(24,21)
(26,20)1706701148(27,20)
(27,20)374369755(28,20)
(28,20)198979245(28,21)
(29,20)155036189(30,20)
(30,20)705651378(30,21)
(31,20)408691647(31,21)
(32,20)147594215(33,20)
(33,20)575938993(33,21)
(34,20)993165407(34,21)
(35,20)892705979(35,21)
(36,20)927535811(37,20)
(37,20)7155895(38,20)
(38,20)1(39,20)
(38,20)1(38,21)
(39,20)1(40,20)
(40,20)1(40,21)
(41,20)1(42,20)
(41,20)1(41,21)
(42,20)1(42,21)
(43,20)866396003(44,20)
(43,20)571647241(43,21)
(45,20)1021432192(45,21)
(46,20)1198948480(46,21)
(47,20)1187427397(48,20)
(47,20)1242255018(47,21)
(49,20)423399815(50,20)
(49,20)618411204(49,21)
(51,20)115000093(52,20)
(52,20)291169347(52,21)
(53,20)322044317(54,20)
(53,20)122155988(53,21)
(55,20)21363101(56,20)
(56,20)782091583(56,21)
(57,20)218640587(57,21)
(58,20)1(59,20)
(59,20)1(59,21)
(60,20)59770330(60,21)
(61,20)681678003(61,21)
(62,20)472493080(62,21)
(63,20)298662559(63,21)
(64,20)917073764(65,20)
(65,20)425380177(66,20)
(65,20)326127303(65,21)
(66,20)63056055(67,20)
(66,20)280707300(66,21)
(67,20)571876647(68,20)
(67,20)540380270(67,21)
(68,20)662536258(69,20)
(70,20)336428585(70,21)
(71,20)782630773(71,21)
(72,20)1001271361(73,20)
(73,20)925357509(74,20)
(73,20)420544861(73,21)
(74,20)588965557(75,20)
(76,20)146266066(77,20)
(77,20)103827878(78,20)
(77,20)962564682(77,21)
(79,20)6555366(79,21)
(80,20)332682669(81,20)
(80,20)30817357(80,21)
(81,20)311524657(82,20)
(82,20)335635625(83,20)
(82,20)1(82,21)
(85,20)1(85,21)
(86,20)820830304(87,20)
(87,20)305636989(87,21)
(88,20)1(89,20)
(89,20)1(89,21)
(90,20)1315147408(90,21)
(91,20)946482206(92,20)
(93,20)1050310085(93,21)
(94,20)1056865451(95,20)
(94,20)1246331354(94,21)
(95,20)1073485445(95,21)
(96,20)868740800(97,20)
(98,20)324591026(99,20)
(99,20)1062218704(99,21)
(0,21)55064662(0,22)
(1,21)1100418235(1,22)
(3,21)768356649(4,21)
(4,21)274000323(5,21)
(5,21)914560116(6,21)
(5,21)790913700(5,22)
(6,21)278058814(7,21)
(7,21)388146290(8,21)
(9,21)1438456375(9,22)
(10,21)347838179(11,21)
(11,21)298200077(12,21)
(11,21)541082060(11,22)
(14,21)63980824(15,21)
(14,21)466715638(14,22)
(15,21)289924554(15,22)
(16,21)1390342789(17,21)
(16,21)18410471(16,22)
(18,21)1164107681(18,22)
(19,21)612490591(20,21)
(19,21)310440579(19,22)
(20,21)1101354279(21,21)
(23,21)1290883088(24,21)
(24,21)854047329(25,21)
(25,21)407405279(26,21)
(25,21)758479703(25,22)
(27,21)1(28,21)
(27,21)1(27,22)
(28,21)1(29,21)
(28,21)561900975(28,22)
(29,21)1(29,22)
(30,21)309418564(31,21)
(30,21)508975978(30,22)
(31,21)527386450(32,21)
(33,21)1(34,21)
(33,21)1(33,22)
(34,21)1(35,21)
(34,21)626138954(34,22)
(35,21)1(36,21)
(36,21)1(37,21)
(37,21)1(38,21)
(38,21)802438799(39,21)
(38,21)25109644(38,22)
(40,21)1(41,21)
(42,21)1(43,21)
(43,21)1(44,21)
(44,21)1(44,22)
(45,21)1330961679(46,21)
(46,21)760582799(47,21)
(47,21)1383866429(48,21)
(49,21)553596803(50,21)
(50,21)160245820(50,22)
(51,21)765516336(51,22)
(52,21)4880533(53,21)
(53,21)207222095(53,22)
(54,21)1(55,21)
(54,21)1(54,22)
(55,21)1(56,21)
(56,21)1(57,21)
(56,21)678890048(56,22)
(57,21)1(58,21)
(57,21)1027209802(57,22)
(58,21)1(59,21)
(58,21)1327552473(58,22)
(59,21)2054525(60,21)
(59,21)775094909(59,22)
(62,21)745863593(62,22)
(63,21)673321442(64,21)
(64,21)777828487(65,21)
(64,21)824215546(64,22)
(67,21)478488777(67,22)
(68,21)685710872(69,21)
(69,21)657150799(70,21)
(70,21)901482438(71,21)
(70,21)749527092(70,22)
(71,21)1428417140(72,21)
(73,21)1032113190(74,21)
(74,21)502070392(75,21)
(74,21)235601070(74,22)
(75,21)1034167715(75,22)
(76,21)219700272(77,21)
(76,21)487351186(76,22)
(78,21)258944095(79,21)
(80,21)1036772582(80,22)
(81,21)924774222(81,22)
(82,21)1(82,22)
(83,21)1(84,21)
(83,21)1(83,22)
(84,21)1(85,21)
(85,21)691017315(86,21)
(86,21)163892983(87,21)
(87,21)931702944(88,21)
(88,21)17091749(88,22)
(89,21)1(90,21)
(90,21)1(90,22)
(91,21)1(92,21)
(91,21)1(91,22)
(92,21)1(92,22)
(93,21)186297783(94,21)
(95,21)974983157(96,21)
(95,21)126610639(95,22)
(96,21)1051384862(97,21)
(96,21)519102393(96,22)
(98,21)479615166(99,21)
(98,21)307164213(98,22)
(0,22)805274956(1,22)
(0,22)248654437(0,23)
(1,22)939671752(2,22)
(3,22)816636480(4,22)
(3,22)911622560(3,23)
(4,22)610548850(5,22)
(5,22)632968966(5,23)
(6,22)1483469168(7,22)
(6,22)811545533(6,23)
(8,22)406185994(8,23)
(9,22)592483778(10,22)
(10,22)807103978(11,22)
(11,22)345234555(12,22)
(11,22)719094417(11,23)
(13,22)528746868(14,22)
(13,22)121495633(13,23)
(15,22)178814282(16,22)
(15,22)412040584(15,23)
(17,22)1118486034(17,23)
(18,22)870845388(18,23)
(19,22)125544207(20,22)
(20,22)593441089(21,22)
(20,22)493173797(20,23)
(21,22)1304719330(22,22)
(23,22)335612604(24,22)
(23,22)657129085(23,23)
(24,22)965234660(24,23)
(25,22)335486058(26,22)
(26,22)590721820(26,23)
(27,22)1(27,23)
(28,22)1270186431(28,23)
(29,22)1(29,23)
(30,22)710231996(31,22)
(31,22)662229153(32,22)
(32,22)1(33,22)
(32,22)1(32,23)
(34,22)232787891(34,23)
(35,22)725961688(36,22)
(35,22)1192376263(35,23)
(36,22)825312109(37,22)
(36,22)359978009(36,23)
(37,22)289404619(38,22)
(38,22)540326456(39,22)
(38,22)211022298(38,23)
(40,22)323944298(40,23)
(41,22)914666118(42,22)
(42,22)44979982(43,22)
(43,22)175523541(44,22)
(43,22)684110661(43,23)
(44,22)1(45,22)
(44,22)847196228(44,23)
(45,22)1(46,22)
(46,22)1(47,22)
(47,22)1(47,23)
(48,22)571333576(49,22)
(48,22)957709673(48,23)
(49,22)807869145(49,23)
(50,22)337870496(50,23)
(51,22)697848505(52,22)
(52,22)678073870(52,23)
(53,22)889096169(54,22)
(54,22)1(54,23)
(55,22)516443731(56,22)
(59,22)174305058(60,22)
(59,22)98760957(59,23)
(60,22)950038936(60,23)
(61,22)495089358(62,22)
(61,22)277344685(61,23)
(63,22)236126447(63,23)
(64,22)1043995593(65,22)
(66,22)896757354(66,23)
(67,22)502182394(67,23)
(68,22)1489435518(69,22)
(69,22)316443745(69,23)
(70,22)234313225(71,22)
(70,22)954222218(70,23)
(71,22)65509192(71,23)
(72,22)1496619041(73,22)
(73,22)991034551(74,22)
(75,22)266911191(76,22)
(75,22)1165339609(75,23)
(77,22)762000549(77,23)
(78,22)998126997(79,22)
(78,22)337814111(78,23)
(79,22)881759(79,23)
(81,22)791396296(82,22)
(82,22)1(83,22)
(83,22)218743872(83,23)
(84,22)535187618(85,22)
(85,22)406967877(86,22)
(85,22)693807394(85,23)
(86,22)759316586(87,22)
(87,22)285942916(88,22)
(87,22)231606753(87,23)
(88,22)108451979(88,23)
(89,22)1276977467(89,23)
(90,22)1(91,22)
(92,22)1(93,22)
(93,22)1(93,23)
(94,22)256748305(95,22)
(96,22)1488220734(97,22)
(96,22)193047510(96,23)
(98,22)209658435(99,22)
(99,22)978481700(99,23)
(0,23)744846053(1,23)
(0,23)1051760182(0,24)
(2,23)284122032(3,23)
(4,23)392574011(4,24)
(5,23)929783631(5,24)
(6,23)1224617059(7,23)
(7,23)495842816(8,23)
(8,23)814651134(8,24)
(9,23)742499321(10,23)
(9,23)751709361(9,24)
(11,23)616250886(12,23)
(11,23)474625012(11,24)
(13,23)607165449(13,24)
(14,23)816823884(15,23)
(15,23)318653156(16,23)
(17,23)928533185(18,23)
(18,23)1320232381(19,23)
(19,23)67744487(20,23)
(19,23)581339349(19,24)
(21,23)191021091(22,23)
(22,23)588256391(22,24)
(23,23)686863907(23,24)
(25,23)776878673(26,23)
(26,23)1(27,23)
(26,23)1(26,24)
(28,23)287910310(28,24)
(29,23)1(29,24)
(30,23)1(31,23)
(30,23)1(30,24)
(31,23)1(32,23)
(33,23)1012354718(33,24)
(36,23)1422146546(37,23)
(38,23)396554328(39,23)
(38,23)817922951(38,24)
(39,23)178069004(40,23)
(39,23)801013669(39,24)
(40,23)798936868(41,23)
(41,23)954947677(41,24)
(42,23)200593589(43,23)
(44,23)53404949(44,24)
(45,23)723040194(46,23)
(46,23)987655112(47,23)
(47,23)1(47,24)
(48,23)491009120(48,24)
(50,23)488515260(51,23)
(51,23)1(52,23)
(51,23)1(51,24)
(52,23)1(53,23)
(53,23)1(54,23)
(54,23)274396429(55,23)
(55,23)627153538(56,23)
(55,23)759170114(55,24)
(57,23)197334728(58,23)
(57,23)614344774(57,24)
(60,23)723445143(61,23)
(61,23)543672876(61,24)
(62,23)1350534604(63,23)
(63,23)54625727(64,23)
(64,23)399540075(65,23)
(65,23)140210619(66,23)
(66,23)55002427(67,23)
(66,23)888055336(66,24)
(67,23)215487236(67,24)
(68,23)597957687(68,24)
(69,23)1232334604(69,24)
(71,23)1036599722(72,23)
(71,23)17137166(71,24)
(72,23)631481940(73,23)
(73,23)1233934451(73,24)
(74,23)843180921(75,23)
(74,23)586586766(74,24)
(75,23)271265405(76,23)
(77,23)1130242671(78,23)
(78,23)892723111(78,24)
(80,23)406605987(81,23)
(81,23)528215004(82,23)
(82,23)123204721(83,23)
(82,23)461608414(82,24)
(83,23)1179448499(83,24)
(84,23)264299455(85,23)
(85,23)449549730(85,24)
(86,23)466686896(87,23)
(86,23)108320526(86,24)
(89,23)844342337(89,24)
(90,23)741572589(90,24)
(91,23)160715005(92,23)
(92,23)1532530123(92,24)
(93,23)1(94,23)
(94,23)1(95,23)
(95,23)1(95,24)
(96,23)734948415(96,24)
(97,23)1196556829(98,23)
(98,23)337554739(99,23)
(98,23)76198656(98,24)
(99,23)108639282(99,24)
(0,24)601854194(1,24)
(1,24)558189012(1,25)
(2,24)1024875909(3,24)
(2,24)710174721(2,25)
(3,24)229150462(4,24)
(3,24)475555382(3,25)
(4,24)373947051(5,24)
(6,24)916350768(7,24)
(6,24)1115519640(6,25)
(7,24)1468854062(7,25)
(8,24)301397243(8,25)
(9,24)579166829(10,24)
(9,24)419708675(9,25)
(10,24)748051103(11,24)
(10,24)207697603(10,25)
(11,24)624443280(11,25)
(12,24)577437215(13,24)
(13,24)532072699(14,24)
(13,24)143178726(13,25)
(14,24)480733465(15,24)
(15,24)541909246(16,24)
(15,24)640711981(15,25)
(17,24)205523763(17,25)
(18,24)1(19,24)
(18,24)1(18,25)
(19,24)1(20,24)
(20,24)1(21,24)
(20,24)1055026196(20,25)
(21,24)1(22,24)
(22,24)1(23,24)
(23,24)1(24,24)
(24,24)1(24,25)
(25,24)311721459(26,24)
(25,24)597353187(25,25)
(26,24)1221796467(27,24)
(26,24)1(26,25)
(29,24)1(30,24)
(29,24)187161534(29,25)
(30,24)827873515(31,24)
(31,24)855810150(32,24)
(31,24)847295153(31,25)
(32,24)1052818916(33,24)
(33,24)501088883(33,25)
(34,24)375518078(35,24)
(35,24)641440610(36,24)
(35,24)7438469(35,25)
(37,24)664502799(37,25)
(38,24)605667344(38,25)
(39,24)709691201(40,24)
(42,24)170722958(43,24)
(42,24)730081555(42,25)
(43,24)381831590(44,24)
(45,24)687217497(45,25)
(46,24)377534697(46,25)
(47,24)1(48,24)
(47,24)92244623(47,25)
(48,24)1(49,24)
(48,24)439847918(48,25)
(49,24)1(50,24)
(49,24)212409675(49,25)
(50,24)1(51,24)
(51,24)144808010(52,24)
(51,24)667702941(51,25)
(53,24)397641365(54,24)
(54,24)95969100(55,24)
(54,24)1148521726(54,25)
(55,24)536359574(56,24)
(57,24)334335742(58,24)
(57,24)243770387(57,25)
(58,24)151984537(58,25)
(59,24)716167332(59,25)
(60,24)1303414865(60,25)
(61,24)999114641(61,25)
(62,24)1091359264(63,24)
(62,24)790413831(62,25)
(64,24)2701149(65,24)
(65,24)506060707(66,24)
(66,24)222549294(66,25)
(67,24)14523315(68,24)
(67,24)650868717(67,25)
(69,24)109987193(70,24)
(69,24)412164681(69,25)
(71,24)646346768(71,25)
(72,24)890117155(73,24)
(74,24)439148632(75,24)
(74,24)496387191(74,25)
(76,24)119570878(77,24)
(77,24)485463645(78,24)
(78,24)1123559445(79,24)
(78,24)1210930142(78,25)
(79,24)748139265(80,24)
(80,24)824765827(81,24)
(80,24)1126260595(80,25)
(81,24)1254199972(81,25)
(82,24)601509202(82,25)
(84,24)1593490959(84,25)
(86,24)319308630(87,24)
(86,24)1147511485(86,25)
(87,24)500786664(88,24)
(88,24)489509185(89,24)
(89,24)6046380(89,25)
(90,24)928657817(90,25)
(91,24)623707630(92,24)
(92,24)543915709(93,24)
(93,24)1(94,24)
(93,24)1(93,25)
(94,24)1(95,24)
(95,24)646252101(96,24)
(96,24)311859226(97,24)
(98,24)69444267(98,25)
(0,25)838925786(1,25)
(1,25)893333907(2,25)
(3,25)339740287(4,25)
(4,25)1(5,25)
(4,25)1(4,26)
(5,25)1(6,25)
(5,25)345786667(5,26)
(6,25)1(6,26)
(8,25)33768127(9,25)
(8,25)865846426(8,26)
(9,25)515940404(9,26)
(11,25)200011735(12,25)
(11,25)380509317(11,26)
(13,25)504253031(14,25)
(13,25)47590078(13,26)
(15,25)277264389(16,25)
(15,25)23432104(15,26)
(17,25)1170598296(17,26)
(18,25)682976441(19,25)
(18,25)1(18,26)
(19,25)128637675(19,26)
(20,25)474424342(21,25)
(20,25)684863770(20,26)
(22,25)1364438702(23,25)
(23,25)1(24,25)
(23,25)1(23,26)
(26,25)368435786(27,25)
(26,25)1(26,26)
(27,25)1132036857(28,25)
(28,25)1060804329(28,26)
(30,25)310586254(30,26)
(31,25)260530018(32,25)
(32,25)875295031(32,26)
(33,25)49427405(33,26)
(34,25)178065080(35,25)
(35,25)343352742(36,25)
(36,25)652489423(36,26)
(37,25)599203049(38,25)
(38,25)833456057(39,25)
(38,25)141756931(38,26)
(40,25)224090859(40,26)
(41,25)808079088(42,25)
(41,25)344446575(41,26)
(43,25)681446038(44,25)
(44,25)548509401(44,26)
(45,25)859095655(46,25)
(45,25)356579531(45,26)
(46,25)308977413(47,25)
(46,25)941160530(46,26)
(50,25)468988790(51,25)
(52,25)1245093316(53,25)
(53,25)451326984(53,26)
(55,25)155156584(56,25)
(55,25)928027710(55,26)
(57,25)963235673(57,26)
(58,25)755867970(59,25)
(58,25)621415411(58,26)
(59,25)1169924812(60,25)
(60,25)37306508(60,26)
(61,25)978467039(62,25)
(62,25)1001162493(63,25)
(63,25)647438953(63,26)
(64,25)22731924(64,26)
(65,25)310409559(65,26)
(66,25)387717293(66,26)
(68,25)841834532(68,26)
(69,25)772900257(70,25)
(69,25)1169571909(69,26)
(71,25)356719802(72,25)
(73,25)1092657521(73,26)
(74,25)362557630(75,25)
(74,25)499676837(74,26)
(75,25)536983346(76,25)
(75,25)866446832(75,26)
(76,25)747983652(77,25)
(78,25)15405690(79,25)
(81,25)321851486(82,25)
(81,25)994244506(81,26)
(82,25)68734876(83,25)
(82,25)1199075743(82,26)
(84,25)1125447706(85,25)
(85,25)983459672(86,25)
(85,25)666326885(85,26)
(86,25)1075563677(86,26)
(87,25)150670286(88,25)
(87,25)1340179474(87,26)
(88,25)285353347(89,25)
(90,25)713639137(91,25)
(90,25)647910977(90,26)
(91,25)636948247(92,25)
(91,25)227369130(91,26)
(93,25)1063285287(94,25)
(93,25)1(93,26)
(95,25)687679709(95,26)
(96,25)1308218417(96,26)
(97,25)359810512(98,25)
(99,25)253237140(99,26)
(0,26)948050740(1,26)
(1,26)1(2,26)
(1,26)1(1,27)
(2,26)1(3,26)
(3,26)1(4,26)
(6,26)587632498(7,26)
(6,26)1(6,27)
(9,26)965056927(10,26)
(10,26)828489038(10,27)
(11,26)373364788(12,26)
(12,26)372156975(12,27)
(13,26)240092024(13,27)
(14,26)62695057(15,26)
(16,26)1010745797(16,27)
(17,26)169267667(17,27)
(18,26)1(18,27)
(19,26)913677622(19,27)
(20,26)787670983(21,26)
(22,26)550892613(23,26)
(22,26)1375303482(22,27)
(23,26)1277075122(24,26)
(23,26)1(23,27)
(25,26)1(26,26)
(25,26)1(25,27)
(27,26)823010272(27,27)
(28,26)1063102296(29,26)
(28,26)787078592(28,27)
(30,26)964952921(31,26)
(30,26)1125797354(30,27)
(32,26)722237927(32,27)
(33,26)845987038(34,26)
(33,26)875936070(33,27)
(35,26)480317428(36,26)
(36,26)1602873849(37,26)
(36,26)429801028(36,27)
(38,26)443482892(39,26)
(38,26)6282815(38,27)
(39,26)934695984(39,27)
(40,26)255168164(40,27)
(41,26)77084746(41,27)
(42,26)629245774(42,27)
(43,26)526056448(43,27)
(44,26)505804741(45,26)
(45,26)846271957(45,27)
(46,26)264299868(47,26)
(47,26)45511941(48,26)
(47,26)930570524(47,27)
(49,26)1129525515(50,26)
(49,26)891498980(49,27)
(50,26)1418408182(51,26)
(52,26)873798383(52,27)
(53,26)880081198(54,26)
(54,26)323270867(55,26)
(55,26)150862639(56,26)
(55,26)507520460(55,27)
(56,26)584605206(57,26)
(59,26)1300413891(60,26)
(59,26)1250701746(59,27)
(60,26)313515824(60,27)
(61,26)94441264(61,27)
(62,26)1025011789(63,26)
(62,26)213789923(62,27)
(63,26)65385371(64,26)
(64,26)573800760(65,26)
(64,26)684034736(64,27)
(66,26)657270181(67,26)
(67,26)718523678(68,26)
(68,26)1252200279(69,26)
(68,26)109481764(68,27)
(69,26)5176239(70,26)
(71,26)156038879(71,27)
(72,26)543246894(72,27)
(73,26)614980131(73,27)
(76,26)1275318627(77,26)
(77,26)1343193908(77,27)
(78,26)1025495688(79,26)
(78,26)152846768(78,27)
(79,26)836881504(80,26)
(80,26)1141774465(81,26)
(81,26)822069232(81,27)
(82,26)538210980(83,26)
(82,26)1799044646(82,27)
(83,26)15061773(83,27)
(84,26)1613666650(85,26)
(88,26)466497994(89,26)
(89,26)752839639(90,26)
(90,26)184696224(90,27)
(91,26)311760060(91,27)
(92,26)157247397(92,27)
(93,26)1(94,26)
(94,26)1(94,27)
(95,26)1146975669(95,27)
(96,26)822500760(96,27)
(97,26)474061759(98,26)
(98,26)359772234(98,27)
(99,26)235104522(99,27)
(0,27)910045329(1,27)
(0,27)2699846(0,28)
(1,27)1(1,28)
(2,27)334870019(2,28)
(3,27)302941604(4,27)
(3,27)1072616468(3,28)
(5,27)1(6,27)
(5,27)1(5,28)
(7,27)348132501(7,28)
(8,27)1338136476(8,28)
(9,27)1310057911(9,28)
(10,27)388568830(10,28)
(11,27)1(12,27)
(11,27)1(11,28)
(12,27)1(13,27)
(13,27)1(14,27)
(14,27)1(14,28)
(15,27)1(16,27)
(15,27)1(15,28)
(16,27)1(17,27)
(17,27)1(18,27)
(18,27)299872531(18,28)
(19,27)498900178(19,28)
(20,27)650376838(21,27)
(20,27)369618236(20,28)
(23,27)1(24,27)
(24,27)1(25,27)
(25,27)212081925(26,27)
(25,27)522665740(25,28)
(27,27)585429566(27,28)
(28,27)240094112(29,27)
(29,27)321244823(30,27)
(31,27)1153000820(31,28)
(32,27)84938416(32,28)
(33,27)384810947(34,27)
(35,27)258493785(36,27)
(36,27)397461481(36,28)
(37,27)81243750(38,27)
(37,27)204439060(37,28)
(40,27)263810615(40,28)
(42,27)176928911(43,27)
(42,27)648732992(42,28)
(43,27)140921664(44,27)
(44,27)466805858(45,27)
(44,27)417023023(44,28)
(45,27)462166488(45,28)
(46,27)175453149(46,28)
(47,27)260391565(48,27)
(48,27)56054364(49,27)
(48,27)526055435(48,28)
(49,27)414930983(50,27)
(49,27)645202512(49,28)
(50,27)613418791(51,27)
(51,27)200600487(52,27)
(52,27)201412843(52,28)
(53,27)281844238(53,28)
(54,27)456959710(54,28)
(55,27)720770326(56,27)
(56,27)875717581(57,27)
(56,27)863351323(56,28)
(57,27)512596234(57,28)
(58,27)1052646493(58,28)
(61,27)140497762(62,27)
(63,27)400889327(63,28)
(64,27)1046091840(65,27)
(65,27)376358898(65,28)
(66,27)1049783667(67,27)
(66,27)1659510631(66,28)
(68,27)79854224(69,27)
(69,27)237123558(70,27)
(70,27)754975230(71,27)
(71,27)180728634(72,27)
(71,27)957893884(71,28)
(73,27)535855657(74,27)
(74,27)968728872(74,28)
(75,27)933773484(76,27)
(76,27)935871402(77,27)
(77,27)601396580(78,27)
(78,27)674087531(78,28)
(79,27)468358023(80,27)
(79,27)562824495(79,28)
(80,27)373768766(80,28)
(81,27)65767522(81,28)
(84,27)1217476218(85,27)
(85,27)1408492692(86,27)
(86,27)816664702(87,27)
(87,27)1455660613(88,27)
(88,27)139671172(88,28)
(89,27)1108400044(90,27)
(90,27)185402260(90,28)
(92,27)968961127(93,27)
(92,27)637945550(92,28)
(94,27)368163787(95,27)
(94,27)1(94,28)
(95,27)670406819(96,27)
(97,27)556202568(97,28)
(98,27)155438144(99,27)
(99,27)770477853(99,28)
(1,28)914576914(2,28)
(1,28)1(1,29)
(3,28)506059129(4,28)
(3,28)356314592(3,29)
(5,28)1(6,28)
(5,28)350091751(5,29)
(6,28)1(7,28)
(7,28)1(8,28)
(7,28)441190821(7,29)
(8,28)1(8,29)
(9,28)685549484(9,29)
(11,28)1(12,28)
(12,28)1(12,29)
(13,28)785915741(13,29)
(14,28)1(14,29)
(15,28)1(16,28)
(16,28)614650272(17,28)
(16,28)1(16,29)
(20,28)73333996(21,28)
(20,28)1016536753(20,29)
(21,28)545320585(22,28)
(22,28)338872657(23,28)
(22,28)125499895(22,29)
(23,28)815611343(24,28)
(25,28)670272225(25,29)
(26,28)157840563(27,28)
(26,28)1017309884(26,29)
(28,28)176476224(29,28)
(29,28)240263333(30,28)
(29,28)445810436(29,29)
(30,28)431212037(31,28)
(31,28)642527007(31,29)
(33,28)958942307(34,28)
(33,28)501797827(33,29)
(34,28)225040072(35,28)
(35,28)354092234(36,28)
(35,28)310123202(35,29)
(36,28)207805037(37,28)
(36,28)298374069(36,29)
(37,28)423873964(38,28)
(38,28)177459948(39,28)
(38,28)546677694(38,29)
(39,28)148218652(40,28)
(40,28)141056561(40,29)
(41,28)1158366445(42,28)
(42,28)847110094(43,28)
(43,28)241769484(43,29)
(44,28)1023586319(44,29)
(46,28)146988668(47,28)
(46,28)1118791958(46,29)
(47,28)17170620(48,28)
(49,28)976112927(49,29)
(50,28)1286236129(51,28)
(51,28)156275812(52,28)
(52,28)549933150(53,28)
(53,28)580149776(53,29)
(54,28)727393098(54,29)
(55,28)868449659(56,28)
(55,28)41453865(55,29)
(58,28)121101940(59,28)
(58,28)197629923(58,29)
(59,28)766221743(59,29)
(60,28)270683403(61,28)
(60,28)808681861(60,29)
(62,28)346212866(63,28)
(62,28)417672071(62,29)
(63,28)376544687(64,28)
(64,28)773273718(65,28)
(66,28)1470976763(67,28)
(67,28)1406067367(68,28)
(68,28)573401868(69,28)
(69,28)600819363(70,28)
(69,28)1299302580(69,29)
(70,28)1340756446(71,28)
(70,28)245553303(70,29)
(72,28)691276274(72,29)
(73,28)888906197(74,28)
(73,28)1182002039(73,29)
(75,28)130901632(76,28)
(76,28)71423537(76,29)
(77,28)489095609(78,28)
(80,28)538613081(81,28)
(80,28)481326312(80,29)
(81,28)393352512(82,28)
(82,28)1333303590(83,28)
(84,28)951238812(85,28)
(85,28)4775113(86,28)
(85,28)336351825(85,29)
(86,28)144511610(86,29)
(87,28)835787884(88,28)
(88,28)866755776(89,28)
(88,28)1006738678(88,29)
(89,28)328958449(90,28)
(90,28)667495910(90,29)
(91,28)738919447(92,28)
(91,28)459860081(91,29)
(92,28)370751884(93,28)
(92,28)717637040(92,29)
(93,28)94154073(94,28)
(94,28)1(94,29)
(95,28)560130791(96,28)
(96,28)789797141(97,28)
(96,28)484784786(96,29)
(97,28)346890982(98,28)
(98,28)605419535(99,28)
(99,28)82423444(99,29)
(0,29)1556658347(1,29)
(1,29)1(1,30)
(2,29)76912470(3,29)
(3,29)389474193(4,29)
(4,29)291123519(5,29)
(6,29)958619429(6,30)
(8,29)1(9,29)
(8,29)224170893(8,30)
(9,29)1(10,29)
(10,29)1(11,29)
(10,29)174542394(10,30)
(11,29)1(12,29)
(12,29)557867750(13,29)
(14,29)1(15,29)
(14,29)533484833(14,30)
(15,29)1(16,29)
(17,29)1256437032(18,29)
(17,29)7937732(17,30)
(19,29)1070196444(20,29)
(21,29)682048425(22,29)
(21,29)335322394(21,30)
(22,29)60308425(23,29)
(23,29)232103654(23,30)
(24,29)1010173939(25,29)
(24,29)156046341(24,30)
(25,29)330588736(26,29)
(27,29)795959058(28,29)
(27,29)1065261921(27,30)
(28,29)605934762(29,29)
(29,29)373565109(30,29)
(29,29)204393169(29,30)
(31,29)307294213(32,29)
(31,29)641888835(31,30)
(32,29)649826567(33,29)
(34,29)82132043(34,30)
(35,29)661625290(35,30)
(36,29)527271028(36,30)
(37,29)487609464(37,30)
(38,29)719713118(39,29)
(39,29)842217685(39,30)
(40,29)356359602(41,29)
(42,29)461669460(43,29)
(44,29)169687919(45,29)
(46,29)494106348(47,29)
(48,29)1143932915(48,30)
(50,29)457848347(50,30)
(51,29)985119375(52,29)
(52,29)719824015(52,30)
(53,29)484036461(53,30)
(54,29)91464932(54,30)
(55,29)842898927(55,30)
(56,29)239306466(57,29)
(57,29)990687681(57,30)
(58,29)700975927(58,30)
(59,29)799838280(59,30)
(60,29)652055793(61,29)
(61,29)990608995(62,29)
(63,29)142611409(64,29)
(63,29)460431190(63,30)
(64,29)815859315(64,30)
(65,29)1273707662(66,29)
(66,29)252818718(67,29)
(67,29)111343390(67,30)
(68,29)595379851(69,29)
(70,29)436877981(71,29)
(72,29)380591486(73,29)
(73,29)630466327(73,30)
(74,29)1336573917(74,30)
(75,29)314760620(76,29)
(75,29)998256876(75,30)
(76,29)291501092(77,29)
(77,29)1081038894(78,29)
(79,29)380046549(80,29)
(79,29)1223650303(79,30)
(80,29)444843023(81,29)
(81,29)532041598(82,29)
(82,29)697661741(82,30)
(83,29)322232273(84,29)
(83,29)496424175(83,30)
(84,29)90403228(85,29)
(85,29)38267737(85,30)
(86,29)527281209(86,30)
(87,29)1203465657(88,29)
(89,29)1145336947(90,29)
(89,29)433142383(89,30)
(92,29)617983534(93,29)
(93,29)225627540(93,30)
(94,29)1449277843(95,29)
(94,29)1(94,30)
(97,29)444298960(98,29)
(98,29)404765852(99,29)
(99,29)766531234(99,30)
(0,30)1(1,30)
(1,30)991156615(2,30)
(1,30)804798971(1,31)
(2,30)232970514(3,30)
(3,30)78432299(4,30)
(3,30)287581221(3,31)
(4,30)214472154(5,30)
(4,30)41733544(4,31)
(5,30)1187070491(6,30)
(7,30)716256340(8,30)
(7,30)499684410(7,31)
(9,30)657994585(10,30)
(10,30)243678075(11,30)
(11,30)730268714(12,30)
(11,30)177645073(11,31)
(13,30)434614255(14,30)
(13,30)638610391(13,31)
(14,30)1043376243(15,30)
(15,30)998597238(16,30)
(17,30)413511965(18,30)
(18,30)129851426(19,30)
(18,30)91431327(18,31)
(19,30)133164871(20,30)
(19,30)491944264(19,31)
(20,30)1003518947(21,30)
(20,30)344323580(20,31)
(22,30)799009241(22,31)
(23,30)169916240(24,30)
(23,30)484763967(23,31)
(24,30)790104068(24,31)
(25,30)827910825(25,31)
(26,30)1005555898(27,30)
(27,30)726857769(27,31)
(28,30)209122023(28,31)
(29,30)203706802(30,30)
(30,30)261360755(30,31)
(32,30)1007378125(32,31)
(33,30)1098809452(34,30)
(33,30)65934396(33,31)
(34,30)557878660(35,30)
(34,30)1174425672(34,31)
(35,30)1231974323(35,31)
(36,30)404726037(37,30)
(37,30)212923201(38,30)
(38,30)77162161(38,31)
(39,30)867266229(40,30)
(39,30)382839441(39,31)
(41,30)574027320(42,30)
(41,30)863855284(41,31)
(42,30)68822516(42,31)
(43,30)277944539(44,30)
(43,30)87184889(43,31)
(44,30)34956713(45,30)
(45,30)1070058320(46,30)
(47,30)43768504(48,30)
(48,30)788415147(49,30)
(48,30)581045979(48,31)
(50,30)227068632(51,30)
(51,30)760207767(52,30)
(51,30)1126737257(51,31)
(52,30)266510489(53,30)
(52,30)631794669(52,31)
(53,30)708956831(54,30)
(55,30)942232734(56,30)
(56,30)292594697(57,30)
(56,30)419237027(56,31)
(57,30)488059543(58,30)
(59,30)544521668(60,30)
(59,30)766004082(59,31)
(61,30)674792036(62,30)
(62,30)189577091(63,30)
(63,30)718560540(63,31)
(65,30)176802398(66,30)
(65,30)973161140(65,31)
(67,30)572518150(68,30)
(68,30)218925238(68,31)
(69,30)109972926(70,30)
(70,30)710214393(71,30)
(70,30)1118627894(70,31)
(71,30)1052205660(71,31)
(72,30)420982066(73,30)
(72,30)1002809090(72,31)
(73,30)738633193(74,30)
(74,30)644444898(75,30)
(75,30)1283154861(75,31)
(76,30)750251201(77,30)
(77,30)528743829(78,30)
(77,30)42653408(77,31)
(78,30)761213948(79,30)
(80,30)719594457(81,30)
(80,30)474868796(80,31)
(81,30)415592277(82,30)
(82,30)672009206(82,31)
(84,30)122101760(85,30)
(84,30)646806931(84,31)
(86,30)832316153(86,31)
(87,30)1155816098(87,31)
(88,30)326611449(88,31)
(89,30)203554811(90,30)
(89,30)426274789(89,31)
(91,30)1423318485(92,30)
(92,30)312197203(92,31)
(94,30)1(94,31)
(95,30)850152336(96,30)
(96,30)969501661(97,30)
(96,30)270606442(96,31)
(97,30)942615648(98,30)
(98,30)106371392(99,30)
(0,31)228473152(1,31)
(0,31)352974391(0,32)
(2,31)592603198(3,31)
(2,31)1060789305(2,32)
(3,31)1126741667(3,32)
(4,31)13514934(5,31)
(4,31)919214647(4,32)
(6,31)736651692(7,31)
(7,31)694185642(7,32)
(8,31)308255233(9,31)
(9,31)153390744(10,31)
(10,31)323642235(11,31)
(10,31)683538773(10,32)
(12,31)594248677(12,32)
(13,31)651952074(13,32)
(14,31)758323466(15,31)
(15,31)56912989(16,31)
(16,31)986796618(16,32)
(17,31)27838558(17,32)
(18,31)355024136(18,32)
(21,31)712828258(22,31)
(21,31)249524594(21,32)
(22,31)943710236(23,31)
(22,31)412406912(22,32)
(24,31)306026445(25,31)
(26,31)642916029(27,31)
(26,31)629668681(26,32)
(27,31)1223917358(28,31)
(28,31)640687167(28,32)
(29,31)344625765(30,31)
(29,31)613298036(29,32)
(30,31)584503595(30,32)
(31,31)401538754(31,32)
(32,31)429377313(33,31)
(35,31)604569051(36,31)
(35,31)1080429018(35,32)
(37,31)60614149(38,31)
(38,31)126180200(38,32)
(40,31)989032862(41,31)
(42,31)340394319(43,31)
(43,31)125152410(44,31)
(43,31)862922341(43,32)
(44,31)166574449(44,32)
(45,31)751078044(46,31)
(45,31)469778175(45,32)
(46,31)871316929(47,31)
(47,31)616131635(48,31)
(47,31)174894610(47,32)
(49,31)737168133(50,31)
(49,31)422321869(49,32)
(52,31)511650846(53,31)
(52,31)685220851(52,32)
(53,31)811401051(54,31)
(54,31)701956813(55,31)
(55,31)371780651(56,31)
(55,31)42063073(55,32)
(57,31)1175454918(58,31)
(57,31)10785634(57,32)
(58,31)873707975(59,31)
(60,31)202444704(60,32)
(61,31)318792502(61,32)
(62,31)493687112(63,31)
(62,31)494218785(62,32)
(64,31)258380098(65,31)
(65,31)1611249680(66,31)
(65,31)384597513(65,32)
(67,31)298868189(68,31)
(67,31)730722386(67,32)
(68,31)90501895(68,32)
(69,31)1110269240(69,32)
(70,31)612766056(70,32)
(71,31)156272083(72,31)
(72,31)213078002(72,32)
(73,31)1331727002(73,32)
(74,31)484850682(75,31)
(74,31)561736858(74,32)
(75,31)764181562(76,31)
(76,31)107752538(76,32)
(77,31)601971323(78,31)
(79,31)249400702(79,32)
(80,31)633998215(81,31)
(80,31)78546482(80,32)
(82,31)181401064(83,31)
(82,31)212849265(82,32)
(83,31)303351160(84,31)
(84,31)92210306(84,32)
(85,31)704976362(86,31)
(86,31)106179915(86,32)
(87,31)319257917(88,31)
(87,31)861248446(87,32)
(88,31)45491800(89,31)
(90,31)1262892045(91,31)
(90,31)530342482(90,32)
(91,31)638095020(92,31)
(91,31)300004310(91,32)
(92,31)284112466(93,31)
(93,31)758029098(94,31)
(93,31)1240066343(93,32)
(94,31)1(94,32)
(95,31)1(96,31)
(95,31)1(95,32)
(96,31)1(97,31)
(97,31)1(98,31)
(98,31)1(98,32)
(99,31)492182039(99,32)
(0,32)469231791(0,33)
(1,32)100995797(1,33)
(4,32)508622342(4,33)
(5,32)44445090(6,32)
(6,32)441734570(7,32)
(6,32)463807234(6,33)
(7,32)344449400(7,33)
(8,32)628561867(9,32)
(9,32)194484950(9,33)
(10,32)732840718(10,33)
(11,32)560838779(11,33)
(12,32)756459200(13,32)
(13,32)790685205(13,33)
(14,32)656766367(15,32)
(15,32)193462879(15,33)
(16,32)294458676(17,32)
(17,32)550287458(18,32)
(17,32)629436982(17,33)
(18,32)517409934(19,32)
(19,32)190133822(20,32)
(20,32)450874686(20,33)
(21,32)234578912(21,33)
(22,32)579028313(23,32)
(23,32)621582735(24,32)
(24,32)63585478(25,32)
(25,32)437479771(25,33)
(26,32)998318550(27,32)
(27,32)708613301(27,33)
(30,32)8581226(30,33)
(31,32)196003615(31,33)
(32,32)825440598(33,32)
(33,32)1130701314(34,32)
(33,32)35563816(33,33)
(36,32)953198099(36,33)
(37,32)369429249(38,32)
(37,32)560923492(37,33)
(38,32)430024020(39,32)
(40,32)493609498(40,33)
(41,32)93663325(42,32)
(41,32)987496144(41,33)
(42,32)279326657(42,33)
(44,32)167435392(45,32)
(44,32)1047924304(44,33)
(45,32)627395546(45,33)
(46,32)823399162(47,32)
(47,32)623872734(48,32)
(47,32)541781887(47,33)
(48,32)577345703(49,32)
(50,32)408563574(50,33)
(51,32)490448215(51,33)
(52,32)335855938(52,33)
(53,32)322814652(54,32)
(54,32)574719259(55,32)
(56,32)357376042(57,32)
(57,32)135054024(58,32)
(59,32)953926143(60,32)
(59,32)21674783(59,33)
(60,32)649070330(61,32)
(61,32)616953959(62,32)
(62,32)404729913(63,32)
(63,32)973825604(64,32)
(64,32)847917094(65,32)
(64,32)982075616(64,33)
(66,32)160996816(67,32)
(67,32)604917216(67,33)
(68,32)188624491(69,32)
(69,32)546280603(70,32)
(69,32)287029573(69,33)
(71,32)619071116(72,32)
(71,32)373802181(71,33)
(72,32)294987084(73,32)
(72,32)14285513(72,33)
(74,32)775799924(75,32)
(75,32)874213496(75,33)
(76,32)737161521(77,32)
(77,32)749856098(78,32)
(78,32)574907165(79,32)
(78,32)1141891434(78,33)
(81,32)1051183242(82,32)
(83,32)620111994(84,32)
(84,32)13180653(84,33)
(85,32)776524403(86,32)
(87,32)973622720(88,32)
(88,32)2237012(89,32)
(89,32)893910072(89,33)
(90,32)778036936(90,33)
(91,32)55423542(92,32)
(92,32)357801442(92,33)
(93,32)805279640(93,33)
(94,32)1(95,32)
(96,32)695815225(97,32)
(97,32)1183451467(98,32)
(97,32)210158967(97,33)
(98,32)1225557130(99,32)
(98,32)1(98,33)
(0,33)380501218(1,33)
(0,33)533552041(0,34)
(1,33)822472410(1,34)
(2,33)215183540(3,33)
(3,33)165977497(4,33)
(3,33)558188317(3,34)
(4,33)560425329(5,33)
(5,33)1059887569(5,34)
(8,33)443778146(9,33)
(9,33)51681801(9,34)
(10,33)433159495(11,33)
(10,33)327413260(10,34)
(12,33)415046017(13,33)
(12,33)61383844(12,34)
(14,33)922105082(15,33)
(14,33)935417405(14,34)
(15,33)900915125(15,34)
(16,33)1302606300(16,34)
(17,33)494961077(18,33)
(17,33)631562244(17,34)
(18,33)1189750561(19,33)
(19,33)660938574(19,34)
(21,33)854371903(21,34)
(22,33)253869986(22,34)
(23,33)187556669(23,34)
(24,33)239238470(25,33)
(24,33)285716599(24,34)
(25,33)613129860(26,33)
(26,33)672397965(26,34)
(27,33)733781810(28,33)
(27,33)99518845(27,34)
(29,33)604947645(30,33)
(30,33)732048599(31,33)
(30,33)718171880(30,34)
(32,33)557995688(33,33)
(32,33)307952487(32,34)
(33,33)99039916(34,33)
(33,33)368255610(33,34)
(34,33)1029194185(35,33)
(36,33)647381003(37,33)
(36,33)602536681(36,34)
(37,33)144109352(37,34)
(38,33)331666021(39,33)
(38,33)489319456(38,34)
(39,33)775036055(40,33)
(39,33)1121937(39,34)
(40,33)570904491(40,34)
(42,33)938343238(42,34)
(43,33)607873478(44,33)
(46,33)392782692(46,34)
(47,33)700735180(48,33)
(48,33)95989935(49,33)
(48,33)1697250256(48,34)
(49,33)799775096(49,34)
(50,33)592784195(51,33)
(51,33)500467702(51,34)
(52,33)644577054(53,33)
(53,33)436643820(53,34)
(54,33)437765757(55,33)
(55,33)1547147567(56,33)
(55,33)357037062(55,34)
(57,33)912484362(58,33)
(57,33)642966376(57,34)
(58,33)472566995(59,33)
(59,33)221672001(60,33)
(60,33)585695316(61,33)
(60,33)133301088(60,34)
(61,33)526083781(62,33)
(61,33)76111793(61,34)
(63,33)1226818961(63,34)
(65,33)1025020172(66,33)
(65,33)424745702(65,34)
(66,33)925213404(67,33)
(66,33)471894604(66,34)
(67,33)605257325(67,34)
(68,33)1041901145(69,33)
(69,33)398549887(70,33)
(72,33)441180183(73,33)
(72,33)1248817201(72,34)
(73,33)186737643(74,33)
(73,33)218808741(73,34)
(75,33)408409645(75,34)
(76,33)484521438(77,33)
(76,33)177378250(76,34)
(78,33)652467361(79,33)
(78,33)288367555(78,34)
(79,33)188203608(80,33)
(79,33)1029560978(79,34)
(80,33)531577770(80,34)
(81,33)1003472374(82,33)
(82,33)232036437(82,34)
(83,33)568048529(83,34)
(84,33)712898603(84,34)
(85,33)45081858(86,33)
(85,33)52893135(85,34)
(87,33)467057115(88,33)
(88,33)292287125(88,34)
(89,33)1206034303(90,33)
(89,33)653794759(89,34)
(90,33)1062204404(91,33)
(91,33)105598922(91,34)
(94,33)123681627(95,33)
(94,33)183714683(94,34)
(95,33)715292453(96,33)
(96,33)1089037138(97,33)
(98,33)139329709(99,33)
(98,33)1(98,34)
(2,34)1219678963(2,35)
(3,34)869421294(3,35)
(4,34)439636273(5,34)
(5,34)719205852(6,34)
(5,34)193047189(5,35)
(7,34)824804774(7,35)
(8,34)356052097(9,34)
(9,34)342103537(10,34)
(9,34)182414644(9,35)
(10,34)306096271(11,34)
(10,34)539766780(10,35)
(11,34)217916894(11,35)
(13,34)826340414(13,35)
(15,34)863510023(15,35)
(16,34)233287504(17,34)
(16,34)819625524(16,35)
(17,34)762969589(17,35)
(18,34)1601655576(18,35)
(19,34)1114827124(20,34)
(22,34)511354103(23,34)
(22,34)879372052(22,35)
(23,34)614371690(23,35)
(24,34)796786335(25,34)
(24,34)867406200(24,35)
(27,34)839483538(28,34)
(27,34)514748566(27,35)
(28,34)1253356656(28,35)
(29,34)1172861636(30,34)
(29,34)238625567(29,35)
(30,34)159275456(30,35)
(31,34)417816168(31,35)
(32,34)1335423094(32,35)
(33,34)789595022(34,34)
(33,34)870721819(33,35)
(34,34)301795088(35,34)
(34,34)665692994(34,35)
(35,34)590236503(36,34)
(37,34)805287600(38,34)
(37,34)116314197(37,35)
(39,34)191669792(39,35)
(41,34)482871181(42,34)
(41,34)81937463(41,35)
(42,34)596686029(43,34)
(43,34)1119914800(44,34)
(45,34)145292789(45,35)
(46,34)563108957(47,34)
(46,34)515632228(46,35)
(49,34)262104061(50,34)
(49,34)493166697(49,35)
(50,34)250105196(51,34)
(51,34)852340564(51,35)
(52,34)968654762(53,34)
(53,34)684704205(53,35)
(54,34)876373997(55,34)
(55,34)470683085(55,35)
(56,34)552620548(57,34)
(56,34)796529518(56,35)
(57,34)663087662(58,34)
(58,34)737071478(59,34)
(60,34)150568116(60,35)
(61,34)666200345(62,34)
(62,34)343920561(62,35)
(63,34)369772020(63,35)
(64,34)862938717(65,34)
(65,34)202435690(65,35)
(67,34)806636938(68,34)
(69,34)455071892(69,35)
(70,34)925754977(71,34)
(70,34)715850741(70,35)
(71,34)507133596(71,35)
(73,34)480198455(74,34)
(73,34)27984273(73,35)
(75,34)809489949(76,34)
(76,34)161477504(77,34)
(80,34)560917383(80,35)
(81,34)576320870(81,35)
(82,34)985778828(82,35)
(83,34)861726197(84,34)
(83,34)333114587(83,35)
(84,34)788186480(85,34)
(85,34)286420894(86,34)
(85,34)289530568(85,35)
(86,34)796664164(87,34)
(87,34)1044833335(88,34)
(88,34)718514519(88,35)
(90,34)797344536(91,34)
(91,34)934603207(92,34)
(91,34)39442652(91,35)
(92,34)958822040(92,35)
(93,34)790448452(94,34)
(93,34)722838461(93,35)
(94,34)451405344(95,34)
(96,34)520250610(97,34)
(96,34)382407918(96,35)
(98,34)1(98,35)
(99,34)82429296(99,35)
(0,35)274324065(1,35)
(1,35)108335066(2,35)
(1,35)371959864(1,36)
(2,35)1168624029(3,35)
(3,35)885615209(4,35)
(5,35)263163351(5,36)
(6,35)1060507888(7,35)
(6,35)929242864(6,36)
(7,35)1156533904(7,36)
(8,35)524183202(9,35)
(9,35)439200885(9,36)
(11,35)606224472(11,36)
(12,35)1126475082(13,35)
(13,35)493717246(14,35)
(13,35)516863160(13,36)
(14,35)3000745(15,35)
(15,35)576146542(15,36)
(16,35)277324810(16,36)
(17,35)118106685(18,35)
(18,35)1067720910(19,35)
(19,35)1003721894(19,36)
(20,35)506675260(20,36)
(21,35)1435918124(22,35)
(21,35)825992939(21,36)
(22,35)179909486(22,36)
(23,35)51755766(24,35)
(24,35)359226398(24,36)
(25,35)714050499(25,36)
(26,35)334604016(26,36)
(28,35)299266406(28,36)
(30,35)529998305(31,35)
(31,35)729335133(31,36)
(33,35)80689481(33,36)
(34,35)1084411376(35,35)
(34,35)957640735(34,36)
(35,35)1156253188(35,36)
(36,35)203812974(36,36)
(37,35)383722460(38,35)
(37,35)752750471(37,36)
(39,35)29032073(40,35)
(39,35)435478226(39,36)
(40,35)1149528725(41,35)
(40,35)1349028806(40,36)
(42,35)1290947366(43,35)
(42,35)322320049(42,36)
(43,35)621586455(44,35)
(44,35)1097619100(45,35)
(44,35)973204606(44,36)
(45,35)658462592(46,35)
(45,35)151188314(45,36)
(46,35)880523447(47,35)
(47,35)958238469(48,35)
(47,35)621045389(47,36)
(48,35)701734870(49,35)
(48,35)770443272(48,36)
(49,35)258106321(49,36)
(50,35)1414359509(51,35)
(51,35)1044916354(51,36)
(52,35)1249121989(52,36)
(53,35)918927664(54,35)
(53,35)226198032(53,36)
(54,35)661676259(55,35)
(55,35)756759355(56,35)
(55,35)947959737(55,36)
(56,35)926029375(57,35)
(57,35)292908529(57,36)
(58,35)69493093(58,36)
(59,35)607627840(59,36)
(60,35)758816155(61,35)
(60,35)386811320(60,36)
(62,35)174722033(63,35)
(63,35)262299226(64,35)
(63,35)825183547(63,36)
(64,35)1083289868(65,35)
(65,35)515119502(66,35)
(66,35)350165730(66,36)
(67,35)357595074(67,36)
(68,35)583793107(69,35)
(68,35)537999117(68,36)
(69,35)370731735(69,36)
(70,35)1245469366(70,36)
(71,35)909190702(72,35)
(71,35)702489022(71,36)
(72,35)97237199(72,36)
(73,35)166730292(74,35)
(73,35)895232088(73,36)
(74,35)284589771(74,36)
(75,35)671401091(76,35)
(75,35)1209427991(75,36)
(76,35)763104635(77,35)
(76,35)114192435(76,36)
(77,35)538346168(77,36)
(78,35)1363529715(79,35)
(78,35)937826668(78,36)
(80,35)299335936(80,36)
(81,35)649501666(82,35)
(81,35)181919426(81,36)
(82,35)539514500(83,35)
(82,35)599063141(82,36)
(83,35)101305737(83,36)
(84,35)472037472(85,35)
(85,35)221293325(86,35)
(87,35)1130484028(87,36)
(88,35)633194850(88,36)
(89,35)917784621(90,35)
(90,35)1116640778(91,35)
(92,35)1879745414(92,36)
(93,35)670088434(94,35)
(93,35)1101333222(93,36)
(94,35)969680838(95,35)
(95,35)336888358(95,36)
(96,35)518807784(97,35)
(96,35)680928040(96,36)
(97,35)144931902(97,36)
(98,35)1(99,35)
(98,35)1058322285(98,36)
(99,35)1(99,36)
(0,36)34146244(1,36)
(1,36)718275111(2,36)
(3,36)255439570(4,36)
(4,36)361520407(5,36)
(5,36)990159016(6,36)
(7,36)102002902(8,36)
(10,36)9215689(11,36)
(11,36)393654840(12,36)
(12,36)497764814(13,36)
(13,36)1125856468(14,36)
(16,36)858118234(17,36)
(18,36)946899220(19,36)
(20,36)1158983086(21,36)
(23,36)654413323(24,36)
(24,36)450024451(25,36)
(25,36)236419163(26,36)
(26,36)799345225(27,36)
(28,36)1294741448(29,36)
(29,36)1045582865(30,36)
(31,36)1328887693(32,36)
(36,36)47138864(37,36)
(38,36)79897638(39,36)
(41,36)89113328(42,36)
(43,36)437204445(44,36)
(46,36)282770444(47,36)
(49,36)1229669664(50,36)
(51,36)726409053(52,36)
(52,36)998766075(53,36)
(53,36)1171422429(54,36)
(56,36)1407841593(57,36)
(57,36)32683953(58,36)
(59,36)555099393(60,36)
(60,36)1078266818(61,36)
(61,36)883424290(62,36)
(63,36)694641147(64,36)
(65,36)1320830701(66,36)
(66,36)672535883(67,36)
(69,36)752433521(70,36)
(72,36)841546849(73,36)
(74,36)372758343(75,36)
(77,36)655528787(78,36)
(79,36)894146451(80,36)
(83,36)736480879(84,36)
(84,36)312387211(85,36)
(85,36)853894232(86,36)
(86,36)37787758(87,36)
(88,36)886578186(89,36)
(89,36)1069110270(90,36)
(90,36)127844550(91,36)
(94,36)512002503(95,36)
(97,36)1184538386(98,36)
