10 200
(0,0)846930886(1,0)
(0,0)1804289383(0,1)
(1,0)1714636915(2,0)
(1,0)1681692777(1,1)
(2,0)424238335(3,0)
(2,0)1957747793(2,1)
(3,0)1649760492(4,0)
(3,0)719885386(3,1)
(4,0)1189641421(5,0)
(4,0)596516649(4,1)
(5,0)1350490027(6,0)
(5,0)1025202362(5,1)
(6,0)1102520059(7,0)
(6,0)783368690(6,1)
(7,0)1967513926(8,0)
(7,0)2044897763(7,1)
(8,0)1540383426(9,0)
(8,0)1365180540(8,1)
(9,0)304089172(9,1)
(0,1)35005211(1,1)
(0,1)1303455736(0,2)
(1,1)294702567(2,1)
(1,1)521595368(1,2)
(2,1)336465782(3,1)
(2,1)1726956429(2,2)
(3,1)278722862(4,1)
(3,1)861021530(3,2)
(4,1)2145174067(5,1)
(4,1)233665123(4,2)
(5,1)1101513929(6,1)
(5,1)468703135(5,2)
(6,1)1315634022(7,1)
(6,1)1801979802(6,2)
(7,1)1369133069(8,1)
(7,1)635723058(7,2)
(8,1)1059961393(9,1)
(8,1)1125898167(8,2)
(9,1)2089018456(9,2)
(0,2)1656478042(1,2)
(0,2)628175011(0,3)
(1,2)1653377373(2,2)
(1,2)1131176229(1,3)
(2,2)1914544919(3,2)
(2,2)859484421(2,3)
(3,2)756898537(4,2)
(3,2)608413784(3,3)
(4,2)1973594324(5,2)
(4,2)1734575198(4,3)
(5,2)2038664370(6,2)
(5,2)149798315(5,3)
(6,2)184803526(7,2)
(6,2)1129566413(6,3)
(7,2)1424268980(8,2)
(7,2)412776091(7,3)
(8,2)749241873(9,2)
(8,2)1911759956(8,3)
(9,2)137806862(9,3)
(0,3)982906996(1,3)
(0,3)42999170(0,4)
(1,3)511702305(2,3)
(1,3)135497281(1,4)
(2,3)1937477084(3,3)
(2,3)2084420925(2,4)
(3,3)572660336(4,3)
(3,3)1827336327(3,4)
(4,3)805750846(5,3)
(4,3)1159126505(4,4)
(5,3)1100661313(6,3)
(5,3)1632621729(5,4)
(6,3)1141616124(7,3)
(6,3)1433925857(6,4)
(7,3)939819582(8,3)
(7,3)84353895(7,4)
(8,3)1998898814(9,3)
(8,3)2001100545(8,4)
(9,3)1548233367(9,4)
(0,4)1585990364(1,4)
(0,4)610515434(0,5)
(1,4)760313750(2,4)
(1,4)1374344043(1,5)
(2,4)356426808(3,4)
(2,4)1477171087(2,5)
(3,4)1889947178(4,4)
(3,4)945117276(3,5)
(4,4)709393584(5,4)
(4,4)1780695788(4,5)
(5,4)1918502651(6,4)
(5,4)491705403(5,5)
(6,4)1474612399(7,4)
(6,4)752392754(6,5)
(7,4)1264095060(8,4)
(7,4)2053999932(7,5)
(8,4)1843993368(9,4)
(8,4)1411549676(8,5)
(9,4)943947739(9,5)
(0,5)855636226(1,5)
(0,5)1984210012(0,6)
(1,5)1469348094(2,5)
(1,5)1749698586(1,6)
(2,5)1036140795(3,5)
(2,5)1956297539(2,6)
(3,5)2040651434(4,5)
(3,5)463480570(3,6)
(4,5)317097467(5,5)
(4,5)1975960378(4,6)
(5,5)1376710097(6,5)
(5,5)1892066601(5,6)
(6,5)1330573317(7,5)
(6,5)927612902(6,6)
(7,5)1687926652(8,5)
(7,5)603570492(7,6)
(8,5)959997301(9,5)
(8,5)660260756(8,6)
(9,5)485560280(9,6)
(0,6)593209441(1,6)
(0,6)402724286(0,7)
(1,6)894429689(2,6)
(1,6)1194953865(1,7)
(2,6)1947346619(3,6)
(2,6)364228444(2,7)
(3,6)270744729(4,6)
(3,6)221558440(3,7)
(4,6)1633108117(5,6)
(4,6)1063958031(4,7)
(5,6)2007905771(6,6)
(5,6)2114738097(5,7)
(6,6)822890675(7,6)
(6,6)1469834481(6,7)
(7,6)791698927(8,6)
(7,6)1610120709(7,7)
(8,6)498777856(9,6)
(8,6)631704567(8,7)
(9,6)1255179497(9,7)
(0,7)327254586(1,7)
(0,7)524872353(0,8)
(1,7)269455306(2,7)
(1,7)1572276965(1,8)
(2,7)352406219(3,7)
(2,7)1703964683(2,8)
(3,7)160051528(4,7)
(3,7)1600028624(3,8)
(4,7)112805732(5,7)
(4,7)2040332871(4,8)
(5,7)378409503(6,7)
(5,7)1120048829(5,8)
(6,7)1713258270(7,7)
(6,7)515530019(6,8)
(7,7)1409959708(8,7)
(7,7)1573363368(7,8)
(8,7)1373226340(9,7)
(8,7)2077486715(8,8)
(9,7)1631518149(9,8)
(0,8)289700723(1,8)
(0,8)200747796(0,9)
(1,8)168002245(2,8)
(1,8)1117142618(1,9)
(2,8)439493451(3,8)
(2,8)150122846(2,9)
(3,8)1760243555(4,8)
(3,8)990892921(3,9)
(4,8)1622597488(5,8)
(4,8)1231192379(4,9)
(5,8)338888228(6,8)
(5,8)111537764(5,9)
(6,8)438792350(7,8)
(6,8)2147469841(6,9)
(7,8)269441500(8,8)
(7,8)1911165193(7,9)
(8,8)116087764(9,8)
(8,8)2142757034(8,9)
(9,8)1869470124(9,9)
(0,9)8936987(1,9)
(0,9)155324914(0,10)
(1,9)1275373743(2,9)
(1,9)1982275856(1,10)
(2,9)350322227(3,9)
(2,9)387346491(2,10)
(3,9)1960709859(4,9)
(3,9)841148365(3,10)
(4,9)771151432(5,9)
(4,9)1760281936(4,10)
(5,9)1244316437(6,9)
(5,9)1186452551(5,10)
(6,9)1476153275(7,9)
(6,9)971899228(6,10)
(7,9)1139901474(8,9)
(7,9)213975407(7,10)
(8,9)653468858(9,9)
(8,9)1626276121(8,10)
(9,9)2130794395(9,10)
(0,10)1884661237(1,10)
(0,10)1239036029(0,11)
(1,10)1350573793(2,10)
(1,10)1605908235(1,11)
(2,10)1605894428(3,10)
(2,10)76065818(2,11)
(3,10)1987231011(4,10)
(3,10)1789366143(3,11)
(4,10)1784639529(5,10)
(4,10)1875335928(4,11)
(5,10)1597322404(6,10)
(5,10)2103318776(5,11)
(6,10)2112255763(7,10)
(6,10)1939964443(6,11)
(7,10)1067854538(8,10)
(7,10)1432114613(7,11)
(8,10)1782436840(9,10)
(8,10)352118606(8,11)
(9,10)1909002904(9,11)
(0,11)1395235128(1,11)
(0,11)165344818(0,12)
(1,11)1351797369(2,11)
(1,11)532670688(1,12)
(2,11)1504569917(3,11)
(2,11)492067917(2,12)
(3,11)706043324(4,11)
(3,11)680466996(3,12)
(4,11)159259470(5,11)
(4,11)496987743(4,12)
(5,11)480298490(6,11)
(5,11)1359512183(5,12)
(6,11)1096689772(7,11)
(6,11)1398295499(6,12)
(7,11)601385644(8,11)
(7,11)2086206725(7,12)
(8,11)1544617505(9,11)
(8,11)1172755590(8,12)
(9,11)243268139(9,12)
(0,12)1272469786(1,12)
(0,12)1012502954(0,13)
(1,12)968338082(2,12)
(1,12)2027907669(1,13)
(2,12)1820388464(3,12)
(2,12)722308542(2,13)
(3,12)6939507(4,12)
(3,12)933110197(3,13)
(4,12)1285228804(5,12)
(4,12)740759355(4,13)
(5,12)502278611(6,12)
(5,12)1789376348(5,13)
(6,12)1037127828(7,12)
(6,12)1450573622(6,13)
(7,12)654887343(8,12)
(7,12)1034949299(7,13)
(8,12)392035568(9,12)
(8,12)1529195746(8,13)
(9,12)1335354340(9,13)
(0,13)889023311(1,13)
(0,13)87755422(0,14)
(1,13)1447267605(2,13)
(1,13)1494613810(1,14)
(2,13)745425661(3,13)
(2,13)1369321801(2,14)
(3,13)1308044878(4,13)
(3,13)396473730(3,14)
(4,13)1569229320(5,13)
(4,13)1346811305(4,14)
(5,13)1590079444(6,13)
(5,13)705178736(5,14)
(6,13)1977648522(7,13)
(6,13)434248626(6,14)
(7,13)1402586708(8,13)
(7,13)1470503465(7,14)
(8,13)1143408282(9,13)
(8,13)552473416(8,14)
(9,13)188213258(9,14)
(0,14)1884167637(1,14)
(0,14)559412924(0,15)
(1,14)201305624(2,14)
(1,14)1473442062(1,15)
(2,14)776532036(3,14)
(2,14)238962600(2,15)
(3,14)1273911899(4,14)
(3,14)1238433452(3,15)
(4,14)620145550(5,14)
(4,14)1431419379(4,15)
(5,14)619290071(6,14)
(5,14)1665947468(5,15)
(6,14)407487131(7,14)
(6,14)707900973(6,15)
(7,14)7684930(8,14)
(7,14)2113903881(7,15)
(8,14)711845894(9,14)
(8,14)1776808933(8,15)
(9,14)404158660(9,15)
(0,15)2058657199(1,15)
(0,15)937370163(0,16)
(1,15)1642548899(2,15)
(1,15)1973387981(1,16)
(2,15)260152959(3,15)
(2,15)1501252996(2,16)
(3,15)824272813(4,15)
(3,15)1472713773(3,16)
(4,15)2025187190(5,15)
(4,15)1662739668(4,16)
(5,15)1850952926(6,15)
(5,15)1967681095(5,16)
(6,15)1704365084(7,15)
(6,15)437116466(6,16)
(7,15)638422090(8,15)
(7,15)1176911340(7,16)
(8,15)1953443376(9,15)
(8,15)1943327684(8,16)
(9,15)1876855542(9,16)
(0,16)1237379107(1,16)
(0,16)1069755936(0,17)
(1,16)588219756(2,16)
(1,16)349517445(1,17)
(2,16)1057418418(3,16)
(2,16)1856669179(2,17)
(3,16)1823089412(4,16)
(3,16)995706887(3,17)
(4,16)625032172(5,16)
(4,16)1065103348(4,17)
(5,16)1469262009(6,16)
(5,16)387451659(5,17)
(6,16)298625210(7,16)
(6,16)1562402336(6,17)
(7,16)1057467587(8,16)
(7,16)1295166342(7,17)
(8,16)1555319301(9,16)
(8,16)1799878206(8,17)
(9,16)382697713(9,17)
(0,17)1070575321(1,17)
(0,17)476667372(0,18)
(1,17)296864819(2,17)
(1,17)260401255(1,18)
(2,17)697517721(3,17)
(2,17)774044599(2,18)
(3,17)1950955939(4,17)
(3,17)2001229904(3,18)
(4,17)1797073940(5,17)
(4,17)1335939811(4,18)
(5,17)1065311705(6,17)
(5,17)1756915667(5,18)
(6,17)846811127(7,17)
(6,17)719346228(6,18)
(7,17)1307565984(8,17)
(7,17)1414829150(7,18)
(8,17)324763920(9,17)
(8,17)555996658(8,18)
(9,17)155789224(9,18)
(0,18)1389867269(1,18)
(0,18)231602422(0,19)
(1,18)619054081(2,18)
(1,18)780821396(1,19)
(2,18)195740084(3,18)
(2,18)711645630(2,19)
(3,18)2006811972(4,18)
(3,18)917679292(3,19)
(4,18)570073850(5,18)
(4,18)1253207672(4,19)
(5,18)1635905385(6,18)
(5,18)1414647625(5,19)
(6,18)337739299(7,18)
(6,18)1046741222(6,19)
(7,18)1343606042(8,18)
(7,18)1896306640(7,19)
(8,18)446340713(9,18)
(8,18)1111783898(8,19)
(9,18)1197352298(9,19)
(0,19)1782280524(1,19)
(0,19)915256190(0,20)
(1,19)524688209(2,19)
(1,19)846942590(1,20)
(2,19)1566288819(3,19)
(2,19)700108581(2,20)
(3,19)2114937732(4,19)
(3,19)1371499336(3,20)
(4,19)1927495994(5,19)
(4,19)726371155(4,20)
(5,19)882160379(6,19)
(5,19)292218004(5,20)
(6,19)1682085273(7,19)
(6,19)11614769(6,20)
(7,19)630668850(8,19)
(7,19)1662981776(7,20)
(8,19)1858721860(9,19)
(8,19)246247255(8,20)
(9,19)1548348142(9,20)
(0,20)964445884(1,20)
(0,20)105575579(0,21)
(1,20)1520223205(2,20)
(1,20)2118421993(1,21)
(2,20)1017679567(3,20)
(2,20)452867621(2,21)
(3,20)201690613(4,20)
(3,20)1857962504(3,21)
(4,20)822262754(5,20)
(4,20)213801961(4,21)
(5,20)1411154259(6,20)
(5,20)648031326(5,21)
(6,20)282828202(7,20)
(6,20)1737518944(6,21)
(7,20)114723506(8,20)
(7,20)110613202(7,21)
(8,20)1676902021(9,20)
(8,20)982936784(8,21)
(9,20)1486222842(9,21)
(0,21)255789528(1,21)
(0,21)950390868(0,22)
(1,21)1242608872(2,21)
(1,21)1266235189(1,22)
(2,21)1277849958(3,21)
(2,21)1137949908(2,22)
(3,21)653448036(4,21)
(3,21)777210498(3,22)
(4,21)1023457753(5,21)
(4,21)1908518808(4,22)
(5,21)1309383303(6,21)
(5,21)364686248(5,22)
(6,21)1329132133(7,21)
(6,21)1129033333(6,22)
(7,21)501772890(8,21)
(7,21)1280321648(7,22)
(8,21)150517567(9,21)
(8,21)1781999754(8,22)
(9,21)212251746(9,22)
(0,22)364319529(1,22)
(0,22)1983690368(0,23)
(1,22)484238046(2,22)
(1,22)1034514500(1,23)
(2,22)624549797(3,22)
(2,22)1775473788(2,23)
(3,22)1886086990(4,22)
(3,22)767066249(3,23)
(4,22)1750003033(5,22)
(4,22)739273303(4,23)
(5,22)78012497(6,22)
(5,22)1415505363(5,23)
(6,22)1671294892(7,22)
(6,22)552910253(6,23)
(7,22)1795519125(8,22)
(7,22)1344247686(7,23)
(8,22)474613996(9,22)
(8,22)661761152(8,23)
(9,22)425245975(9,23)
(0,23)235649157(1,23)
(0,23)1315209188(0,24)
(1,23)1679895436(2,23)
(1,23)1448703729(1,24)
(2,23)430253414(3,23)
(2,23)1545032460(2,24)
(3,23)677870460(4,23)
(3,23)861543921(3,24)
(4,23)496060028(5,23)
(4,23)932026304(4,24)
(5,23)1144278050(6,23)
(5,23)828388027(5,24)
(6,23)1192707556(7,23)
(6,23)332266748(6,24)
(7,23)816504794(8,23)
(7,23)31308902(7,24)
(8,23)655858699(9,23)
(8,23)820697697(8,24)
(9,23)1583571043(9,24)
(0,24)1395132002(1,24)
(0,24)559301039(0,25)
(1,24)1974806403(2,24)
(1,24)1186090428(1,25)
(2,24)1739000681(3,24)
(2,24)1473144500(2,25)
(3,24)669908538(4,24)
(3,24)1498617647(3,25)
(4,24)12895151(5,24)
(4,24)1387036159(4,25)
(5,24)1812282134(6,24)
(5,24)1144522535(5,25)
(6,24)1380171692(7,24)
(6,24)1328104339(6,25)
(7,24)860516127(8,24)
(7,24)1113502215(7,25)
(8,24)1543755629(9,24)
(8,24)777720504(8,25)
(9,24)1722060049(9,25)
(0,25)328298285(1,25)
(0,25)1455590964(0,26)
(1,25)136495343(2,25)
(1,25)70636429(1,26)
(2,25)402903177(3,25)
(2,25)1472576335(2,26)
(3,25)1503885238(4,25)
(3,25)1329202900(3,26)
(4,25)2416949(5,25)
(4,25)1219407971(4,26)
(5,25)655495367(6,25)
(5,25)12260289(5,26)
(6,25)1407392292(7,25)
(6,25)561717988(6,26)
(7,25)389040743(8,25)
(7,25)1841585795(7,26)
(8,25)1433102829(9,25)
(8,25)733053144(8,26)
(9,25)1887658390(9,26)
(0,26)672655340(1,26)
(0,26)1402961682(0,27)
(1,26)400000569(2,26)
(1,26)1900553541(1,27)
(2,26)1081174232(3,26)
(2,26)337453826(2,27)
(3,26)1450956042(4,26)
(3,26)1780172261(3,27)
(4,26)410409117(5,26)
(4,26)1941690360(4,27)
(5,26)1516266761(6,26)
(5,26)847228023(5,27)
(6,26)1175526309(7,26)
(6,26)1866000081(6,27)
(7,26)2002495425(8,26)
(7,26)1586903190(7,27)
(8,26)1989806367(9,26)
(8,26)500618996(8,27)
(9,26)1184214677(9,27)
(0,27)1061730690(1,27)
(0,27)2004504234(0,28)
(1,27)2016764524(2,27)
(1,27)1186631626(1,28)
(2,27)1748349614(3,27)
(2,27)1717226057(2,28)
(3,27)1411328205(4,27)
(3,27)1276673168(3,28)
(4,27)2009726312(5,27)
(4,27)2137390358(4,28)
(5,27)1877565100(6,27)
(5,27)696947386(5,28)
(6,27)1369602726(7,27)
(6,27)1265204346(6,28)
(7,27)1665204916(8,27)
(7,27)1630634994(7,28)
(8,27)564325578(9,27)
(8,27)1707056552(8,28)
(9,27)1297893529(9,28)
(0,28)358532290(1,28)
(0,28)1010528946(0,29)
(1,28)1857756970(2,28)
(1,28)1708302647(1,29)
(2,28)1426819080(3,28)
(2,28)1874799051(2,29)
(3,28)1314218593(4,28)
(3,28)885799631(3,29)
(4,28)1386418627(5,28)
(4,28)1281830857(4,29)
(5,28)318561886(6,28)
(5,28)1156541312(5,29)
(6,28)70788355(7,28)
(6,28)1243439214(6,29)
(7,28)1112720090(8,28)
(7,28)1505193512(7,29)
(8,28)1106059479(9,28)
(8,28)1788014412(8,29)
(9,28)241909610(9,29)
(0,29)1095966189(1,29)
(0,29)1051858969(0,30)
(1,29)1748806355(2,29)
(1,29)104152274(1,30)
(2,29)1369356620(3,29)
(2,29)826047641(2,30)
(3,29)309198987(4,29)
(3,29)970925433(3,30)
(4,29)530498338(5,29)
(4,29)887077888(4,30)
(5,29)37487770(6,29)
(5,29)873524566(5,30)
(6,29)1232056856(7,29)
(6,29)1541027284(6,30)
(7,29)1251300606(8,29)
(7,29)1745790417(7,30)
(8,29)1025125849(9,29)
(8,29)959372260(8,30)
(9,29)2137100237(9,30)
(0,30)159473059(1,30)
(0,30)126107205(0,31)
(1,30)1282648518(2,30)
(1,30)1376035217(1,31)
(2,30)471990783(3,30)
(2,30)478034945(2,31)
(3,30)1983228458(4,30)
(3,30)1353436873(3,31)
(4,30)993967637(5,30)
(4,30)1584710873(4,31)
(5,30)1826620483(6,30)
(5,30)941804289(5,31)
(6,30)2037770478(7,30)
(6,30)2045826607(6,31)
(7,30)1647149314(8,30)
(7,30)1930772757(7,31)
(8,30)1152645729(9,30)
(8,30)716334471(8,31)
(9,30)470591100(9,31)
(0,31)2039723618(1,31)
(0,31)1025533459(0,32)
(1,31)1899058025(2,31)
(1,31)1001089438(1,32)
(2,31)394633074(3,31)
(2,31)2077211388(2,32)
(3,31)1675518157(4,31)
(3,31)983631233(3,32)
(4,31)1943003493(5,31)
(4,31)1645933681(4,32)
(5,31)1635550270(6,31)
(5,31)553160358(5,32)
(6,31)712633417(7,31)
(6,31)2069110699(6,32)
(7,31)1204275569(8,31)
(7,31)864101839(7,32)
(8,31)1336092622(9,31)
(8,31)1190668363(8,32)
(9,31)410228794(9,32)
(0,32)773319847(1,32)
(0,32)1026413173(0,33)
(1,32)1968217462(2,32)
(1,32)1404196431(1,33)
(2,32)1302539390(3,32)
(2,32)452456682(2,33)
(3,32)235745791(4,32)
(3,32)1858504292(3,33)
(4,32)427355115(5,32)
(4,32)802205057(4,33)
(5,32)1272796157(6,32)
(5,32)1388391521(5,33)
(6,32)1280631491(7,32)
(6,32)1452888574(6,33)
(7,32)1204462951(8,32)
(7,32)126401947(7,33)
(8,32)521035021(9,32)
(8,32)1210359231(8,33)
(9,32)40610537(9,33)
(0,33)19485054(1,33)
(0,33)738393740(0,34)
(1,33)1291554098(2,33)
(1,33)1983614030(1,34)
(2,33)1905241081(3,33)
(2,33)1655035325(2,34)
(3,33)371653516(4,33)
(3,33)2004187516(3,34)
(4,33)1047372231(5,33)
(4,33)962033002(4,34)
(5,33)1372261796(6,33)
(5,33)1707746139(5,34)
(6,33)333582338(7,33)
(6,33)2073785404(6,34)
(7,33)1894519218(8,33)
(7,33)628974580(7,34)
(8,33)1931513970(9,33)
(8,33)786039021(8,34)
(9,33)1605539862(9,34)
(0,34)586235379(1,34)
(0,34)1021784812(0,35)
(1,34)262692685(2,34)
(1,34)2032894977(1,35)
(2,34)1338299904(3,34)
(2,34)1859031536(2,35)
(3,34)1985433483(4,34)
(3,34)1543324176(3,35)
(4,34)606199759(5,34)
(4,34)395279207(4,35)
(5,34)435889744(6,34)
(5,34)358984857(5,35)
(6,34)378469911(7,34)
(6,34)1344593499(6,35)
(7,34)488663950(8,34)
(7,34)272020127(7,35)
(8,34)29777560(9,34)
(8,34)2033505236(8,35)
(9,34)345367818(9,35)
(0,35)991810563(1,35)
(0,35)257675105(0,36)
(1,35)1965421244(2,35)
(1,35)1392740049(1,36)
(2,35)1319041805(3,35)
(2,35)216588711(2,36)
(3,35)845563291(4,35)
(3,35)151519934(3,36)
(4,35)937558955(5,35)
(4,35)1066077375(4,36)
(5,35)524133589(6,35)
(5,35)629593614(5,36)
(6,35)1215828993(7,35)
(6,35)1959343768(6,36)
(7,35)74552805(8,35)
(7,35)409544918(7,36)
(8,35)1747844822(9,35)
(8,35)927376882(8,36)
(9,35)1617876982(9,36)
(0,36)2143124030(1,36)
(0,36)765326717(0,37)
(1,36)1124311574(2,36)
(1,36)76593093(1,37)
(2,36)1421186593(3,36)
(2,36)431530126(2,37)
(3,36)703550253(4,36)
(3,36)1502781486(3,37)
(4,36)1388803074(5,36)
(4,36)1909850543(4,37)
(5,36)107734713(6,36)
(5,36)733327814(5,37)
(6,36)1725138377(7,36)
(6,36)1646478179(6,37)
(7,36)1464415775(8,36)
(7,36)1500474762(7,37)
(8,36)672032919(9,36)
(8,36)1941727088(8,37)
(9,36)1615935710(9,37)
(0,37)1738110294(1,37)
(0,37)639806732(0,38)
(1,37)1269400346(2,37)
(1,37)406011017(1,38)
(2,37)217871137(3,37)
(2,37)114760235(2,38)
(3,37)524305153(4,37)
(3,37)337745691(3,38)
(4,37)1265122573(5,37)
(4,37)292423943(4,38)
(5,37)1910300925(6,37)
(5,37)124666328(5,38)
(6,37)120306710(7,37)
(6,37)2030449291(6,38)
(7,37)1007277217(8,37)
(7,37)1986894018(7,38)
(8,37)1260596963(9,37)
(8,37)551836836(8,38)
(9,37)362575055(9,38)
(0,38)1022963858(1,38)
(0,38)1255387090(0,39)
(1,38)1988714904(2,38)
(1,38)1751378130(1,39)
(2,38)1250372661(3,38)
(2,38)1130698571(2,39)
(3,38)483689685(4,38)
(3,38)1566369633(3,39)
(4,38)1360613073(5,38)
(4,38)567304789(4,39)
(5,38)35756851(6,38)
(5,38)1155722604(5,39)
(6,38)746349250(7,38)
(6,38)2000419805(6,39)
(7,38)1122336503(8,38)
(7,38)441767868(7,39)
(8,38)659639006(9,38)
(8,38)861109485(8,39)
(9,38)1460082195(9,39)
(0,39)952062949(1,39)
(0,39)1385414639(0,40)
(1,39)1510080967(2,39)
(1,39)577721120(1,40)
(2,39)460686763(3,39)
(2,39)714880226(2,40)
(3,39)554290596(4,39)
(3,39)1630387677(3,40)
(4,39)34740865(5,39)
(4,39)1467963981(4,40)
(5,39)1830539036(6,39)
(5,39)1814887560(5,40)
(6,39)690367770(7,39)
(6,39)1290127955(6,40)
(7,39)1131359211(8,39)
(7,39)1434433518(7,40)
(8,39)537322532(9,39)
(8,39)1821066342(8,40)
(9,39)550245196(9,40)
(0,40)1104627321(1,40)
(0,40)157272379(0,41)
(1,40)1312994984(2,40)
(1,40)1910858270(1,41)
(2,40)1763794427(3,40)
(2,40)1140384172(2,41)
(3,40)1582152040(4,40)
(3,40)2059344234(3,41)
(4,40)772970072(5,40)
(4,40)738647283(4,41)
(5,40)51245830(6,40)
(5,40)94307398(5,41)
(6,40)1046370347(7,40)
(6,40)10901063(6,41)
(7,40)1520982030(8,40)
(7,40)628966950(7,41)
(8,40)1089653714(9,40)
(8,40)1761250573(8,41)
(9,40)1003886059(9,41)
(0,41)410134047(1,41)
(0,41)168057522(0,42)
(1,41)1982945082(2,41)
(1,41)1038626924(1,42)
(2,41)181271232(3,41)
(2,41)93189435(2,42)
(3,41)1527622954(4,41)
(3,41)525829204(3,42)
(4,41)199411898(5,41)
(4,41)1312630443(4,42)
(5,41)1862875640(6,41)
(5,41)2064945486(5,42)
(6,41)1022089159(7,41)
(6,41)356684278(6,42)
(7,41)1669679262(8,41)
(7,41)1626250262(7,42)
(8,41)1242561041(9,41)
(8,41)14989683(8,42)
(9,41)1581539848(9,42)
(0,42)1981208324(1,42)
(0,42)1597141723(0,43)
(1,42)1691449122(2,42)
(1,42)207026272(1,43)
(2,42)217927335(3,42)
(2,42)2032454154(2,43)
(3,42)513937457(4,42)
(3,42)590335821(3,43)
(4,42)204102747(5,42)
(4,42)1738909365(4,43)
(5,42)595311776(6,42)
(5,42)1603591171(5,43)
(6,42)2013725218(7,42)
(6,42)372160269(6,43)
(7,42)207621703(8,42)
(7,42)1633938701(7,43)
(8,42)1815209933(9,42)
(8,42)2106914653(8,43)
(9,42)733450907(9,43)
(0,43)980356728(1,43)
(0,43)1487053959(0,44)
(1,43)1404515797(2,43)
(1,43)932862806(1,44)
(2,43)1289547084(3,43)
(2,43)695748720(2,44)
(3,43)174515334(4,43)
(3,43)279121308(3,44)
(4,43)294110991(5,43)
(4,43)811742698(4,44)
(5,43)245798898(6,43)
(5,43)1417076376(5,44)
(6,43)1250801052(7,43)
(6,43)1891252715(6,44)
(7,43)1435218189(8,43)
(7,43)452825171(7,44)
(8,43)670752506(9,43)
(8,43)1135771559(8,44)
(9,43)2025554010(9,44)
(0,44)262178224(1,44)
(0,44)1649709016(0,45)
(1,44)1105816539(2,44)
(1,44)82173109(1,45)
(2,44)454333378(3,44)
(2,44)857490000(2,45)
(3,44)343945053(4,44)
(3,44)972058109(3,45)
(4,44)931489114(5,44)
(4,44)661955081(4,45)
(5,44)1395405989(6,44)
(5,44)11671338(5,45)
(6,44)992028067(7,44)
(6,44)271059426(6,45)
(7,44)1675575223(8,44)
(7,44)180785147(7,45)
(8,44)1470332231(9,44)
(8,44)1687776787(8,45)
(9,44)1954696532(9,45)
(0,45)134591281(1,45)
(0,45)1862292122(0,46)
(1,45)1131884850(2,45)
(1,45)101323875(1,46)
(2,45)1992576590(3,45)
(2,45)380390179(2,46)
(3,45)833215350(4,45)
(3,45)235202254(3,46)
(4,45)1370973813(5,45)
(4,45)1280311131(4,46)
(5,45)1158381494(6,45)
(5,45)1503967857(5,46)
(6,45)1766146081(7,45)
(6,45)873199181(6,46)
(7,45)1979015720(8,45)
(7,45)1240554603(7,46)
(8,45)1694887982(9,45)
(8,45)476152433(8,46)
(9,45)803590181(9,46)
(0,46)209359415(1,46)
(0,46)820097487(0,47)
(1,46)831768825(2,46)
(1,46)1735079296(1,47)
(2,46)2006138722(3,46)
(2,46)1604765404(2,47)
(3,46)1785550551(4,46)
(3,46)1823796892(3,47)
(4,46)1364090032(5,46)
(4,46)1534230297(4,47)
(5,46)1341443181(6,46)
(5,46)1108399134(5,47)
(6,46)1242990415(7,46)
(6,46)1078898506(6,47)
(7,46)63299708(8,46)
(7,46)1442767057(7,47)
(8,46)1287859999(9,46)
(8,46)1623380595(8,47)
(9,46)298501962(9,47)
(0,47)420687483(1,47)
(0,47)309112297(0,48)
(1,47)1813080154(2,47)
(1,47)1669475776(1,48)
(2,47)395191309(3,47)
(2,47)1579068977(2,48)
(3,47)672139932(4,47)
(3,47)1431742587(3,48)
(4,47)1907895021(5,47)
(4,47)226723382(4,48)
(5,47)1030313563(6,47)
(5,47)219544266(5,48)
(6,47)428903682(7,47)
(6,47)580508860(6,48)
(7,47)1412277685(8,47)
(7,47)617909211(7,48)
(8,47)476564285(9,47)
(8,47)2033669086(8,48)
(9,47)1088590930(9,48)
(0,48)2010794583(1,48)
(0,48)1671735990(0,49)
(1,48)632651476(2,48)
(1,48)305197314(1,49)
(2,48)1384095820(3,48)
(2,48)1204754116(2,49)
(3,48)500037525(4,48)
(3,48)1875641892(3,49)
(4,48)1351538839(5,48)
(4,48)1447395528(4,49)
(5,48)1745897490(6,48)
(5,48)1787897525(5,49)
(6,48)61101360(7,48)
(6,48)1660651136(6,49)
(7,48)1326247643(8,48)
(7,48)1267889618(7,49)
(8,48)1663080928(9,48)
(8,48)1640170337(8,49)
(9,48)610506582(9,49)
(0,49)1889804310(1,49)
(0,49)164826621(0,50)
(1,49)384370888(2,49)
(1,49)370917955(1,50)
(2,49)951426815(3,49)
(2,49)772634225(2,50)
(3,49)1390543437(4,49)
(3,49)813274570(3,50)
(4,49)699460008(5,49)
(4,49)216220853(4,50)
(5,49)1304811783(6,49)
(5,49)1867107722(5,50)
(6,49)1730418657(7,49)
(6,49)223712350(6,50)
(7,49)856363827(8,49)
(7,49)1610009097(7,50)
(8,49)846621269(9,49)
(8,49)787689126(8,50)
(9,49)584522071(9,50)
(0,50)146533149(1,50)
(0,50)1287726651(0,51)
(1,50)928140528(2,50)
(1,50)1936060910(1,51)
(2,50)1449228398(3,50)
(2,50)1892430639(2,51)
(3,50)1012836610(4,50)
(3,50)989241888(3,51)
(4,50)481928577(5,50)
(4,50)627992393(4,51)
(5,50)1238498976(6,50)
(5,50)528433890(5,51)
(6,50)270754552(7,50)
(6,50)646755199(6,51)
(7,50)1031126087(8,50)
(7,50)1609416931(7,51)
(8,50)413360099(9,50)
(8,50)1043388777(8,51)
(9,50)1844400657(9,51)
(0,51)629580952(1,51)
(0,51)286448566(0,52)
(1,51)6072641(2,51)
(1,51)396377017(1,52)
(2,51)620089368(3,51)
(2,51)1934392735(2,52)
(3,51)1396918184(4,51)
(3,51)1736491298(3,52)
(4,51)376696776(5,51)
(4,51)1476453195(4,52)
(5,51)2060975266(6,51)
(5,51)96055805(5,52)
(6,51)242588954(7,51)
(6,51)1664423428(6,52)
(7,51)445080308(8,51)
(7,51)1849552528(7,52)
(8,51)1151297278(9,51)
(8,51)2135019593(8,52)
(9,51)1434322197(9,52)
(0,52)1779289672(1,52)
(0,52)1000372555(0,53)
(1,52)1528806445(2,52)
(1,52)1916250774(1,53)
(2,52)415522325(3,52)
(2,52)870305000(2,53)
(3,52)332238283(4,52)
(3,52)1799560997(3,53)
(4,52)695466127(5,52)
(4,52)1446648412(4,53)
(5,52)1143565421(6,52)
(5,52)745598382(5,53)
(6,52)1375179334(7,52)
(6,52)981914693(6,53)
(7,52)987987334(8,52)
(7,52)1539942439(7,53)
(8,52)12548159(9,52)
(8,52)1162088421(8,53)
(9,52)576994985(9,53)
(0,53)1489001354(1,53)
(0,53)411522957(0,54)
(1,53)507578762(2,53)
(1,53)953691761(1,54)
(2,53)470631541(3,53)
(2,53)1402492972(2,54)
(3,53)1104561852(4,53)
(3,53)750167716(3,54)
(4,53)737703662(5,53)
(4,53)915711850(4,54)
(5,53)202550399(6,53)
(5,53)108375482(5,54)
(6,53)1887665154(7,53)
(6,53)1738076217(6,54)
(7,53)1119399015(8,53)
(7,53)2118801173(7,54)
(8,53)386839851(9,53)
(8,53)610486506(8,54)
(9,53)771476364(9,54)
(0,54)1833488263(1,54)
(0,54)942724790(0,55)
(1,54)1688323172(2,54)
(1,54)1466942491(1,55)
(2,54)301373537(3,54)
(2,54)829570037(2,55)
(3,54)222028828(4,54)
(3,54)916018859(3,55)
(4,54)2078107280(5,54)
(4,54)1289360871(4,55)
(5,54)1866355856(6,54)
(5,54)234576987(5,55)
(6,54)1723578341(7,54)
(6,54)342146590(6,55)
(7,54)849725352(8,54)
(7,54)672563970(7,55)
(8,54)1143195511(9,54)
(8,54)978587665(8,55)
(9,54)1599893069(9,55)
(0,55)2058907361(1,55)
(0,55)2083149517(0,56)
(1,55)44041351(2,55)
(1,55)190113083(1,56)
(2,55)1928189300(3,55)
(2,55)113974112(2,56)
(3,55)85291638(4,55)
(3,55)1931706506(3,56)
(4,55)394709364(5,55)
(4,55)900104667(4,56)
(5,55)1671581032(6,55)
(5,55)472131489(5,56)
(6,55)158136104(7,55)
(6,55)1337434154(6,56)
(7,55)878273679(8,55)
(7,55)991039875(7,56)
(8,55)1292413412(9,55)
(8,55)987706141(8,56)
(9,55)1794292538(9,56)
(0,56)434290636(1,56)
(0,56)1209734969(0,57)
(1,56)1444311956(2,56)
(1,56)1724916170(1,57)
(2,56)2067062760(3,56)
(2,56)153162844(2,57)
(3,56)825726814(4,56)
(3,56)1020406649(3,57)
(4,56)1998994314(5,56)
(4,56)769304465(4,57)
(5,56)221713886(6,56)
(5,56)1968922326(5,57)
(6,56)1880346039(7,56)
(6,56)1934660183(6,57)
(7,56)1978701535(8,56)
(7,56)411826969(7,57)
(8,56)192532621(9,56)
(8,56)1994320152(8,57)
(9,56)1762924393(9,57)
(0,57)1092637289(1,57)
(0,57)2079611790(0,58)
(1,57)404259631(2,57)
(1,57)10150109(1,58)
(2,57)1347584264(3,57)
(2,57)616734673(2,58)
(3,57)1607774548(4,57)
(3,57)562395735(3,58)
(4,57)1550101877(5,57)
(4,57)78374295(4,58)
(5,57)1872666833(6,57)
(5,57)752704313(5,58)
(6,57)1186994949(7,57)
(6,57)612353198(6,58)
(7,57)2056665155(8,57)
(7,57)1450099355(7,58)
(8,57)1369678468(9,57)
(8,57)1340157793(8,58)
(9,57)929588156(9,58)
(0,58)2138982933(1,58)
(0,58)18400960(0,59)
(1,58)1987323286(2,58)
(1,58)781098823(1,59)
(2,58)568275358(3,58)
(2,58)213213171(2,59)
(3,58)625040140(4,58)
(3,58)1720185677(3,59)
(4,58)1567022181(5,58)
(4,58)399493245(4,59)
(5,58)14933990(6,58)
(5,58)817572761(5,59)
(6,58)1910210050(7,58)
(6,58)1499150323(6,59)
(7,58)1903409954(8,58)
(7,58)25084100(7,59)
(8,58)1372668364(9,58)
(8,58)379461075(8,59)
(9,58)318322042(9,59)
(0,59)1451042659(1,59)
(0,59)1987235624(0,60)
(1,59)592456289(2,59)
(1,59)1868423919(1,60)
(2,59)333293469(3,59)
(2,59)1176225844(2,60)
(3,59)478841551(4,59)
(3,59)1779451238(3,60)
(4,59)972125383(5,59)
(4,59)242474976(4,60)
(5,59)1172063133(6,59)
(5,59)1848520019(5,60)
(6,59)1840019304(7,59)
(6,59)990526343(6,60)
(7,59)830365981(8,59)
(7,59)1953161956(7,60)
(8,59)373953666(9,59)
(8,59)2053232475(8,60)
(9,59)403068011(9,60)
(0,60)773446912(1,60)
(0,60)530788967(0,61)
(1,60)1348361729(2,60)
(1,60)1970090192(1,61)
(2,60)1321756868(3,60)
(2,60)788380902(2,61)
(3,60)813465002(4,60)
(3,60)1111088131(3,61)
(4,60)1490549207(5,60)
(4,60)1077683174(4,61)
(5,60)1396005216(6,60)
(5,60)38649718(5,61)
(6,60)1489692377(7,60)
(6,60)1330301183(6,61)
(7,60)1922757472(8,60)
(7,60)1116945487(7,61)
(8,60)1450238957(9,60)
(8,60)518434573(8,61)
(9,60)1554725062(9,61)
(0,61)1692713933(1,61)
(0,61)997276125(0,62)
(1,61)698312496(2,61)
(1,61)379366797(1,62)
(2,61)1369893141(3,61)
(2,61)717293418(2,62)
(3,61)522971726(4,61)
(3,61)390848153(3,62)
(4,61)296596980(5,61)
(4,61)52775474(4,62)
(5,61)455843485(6,61)
(5,61)896925393(5,62)
(6,61)1670372305(7,61)
(6,61)827385948(6,62)
(7,61)28264029(8,61)
(7,61)278450030(7,62)
(8,61)1600206898(9,61)
(8,61)311269559(8,62)
(9,61)1139352160(9,62)
(0,62)530406424(1,62)
(0,62)1124734562(0,63)
(1,62)1163384280(2,62)
(1,62)482417719(1,63)
(2,62)1812718902(3,62)
(2,62)1926411641(2,63)
(3,62)895873480(4,62)
(3,62)505593010(3,63)
(4,62)1024027583(5,62)
(4,62)1587992726(4,63)
(5,62)995234140(6,62)
(5,62)198628789(5,63)
(6,62)1891342723(7,62)
(6,62)2021303708(6,63)
(7,62)572132557(8,62)
(7,62)1374600938(7,63)
(8,62)597010431(9,62)
(8,62)461152493(8,63)
(9,62)962980710(9,63)
(0,63)649785905(1,63)
(0,63)984124220(0,64)
(1,63)1881049613(2,63)
(1,63)1259577690(1,64)
(2,63)2086963638(3,63)
(2,63)1105629391(2,64)
(3,63)1384079421(4,63)
(3,63)1403938270(3,64)
(4,63)1715207829(5,63)
(4,63)2115227667(4,64)
(5,63)1107096180(6,63)
(5,63)836802671(5,64)
(6,63)1367209095(7,63)
(6,63)692458743(6,64)
(7,63)1855843024(8,63)
(7,63)1589513899(7,64)
(8,63)1254749154(9,63)
(8,63)1146137088(8,64)
(9,63)213952386(9,64)
(0,64)695258232(1,64)
(0,64)2042010569(0,65)
(1,64)93155710(2,64)
(1,64)1237979969(1,65)
(2,64)1111800030(3,64)
(2,64)1690492373(2,65)
(3,64)917609663(4,64)
(3,64)1984498433(3,65)
(4,64)298167279(5,64)
(4,64)1683932587(4,65)
(5,64)499429649(6,64)
(5,64)1514620094(5,65)
(6,64)16922351(7,64)
(6,64)1282291499(6,65)
(7,64)1015857464(8,64)
(7,64)1759007339(7,65)
(8,64)1698487330(9,64)
(8,64)1122551742(8,65)
(9,64)272312086(9,65)
(0,65)1666231349(1,65)
(0,65)359147515(0,66)
(1,65)1195950186(2,65)
(1,65)1987519915(1,66)
(2,65)532495011(3,65)
(2,65)625843881(2,66)
(3,65)67874133(4,65)
(3,65)415675634(3,66)
(4,65)1561812722(5,65)
(4,65)240854387(4,66)
(5,65)454806773(6,65)
(5,65)1322623287(5,66)
(6,65)2017881519(7,65)
(6,65)1456339643(6,66)
(7,65)1549495354(8,65)
(7,65)1692786742(7,66)
(8,65)657103124(9,65)
(8,65)1560890244(8,66)
(9,65)1386510139(9,66)
(0,66)193552063(1,66)
(0,66)331016259(0,67)
(1,66)1845636353(2,66)
(1,66)1684677418(1,67)
(2,66)819485269(3,66)
(2,66)692981712(2,67)
(3,66)304505404(4,66)
(3,66)1862558705(3,67)
(4,66)837626799(5,66)
(4,66)1835342733(4,67)
(5,66)2107654819(6,66)
(5,66)2002992734(5,67)
(6,66)1521740435(7,66)
(6,66)1196774315(6,67)
(7,66)245240853(8,66)
(7,66)1947691087(7,67)
(8,66)332702450(9,66)
(8,66)100669(8,67)
(9,66)660916487(9,67)
(0,67)573556837(1,67)
(0,67)67974802(0,68)
(1,67)1390598089(2,67)
(1,67)75245562(1,68)
(2,67)1531585205(3,67)
(2,67)1028363610(2,68)
(3,67)573666704(4,67)
(3,67)1260995960(3,68)
(4,67)674402557(5,67)
(4,67)933596911(4,68)
(5,67)172623403(6,67)
(5,67)1230769829(5,68)
(6,67)1424321892(7,67)
(6,67)1005418816(6,68)
(7,67)703571522(8,67)
(7,67)1857300821(7,68)
(8,67)529302443(9,67)
(8,67)2117303605(8,68)
(9,67)418646579(9,68)
(0,68)217161528(1,68)
(0,68)274325361(0,69)
(1,68)129834447(2,68)
(1,68)1256273378(1,69)
(2,68)305564045(3,68)
(2,68)177332700(2,69)
(3,68)2125023787(4,68)
(3,68)1651574882(3,69)
(4,68)1651675551(5,68)
(4,68)550804899(4,69)
(5,68)1211721386(6,68)
(5,68)310242589(5,69)
(6,68)883799426(7,68)
(6,68)1719650353(6,69)
(7,68)962764794(8,68)
(7,68)1286966948(7,69)
(8,68)671068506(9,68)
(8,68)1912163036(8,69)
(9,68)76277107(9,69)
(0,69)1604665417(1,69)
(0,69)338346092(0,70)
(1,69)1569115921(2,69)
(1,69)750679664(1,70)
(2,69)1756098480(3,69)
(2,69)1777288820(2,70)
(3,69)1487105994(4,69)
(3,69)845954166(3,70)
(4,69)815774123(5,69)
(4,69)312186354(4,70)
(5,69)730832933(6,69)
(5,69)2016408437(5,70)
(6,69)86086317(7,69)
(6,69)1090099484(6,70)
(7,69)1219933931(8,69)
(7,69)1987106312(7,70)
(8,69)145186709(9,69)
(8,69)263419017(8,70)
(9,69)724025165(9,70)
(0,70)695991608(1,70)
(0,70)240959156(0,71)
(1,70)551201745(2,70)
(1,70)228217069(1,71)
(2,70)1947867422(3,70)
(2,70)1907712995(2,71)
(3,70)1047196295(4,70)
(3,70)1435001171(3,71)
(4,70)1199680559(5,70)
(4,70)763148569(4,71)
(5,70)839425676(6,70)
(5,70)1718264801(5,71)
(6,70)1175446571(7,70)
(6,70)1538026652(6,71)
(7,70)959658925(8,70)
(7,70)1590105340(7,71)
(8,70)1198720172(9,70)
(8,70)805251743(8,71)
(9,70)1805613091(9,71)
(0,71)1510906527(1,71)
(0,71)144874089(0,72)
(1,71)13798878(2,71)
(1,71)473903566(1,72)
(2,71)1564003050(3,71)
(2,71)94255812(2,72)
(3,71)2081362124(4,71)
(3,71)99885196(3,72)
(4,71)363304213(5,71)
(4,71)636453333(4,72)
(5,71)1360478499(6,71)
(5,71)79065186(5,72)
(6,71)775056794(7,71)
(6,71)604263370(6,72)
(7,71)1155465115(8,71)
(7,71)1588695568(7,72)
(8,71)1389079342(9,71)
(8,71)535286141(8,72)
(9,71)442982639(9,72)
(0,72)4744263(1,72)
(0,72)1582482437(0,73)
(1,72)1153263590(2,72)
(1,72)1642663198(1,73)
(2,72)1033206202(3,72)
(2,72)844169939(2,73)
(3,72)286791631(4,72)
(3,72)181226513(3,73)
(4,72)986478257(5,72)
(4,72)1992865128(4,73)
(5,72)1650994571(6,72)
(5,72)1485511804(5,73)
(6,72)848934683(7,72)
(6,72)1131352346(6,73)
(7,72)1145151225(8,72)
(7,72)2124898138(7,73)
(8,72)1541417540(9,72)
(8,72)943190495(8,73)
(9,72)1245036421(9,73)
(0,73)30387226(1,73)
(0,73)877068972(0,74)
(1,73)956134158(2,73)
(1,73)1608340634(1,74)
(2,73)65120356(3,73)
(2,73)1390865725(2,74)
(3,73)832077645(4,73)
(3,73)1731190952(3,74)
(4,73)118993446(5,73)
(4,73)1220585472(4,74)
(5,73)1663568111(6,73)
(5,73)73673339(5,74)
(6,73)78417603(7,73)
(6,73)1701475883(6,74)
(7,73)707255825(8,73)
(7,73)1158747661(7,74)
(8,73)44470216(9,73)
(8,73)922587542(8,74)
(9,73)888482339(9,74)
(0,74)2037335344(1,74)
(0,74)1209379174(0,75)
(1,74)547407330(2,74)
(1,74)1874960596(1,75)
(2,74)858829294(3,74)
(2,74)1540846267(2,75)
(3,74)1518260757(4,74)
(3,74)1396342013(3,75)
(4,74)192048860(5,74)
(4,74)2003980519(4,75)
(5,74)1101533292(6,74)
(5,74)912194650(5,75)
(6,74)942581876(7,74)
(6,74)1069117832(6,75)
(7,74)2025251990(8,74)
(7,74)562390279(7,75)
(8,74)627510635(9,74)
(8,74)185963953(8,75)
(9,74)1608959295(9,75)
(0,75)1848096107(1,75)
(0,75)1018041598(0,76)
(1,75)1091714937(2,75)
(1,75)1727952741(1,76)
(2,75)1281944976(3,75)
(2,75)1364180570(2,76)
(3,75)375444584(4,75)
(3,75)1170132540(3,76)
(4,75)2092720083(5,75)
(4,75)1989200801(4,76)
(5,75)730199492(6,75)
(5,75)419914800(5,76)
(6,75)309766496(7,75)
(6,75)1154615609(6,76)
(7,75)1702022939(8,75)
(7,75)457676440(7,76)
(8,75)1316505735(9,75)
(8,75)1850612763(8,76)
(9,75)950881304(9,76)
(0,76)1173002606(1,76)
(0,76)1221389873(0,77)
(1,76)2133584523(2,76)
(1,76)1142930164(1,77)
(2,76)64564349(3,76)
(2,76)127052251(2,77)
(3,76)689442530(4,76)
(3,76)928682751(3,77)
(4,76)1114646704(5,76)
(4,76)2089816339(4,77)
(5,76)1551291986(6,76)
(5,76)1316953165(5,77)
(6,76)1017565625(7,76)
(6,76)2132688302(6,77)
(7,76)1076919591(8,76)
(7,76)1131761079(7,77)
(8,76)266222407(9,76)
(8,76)234262547(8,77)
(9,76)99568484(9,77)
(0,77)107939561(1,77)
(0,77)609707131(0,78)
(1,77)1029621931(2,77)
(1,77)44804919(1,78)
(2,77)1199420528(3,77)
(2,77)838139053(2,78)
(3,77)1295815494(4,77)
(3,77)1339388427(3,78)
(4,77)1042517543(5,77)
(4,77)753959819(4,78)
(5,77)1704841123(6,77)
(5,77)464837581(5,78)
(6,77)1637840187(7,77)
(6,77)116423768(6,78)
(7,77)102524643(8,77)
(7,77)700287639(7,78)
(8,77)764851988(9,77)
(8,77)1764892438(8,78)
(9,77)1031207394(9,78)
(0,78)707184680(1,78)
(0,78)306851320(0,79)
(1,78)1623804486(2,78)
(1,78)2145854098(1,79)
(2,78)2131058752(3,78)
(2,78)110993018(2,79)
(3,78)1242754098(4,78)
(3,78)493886463(3,79)
(4,78)728149010(5,78)
(4,78)1060494695(4,79)
(5,78)1160063179(6,78)
(5,78)1508976505(5,79)
(6,78)1616916066(7,78)
(6,78)1337856142(6,79)
(7,78)219994425(8,78)
(7,78)1204868098(7,79)
(8,78)256804978(9,78)
(8,78)307571472(8,79)
(9,78)1559382853(9,79)
(0,79)1010764797(1,79)
(0,79)1603386966(0,80)
(1,79)2068224547(2,79)
(1,79)454416748(1,80)
(2,79)570840516(3,79)
(2,79)568122272(2,80)
(3,79)1268409912(4,79)
(3,79)1558581086(3,80)
(4,79)1175989877(5,79)
(4,79)673365159(4,80)
(5,79)1704572553(6,79)
(5,79)2033261900(5,80)
(6,79)592962932(7,79)
(6,79)1482841197(6,80)
(7,79)959162035(8,79)
(7,79)1702943003(7,80)
(8,79)1686518107(9,79)
(8,79)703955951(8,80)
(9,79)1453048498(9,80)
(0,80)599529154(1,80)
(0,80)1946710049(0,81)
(1,80)1308202906(2,80)
(1,80)33713861(1,81)
(2,80)1371570003(3,80)
(2,80)1759592334(2,81)
(3,80)816976784(4,80)
(3,80)777635325(3,81)
(4,80)1085206797(5,80)
(4,80)1591564428(4,81)
(5,80)1003463633(6,80)
(5,80)1073781763(5,81)
(6,80)2084546560(7,80)
(6,80)541110115(6,81)
(7,80)461851014(8,80)
(7,80)1457880381(7,81)
(8,80)2028720897(9,80)
(8,80)505185185(8,81)
(9,80)2020432100(9,81)
(0,81)554602408(1,81)
(0,81)1773595097(0,82)
(1,81)1659373349(2,81)
(1,81)1048938329(1,82)
(2,81)384295879(3,81)
(2,81)111691313(2,82)
(3,81)1814634316(4,81)
(3,81)104852634(3,82)
(4,81)808808585(5,81)
(4,81)1343457914(4,82)
(5,81)649022765(6,81)
(5,81)1353668775(5,82)
(6,81)1953197930(7,81)
(6,81)608034986(6,82)
(7,81)1916237892(8,81)
(7,81)682736626(7,82)
(8,81)2054306629(9,81)
(8,81)1565306616(8,82)
(9,81)546389569(9,82)
(0,82)1498387409(1,82)
(0,82)234799752(0,83)
(1,82)1308581515(2,82)
(1,82)1631596366(1,83)
(2,82)25222833(3,82)
(2,82)354367395(2,83)
(3,82)1812247776(4,82)
(3,82)1245644428(3,83)
(4,82)1750829613(5,82)
(4,82)487073847(4,83)
(5,82)360022300(6,82)
(5,82)1693485026(5,83)
(6,82)100603786(7,82)
(6,82)1376941062(6,83)
(7,82)888830763(8,82)
(7,82)1408960629(7,83)
(8,82)1793256508(9,82)
(8,82)212295100(8,83)
(9,82)993683397(9,83)
(0,83)989230775(1,83)
(0,83)2026929416(0,84)
(1,83)1233114544(2,83)
(1,83)1802491982(1,84)
(2,83)263043320(3,83)
(2,83)1638253540(2,84)
(3,83)173506518(4,83)
(3,83)1038828826(3,84)
(4,83)456651794(5,83)
(4,83)31797565(4,84)
(5,83)578187134(6,83)
(5,83)80329499(5,84)
(6,83)1578716908(7,83)
(6,83)691451546(6,84)
(7,83)2000033062(8,83)
(7,83)62299853(7,84)
(8,83)87522686(9,83)
(8,83)1933084303(8,84)
(9,83)1098193842(9,84)
(0,84)574596534(1,84)
(0,84)1597848432(0,85)
(1,84)1143849810(2,84)
(1,84)701539807(1,85)
(2,84)2078480869(3,84)
(2,84)934618834(2,85)
(3,84)196095815(4,84)
(3,84)1244453596(3,85)
(4,84)1456748696(5,84)
(4,84)819827984(4,85)
(5,84)1813511382(6,84)
(5,84)1989352324(5,85)
(6,84)831099451(7,84)
(6,84)1336194465(6,85)
(7,84)421825361(8,84)
(7,84)1468519716(7,85)
(8,84)1731563037(9,84)
(8,84)321869343(8,85)
(9,84)1460654187(9,85)
(0,85)1763360602(1,85)
(0,85)495375861(0,86)
(1,85)575705360(2,85)
(1,85)1917305981(1,86)
(2,85)461273879(3,85)
(2,85)194064088(2,86)
(3,85)256363941(4,85)
(3,85)6938620(3,86)
(4,85)1940022924(5,85)
(4,85)313823293(4,86)
(5,85)1412017135(6,85)
(5,85)343886628(5,86)
(6,85)918483162(7,85)
(6,85)1390387708(6,86)
(7,85)386753870(8,85)
(7,85)2113556942(7,86)
(8,85)2044554163(9,85)
(8,85)1853101996(8,86)
(9,85)1631207466(9,86)
(0,86)716898500(1,86)
(0,86)2049197811(0,87)
(1,86)1891066487(2,86)
(1,86)940472515(1,87)
(2,86)129183332(3,86)
(2,86)382926234(2,87)
(3,86)1851445950(4,86)
(3,86)574682290(3,87)
(4,86)896551633(5,86)
(4,86)551008693(4,87)
(5,86)2011662880(6,86)
(5,86)1435525339(5,87)
(6,86)1051402293(7,86)
(6,86)1391927494(6,87)
(7,86)1967632854(8,86)
(7,86)1781485213(7,87)
(8,86)95275444(9,86)
(8,86)1245466382(8,87)
(9,86)1974571475(9,87)
(0,87)409098738(1,87)
(0,87)1501830323(0,88)
(1,87)1845716951(2,87)
(1,87)1767110751(1,88)
(2,87)1010014811(3,87)
(2,87)1821115873(2,88)
(3,87)1787189168(4,87)
(3,87)616716465(3,88)
(4,87)322334813(5,87)
(4,87)1396768681(4,88)
(5,87)880492499(6,87)
(5,87)1684259683(5,88)
(6,87)253674535(7,87)
(6,87)224048977(6,88)
(7,87)2115115464(8,87)
(7,87)1820965014(7,88)
(8,87)1950148346(9,87)
(8,87)636600769(8,88)
(9,87)542314107(9,88)
(0,88)353673391(1,88)
(0,88)340563072(0,89)
(1,88)1776088411(2,88)
(1,88)1438865740(1,89)
(2,88)683309587(3,88)
(2,88)217852623(2,89)
(3,88)1999337836(4,88)
(3,88)680007057(3,89)
(4,88)1925473439(5,88)
(4,88)503458793(4,89)
(5,88)330546620(6,88)
(5,88)2094613281(5,89)
(6,88)356228371(7,88)
(6,88)1279820114(6,89)
(7,88)978053418(8,88)
(7,88)2097657371(7,89)
(8,88)960188534(9,88)
(8,88)29860596(8,89)
(9,88)1594769883(9,89)
(0,89)209473567(1,89)
(0,89)1817049764(0,90)
(1,89)1353825800(2,89)
(1,89)1917104697(1,90)
(2,89)2141153674(3,89)
(2,89)1089966067(2,90)
(3,89)763447433(4,89)
(3,89)1607500335(3,90)
(4,89)96617457(5,89)
(4,89)2108785490(4,90)
(5,89)503615949(6,89)
(5,89)566112132(5,90)
(6,89)919785523(7,89)
(6,89)437180529(6,90)
(7,89)65785292(8,89)
(7,89)1942481690(7,90)
(8,89)478307629(9,89)
(8,89)1137638147(8,90)
(9,89)745792349(9,90)
(0,90)981766422(1,90)
(0,90)989492335(0,91)
(1,90)936621968(2,90)
(1,90)523782140(1,91)
(2,90)1803602255(3,90)
(2,90)1312313043(2,91)
(3,90)1262486766(4,90)
(3,90)1292850339(3,91)
(4,90)1322710936(5,90)
(4,90)634172025(4,91)
(5,90)81458260(6,90)
(5,90)75191653(5,91)
(6,90)284665220(7,90)
(6,90)992277052(6,91)
(7,90)198619204(8,90)
(7,90)1998562957(7,91)
(8,90)1992232983(9,90)
(8,90)1374631287(8,91)
(9,90)1806119540(9,91)
(0,91)1953534826(1,91)
(0,91)2138078721(0,92)
(1,91)556707205(2,91)
(1,91)1902736997(1,92)
(2,91)192433878(3,91)
(2,91)309667127(2,92)
(3,91)104665169(4,91)
(3,91)1476492728(3,92)
(4,91)466647227(5,91)
(4,91)258219170(4,92)
(5,91)1004011520(6,91)
(5,91)582972798(5,92)
(6,91)1564739221(7,91)
(6,91)1456139563(6,92)
(7,91)245277883(8,91)
(7,91)1527793660(7,92)
(8,91)1183912267(9,91)
(8,91)729568616(8,92)
(9,91)1538128223(9,92)
(0,92)1818084292(1,92)
(0,92)1992055382(0,93)
(1,92)2067247035(2,92)
(1,92)713355511(1,93)
(2,92)1705632563(3,92)
(2,92)1899542553(2,93)
(3,92)1750621862(4,92)
(3,92)204428608(3,93)
(4,92)1579059895(5,92)
(4,92)1904251768(4,93)
(5,92)1562887660(6,92)
(5,92)1595371198(5,93)
(6,92)1401422376(7,92)
(6,92)1569654968(6,93)
(7,92)2126362173(8,92)
(7,92)1318141009(7,93)
(8,92)1510574887(9,92)
(8,92)1711089503(8,93)
(9,92)1455371254(9,93)
(0,93)1768794057(1,93)
(0,93)1815754673(0,94)
(1,93)251243823(2,93)
(1,93)1922018481(1,94)
(2,93)1230674396(3,93)
(2,93)625321929(2,94)
(3,93)5631942(4,93)
(3,93)1815983044(3,94)
(4,93)398068012(5,93)
(4,93)1475952280(4,94)
(5,93)866596855(6,93)
(5,93)1189544209(5,94)
(6,93)860144854(7,93)
(6,93)242639747(6,94)
(7,93)162403134(8,93)
(7,93)1579952366(7,94)
(8,93)1138101281(9,93)
(8,93)612203759(8,94)
(9,93)366831742(9,94)
(0,94)894869401(1,94)
(0,94)215341973(0,95)
(1,94)1810713171(2,94)
(1,94)1945891638(1,95)
(2,94)1368062958(3,94)
(2,94)310273413(2,95)
(3,94)1628414422(4,94)
(3,94)1064651899(3,95)
(4,94)628257755(5,94)
(4,94)1346941484(4,95)
(5,94)654829090(6,94)
(5,94)991505661(5,95)
(6,94)612816071(7,94)
(6,94)296528780(6,95)
(7,94)547772603(8,94)
(7,94)429363923(7,95)
(8,94)1660038320(9,94)
(8,94)1238138000(8,95)
(9,94)216272000(9,95)
(0,95)988506952(1,95)
(0,95)1243769942(0,96)
(1,95)285830504(2,95)
(1,95)614340012(1,96)
(2,95)856979759(3,95)
(2,95)1855103807(2,96)
(3,95)1287572525(4,95)
(3,95)1145975358(3,96)
(4,95)1758179117(5,95)
(4,95)1019382894(4,96)
(5,95)1386214636(6,95)
(5,95)278190158(5,96)
(6,95)1173059560(7,95)
(6,95)1973521090(6,96)
(7,95)1636750614(8,95)
(7,95)1184622626(7,96)
(8,95)405201937(9,95)
(8,95)1483332973(8,96)
(9,95)553918865(9,96)
(0,96)1752143421(1,96)
(0,96)964263748(0,97)
(1,96)1955769409(2,96)
(1,96)1182176620(1,97)
(2,96)1478705400(3,96)
(2,96)259488863(2,97)
(3,96)688852786(4,96)
(3,96)421101832(3,97)
(4,96)1659239833(5,96)
(4,96)2026478004(4,97)
(5,96)95266356(6,96)
(5,96)201407458(5,97)
(6,96)1189914410(7,96)
(6,96)755526127(6,97)
(7,96)1041356631(8,96)
(7,96)709606368(7,97)
(8,96)1566586128(9,96)
(8,96)897534569(8,97)
(9,96)39848341(9,97)
(0,97)438485374(1,97)
(0,97)37623446(0,98)
(1,97)315813605(2,97)
(1,97)1798027458(1,98)
(2,97)1624064901(3,97)
(2,97)1824700010(2,98)
(3,97)861838989(4,97)
(3,97)1488873165(3,98)
(4,97)824722490(5,97)
(4,97)1113331867(4,98)
(5,97)1667250732(6,97)
(5,97)1267040926(5,98)
(6,97)871700699(7,97)
(6,97)1788986238(6,98)
(7,97)1597272000(8,97)
(7,97)701943705(7,98)
(8,97)33165457(9,97)
(8,97)1131189562(8,98)
(9,97)2018373832(9,98)
(0,98)2059643461(1,98)
(0,98)1820042348(0,99)
(1,98)2021449807(2,98)
(1,98)1530130017(1,99)
(2,98)138172497(3,98)
(2,98)7426169(2,99)
(3,98)717032538(4,98)
(3,98)1063880569(3,99)
(4,98)1961415139(5,98)
(4,98)1179529128(4,99)
(5,98)1219377470(6,98)
(5,98)136135018(5,99)
(6,98)574620392(7,98)
(6,98)1999038585(6,99)
(7,98)167368542(8,98)
(7,98)869921280(7,99)
(8,98)346502533(9,98)
(8,98)251836754(8,99)
(9,98)1656241707(9,99)
(0,99)1459834400(1,99)
(0,99)1113675743(0,100)
(1,99)233233021(2,99)
(1,99)333480550(1,100)
(2,99)2122466788(3,99)
(2,99)979601485(2,100)
(3,99)1681545190(4,99)
(3,99)1104933720(3,100)
(4,99)88639634(5,99)
(4,99)1572255140(4,100)
(5,99)1443145325(6,99)
(5,99)1714710647(5,100)
(6,99)1626870461(7,99)
(6,99)1908681983(6,100)
(7,99)1782648142(8,99)
(7,99)825791694(7,100)
(8,99)963964191(9,99)
(8,99)1634296630(8,100)
(9,99)699045063(9,100)
(0,100)2143493320(1,100)
(0,100)203845520(0,101)
(1,100)339980538(2,100)
(1,100)512976554(1,101)
(2,100)364531492(3,100)
(2,100)1215387142(2,101)
(3,100)2085308422(4,100)
(3,100)914600930(3,101)
(4,100)1166437685(5,100)
(4,100)531900034(4,101)
(5,100)40658094(6,100)
(5,100)284327308(5,101)
(6,100)1744161708(7,100)
(6,100)132629780(6,101)
(7,100)365862802(8,100)
(7,100)374138644(7,101)
(8,100)349121784(9,100)
(8,100)576279545(8,101)
(9,100)1470796522(9,101)
(0,101)1921376925(1,101)
(0,101)110341087(0,102)
(1,101)1825051735(2,101)
(1,101)1559436157(1,102)
(2,101)1320634492(3,101)
(2,101)1217038602(2,102)
(3,101)2042830296(4,101)
(3,101)1304438548(3,102)
(4,101)791251530(5,101)
(4,101)955798986(4,102)
(5,101)1654844049(6,101)
(5,101)859310840(5,102)
(6,101)855320512(7,101)
(6,101)995097051(6,102)
(7,101)1335077589(8,101)
(7,101)20336956(7,102)
(8,101)384868448(9,101)
(8,101)2070707654(8,102)
(9,101)102194872(9,102)
(0,102)916768482(1,102)
(0,102)2008532428(0,103)
(1,102)145376088(2,102)
(1,102)1268632557(1,103)
(2,102)1401262337(3,102)
(2,102)957426576(2,103)
(3,102)1331565220(4,102)
(3,102)1889537797(3,103)
(4,102)318333694(5,102)
(4,102)1767125139(4,103)
(5,102)1090438014(6,102)
(5,102)1680687005(5,103)
(6,102)1454580282(7,102)
(6,102)428674782(6,103)
(7,102)106242869(8,102)
(7,102)502390523(7,103)
(8,102)1823025015(9,102)
(8,102)524135236(8,103)
(9,102)1410681417(9,103)
(0,103)631340353(1,103)
(0,103)419481884(0,104)
(1,103)1278792724(2,103)
(1,103)54449299(1,104)
(2,103)1049546350(3,103)
(2,103)138700754(2,104)
(3,103)159037710(4,103)
(3,103)2134113236(3,104)
(4,103)2057337242(5,103)
(4,103)237140292(4,104)
(5,103)339335164(6,103)
(5,103)543906158(5,104)
(6,103)1460674641(7,103)
(6,103)1918386023(6,104)
(7,103)2063762111(8,103)
(7,103)1607967721(7,104)
(8,103)861746410(9,103)
(8,103)270617569(8,104)
(9,103)1805816260(9,104)
(0,104)481387902(1,104)
(0,104)1602182790(0,105)
(1,104)1135386147(2,104)
(1,104)2124149955(1,105)
(2,104)405341089(3,104)
(2,104)1571825916(2,105)
(3,104)2074216439(4,104)
(3,104)442482781(3,105)
(4,104)966618017(5,104)
(4,104)511583958(4,105)
(5,104)1922265375(6,104)
(5,104)1749757806(5,105)
(6,104)233614511(7,104)
(6,104)1386099901(6,105)
(7,104)517408978(8,104)
(7,104)1976714674(7,105)
(8,104)878777377(9,104)
(8,104)372315265(8,105)
(9,104)504038566(9,105)
(0,105)1115917669(1,105)
(0,105)531352976(0,106)
(1,105)1075259134(2,105)
(1,105)413892161(1,106)
(2,105)184794536(3,105)
(2,105)1455252833(2,106)
(3,105)915736906(4,105)
(3,105)388450127(3,106)
(4,105)659067697(5,105)
(4,105)101072999(4,106)
(5,105)1906889260(6,105)
(5,105)1777483316(5,106)
(6,105)111387570(7,105)
(6,105)113766839(6,106)
(7,105)1249152986(8,105)
(7,105)1883555567(7,106)
(8,105)141413008(9,105)
(8,105)1683213486(8,106)
(9,105)1691635767(9,106)
(0,106)652996966(1,106)
(0,106)1609946277(0,107)
(1,106)1212220435(2,106)
(1,106)510770136(1,107)
(2,106)1896870037(3,106)
(2,106)427778693(2,107)
(3,106)257009719(4,106)
(3,106)1445834946(3,107)
(4,106)1818150212(5,106)
(4,106)266795367(4,107)
(5,106)770833934(6,106)
(5,106)1135787096(5,107)
(6,106)104221117(7,106)
(6,106)202019540(6,107)
(7,106)1277278674(8,106)
(7,106)1184726095(7,107)
(8,106)1369520631(9,106)
(8,106)1559473950(8,107)
(9,106)1665728802(9,107)
(0,107)1470593630(1,107)
(0,107)327727208(0,108)
(1,107)2105210525(2,107)
(1,107)177312851(1,108)
(2,107)291079690(3,107)
(2,107)1229999242(2,108)
(3,107)966071161(4,107)
(3,107)69114447(3,108)
(4,107)1752327934(5,107)
(4,107)1540232676(4,108)
(5,107)1084384795(6,107)
(5,107)1107484169(5,108)
(6,107)1760481135(7,107)
(6,107)1214790563(6,108)
(7,107)279527351(8,107)
(7,107)1595154931(7,108)
(8,107)1344541320(9,107)
(8,107)40776180(8,108)
(9,107)1725362297(9,108)
(0,108)1611336688(1,108)
(0,108)297785900(0,109)
(1,108)1433572996(2,108)
(1,108)1396028861(1,109)
(2,108)1598048401(3,108)
(2,108)234686974(2,109)
(3,108)1419413069(4,108)
(3,108)1537794114(3,109)
(4,108)949784416(5,108)
(4,108)727843428(4,109)
(5,108)246088582(6,108)
(5,108)641450052(5,109)
(6,108)2112043682(7,108)
(6,108)1277511625(6,109)
(7,108)1235238502(8,108)
(7,108)423401433(7,109)
(8,108)714481123(9,108)
(8,108)1194559277(8,109)
(9,108)1304352949(9,109)
(0,109)107230151(1,109)
(0,109)13146790(0,110)
(1,109)1120630960(2,109)
(1,109)909197235(1,110)
(2,109)2123987799(3,109)
(2,109)1191614946(2,110)
(3,109)639286229(4,109)
(3,109)733628447(3,110)
(4,109)774404628(5,109)
(4,109)256031502(4,110)
(5,109)1981393799(6,109)
(5,109)1983827549(5,110)
(6,109)1447680589(7,109)
(6,109)1072190528(6,110)
(7,109)358279876(8,109)
(7,109)1229939013(7,110)
(8,109)680503766(9,109)
(8,109)1682367563(8,110)
(9,109)1896073990(9,110)
(0,110)1408347194(1,110)
(0,110)954296984(0,111)
(1,110)1595747036(2,110)
(1,110)698374759(1,111)
(2,110)1975886384(3,110)
(2,110)1654435776(2,111)
(3,110)2077837209(4,110)
(3,110)1560307071(3,111)
(4,110)607382700(5,110)
(4,110)1063641238(4,111)
(5,110)220510539(6,110)
(5,110)644834684(5,111)
(6,110)752064835(7,110)
(6,110)620529490(6,111)
(7,110)1741160450(8,110)
(7,110)1129707775(7,111)
(8,110)1106211926(9,110)
(8,110)1943679781(8,111)
(9,110)327305250(9,111)
(0,111)1362243428(1,111)
(0,111)435482362(0,112)
(1,111)271826264(2,111)
(1,111)1101709878(1,112)
(2,111)26416758(3,111)
(2,111)1196153579(2,112)
(3,111)278608944(4,111)
(3,111)1719506853(3,112)
(4,111)1254390769(5,111)
(4,111)384696634(4,112)
(5,111)133286977(6,111)
(5,111)959112711(5,112)
(6,111)219976257(7,111)
(6,111)61204105(6,112)
(7,111)1656951142(8,111)
(7,111)831661736(7,112)
(8,111)660064472(9,111)
(8,111)1874412034(8,112)
(9,111)1069774565(9,112)
(0,112)1723705710(1,112)
(0,112)1804765595(0,113)
(1,112)302116632(2,112)
(1,112)1677157265(1,113)
(2,112)150203107(3,112)
(2,112)1944216249(2,113)
(3,112)926440376(4,112)
(3,112)1054181467(3,113)
(4,112)850377601(5,112)
(4,112)1891363558(4,113)
(5,112)71185160(6,112)
(5,112)2032652302(5,113)
(6,112)1247412082(7,112)
(6,112)1285859963(6,113)
(7,112)1557686227(8,112)
(7,112)1172895038(7,113)
(8,112)1199311796(9,112)
(8,112)296082014(8,113)
(9,112)1129709433(9,113)
(0,113)1584008430(1,113)
(0,113)574690958(0,114)
(1,113)1533803669(2,113)
(1,113)236616554(1,114)
(2,113)297820659(3,113)
(2,113)1717295407(2,114)
(3,113)401473495(4,113)
(3,113)1753779927(3,114)
(4,113)1480708313(5,113)
(4,113)1954771801(4,114)
(5,113)877062718(6,113)
(5,113)1061537967(5,114)
(6,113)637760029(7,113)
(6,113)1137990260(6,114)
(7,113)1440106892(8,113)
(7,113)406736335(7,114)
(8,113)556939443(9,113)
(8,113)434492631(8,114)
(9,113)346804712(9,114)
(0,114)300819353(1,114)
(0,114)1360933007(0,115)
(1,114)1246101662(2,114)
(1,114)1197182313(1,115)
(2,114)335558628(3,114)
(2,114)372004513(2,115)
(3,114)1544899551(4,114)
(3,114)346030096(3,115)
(4,114)642112110(5,114)
(4,114)1893244856(4,115)
(5,114)875470641(6,114)
(5,114)596727699(5,115)
(6,114)33252481(7,114)
(6,114)1216803069(6,115)
(7,114)603123090(8,114)
(7,114)1112087195(7,115)
(8,114)1409907854(9,114)
(8,114)1750547889(8,115)
(9,114)209419369(9,115)
(0,115)1217196008(1,115)
(0,115)4537736(0,116)
(1,115)1066075704(2,115)
(1,115)1690127682(1,116)
(2,115)680634295(3,115)
(2,115)2094258726(2,116)
(3,115)353511414(4,115)
(3,115)1703835733(3,116)
(4,115)2138328364(5,115)
(4,115)2120741187(4,116)
(5,115)320062251(6,115)
(5,115)910450857(5,116)
(6,115)1211270210(7,115)
(6,115)1351777724(6,116)
(7,115)450395738(8,115)
(7,115)1517244564(7,116)
(8,115)1852803193(9,115)
(8,115)1583274723(8,116)
(9,115)796425834(9,116)
(0,116)1598564401(1,116)
(0,116)980690626(0,117)
(1,116)1577418325(2,116)
(1,116)1438537945(1,117)
(2,116)507857366(3,116)
(2,116)326551394(2,117)
(3,116)1438638589(4,116)
(3,116)1610670806(3,117)
(4,116)1213735047(5,116)
(4,116)1110980456(4,117)
(5,116)1320399826(6,116)
(5,116)701062795(5,117)
(6,116)1918258803(7,116)
(6,116)1218272784(6,117)
(7,116)136864840(8,116)
(7,116)863043860(7,117)
(8,116)1543678155(9,116)
(8,116)1865033882(8,117)
(9,116)1840700573(9,117)
(0,117)1516935695(1,117)
(0,117)71061648(0,118)
(1,117)981512505(2,117)
(1,117)1831545290(1,118)
(2,117)1035839366(3,117)
(2,117)1836997946(2,118)
(3,117)1206758863(4,117)
(3,117)45299067(3,118)
(4,117)1628573790(5,117)
(4,117)1486235104(4,118)
(5,117)135177290(6,117)
(5,117)912078408(5,118)
(6,117)363159161(7,117)
(6,117)461780768(6,118)
(7,117)2039199093(8,117)
(7,117)1573715235(7,118)
(8,117)2081572601(9,117)
(8,117)689710555(8,118)
(9,117)1502386251(9,118)
(0,118)1045069410(1,118)
(0,118)2128349144(0,119)
(1,118)681928291(2,118)
(1,118)568637651(1,119)
(2,118)1786910435(3,118)
(2,118)217985588(2,119)
(3,118)1081029448(4,118)
(3,118)452703447(3,119)
(4,118)170253681(5,118)
(4,118)1923775275(4,119)
(5,118)1616992200(6,118)
(5,118)477223956(5,119)
(6,118)1994159651(7,118)
(6,118)241315329(6,119)
(7,118)1222827834(8,118)
(7,118)1301053842(7,119)
(8,118)189409560(9,118)
(8,118)1683673949(8,119)
(9,118)1268126901(9,119)
(0,119)1675644664(1,119)
(0,119)742949164(0,120)
(1,119)1655027572(2,119)
(1,119)749217043(1,120)
(2,119)1210997811(3,119)
(2,119)1810821955(2,120)
(3,119)1237053542(4,119)
(3,119)2018186733(3,120)
(4,119)560413640(5,119)
(4,119)1102713256(4,120)
(5,119)457615859(6,119)
(5,119)1171142496(5,120)
(6,119)68728258(7,119)
(6,119)541279136(6,120)
(7,119)1223207428(8,119)
(7,119)1026253510(7,120)
(8,119)665680297(9,119)
(8,119)286713846(8,120)
(9,119)1675910875(9,120)
(0,120)441971924(1,120)
(0,120)1367743294(0,121)
(1,120)1844967250(2,120)
(1,120)1846164556(1,121)
(2,120)2087479885(3,120)
(2,120)2058964125(2,121)
(3,120)1212534319(4,120)
(3,120)1691643253(3,121)
(4,120)1227833555(5,120)
(4,120)1162824071(4,121)
(5,120)283467324(6,120)
(5,120)1401943880(5,121)
(6,120)930104896(7,120)
(6,120)1970782719(6,121)
(7,120)1478326644(8,120)
(7,120)1032684367(7,121)
(8,120)96198530(9,120)
(8,120)593443203(8,121)
(9,120)1349029729(9,121)
(0,121)1198911786(1,121)
(0,121)1830496746(0,122)
(1,121)854155594(2,121)
(1,121)1909443370(1,122)
(2,121)303238858(3,121)
(2,121)1656527645(2,122)
(3,121)535297508(4,121)
(3,121)922883852(3,122)
(4,121)1209597698(5,121)
(4,121)1526446286(4,122)
(5,121)1054873513(6,121)
(5,121)1200977805(5,122)
(6,121)1642949730(7,121)
(6,121)429857344(6,122)
(7,121)127340947(8,121)
(7,121)753554421(7,122)
(8,121)693550658(9,121)
(8,121)1554430207(8,122)
(9,121)1818984200(9,122)
(0,122)1856374729(1,122)
(0,122)619480878(0,123)
(1,122)2021424758(2,122)
(1,122)899334107(1,123)
(2,122)722633179(3,122)
(2,122)2139842053(2,123)
(3,122)1025042772(4,122)
(3,122)804046007(3,123)
(4,122)1397489210(5,122)
(4,122)53476175(4,123)
(5,122)1402505904(6,122)
(5,122)1121241302(5,123)
(6,122)172669440(7,122)
(6,122)1080502308(6,123)
(7,122)1934657902(8,122)
(7,122)1164465626(7,123)
(8,122)1467704485(9,122)
(8,122)1829197086(8,123)
(9,122)710058106(9,123)
(0,123)846667123(1,123)
(0,123)217010946(0,124)
(1,123)1417988751(2,123)
(1,123)1919655804(1,124)
(2,123)202029501(3,123)
(2,123)1901540637(2,124)
(3,123)507611410(4,123)
(3,123)913454833(3,124)
(4,123)320401392(5,123)
(4,123)329370448(4,124)
(5,123)871000(6,123)
(5,123)1201162069(5,124)
(6,123)910053150(7,123)
(6,123)939882271(6,124)
(7,123)813823381(8,123)
(7,123)900205108(7,124)
(8,123)1622838287(9,123)
(8,123)902411556(8,124)
(9,123)1617869388(9,124)
(0,124)1676314462(1,124)
(0,124)1927454328(0,125)
(1,124)901211983(2,124)
(1,124)867874951(1,125)
(2,124)1948377259(3,124)
(2,124)931336718(2,125)
(3,124)2095802345(4,124)
(3,124)1073881423(3,125)
(4,124)755594861(5,124)
(4,124)1735551514(4,125)
(5,124)298125972(6,124)
(5,124)1416023182(5,125)
(6,124)115206657(7,124)
(6,124)972605807(6,125)
(7,124)243110911(8,124)
(7,124)70298129(7,125)
(8,124)272327630(9,124)
(8,124)2016747294(8,125)
(9,124)1156565744(9,125)
(0,125)601698078(1,125)
(0,125)376875057(0,126)
(1,125)1578037126(2,125)
(1,125)1476967137(1,126)
(2,125)269365760(3,125)
(2,125)602569078(2,126)
(3,125)1502774186(4,125)
(3,125)340606628(3,126)
(4,125)1243018184(5,125)
(4,125)1083189141(4,126)
(5,125)553574882(6,125)
(5,125)978128825(5,126)
(6,125)506959639(7,125)
(6,125)1022988865(6,126)
(7,125)1924200848(8,125)
(7,125)1421449833(7,126)
(8,125)1222343444(9,125)
(8,125)1438296358(8,126)
(9,125)850598623(9,126)
(0,126)810411310(1,126)
(0,126)1386615055(0,127)
(1,126)655154589(2,126)
(1,126)1606193485(1,127)
(2,126)431315644(3,126)
(2,126)1108537283(2,127)
(3,126)1178835412(4,126)
(3,126)770361246(3,127)
(4,126)639624893(5,126)
(4,126)674426555(4,127)
(5,126)1830992300(6,126)
(5,126)1451163042(5,127)
(6,126)2052861120(7,126)
(6,126)1016499950(6,127)
(7,126)447053428(8,126)
(7,126)1160475789(7,127)
(8,126)1429841549(9,126)
(8,126)507946550(8,127)
(9,126)787660056(9,127)
(0,127)365547042(1,127)
(0,127)2010720737(0,128)
(1,127)841365914(2,127)
(1,127)2030678241(1,128)
(2,127)906183458(3,127)
(2,127)919121924(2,128)
(3,127)193088109(4,127)
(3,127)1348325554(3,128)
(4,127)639138264(5,127)
(4,127)682900658(4,128)
(5,127)1533499281(6,127)
(5,127)1415431554(5,128)
(6,127)78359216(7,127)
(6,127)2025753319(6,128)
(7,127)533424260(8,127)
(7,127)992209118(7,128)
(8,127)1423524763(9,127)
(8,127)1186896499(8,128)
(9,127)1303785506(9,128)
(0,128)2097951318(1,128)
(0,128)218248263(0,129)
(1,128)1669411305(2,128)
(1,128)1943410399(1,129)
(2,128)812426701(3,128)
(2,128)1781459970(2,129)
(3,128)794452111(4,128)
(3,128)1574788777(3,129)
(4,128)2082735328(5,128)
(4,128)1259480129(4,129)
(5,128)2047140186(6,128)
(5,128)76810012(5,129)
(6,128)442357055(7,128)
(6,128)1945972417(6,129)
(7,128)639854683(8,128)
(7,128)1930334779(7,129)
(8,128)689034589(9,128)
(8,128)1361478979(8,129)
(9,128)1988180237(9,129)
(0,129)1371935247(1,129)
(0,129)1554567089(0,130)
(1,129)822514995(2,129)
(1,129)479834853(1,130)
(2,129)358104524(3,129)
(2,129)757950880(2,130)
(3,129)1750159999(4,129)
(3,129)900874211(3,130)
(4,129)2087770711(5,129)
(4,129)891528784(4,130)
(5,129)47830643(6,129)
(5,129)1026201114(5,130)
(6,129)976668784(7,129)
(6,129)158535326(6,130)
(7,129)1827946632(8,129)
(7,129)1991241042(7,130)
(8,129)656184096(9,129)
(8,129)610645107(8,130)
(9,129)1255251761(9,130)
(0,130)1915664225(1,130)
(0,130)1405097218(0,131)
(1,130)1481907231(2,130)
(1,130)1190503441(1,131)
(2,130)988992210(3,130)
(2,130)1815320763(2,131)
(3,130)1598171894(4,130)
(3,130)1924264286(3,131)
(4,130)1138259617(5,130)
(4,130)1628846894(4,131)
(5,130)1469543483(6,130)
(5,130)139722835(5,131)
(6,130)1511658082(7,130)
(6,130)545343058(6,131)
(7,130)1367858053(8,130)
(7,130)1949378337(7,131)
(8,130)159999213(9,130)
(8,130)122125315(8,131)
(9,130)121248617(9,131)
(0,131)1051527998(1,131)
(0,131)1872285314(0,132)
(1,131)751002780(2,131)
(1,131)61535680(1,132)
(2,131)220071006(3,131)
(2,131)1099358641(2,132)
(3,131)943116035(4,131)
(3,131)1727671564(3,132)
(4,131)190833023(5,131)
(4,131)2048017638(4,132)
(5,131)1155785752(6,131)
(5,131)1599300131(5,132)
(6,131)1367480709(7,131)
(6,131)1595930242(6,132)
(7,131)930353825(8,131)
(7,131)198805545(7,132)
(8,131)1187797756(9,131)
(8,131)1035317824(8,132)
(9,131)707134463(9,132)
(0,132)669161002(1,132)
(0,132)486006071(0,133)
(1,132)625728906(2,132)
(1,132)1845394080(1,133)
(2,132)243253491(3,132)
(2,132)2138704485(2,133)
(3,132)1940599174(4,132)
(3,132)2137386989(3,133)
(4,132)112028656(5,132)
(4,132)1611111544(4,133)
(5,132)1732360161(6,132)
(5,132)2100598388(5,133)
(6,132)1004642738(7,132)
(6,132)1984313970(6,133)
(7,132)587833102(8,132)
(7,132)1793895841(7,133)
(8,132)2013966848(9,132)
(8,132)2104001379(8,133)
(9,132)168021018(9,133)
(0,133)1914500838(1,133)
(0,133)899633766(0,134)
(1,133)351450250(2,133)
(1,133)358854042(1,134)
(2,133)1954784284(3,133)
(2,133)922802942(2,134)
(3,133)1121608488(4,133)
(3,133)1718930959(3,134)
(4,133)606765135(5,133)
(4,133)737654461(4,134)
(5,133)1444788924(6,133)
(5,133)161922596(5,134)
(6,133)831083598(7,133)
(6,133)1092771206(6,134)
(7,133)1718500113(8,133)
(7,133)1142699356(7,134)
(8,133)1385952847(9,133)
(8,133)822304435(8,134)
(9,133)1708403454(9,134)
(0,134)849580744(1,134)
(0,134)615419962(0,135)
(1,134)568534702(2,134)
(1,134)1820432110(1,135)
(2,134)1657262432(3,134)
(2,134)434457257(2,135)
(3,134)80869451(4,134)
(3,134)1573177440(3,135)
(4,134)1529695171(5,134)
(4,134)97611886(4,135)
(5,134)265632904(6,134)
(5,134)2094836299(5,135)
(6,134)1861853489(7,134)
(6,134)281845289(6,135)
(7,134)633295539(8,134)
(7,134)624486946(7,135)
(8,134)431787582(9,134)
(8,134)637172784(8,135)
(9,134)204742850(9,135)
(0,135)1169442043(1,135)
(0,135)1758781272(0,136)
(1,135)1920703868(2,135)
(1,135)811507986(1,136)
(2,135)1904279192(3,135)
(2,135)466747319(2,136)
(3,135)1609446676(4,135)
(3,135)604303818(3,136)
(4,135)1426608253(5,135)
(4,135)1475295657(4,136)
(5,135)1036215463(6,135)
(5,135)847915875(5,136)
(6,135)1697496619(7,135)
(6,135)2042028215(6,136)
(7,135)463079269(8,135)
(7,135)709163925(7,136)
(8,135)218942709(9,135)
(8,135)2131953877(8,136)
(9,135)2036256709(9,136)
(0,136)316554595(1,136)
(0,136)65339680(0,137)
(1,136)12692331(2,136)
(1,136)1418468232(1,137)
(2,136)1700313522(3,136)
(2,136)582187500(2,137)
(3,136)1206674446(4,136)
(3,136)1874545820(3,137)
(4,136)364234956(5,136)
(4,136)186125413(4,137)
(5,136)390868264(6,136)
(5,136)1638462029(5,137)
(6,136)660420424(7,136)
(6,136)2123016228(6,137)
(7,136)1896236448(8,136)
(7,136)1202376250(7,137)
(8,136)959171794(9,136)
(8,136)1127167744(8,137)
(9,136)353056618(9,137)
(0,137)286983804(1,137)
(0,137)589130772(0,138)
(1,137)1437046647(2,137)
(1,137)1779664872(1,138)
(2,137)1674209439(3,137)
(2,137)1323199267(2,138)
(3,137)2032363193(4,137)
(3,137)987059619(3,138)
(4,137)971529848(5,137)
(4,137)2137288709(4,138)
(5,137)2026061770(6,137)
(5,137)103822254(5,138)
(6,137)420376850(7,137)
(6,137)1036869528(6,138)
(7,137)1049561859(8,137)
(7,137)1297046355(7,138)
(8,137)849876229(9,137)
(8,137)1002564350(8,138)
(9,137)776624031(9,138)
(0,138)1036001642(1,138)
(0,138)61755148(0,139)
(1,138)1700217177(2,138)
(1,138)1140858988(1,139)
(2,138)1116391568(3,138)
(2,138)1426869906(2,139)
(3,138)481762508(4,138)
(3,138)213153954(3,139)
(4,138)1340321698(5,138)
(4,138)865144369(4,139)
(5,138)1218200987(6,138)
(5,138)1440934303(5,139)
(6,138)1727918107(7,138)
(6,138)1929452470(6,139)
(7,138)1219015469(8,138)
(7,138)850382211(7,139)
(8,138)377108003(9,138)
(8,138)903633726(8,139)
(9,138)58591440(9,139)
(0,139)366913064(1,139)
(0,139)788513271(0,140)
(1,139)892335526(2,139)
(1,139)1030121288(1,140)
(2,139)2066990816(3,139)
(2,139)245491186(2,140)
(3,139)1542537541(4,139)
(3,139)1312712376(3,140)
(4,139)167793078(5,139)
(4,139)969069027(4,140)
(5,139)1745693059(6,139)
(5,139)244930122(5,140)
(6,139)1280931765(7,139)
(6,139)229548226(6,140)
(7,139)1929765404(8,139)
(7,139)739068399(7,140)
(8,139)1855459967(9,139)
(8,139)560318023(8,140)
(9,139)2142919358(9,140)
(0,140)573120688(1,140)
(0,140)1042080532(0,141)
(1,140)335531187(2,140)
(1,140)1335757408(1,141)
(2,140)1117726230(3,140)
(2,140)1791321676(2,141)
(3,140)494220239(4,140)
(3,140)2063449294(3,141)
(4,140)819599372(5,140)
(4,140)189258051(4,141)
(5,140)247849492(6,140)
(5,140)871328242(5,141)
(6,140)1238241306(7,140)
(6,140)1608112644(6,141)
(7,140)352964522(8,140)
(7,140)1277970780(7,141)
(8,140)1197477949(9,140)
(8,140)1483732493(8,141)
(9,140)1665676898(9,141)
(0,141)19063328(1,141)
(0,141)878786386(0,142)
(1,141)1123716509(2,141)
(1,141)1833469976(1,142)
(2,141)2063018202(3,141)
(2,141)1764756387(2,142)
(3,141)356341138(4,141)
(3,141)257164626(3,142)
(4,141)817482649(5,141)
(4,141)1845299958(4,142)
(5,141)1840735668(6,141)
(5,141)64317458(5,142)
(6,141)637438146(7,141)
(6,141)1859563181(6,142)
(7,141)47610720(8,141)
(7,141)1029009428(7,142)
(8,141)2146735658(9,141)
(8,141)281276174(8,142)
(9,141)2111060014(9,142)
(0,142)188510062(1,142)
(0,142)775496414(0,143)
(1,142)1646824656(2,142)
(1,142)783175739(1,143)
(2,142)243804735(3,142)
(2,142)436359554(2,143)
(3,142)1714330334(4,142)
(3,142)737582315(3,143)
(4,142)73831160(5,142)
(4,142)596769257(4,143)
(5,142)114962507(6,142)
(5,142)764324635(5,143)
(6,142)783387964(7,142)
(6,142)952617546(6,143)
(7,142)2076334055(8,142)
(7,142)1948432483(7,143)
(8,142)1863967037(9,142)
(8,142)400660703(8,143)
(9,142)186015033(9,143)
(0,143)1561783348(1,143)
(0,143)757001842(0,144)
(1,143)821319300(2,143)
(1,143)1003497683(1,144)
(2,143)715577216(3,143)
(2,143)1255035368(2,144)
(3,143)136561149(4,143)
(3,143)1458757446(3,144)
(4,143)1740033621(5,143)
(4,143)763187937(4,144)
(5,143)726764303(6,143)
(5,143)135813159(5,144)
(6,143)324323221(7,143)
(6,143)368046387(6,144)
(7,143)2014871043(8,143)
(7,143)1509940042(7,144)
(8,143)1753744777(9,143)
(8,143)760682775(8,144)
(9,143)604969710(9,144)
(0,144)203030386(1,144)
(0,144)327529462(0,145)
(1,144)1091854097(2,144)
(1,144)678800870(1,145)
(2,144)1631418417(3,144)
(2,144)317992893(2,145)
(3,144)118941728(4,144)
(3,144)1875242061(3,145)
(4,144)128419117(5,144)
(4,144)1560268824(4,145)
(5,144)1746283858(6,144)
(5,144)1982908766(5,145)
(6,144)1397208466(7,144)
(6,144)885420959(6,145)
(7,144)1706740259(8,144)
(7,144)602297893(7,145)
(8,144)1317875109(9,144)
(8,144)504760186(8,145)
(9,144)1018014057(9,145)
(0,145)2081063046(1,145)
(0,145)641321335(0,146)
(1,145)777134495(2,145)
(1,145)610564030(1,146)
(2,145)978610417(3,145)
(2,145)660343702(2,146)
(3,145)22800096(4,145)
(3,145)1101457716(3,146)
(4,145)1862140492(5,145)
(4,145)845997813(4,146)
(5,145)1450967523(6,145)
(5,145)1776544874(5,146)
(6,145)1979575260(7,145)
(6,145)42186306(6,146)
(7,145)1134040403(8,145)
(7,145)2129768394(7,146)
(8,145)1613703163(9,145)
(8,145)150084506(8,146)
(9,145)861798817(9,146)
(0,146)1026488339(1,146)
(0,146)269026234(0,147)
(1,146)104451352(2,146)
(1,146)990217934(1,147)
(2,146)1875638893(3,146)
(2,146)625288549(2,147)
(3,146)1227586442(4,146)
(3,146)1501659818(3,147)
(4,146)2006420005(5,146)
(4,146)1434895504(4,147)
(5,146)305425913(6,146)
(5,146)397977904(5,147)
(6,146)331557302(7,146)
(6,146)500257692(6,147)
(7,146)1277392187(8,146)
(7,146)915989944(7,147)
(8,146)1894600361(9,146)
(8,146)991901004(8,147)
(9,146)231366256(9,147)
(0,147)593114526(1,147)
(0,147)1014701101(0,148)
(1,147)643762327(2,147)
(1,147)2093506748(1,148)
(2,147)2135693054(3,147)
(2,147)2044082050(2,148)
(3,147)2026366796(4,147)
(3,147)475853939(3,148)
(4,147)625938445(5,147)
(4,147)1122249809(4,148)
(5,147)1984048626(6,147)
(5,147)1492586311(5,148)
(6,147)371591002(7,147)
(6,147)894964680(6,148)
(7,147)999416032(8,147)
(7,147)826782912(7,148)
(8,147)554938157(9,147)
(8,147)996879552(8,148)
(9,147)353592203(9,148)
(0,148)1989833661(1,148)
(0,148)76982346(0,149)
(1,148)474960250(2,148)
(1,148)212528560(1,149)
(2,148)712786252(3,148)
(2,148)147775927(2,149)
(3,148)1063765871(4,148)
(3,148)806517553(3,149)
(4,148)1798418557(5,148)
(4,148)1990178440(4,149)
(5,148)74061048(6,148)
(5,148)810882584(5,149)
(6,148)1403997111(7,148)
(6,148)665636010(6,149)
(7,148)1309398337(8,148)
(7,148)20084148(7,149)
(8,148)8293554(9,148)
(8,148)1300595513(8,149)
(9,148)1785252277(9,149)
(0,149)1130543363(1,149)
(0,149)1179478661(0,150)
(1,149)524581324(2,149)
(1,149)263707074(1,150)
(2,149)1158671754(3,149)
(2,149)967108342(2,150)
(3,149)1793891254(4,149)
(3,149)896172326(3,150)
(4,149)1893051878(5,149)
(4,149)10604139(4,150)
(5,149)364196342(6,149)
(5,149)201345764(5,150)
(6,149)43695777(7,149)
(6,149)1970034225(6,150)
(7,149)297510827(8,149)
(7,149)576724902(7,150)
(8,149)1289511154(9,149)
(8,149)191471704(8,150)
(9,149)1104028380(9,150)
(0,150)1132205946(1,150)
(0,150)1255237575(0,151)
(1,150)2066120160(2,150)
(1,150)754963290(1,151)
(2,150)1420599300(3,150)
(2,150)1206266994(2,151)
(3,150)1226351142(4,150)
(3,150)1322633623(3,151)
(4,150)475745488(5,150)
(4,150)582513990(4,151)
(5,150)220282619(6,150)
(5,150)1234644696(5,151)
(6,150)217704412(7,150)
(6,150)1655224149(6,151)
(7,150)32321825(8,150)
(7,150)483989693(7,151)
(8,150)1642661448(9,150)
(8,150)1184812754(8,151)
(9,150)928494151(9,151)
(0,151)1653265587(1,151)
(0,151)831220360(0,152)
(1,151)1032566124(2,151)
(1,151)674062382(1,152)
(2,151)496612959(3,151)
(2,151)2017461929(2,152)
(3,151)446703183(4,151)
(3,151)1076261902(3,152)
(4,151)1267733606(5,151)
(4,151)794123786(4,152)
(5,151)1898152167(6,151)
(5,151)1736214337(5,152)
(6,151)720936636(7,151)
(6,151)375487534(6,152)
(7,151)294124046(8,151)
(7,151)505631809(7,152)
(8,151)1926231109(9,151)
(8,151)1927203630(8,152)
(9,151)1616757669(9,152)
(0,152)361261451(1,152)
(0,152)1006071125(0,153)
(1,152)93232173(2,152)
(1,152)2092503157(1,153)
(2,152)1600243658(3,152)
(2,152)581544070(2,153)
(3,152)1065533764(4,152)
(3,152)310936585(3,153)
(4,152)1495749339(5,152)
(4,152)1632565483(4,153)
(5,152)413575986(6,152)
(5,152)560711564(5,153)
(6,152)66493503(7,152)
(6,152)179486052(6,153)
(7,152)1212052176(8,152)
(7,152)1087638368(7,153)
(8,152)1584251327(9,152)
(8,152)2083955432(8,153)
(9,152)140830430(9,153)
(0,153)230891466(1,153)
(0,153)383174967(0,154)
(1,153)2119389304(2,153)
(1,153)1408564037(1,154)
(2,153)1784051571(3,153)
(2,153)2129043633(2,154)
(3,153)487191794(4,153)
(3,153)692842292(3,154)
(4,153)472562275(5,153)
(4,153)2078175617(4,154)
(5,153)1547449638(6,153)
(5,153)265939255(5,154)
(6,153)627200707(7,153)
(6,153)1478633400(6,154)
(7,153)1571865573(8,153)
(7,153)1492469147(7,154)
(8,153)945229157(9,153)
(8,153)1208744777(8,154)
(9,153)1882802159(9,154)
(0,154)430310992(1,154)
(0,154)126794893(0,155)
(1,154)687506457(2,154)
(1,154)1231067850(1,155)
(2,154)1410553902(3,154)
(2,154)843886978(2,155)
(3,154)1931525347(4,154)
(3,154)753999960(3,155)
(4,154)690471744(5,154)
(4,154)475122431(4,155)
(5,154)615952861(6,154)
(5,154)1368293026(5,155)
(6,154)1599184492(7,154)
(6,154)1073646711(6,155)
(7,154)1045552368(8,154)
(7,154)2024516898(7,155)
(8,154)1661084821(9,154)
(8,154)1580744477(8,155)
(9,154)1738394660(9,155)
(0,155)1591776790(1,155)
(0,155)2067936271(0,156)
(1,155)186391879(2,155)
(1,155)63473287(1,156)
(2,155)1542106687(3,155)
(2,155)991742780(2,156)
(3,155)336728279(4,155)
(3,155)813592586(3,156)
(4,155)2022337363(5,155)
(4,155)966488613(4,156)
(5,155)701807124(6,155)
(5,155)1281957436(5,156)
(6,155)1712268428(7,155)
(6,155)1648609(6,156)
(7,155)689155066(8,155)
(7,155)1932874974(7,156)
(8,155)1195945229(9,155)
(8,155)408671759(8,156)
(9,155)1443155027(9,156)
(0,156)1671067660(1,156)
(0,156)192713458(0,157)
(1,156)1561006484(2,156)
(1,156)2133626771(1,157)
(2,156)1059789835(3,156)
(2,156)139536873(2,157)
(3,156)16570124(4,156)
(3,156)1012707329(3,157)
(4,156)445968158(5,156)
(4,156)2105342203(4,157)
(5,156)1696253215(6,156)
(5,156)1677654945(5,157)
(6,156)1121948088(7,156)
(6,156)366420782(6,157)
(7,156)552812661(8,156)
(7,156)1759726503(7,157)
(8,156)1154349542(9,156)
(8,156)2113690868(8,157)
(9,156)1366405247(9,157)
(0,157)2120838155(1,157)
(0,157)302935500(0,158)
(1,157)1584892936(2,157)
(1,157)1241258962(1,158)
(2,157)1242907571(3,157)
(2,157)675161631(2,158)
(3,157)460552958(4,157)
(3,157)1149677717(3,158)
(4,157)1558349476(5,157)
(4,157)1932062638(4,158)
(5,157)1227734017(6,157)
(5,157)1656498187(5,158)
(6,157)1180082199(7,157)
(6,157)1751062934(6,158)
(7,157)1164585770(8,157)
(7,157)1213877140(7,158)
(8,157)126183327(9,157)
(8,157)1319619072(8,158)
(9,157)29809451(9,158)
(0,158)84041882(1,158)
(0,158)1336189196(0,159)
(1,158)866360494(2,158)
(1,158)475777610(1,159)
(2,158)842198392(3,158)
(2,158)1780295098(2,159)
(3,158)1392537953(4,158)
(3,158)1988308582(3,159)
(4,158)1954515802(5,158)
(4,158)1395011053(4,159)
(5,158)613932652(6,158)
(5,158)399403847(5,159)
(6,158)372758355(7,158)
(6,158)109967654(6,159)
(7,158)1694860591(8,158)
(7,158)1855191614(7,159)
(8,158)950615538(9,158)
(8,158)1047919986(8,159)
(9,158)697054660(9,159)
(0,159)735194528(1,159)
(0,159)1508472944(0,160)
(1,159)1017487483(2,159)
(1,159)107920488(1,160)
(2,159)1858983422(3,159)
(2,159)1962928545(2,160)
(3,159)1029322037(4,159)
(3,159)50086034(3,160)
(4,159)1369705107(5,159)
(4,159)876085544(4,160)
(5,159)905894996(6,159)
(5,159)1155505365(5,160)
(6,159)1239547247(7,159)
(6,159)558410655(6,160)
(7,159)1424771149(8,159)
(7,159)1381672606(7,160)
(8,159)76387350(9,159)
(8,159)872358697(8,160)
(9,159)1265596083(9,160)
(0,160)1471398403(1,160)
(0,160)117413002(0,161)
(1,160)516816850(2,160)
(1,160)1072628238(1,161)
(2,160)1182595892(3,160)
(2,160)2085331055(2,161)
(3,160)1793039021(4,160)
(3,160)889575205(3,161)
(4,160)1937495191(5,160)
(4,160)729972835(4,161)
(5,160)1427027495(6,160)
(5,160)596170911(5,161)
(6,160)1331365439(7,160)
(6,160)1298484488(6,161)
(7,160)168488323(8,160)
(7,160)1534947983(7,161)
(8,160)1246447757(9,160)
(8,160)1146810336(8,161)
(9,160)218574358(9,161)
(0,161)2122533302(1,161)
(0,161)28648726(0,162)
(1,161)1184154091(2,161)
(1,161)1588279465(1,162)
(2,161)2146690120(3,161)
(2,161)880944650(2,162)
(3,161)115133608(4,161)
(3,161)276217690(3,162)
(4,161)1148576388(5,161)
(4,161)1423977622(4,162)
(5,161)542090057(6,161)
(5,161)191520958(5,162)
(6,161)1662919361(7,161)
(6,161)1265989390(6,162)
(7,161)1782806240(8,161)
(7,161)1614718295(7,162)
(8,161)649830540(9,161)
(8,161)1600766768(8,162)
(9,161)524897797(9,162)
(0,162)1379803375(1,162)
(0,162)1246322141(0,163)
(1,162)1842493053(2,162)
(1,162)314909341(1,163)
(2,162)1613393829(3,162)
(2,162)659347223(2,163)
(3,162)46811558(4,162)
(3,162)1026374844(3,163)
(4,162)25701533(5,162)
(4,162)1781882152(4,163)
(5,162)2000456510(6,162)
(5,162)1293259316(5,163)
(6,162)1268308970(7,162)
(6,162)54350259(6,163)
(7,162)1238504350(8,162)
(7,162)1441252327(7,163)
(8,162)1440458800(9,162)
(8,162)1769972(8,163)
(9,162)1514722040(9,163)
(0,163)716952774(1,163)
(0,163)116903580(0,164)
(1,163)308424538(2,163)
(1,163)515814780(1,164)
(2,163)1781804171(3,163)
(2,163)1259042831(2,164)
(3,163)726277479(4,163)
(3,163)1971343899(3,164)
(4,163)1424627019(5,163)
(4,163)1417126763(4,164)
(5,163)1942024561(6,163)
(5,163)1376108019(5,164)
(6,163)608427746(7,163)
(6,163)523465512(6,164)
(7,163)218474917(8,163)
(7,163)109450254(7,164)
(8,163)1722844083(9,163)
(8,163)1267774969(8,164)
(9,163)1244849762(9,164)
(0,164)1357242587(1,164)
(0,164)1314586528(0,165)
(1,164)460362196(2,164)
(1,164)1270551295(1,165)
(2,164)1324901554(3,164)
(2,164)1210215450(2,165)
(3,164)503984129(4,164)
(3,164)1728671166(3,165)
(4,164)1730441138(5,164)
(4,164)415922256(4,165)
(5,164)1930644296(6,164)
(5,164)1944442929(5,165)
(6,164)513912055(7,164)
(6,164)1847344718(6,165)
(7,164)8285608(8,164)
(7,164)298975429(7,165)
(8,164)2080779600(9,164)
(8,164)1772954887(8,165)
(9,164)1979629507(9,165)
(0,165)1350422715(1,165)
(0,165)351748718(0,166)
(1,165)1727856737(2,165)
(1,165)1256772878(1,166)
(2,165)1780238390(3,165)
(2,165)1144963628(2,166)
(3,165)1254413882(4,165)
(3,165)188800835(3,166)
(4,165)1456575805(5,165)
(4,165)1998713308(4,166)
(5,165)1096079422(6,165)
(5,165)829774317(5,166)
(6,165)39533257(7,165)
(6,165)623678685(6,166)
(7,165)1084040881(8,165)
(7,165)219147069(7,166)
(8,165)1544048623(9,165)
(8,165)1249748707(8,166)
(9,165)665228399(9,166)
(0,166)1959970879(1,166)
(0,166)1753732836(0,167)
(1,166)1550692118(2,166)
(1,166)248185889(1,167)
(2,166)2095530607(3,166)
(2,166)1743131527(2,167)
(3,166)2042106956(4,166)
(3,166)2064604173(3,167)
(4,166)1690075412(5,166)
(4,166)2103816215(4,167)
(5,166)1935962074(6,166)
(5,166)1975402908(5,167)
(6,166)1178341976(7,166)
(6,166)2041824130(6,167)
(7,166)1622197219(8,166)
(7,166)1045251304(7,167)
(8,166)678006046(9,166)
(8,166)175821956(8,167)
(9,166)1810998055(9,167)
(0,167)529235706(1,167)
(0,167)1430235839(0,168)
(1,167)112526508(2,167)
(1,167)1120090212(1,168)
(2,167)1743768897(3,167)
(2,167)1625315128(2,168)
(3,167)1844462197(4,167)
(3,167)152059765(3,168)
(4,167)1401808472(5,167)
(4,167)680326130(4,168)
(5,167)1345554529(6,167)
(5,167)1241027172(5,168)
(6,167)1053514403(7,167)
(6,167)1008057661(6,168)
(7,167)411266131(8,167)
(7,167)1593740418(7,168)
(8,167)1541787377(9,167)
(8,167)649162283(8,168)
(9,167)328386656(9,168)
(0,168)1498119944(1,168)
(0,168)543785591(0,169)
(1,168)371704852(2,168)
(1,168)2018462069(1,169)
(2,168)1912802551(3,168)
(2,168)1286598370(2,169)
(3,168)184366026(4,168)
(3,168)1550046828(3,169)
(4,168)1725868784(5,168)
(4,168)1387516123(4,169)
(5,168)1051030530(6,168)
(5,168)862372072(5,169)
(6,168)1391607779(7,168)
(6,168)1008620975(6,169)
(7,168)1121147484(8,168)
(7,168)23637094(7,169)
(8,168)1767405991(9,168)
(8,168)869439259(8,169)
(9,168)1273207249(9,169)
(0,169)300248473(1,169)
(0,169)566417809(0,170)
(1,169)1807444981(2,169)
(1,169)527532074(1,170)
(2,169)1535589735(3,169)
(2,169)1645803002(2,170)
(3,169)1092059772(4,169)
(3,169)713475737(3,170)
(4,169)1362638020(5,169)
(4,169)1946855866(4,170)
(5,169)127758874(6,169)
(5,169)486363501(5,170)
(6,169)1984483445(7,169)
(6,169)1906423611(6,170)
(7,169)130644815(8,169)
(7,169)2146220943(7,170)
(8,169)1911539847(9,169)
(8,169)1123598167(8,170)
(9,169)1680691643(9,170)
(0,170)1151572322(1,170)
(0,170)1307964193(0,171)
(1,170)22852617(2,170)
(1,170)1259076780(1,171)
(2,170)120214107(3,170)
(2,170)55119204(2,171)
(3,170)78756298(4,170)
(3,170)1414460396(3,171)
(4,170)136416008(5,170)
(4,170)1241361591(4,171)
(5,170)367085193(6,170)
(5,170)1846162289(5,171)
(6,170)2146410762(7,170)
(6,170)702833817(6,171)
(7,170)362795150(8,170)
(7,170)894617267(7,171)
(8,170)282723354(9,170)
(8,170)1644730116(8,171)
(9,170)1076270887(9,171)
(0,171)82095572(1,171)
(0,171)589306240(0,172)
(1,171)1075669741(2,171)
(1,171)291425259(1,172)
(2,171)50365223(3,171)
(2,171)209854446(2,172)
(3,171)208591742(4,171)
(3,171)912669538(3,172)
(4,171)2036267705(5,171)
(4,171)181010038(4,172)
(5,171)1861701682(6,171)
(5,171)2120131589(5,172)
(6,171)1124220263(7,171)
(6,171)1196748250(6,172)
(7,171)1219600867(8,171)
(7,171)973294814(7,172)
(8,171)1093508921(9,171)
(8,171)1179339467(8,172)
(9,171)486577616(9,172)
(0,172)187386865(1,172)
(0,172)1258095765(0,173)
(1,172)956774406(2,172)
(1,172)622993624(1,173)
(2,172)1325827441(3,172)
(2,172)554472058(2,173)
(3,172)1449089325(4,172)
(3,172)955701520(3,173)
(4,172)452947988(5,172)
(4,172)1688622591(4,173)
(5,172)617409831(6,172)
(5,172)1731812679(5,173)
(6,172)1813908251(7,172)
(6,172)1042254228(6,173)
(7,172)2117923969(8,172)
(7,172)908835090(7,173)
(8,172)959200313(9,172)
(8,172)2023762697(8,173)
(9,172)883109859(9,173)
(0,173)1140210352(1,173)
(0,173)84870791(0,174)
(1,173)57518732(2,173)
(1,173)771893916(1,174)
(2,173)1968642166(3,173)
(2,173)854428386(2,174)
(3,173)1827723200(4,173)
(3,173)1181738995(3,174)
(4,173)213594814(5,173)
(4,173)1040759385(4,174)
(5,173)1527337001(6,173)
(5,173)773748473(5,174)
(6,173)961135338(7,173)
(6,173)1471690579(6,174)
(7,173)280981337(8,173)
(7,173)2846977(7,174)
(8,173)1328674418(9,173)
(8,173)1515607396(8,174)
(9,173)1236682857(9,174)
(0,174)869813362(1,174)
(0,174)817213073(0,175)
(1,174)401542104(2,174)
(1,174)1689630845(1,175)
(2,174)584401425(3,174)
(2,174)1487223193(2,175)
(3,174)248574635(4,174)
(3,174)67966707(3,175)
(4,174)2091729405(5,174)
(4,174)554841746(4,175)
(5,174)1437951605(6,174)
(5,174)1207774949(5,175)
(6,174)200501653(7,174)
(6,174)29116548(6,175)
(7,174)86635281(8,174)
(7,174)62361873(7,175)
(8,174)2031004039(9,174)
(8,174)1054930039(8,175)
(9,174)1268374276(9,175)
(0,175)924279777(1,175)
(0,175)735169591(0,176)
(1,175)1508918064(2,175)
(1,175)1481969091(1,176)
(2,175)806176022(3,175)
(2,175)304133130(2,176)
(3,175)306980108(4,175)
(3,175)322569755(3,176)
(4,175)1838177151(5,175)
(4,175)1087157360(4,176)
(5,175)176356569(6,175)
(5,175)1635654526(5,176)
(6,175)357984240(7,175)
(6,175)507906577(6,176)
(7,175)909448681(8,175)
(7,175)1865987415(7,176)
(8,175)302905192(9,175)
(8,175)1845207433(8,176)
(9,175)977415389(9,176)
(0,176)857746939(1,176)
(0,176)2093782069(0,177)
(1,176)1154073370(2,176)
(1,176)921661146(1,177)
(2,176)950777694(3,176)
(2,176)148214896(2,177)
(3,176)210576770(4,176)
(3,176)1354575023(3,177)
(4,176)262021414(5,176)
(4,176)1037412975(4,177)
(5,176)158303604(6,176)
(5,176)94097161(5,177)
(6,176)1018376938(7,176)
(6,176)997191005(6,177)
(7,176)358625421(8,176)
(7,176)1640272695(7,177)
(8,176)298965069(9,176)
(8,176)1322510069(8,177)
(9,176)681195176(9,177)
(0,177)1386122429(1,177)
(0,177)1629490177(0,178)
(1,177)1117661055(2,177)
(1,177)371888680(1,178)
(2,177)879795257(3,177)
(2,177)1562478999(2,178)
(3,177)1280982766(4,177)
(3,177)1475645296(3,178)
(4,177)1173369081(5,177)
(4,177)1789243938(4,178)
(5,177)619175679(6,177)
(5,177)1583887958(5,178)
(6,177)294151249(7,177)
(6,177)1119667502(6,178)
(7,177)126257224(8,177)
(7,177)1540836825(7,178)
(8,177)344130872(9,177)
(8,177)442366146(8,178)
(9,177)1480832247(9,178)
(0,178)1381543847(1,178)
(0,178)652942916(0,179)
(1,178)747040077(2,178)
(1,178)1742853661(1,179)
(2,178)592561018(3,178)
(2,178)1539847451(2,179)
(3,178)1032636498(4,178)
(3,178)1765417016(3,179)
(4,178)940443437(5,178)
(4,178)951186440(4,179)
(5,178)1632381616(6,178)
(5,178)1331601568(5,179)
(6,178)570240349(7,178)
(6,178)422449966(6,179)
(7,178)1540111021(8,178)
(7,178)2004270296(7,179)
(8,178)736581905(9,178)
(8,178)2132719348(8,179)
(9,178)868272669(9,179)
(0,179)378342196(1,179)
(0,179)1266218466(0,180)
(1,179)702622777(2,179)
(1,179)2041641751(1,180)
(2,179)1013825605(3,179)
(2,179)997517875(2,180)
(3,179)390871053(4,179)
(3,179)996774026(3,180)
(4,179)1439140172(5,179)
(4,179)1140082830(4,180)
(5,179)473431429(6,179)
(5,179)735001925(5,180)
(6,179)2116545772(7,179)
(6,179)2092083088(6,180)
(7,179)691639518(8,179)
(7,179)68801443(7,180)
(8,179)661362461(9,179)
(8,179)1508909576(8,180)
(9,179)309572886(9,180)
(0,180)1612548901(1,180)
(0,180)394062426(0,181)
(1,180)1725663994(2,180)
(1,180)1250016323(1,181)
(2,180)1672466289(3,180)
(2,180)1097446870(2,181)
(3,180)954233518(4,180)
(3,180)148420696(3,181)
(4,180)133656396(5,180)
(4,180)1065093662(4,181)
(5,180)1933366332(6,180)
(5,180)1690815424(5,181)
(6,180)2069157620(7,180)
(6,180)1399874863(6,181)
(7,180)2102497640(8,180)
(7,180)1827524435(7,181)
(8,180)693866392(9,180)
(8,180)919191847(8,181)
(9,180)951788018(9,181)
(0,181)1833949222(1,181)
(0,181)1310062900(0,182)
(1,181)2045064825(2,181)
(1,181)243444543(1,182)
(2,181)188043983(3,181)
(2,181)159897004(2,182)
(3,181)228698447(4,181)
(3,181)2014126950(3,182)
(4,181)1375552878(5,181)
(4,181)879683501(4,182)
(5,181)1189256387(6,181)
(5,181)890060908(5,182)
(6,181)355126162(7,181)
(6,181)1769615304(6,182)
(7,181)1347795651(8,181)
(7,181)291789062(7,182)
(8,181)1964255351(9,181)
(8,181)1452573032(8,182)
(9,181)1496216347(9,182)
(0,182)881865366(1,182)
(0,182)259322902(0,183)
(1,182)1950138326(2,182)
(1,182)1629872743(1,183)
(2,182)882263958(3,182)
(2,182)667748050(2,183)
(3,182)347788837(4,182)
(3,182)1871812298(3,183)
(4,182)643520498(5,182)
(4,182)837277950(4,183)
(5,182)1789065969(6,182)
(5,182)1041655229(5,183)
(6,182)728120804(7,182)
(6,182)1953583398(6,183)
(7,182)1851164576(8,182)
(7,182)2032510512(7,183)
(8,182)73070847(9,182)
(8,182)888017808(8,183)
(9,182)1717807878(9,183)
(0,183)952754349(1,183)
(0,183)1116716255(0,184)
(1,183)2006777163(2,183)
(1,183)945877108(1,184)
(2,183)568008764(3,183)
(2,183)2142010736(2,184)
(3,183)286316151(4,183)
(3,183)214419677(3,184)
(4,183)1666992709(5,183)
(4,183)1915804415(4,184)
(5,183)1264537114(6,183)
(5,183)103087854(5,184)
(6,183)984953220(7,183)
(6,183)1926315612(6,184)
(7,183)1728970290(8,183)
(7,183)746926210(7,184)
(8,183)1629190168(9,183)
(8,183)1652701270(8,184)
(9,183)1453298941(9,184)
(0,184)318984471(1,184)
(0,184)2000490107(0,185)
(1,184)894661689(2,184)
(1,184)2096819439(1,185)
(2,184)1902919189(3,184)
(2,184)2108050440(2,185)
(3,184)1993077304(4,184)
(3,184)1622782493(3,185)
(4,184)363316653(5,184)
(4,184)1606600117(4,185)
(5,184)1176924347(6,184)
(5,184)2066148151(5,185)
(6,184)871418852(7,184)
(6,184)1480032908(6,185)
(7,184)1339326423(8,184)
(7,184)2122801455(7,185)
(8,184)543326572(9,184)
(8,184)865945941(8,185)
(9,184)1553746101(9,185)
(0,185)311647339(1,185)
(0,185)1152262092(0,186)
(1,185)1255349946(2,185)
(1,185)1073255162(1,186)
(2,185)852087126(3,185)
(2,185)1576184454(2,186)
(3,185)175627016(4,185)
(3,185)92819519(3,186)
(4,185)1745520789(5,185)
(4,185)433573769(4,186)
(5,185)1886872710(6,185)
(5,185)1804817184(5,186)
(6,185)2123801655(7,185)
(6,185)1598527249(6,186)
(7,185)345705290(8,185)
(7,185)1836208501(7,186)
(8,185)1591644042(9,185)
(8,185)2084368447(8,186)
(9,185)1968487783(9,186)
(0,186)1050760512(1,186)
(0,186)1929962103(0,187)
(1,186)1848626607(2,186)
(1,186)184320788(1,187)
(2,186)1664353696(3,186)
(2,186)80201211(2,187)
(3,186)55519019(4,186)
(3,186)572561811(3,187)
(4,186)1438507752(5,186)
(4,186)856196471(4,187)
(5,186)262458924(6,186)
(5,186)598845591(5,187)
(6,186)910492930(7,186)
(6,186)443286196(6,187)
(7,186)1698636143(8,186)
(7,186)1335714087(7,187)
(8,186)40317565(9,186)
(8,186)339193736(8,187)
(9,186)1791455662(9,187)
(0,187)473891334(1,187)
(0,187)514820752(0,188)
(1,187)172154289(2,187)
(1,187)1389492803(1,188)
(2,187)840536404(3,187)
(2,187)213280396(2,188)
(3,187)2049488897(4,187)
(3,187)148472296(3,188)
(4,187)85357096(5,187)
(4,187)1186241694(4,188)
(5,187)1007245829(6,187)
(5,187)1493649292(5,188)
(6,187)396926156(7,187)
(6,187)2015319199(6,188)
(7,187)1716462158(8,187)
(7,187)1191566617(7,188)
(8,187)708436665(9,187)
(8,187)477127367(8,188)
(9,187)141540322(9,188)
(0,188)1564633137(1,188)
(0,188)532646386(0,189)
(1,188)1131491977(2,188)
(1,188)1580048074(1,189)
(2,188)2023334271(3,188)
(2,188)1827092061(2,189)
(3,188)1015322500(4,188)
(3,188)2041984908(3,189)
(4,188)233694996(5,188)
(4,188)1574486766(4,189)
(5,188)1218458780(6,188)
(5,188)1055640066(5,189)
(6,188)1529531400(7,188)
(6,188)748515749(6,189)
(7,188)920670038(8,188)
(7,188)460467935(7,189)
(8,188)1301004340(9,188)
(8,188)1742811797(8,189)
(9,188)1069142334(9,189)
(0,189)339762386(1,189)
(0,189)1644817046(0,190)
(1,189)990982690(2,189)
(1,189)1154499430(1,190)
(2,189)1022334982(3,189)
(2,189)1347008216(2,190)
(3,189)391091185(4,189)
(3,189)1387908846(3,190)
(4,189)1865036214(5,189)
(4,189)591313492(4,190)
(5,189)732853814(6,189)
(5,189)1099527851(5,190)
(6,189)516677340(7,189)
(6,189)250198952(6,190)
(7,189)1381690930(8,189)
(7,189)165418241(7,190)
(8,189)41268864(9,189)
(8,189)196285753(8,190)
(9,189)1276192190(9,190)
(0,190)1615755630(1,190)
(0,190)1211608254(0,191)
(1,190)119764672(2,190)
(1,190)1509887186(1,191)
(2,190)110919287(3,190)
(2,190)686730762(2,191)
(3,190)1147198697(4,190)
(3,190)1649296072(3,191)
(4,190)1244624221(5,190)
(4,190)1031589325(4,191)
(5,190)2100731660(6,190)
(5,190)300719389(5,191)
(6,190)640481776(7,190)
(6,190)741957620(6,191)
(7,190)1732940310(8,190)
(7,190)1107747442(7,191)
(8,190)2130082424(9,190)
(8,190)1987489992(8,191)
(9,190)973365509(9,191)
(0,191)573912269(1,191)
(0,191)231097529(0,192)
(1,191)1330625380(2,191)
(1,191)690918075(1,192)
(2,191)941117027(3,191)
(2,191)1306766083(2,192)
(3,191)1472184324(4,191)
(3,191)1847302720(3,192)
(4,191)2043588474(5,191)
(4,191)175324309(4,192)
(5,191)1451516499(6,191)
(5,191)1513453188(5,192)
(6,191)981725170(7,191)
(6,191)1107713080(6,192)
(7,191)1227477752(8,191)
(7,191)813920038(7,192)
(8,191)924839325(9,191)
(8,191)1668455932(8,192)
(9,191)729290176(9,192)
(0,192)1956428651(1,192)
(0,192)668170982(0,193)
(1,192)968890371(2,192)
(1,192)1973914398(1,193)
(2,192)568388370(3,192)
(2,192)1909676663(2,193)
(3,192)869940457(4,192)
(3,192)1609372147(3,193)
(4,192)1449378491(5,192)
(4,192)153845032(4,193)
(5,192)1127210541(6,192)
(5,192)852539234(5,193)
(6,192)1426451503(7,192)
(6,192)1680476021(6,193)
(7,192)863617753(8,192)
(7,192)1818128616(7,193)
(8,192)611761996(9,192)
(8,192)585733938(8,193)
(9,192)563436826(9,193)
(0,193)787086305(1,193)
(0,193)2057918263(0,194)
(1,193)1423887803(2,193)
(1,193)459541652(1,194)
(2,193)1567254732(3,193)
(2,193)91119157(2,194)
(3,193)905039195(4,193)
(3,193)258129326(3,194)
(4,193)1926585258(5,193)
(4,193)647248836(4,194)
(5,193)1376539012(6,193)
(5,193)1829878520(5,194)
(6,193)1638823523(7,193)
(6,193)447272592(6,194)
(7,193)1416162964(8,193)
(7,193)1202969762(7,194)
(8,193)1771358132(9,193)
(8,193)1401016538(8,194)
(9,193)878051463(9,194)
(0,194)1925203165(1,194)
(0,194)123473348(0,195)
(1,194)976012582(2,194)
(1,194)179946307(1,195)
(2,194)1860422328(3,194)
(2,194)904930058(2,195)
(3,194)575575027(4,194)
(3,194)254980437(3,195)
(4,194)840714375(5,194)
(4,194)576556433(4,195)
(5,194)1139993259(6,194)
(5,194)1187337023(5,195)
(6,194)1974423328(7,194)
(6,194)751148990(6,195)
(7,194)27553146(8,194)
(7,194)1599534911(7,195)
(8,194)1019305995(9,194)
(8,194)2065542485(8,195)
(9,194)285682472(9,195)
(0,195)1666554831(1,195)
(0,195)823098032(0,196)
(1,195)505492905(2,195)
(1,195)64784082(1,196)
(2,195)512056675(3,195)
(2,195)895610196(2,196)
(3,195)2098579958(4,195)
(3,195)2144316428(3,196)
(4,195)1397849319(5,195)
(4,195)1928219639(4,196)
(5,195)658787454(6,195)
(5,195)1722454443(5,196)
(6,195)1500173960(7,195)
(6,195)1521322667(6,196)
(7,195)349851601(8,195)
(7,195)838733761(7,196)
(8,195)551672441(9,195)
(8,195)257620370(8,196)
(9,195)604832038(9,196)
(0,196)1128228875(1,196)
(0,196)833195397(0,197)
(1,196)2020532420(2,196)
(1,196)1445546413(1,197)
(2,196)49211756(3,196)
(2,196)120738486(2,197)
(3,196)1720273398(4,196)
(3,196)1847472101(3,197)
(4,196)1765530938(5,196)
(4,196)76764902(4,197)
(5,196)362447374(6,196)
(5,196)592095745(5,197)
(6,196)111166929(7,196)
(6,196)441145323(6,197)
(7,196)946638228(8,196)
(7,196)427231456(7,197)
(8,196)939288131(9,196)
(8,196)1006777125(8,197)
(9,196)943471008(9,197)
(0,197)720024122(1,197)
(0,197)957873435(0,198)
(1,197)532844230(2,197)
(1,197)193836679(1,198)
(2,197)1715159346(3,197)
(2,197)1378811577(2,198)
(3,197)70061690(4,197)
(3,197)2033018190(3,198)
(4,197)143154913(5,197)
(4,197)2065010947(4,198)
(5,197)522359337(6,197)
(5,197)621734132(5,198)
(6,197)1749963007(7,197)
(6,197)976350310(6,198)
(7,197)849399083(8,197)
(7,197)1967905751(7,198)
(8,197)2017117507(9,197)
(8,197)1870701493(8,198)
(9,197)549387536(9,198)
(0,198)2093882409(1,198)
(0,198)1443491243(0,199)
(1,198)2035586989(2,198)
(1,198)167434826(1,199)
(2,198)608580149(3,198)
(2,198)308846135(2,199)
(3,198)736077591(4,198)
(3,198)2146753918(3,199)
(4,198)1006047395(5,198)
(4,198)1555218377(4,199)
(5,198)351205738(6,198)
(5,198)1675365723(5,199)
(6,198)247906197(7,198)
(6,198)1963920830(6,199)
(7,198)349281413(8,198)
(7,198)545042417(7,199)
(8,198)112718116(9,198)
(8,198)1626717774(8,199)
(9,198)234815955(9,199)
(0,199)1696779465(1,199)
(1,199)30245415(2,199)
(2,199)377970868(3,199)
(3,199)171029949(4,199)
(4,199)552604753(5,199)
(5,199)1354321179(6,199)
(6,199)1920992956(7,199)
(7,199)373026856(8,199)
(8,199)56236614(9,199)
