17 50
(0,0)846930886(1,0)
(1,0)1681692777(1,1)
(2,0)424238335(3,0)
(3,0)719885386(3,1)
(4,0)596516649(4,1)
(5,0)1025202362(5,1)
(6,0)1102520059(7,0)
(6,0)783368690(6,1)
(8,0)1365180540(8,1)
(9,0)304089172(9,1)
(10,0)521595368(11,0)
(10,0)35005211(10,1)
(11,0)294702567(11,1)
(12,0)861021530(13,0)
(12,0)336465782(12,1)
(13,0)233665123(14,0)
(13,0)278722862(13,1)
(14,0)468703135(15,0)
(15,0)1101513929(15,1)
(16,0)1315634022(16,1)
(0,1)635723058(0,2)
(1,1)1059961393(2,1)
(1,1)1125898167(1,2)
(2,1)628175011(3,1)
(3,1)1131176229(4,1)
(4,1)859484421(5,1)
(5,1)608413784(6,1)
(6,1)756898537(6,2)
(7,1)149798315(8,1)
(8,1)1129566413(9,1)
(9,1)412776091(10,1)
(9,1)184803526(9,2)
(11,1)137806862(12,1)
(11,1)749241873(11,2)
(12,1)42999170(12,2)
(13,1)511702305(14,1)
(13,1)135497281(13,2)
(15,1)572660336(16,1)
(16,1)1159126505(16,2)
(0,2)805750846(0,3)
(1,2)1100661313(1,3)
(2,2)84353895(3,2)
(3,2)939819582(3,3)
(4,2)1548233367(5,2)
(5,2)610515434(5,3)
(6,2)760313750(7,2)
(7,2)356426808(8,2)
(8,2)945117276(8,3)
(9,2)709393584(10,2)
(10,2)491705403(10,3)
(13,2)1411549676(13,3)
(14,2)943947739(14,3)
(15,2)855636226(15,3)
(0,3)1036140795(1,3)
(1,3)463480570(1,4)
(2,3)317097467(3,3)
(3,3)1376710097(4,3)
(4,3)927612902(4,4)
(5,3)603570492(5,4)
(6,3)660260756(6,4)
(7,3)402724286(8,3)
(7,3)485560280(7,4)
(8,3)593209441(8,4)
(9,3)364228444(10,3)
(9,3)894429689(9,4)
(10,3)221558440(11,3)
(11,3)1063958031(12,3)
(11,3)270744729(11,4)
(14,3)822890675(14,4)
(15,3)631704567(16,3)
(16,3)498777856(16,4)
(0,4)524872353(1,4)
(0,4)1255179497(0,5)
(1,4)1572276965(2,4)
(1,4)327254586(1,5)
(2,4)269455306(2,5)
(3,4)352406219(3,5)
(4,4)160051528(4,5)
(5,4)112805732(5,5)
(6,4)515530019(7,4)
(6,4)378409503(6,5)
(10,4)289700723(11,4)
(10,4)200747796(10,5)
(11,4)168002245(12,4)
(12,4)439493451(13,4)
(12,4)150122846(12,5)
(13,4)990892921(13,5)
(14,4)1231192379(14,5)
(15,4)338888228(16,4)
(15,4)111537764(15,5)
(0,5)438792350(0,6)
(1,5)269441500(1,6)
(2,5)116087764(2,6)
(3,5)8936987(4,5)
(3,5)155324914(3,6)
(5,5)350322227(6,5)
(5,5)387346491(5,6)
(7,5)771151432(8,5)
(8,5)1186452551(8,6)
(9,5)971899228(9,6)
(10,5)213975407(10,6)
(11,5)653468858(12,5)
(14,5)76065818(15,5)
(14,5)1350573793(14,6)
(15,5)1789366143(16,5)
(3,6)1067854538(4,6)
(4,6)352118606(4,7)
(5,6)165344818(6,6)
(6,6)532670688(7,6)
(7,6)492067917(8,6)
(8,6)680466996(9,6)
(9,6)496987743(10,6)
(9,6)706043324(9,7)
(10,6)159259470(10,7)
(11,6)480298490(11,7)
(12,6)1096689772(12,7)
(13,6)1172755590(14,6)
(13,6)601385644(13,7)
(14,6)243268139(15,6)
(15,6)1272469786(16,6)
(15,6)1012502954(15,7)
(0,7)722308542(1,7)
(0,7)968338082(0,8)
(1,7)933110197(2,7)
(2,7)740759355(3,7)
(2,7)6939507(2,8)
(4,7)502278611(4,8)
(5,7)1034949299(6,7)
(6,7)654887343(6,8)
(7,7)392035568(7,8)
(8,7)889023311(9,7)
(8,7)87755422(8,8)
(10,7)745425661(11,7)
(11,7)1308044878(12,7)
(11,7)396473730(11,8)
(12,7)1346811305(12,8)
(13,7)705178736(13,8)
(14,7)434248626(14,8)
(15,7)1402586708(16,7)
(15,7)1470503465(15,8)
(16,7)552473416(16,8)
(0,8)188213258(1,8)
(0,8)1143408282(0,9)
(1,8)559412924(1,9)
(2,8)201305624(3,8)
(3,8)776532036(4,8)
(3,8)238962600(3,9)
(5,8)620145550(6,8)
(6,8)619290071(7,8)
(7,8)407487131(8,8)
(7,8)707900973(7,9)
(8,8)7684930(9,8)
(9,8)711845894(10,8)
(10,8)404158660(10,9)
(13,8)260152959(13,9)
(14,8)824272813(14,9)
(0,9)437116466(0,10)
(1,9)638422090(2,9)
(1,9)1176911340(1,10)
(3,9)1069755936(4,9)
(4,9)349517445(5,9)
(5,9)588219756(5,10)
(6,9)995706887(7,9)
(6,9)1057418418(6,10)
(8,9)387451659(9,9)
(8,9)625032172(8,10)
(10,9)298625210(10,10)
(11,9)1057467587(11,10)
(12,9)382697713(13,9)
(13,9)1070575321(14,9)
(13,9)476667372(13,10)
(14,9)296864819(15,9)
(14,9)260401255(14,10)
(15,9)697517721(16,9)
(2,10)719346228(3,10)
(2,10)1065311705(2,11)
(3,10)846811127(3,11)
(4,10)555996658(5,10)
(5,10)155789224(6,10)
(5,10)324763920(5,11)
(6,10)231602422(6,11)
(7,10)619054081(8,10)
(7,10)780821396(7,11)
(8,10)195740084(9,10)
(8,10)711645630(8,11)
(10,10)570073850(11,10)
(12,10)337739299(13,10)
(12,10)1046741222(12,11)
(14,10)446340713(15,10)
(15,10)915256190(16,10)
(0,11)524688209(1,11)
(0,11)846942590(0,12)
(1,11)700108581(1,12)
(3,11)726371155(3,12)
(4,11)292218004(4,12)
(5,11)11614769(5,12)
(6,11)630668850(7,11)
(7,11)246247255(7,12)
(8,11)105575579(9,11)
(9,11)964445884(9,12)
(10,11)452867621(11,11)
(11,11)1017679567(11,12)
(12,11)213801961(13,11)
(12,11)201690613(12,12)
(13,11)648031326(14,11)
(15,11)110613202(16,11)
(15,11)282828202(15,12)
(16,11)114723506(16,12)
(0,12)982936784(0,13)
(1,12)950390868(2,12)
(2,12)255789528(2,13)
(3,12)1137949908(4,12)
(4,12)777210498(5,12)
(5,12)653448036(5,13)
(6,12)364686248(7,12)
(7,12)1129033333(8,12)
(9,12)501772890(9,13)
(10,12)212251746(11,12)
(10,12)150517567(10,13)
(11,12)364319529(12,12)
(12,12)484238046(13,12)
(13,12)624549797(14,12)
(14,12)767066249(14,13)
(15,12)739273303(15,13)
(16,12)1415505363(16,13)
(0,13)552910253(1,13)
(0,13)78012497(0,14)
(2,13)661761152(3,13)
(3,13)425245975(4,13)
(3,13)474613996(3,14)
(4,13)235649157(5,13)
(4,13)1315209188(4,14)
(6,13)430253414(7,13)
(7,13)677870460(8,13)
(7,13)861543921(7,14)
(8,13)496060028(9,13)
(9,13)1144278050(10,13)
(9,13)828388027(9,14)
(10,13)332266748(10,14)
(11,13)816504794(12,13)
(11,13)31308902(11,14)
(12,13)655858699(13,13)
(13,13)559301039(14,13)
(14,13)1186090428(15,13)
(0,14)669908538(1,14)
(0,14)1498617647(0,15)
(1,14)12895151(2,14)
(2,14)1144522535(2,15)
(3,14)1328104339(3,15)
(4,14)860516127(5,14)
(5,14)777720504(5,15)
(6,14)1455590964(7,14)
(7,14)70636429(8,14)
(7,14)328298285(7,15)
(8,14)136495343(8,15)
(9,14)402903177(9,15)
(11,14)12260289(12,14)
(11,14)2416949(11,15)
(12,14)561717988(13,14)
(12,14)655495367(12,15)
(13,14)1407392292(13,15)
(14,14)733053144(15,14)
(14,14)389040743(14,15)
(16,14)1402961682(16,15)
(0,15)672655340(0,16)
(1,15)337453826(2,15)
(1,15)400000569(1,16)
(2,15)1081174232(2,16)
(4,15)847228023(5,15)
(4,15)410409117(4,16)
(6,15)1175526309(6,16)
(9,15)1061730690(10,15)
(14,15)696947386(14,16)
(15,15)1369602726(16,15)
(15,15)1265204346(15,16)
(1,16)564325578(1,17)
(2,16)358532290(3,16)
(2,16)1010528946(2,17)
(5,16)885799631(5,17)
(6,16)1281830857(6,17)
(7,16)318561886(8,16)
(7,16)1156541312(7,17)
(8,16)70788355(9,16)
(8,16)1243439214(8,17)
(9,16)1112720090(10,16)
(10,16)1106059479(11,16)
(11,16)1051858969(12,16)
(11,16)241909610(11,17)
(12,16)104152274(13,16)
(13,16)826047641(14,16)
(14,16)970925433(15,16)
(15,16)887077888(16,16)
(15,16)309198987(15,17)
(16,16)530498338(16,17)
(0,17)37487770(1,17)
(0,17)873524566(0,18)
(3,17)1025125849(4,17)
(3,17)959372260(3,18)
(4,17)126107205(5,17)
(5,17)159473059(5,18)
(6,17)478034945(7,17)
(7,17)471990783(7,18)
(9,17)941804289(10,17)
(9,17)993967637(9,18)
(12,17)716334471(13,17)
(13,17)470591100(14,17)
(13,17)1152645729(13,18)
(14,17)1025533459(14,18)
(15,17)1001089438(15,18)
(0,18)983631233(1,18)
(0,18)394633074(0,19)
(2,18)553160358(3,18)
(4,18)864101839(5,18)
(4,18)712633417(4,19)
(6,18)410228794(7,18)
(7,18)773319847(8,18)
(7,18)1026413173(7,19)
(9,18)452456682(9,19)
(10,18)235745791(11,18)
(11,18)427355115(12,18)
(11,18)802205057(11,19)
(14,18)126401947(14,19)
(15,18)521035021(16,18)
(16,18)40610537(16,19)
(0,19)19485054(1,19)
(0,19)738393740(0,20)
(1,19)1291554098(2,19)
(3,19)371653516(4,19)
(4,19)1047372231(5,19)
(4,19)962033002(4,20)
(6,19)333582338(7,19)
(7,19)628974580(7,20)
(8,19)786039021(8,20)
(9,19)1021784812(10,19)
(10,19)586235379(10,20)
(11,19)262692685(11,20)
(12,19)1338299904(12,20)
(13,19)395279207(14,19)
(14,19)358984857(15,19)
(14,19)606199759(14,20)
(15,19)435889744(15,20)
(16,19)378469911(16,20)
(0,20)488663950(1,20)
(0,20)272020127(0,21)
(1,20)29777560(2,20)
(2,20)257675105(3,20)
(2,20)345367818(2,21)
(3,20)991810563(3,21)
(4,20)216588711(5,20)
(5,20)151519934(6,20)
(6,20)845563291(6,21)
(7,20)629593614(8,20)
(8,20)1(8,21)
(9,20)409544918(10,20)
(10,20)927376882(11,20)
(10,20)74552805(10,21)
(12,20)765326717(12,21)
(13,20)1124311574(14,20)
(13,20)76593093(13,21)
(14,20)431530126(14,21)
(15,20)703550253(16,20)
(0,21)733327814(1,21)
(1,21)107734713(1,22)
(4,21)672032919(4,22)
(5,21)639806732(5,22)
(6,21)406011017(6,22)
(7,21)1(8,21)
(7,21)1(7,22)
(8,21)524305153(9,21)
(8,21)337745691(8,22)
(9,21)292423943(9,22)
(10,21)124666328(10,22)
(11,21)120306710(12,21)
(12,21)1007277217(13,21)
(13,21)551836836(13,22)
(14,21)362575055(14,22)
(15,21)1751378130(16,21)
(15,21)1022963858(15,22)
(0,22)1250372661(1,22)
(0,22)1130698571(0,23)
(1,22)483689685(2,22)
(2,22)567304789(2,23)
(3,22)35756851(4,22)
(3,22)1155722604(3,23)
(4,22)746349250(5,22)
(5,22)441767868(5,23)
(6,22)1(7,22)
(6,22)1(6,23)
(9,22)714880226(10,22)
(10,22)460686763(10,23)
(11,22)554290596(11,23)
(12,22)34740865(12,23)
(14,22)690367770(14,23)
(15,22)1131359211(15,23)
(16,22)537322532(16,23)
(0,23)157272379(1,23)
(0,23)550245196(0,24)
(1,23)1104627321(1,24)
(2,23)1140384172(3,23)
(4,23)738647283(5,23)
(5,23)94307398(6,23)
(6,23)10901063(7,23)
(6,23)1(6,24)
(7,23)628966950(8,23)
(9,23)1003886059(10,23)
(10,23)410134047(11,23)
(10,23)168057522(10,24)
(12,23)181271232(13,23)
(12,23)93189435(12,24)
(13,23)525829204(13,24)
(14,23)199411898(15,23)
(16,23)356684278(16,24)
(0,24)1022089159(0,25)
(1,24)14989683(2,24)
(2,24)1581539848(3,24)
(4,24)207026272(4,25)
(5,24)217927335(6,24)
(6,24)1(7,24)
(6,24)590335821(6,25)
(7,24)1(8,24)
(8,24)1(9,24)
(9,24)1(9,25)
(10,24)207621703(11,24)
(12,24)733450907(12,25)
(13,24)932862806(14,24)
(14,24)695748720(15,24)
(14,24)1404515797(14,25)
(15,24)279121308(16,24)
(16,24)174515334(16,25)
(0,25)294110991(1,25)
(0,25)811742698(0,26)
(1,25)245798898(2,25)
(2,25)1250801052(3,25)
(3,25)452825171(3,26)
(4,25)670752506(5,25)
(4,25)1135771559(4,26)
(6,25)82173109(7,25)
(6,25)262178224(6,26)
(8,25)454333378(8,26)
(9,25)661955081(10,25)
(9,25)1(9,26)
(10,25)11671338(11,25)
(11,25)271059426(12,25)
(11,25)1395405989(11,26)
(12,25)180785147(13,25)
(12,25)992028067(12,26)
(15,25)134591281(16,25)
(16,25)101323875(16,26)
(0,26)380390179(1,26)
(1,26)235202254(2,26)
(2,26)833215350(2,27)
(4,26)873199181(5,26)
(4,26)1158381494(4,27)
(6,26)476152433(7,26)
(8,26)1(9,26)
(8,26)1(8,27)
(9,26)831768825(10,26)
(13,26)1108399134(13,27)
(14,26)1242990415(15,26)
(14,26)1078898506(14,27)
(15,26)63299708(16,26)
(16,26)1623380595(16,27)
(0,27)298501962(1,27)
(1,27)420687483(2,27)
(1,27)309112297(1,28)
(3,27)395191309(4,27)
(4,27)672139932(5,27)
(5,27)226723382(5,28)
(6,27)219544266(6,28)
(7,27)1(8,27)
(7,27)1(7,28)
(9,27)476564285(10,27)
(10,27)1088590930(10,28)
(11,27)305197314(12,27)
(12,27)1204754116(13,27)
(12,27)632651476(12,28)
(14,27)500037525(14,28)
(15,27)1351538839(15,28)
(0,28)61101360(1,28)
(1,28)1326247643(2,28)
(3,28)1(4,28)
(3,28)1(3,29)
(4,28)1(5,28)
(5,28)1(6,28)
(5,28)384370888(5,29)
(6,28)1(7,28)
(7,28)216220853(8,28)
(8,28)699460008(8,29)
(9,28)223712350(10,28)
(9,28)1304811783(9,29)
(11,28)787689126(12,28)
(11,28)856363827(11,29)
(12,28)584522071(13,28)
(12,28)846621269(12,29)
(13,28)146533149(14,28)
(14,28)928140528(15,28)
(16,28)989241888(16,29)
(0,29)627992393(1,29)
(0,29)1012836610(0,30)
(1,29)528433890(2,29)
(1,29)481928577(1,30)
(3,29)1(3,30)
(4,29)1031126087(4,30)
(5,29)413360099(5,30)
(6,29)629580952(7,29)
(6,29)286448566(6,30)
(7,29)6072641(8,29)
(7,29)396377017(7,30)
(8,29)620089368(9,29)
(10,29)376696776(11,29)
(11,29)96055805(11,30)
(12,29)242588954(13,29)
(13,29)445080308(14,29)
(14,29)1151297278(15,29)
(15,29)1000372555(16,29)
(15,29)1434322197(15,30)
(1,30)1(2,30)
(1,30)1(1,31)
(2,30)1(3,30)
(3,30)695466127(4,30)
(4,30)745598382(4,31)
(7,30)12548159(8,30)
(8,30)411522957(9,30)
(8,30)576994985(8,31)
(9,30)953691761(10,30)
(10,30)507578762(10,31)
(11,30)750167716(12,30)
(11,30)470631541(11,31)
(12,30)915711850(13,30)
(13,30)108375482(14,30)
(13,30)737703662(13,31)
(14,30)202550399(14,31)
(16,30)1119399015(16,31)
(0,31)386839851(1,31)
(0,31)610486506(0,32)
(1,31)942724790(2,31)
(1,31)1(1,32)
(3,31)829570037(4,31)
(4,31)301373537(4,32)
(5,31)222028828(5,32)
(6,31)234576987(7,31)
(7,31)342146590(8,31)
(8,31)672563970(9,31)
(9,31)849725352(9,32)
(12,31)44041351(13,31)
(12,31)190113083(12,32)
(13,31)113974112(13,32)
(14,31)85291638(15,31)
(15,31)394709364(16,31)
(16,31)472131489(16,32)
(1,32)1(2,32)
(1,32)158136104(1,33)
(2,32)987706141(3,32)
(2,32)1(2,33)
(4,32)434290636(5,32)
(6,32)153162844(6,33)
(7,32)825726814(8,32)
(8,32)769304465(8,33)
(9,32)221713886(10,32)
(11,32)411826969(11,33)
(14,32)10150109(15,32)
(15,32)616734673(16,32)
(15,32)404259631(15,33)
(0,33)562395735(0,34)
(1,33)78374295(1,34)
(2,33)1(2,34)
(3,33)1186994949(4,33)
(3,33)612353198(3,34)
(5,33)1340157793(5,34)
(6,33)18400960(7,33)
(6,33)929588156(6,34)
(7,33)781098823(8,33)
(8,33)213213171(9,33)
(9,33)568275358(9,34)
(10,33)399493245(11,33)
(10,33)625040140(10,34)
(11,33)817572761(12,33)
(12,33)14933990(12,34)
(13,33)25084100(14,33)
(14,33)379461075(15,33)
(15,33)318322042(16,33)
(0,34)1451042659(0,35)
(1,34)592456289(1,35)
(2,34)1(2,35)
(3,34)242474976(4,34)
(3,34)478841551(3,35)
(5,34)990526343(6,34)
(7,34)830365981(7,35)
(8,34)403068011(9,34)
(8,34)373953666(8,35)
(9,34)773446912(10,34)
(9,34)530788967(9,35)
(11,34)788380902(11,35)
(12,34)813465002(13,34)
(13,34)1077683174(13,35)
(14,34)38649718(14,35)
(15,34)1330301183(15,35)
(16,34)1116945487(16,35)
(0,35)518434573(1,35)
(2,35)1(2,36)
(3,35)698312496(4,35)
(3,35)379366797(3,36)
(5,35)522971726(6,35)
(5,35)390848153(5,36)
(6,35)296596980(7,35)
(6,35)52775474(6,36)
(7,35)455843485(8,35)
(7,35)896925393(7,36)
(8,35)827385948(8,36)
(9,35)28264029(10,35)
(9,35)278450030(9,36)
(10,35)311269559(10,36)
(11,35)1124734562(12,35)
(12,35)482417719(13,35)
(12,35)530406424(12,36)
(14,35)505593010(15,35)
(15,35)895873480(15,36)
(16,35)1024027583(16,36)
(0,36)995234140(1,36)
(0,36)198628789(0,37)
(2,36)1(3,36)
(3,36)597010431(4,36)
(3,36)1(3,37)
(4,36)984124220(5,36)
(5,36)649785905(5,37)
(10,36)692458743(11,36)
(12,36)1146137088(13,36)
(13,36)213952386(14,36)
(13,36)1254749154(13,37)
(14,36)695258232(15,36)
(15,36)93155710(16,36)
(15,36)1237979969(15,37)
(0,37)1111800030(0,38)
(1,37)917609663(1,38)
(2,37)298167279(2,38)
(3,37)1(3,38)
(4,37)16922351(4,38)
(6,37)272312086(7,37)
(7,37)359147515(7,38)
(8,37)1195950186(9,37)
(9,37)532495011(10,37)
(10,37)67874133(11,37)
(11,37)240854387(11,38)
(12,37)454806773(13,37)
(14,37)1549495354(15,37)
(15,37)657103124(16,37)
(0,38)193552063(1,38)
(0,38)331016259(0,39)
(2,38)1(3,38)
(2,38)1(2,39)
(3,38)304505404(4,38)
(4,38)837626799(5,38)
(6,38)1196774315(6,39)
(7,38)245240853(8,38)
(8,38)332702450(9,38)
(8,38)100669(8,39)
(9,38)1(10,38)
(9,38)1(9,39)
(10,38)75245562(11,38)
(10,38)1(10,39)
(11,38)1028363610(12,38)
(13,38)933596911(14,38)
(13,38)573666704(13,39)
(14,38)674402557(14,39)
(15,38)1005418816(16,38)
(15,38)172623403(15,39)
(0,39)703571522(1,39)
(1,39)529302443(2,39)
(2,39)274325361(3,39)
(2,39)1(2,40)
(3,39)217161528(3,40)
(4,39)177332700(5,39)
(4,39)129834447(4,40)
(5,39)305564045(5,40)
(6,39)550804899(7,39)
(7,39)310242589(8,39)
(9,39)1(9,40)
(10,39)1(10,40)
(11,39)1(12,39)
(11,39)1(11,40)
(12,39)1(12,40)
(13,39)750679664(13,40)
(15,39)845954166(15,40)
(16,39)312186354(16,40)
(0,40)815774123(0,41)
(1,40)730832933(1,41)
(2,40)1(2,41)
(3,40)263419017(4,40)
(4,40)145186709(4,41)
(5,40)695991608(6,40)
(5,40)240959156(5,41)
(6,40)551201745(7,40)
(6,40)228217069(6,41)
(8,40)1047196295(9,40)
(9,40)1(9,41)
(10,40)1(11,40)
(12,40)1(13,40)
(13,40)1(13,41)
(14,40)144874089(15,40)
(15,40)473903566(16,40)
(16,40)13798878(16,41)
(0,41)94255812(0,42)
(1,41)99885196(1,42)
(2,41)363304213(3,41)
(2,41)1(2,42)
(3,41)79065186(3,42)
(4,41)604263370(4,42)
(6,41)535286141(6,42)
(7,41)442982639(7,42)
(8,41)4744263(8,42)
(9,41)1(10,41)
(10,41)181226513(11,41)
(10,41)1(10,42)
(11,41)286791631(11,42)
(12,41)986478257(12,42)
(13,41)1(14,41)
(14,41)1(14,42)
(15,41)943190495(16,41)
(15,41)1145151225(15,42)
(0,42)877068972(1,42)
(1,42)30387226(1,43)
(2,42)1(2,43)
(3,42)65120356(3,43)
(4,42)832077645(4,43)
(5,42)73673339(6,42)
(5,42)118993446(5,43)
(7,42)1158747661(8,42)
(7,42)78417603(7,43)
(8,42)707255825(8,43)
(9,42)1(10,42)
(9,42)1(9,43)
(11,42)547407330(12,42)
(12,42)858829294(13,42)
(14,42)1(15,42)
(15,42)1(15,43)
(16,42)1069117832(16,43)
(0,43)562390279(1,43)
(0,43)942581876(0,44)
(1,43)185963953(2,43)
(2,43)1(2,44)
(6,43)375444584(7,43)
(8,43)1(9,43)
(8,43)1(8,44)
(9,43)309766496(10,43)
(10,43)457676440(10,44)
(11,43)1316505735(12,43)
(12,43)950881304(12,44)
(13,43)1142930164(14,43)
(14,43)127052251(15,43)
(15,43)1(15,44)
(16,43)689442530(16,44)
(0,44)1114646704(1,44)
(2,44)1(3,44)
(3,44)1(4,44)
(3,44)1131761079(3,45)
(4,44)1(5,44)
(4,44)234262547(4,45)
(5,44)1(6,44)
(5,44)99568484(5,45)
(6,44)1(7,44)
(6,44)107939561(6,45)
(7,44)1(8,44)
(8,44)1199420528(8,45)
(9,44)753959819(10,44)
(10,44)464837581(11,44)
(10,44)1042517543(10,45)
(11,44)116423768(12,44)
(12,44)700287639(13,44)
(13,44)102524643(13,45)
(14,44)764851988(14,45)
(15,44)707184680(16,44)
(15,44)1(15,45)
(0,45)110993018(1,45)
(1,45)493886463(2,45)
(2,45)1060494695(3,45)
(2,45)1242754098(2,46)
(3,45)728149010(3,46)
(6,45)307571472(7,45)
(6,45)219994425(6,46)
(7,45)256804978(7,46)
(8,45)1010764797(9,45)
(9,45)454416748(9,46)
(10,45)570840516(11,45)
(10,45)568122272(10,46)
(12,45)1175989877(13,45)
(12,45)673365159(12,46)
(14,45)592962932(15,45)
(15,45)1(16,45)
(16,45)1(16,46)
(0,46)1453048498(1,46)
(1,46)599529154(2,46)
(2,46)33713861(2,47)
(4,46)816976784(5,46)
(4,46)777635325(4,47)
(6,46)1073781763(6,47)
(7,46)541110115(7,47)
(8,46)461851014(9,46)
(9,46)505185185(9,47)
(11,46)554602408(11,47)
(12,46)111691313(13,46)
(13,46)104852634(14,46)
(13,46)384295879(13,47)
(15,46)808808585(15,47)
(16,46)1(16,47)
(0,47)608034986(0,48)
(1,47)682736626(1,48)
(3,47)234799752(4,47)
(3,47)546389569(3,48)
(5,47)354367395(6,47)
(6,47)25222833(6,48)
(7,47)487073847(8,47)
(9,47)360022300(9,48)
(10,47)100603786(10,48)
(11,47)212295100(12,47)
(11,47)888830763(11,48)
(12,47)993683397(13,47)
(13,47)989230775(14,47)
(15,47)263043320(16,47)
(16,47)1(16,48)
(0,48)31797565(1,48)
(0,48)173506518(0,49)
(1,48)80329499(2,48)
(1,48)456651794(1,49)
(2,48)691451546(3,48)
(3,48)62299853(4,48)
(5,48)87522686(5,49)
(6,48)574596534(7,48)
(7,48)1143849810(8,48)
(7,48)701539807(7,49)
(8,48)934618834(8,49)
(9,48)196095815(10,48)
(10,48)819827984(10,49)
(12,48)831099451(13,48)
(12,48)1336194465(12,49)
(13,48)421825361(14,48)
(14,48)321869343(14,49)
(15,48)495375861(16,48)
(15,48)1460654187(15,49)
(16,48)1(16,49)
(1,49)575705360(2,49)
(2,49)194064088(3,49)
(3,49)461273879(4,49)
(4,49)6938620(5,49)
(5,49)256363941(6,49)
(6,49)313823293(7,49)
(8,49)343886628(9,49)
(10,49)1390387708(11,49)
(11,49)918483162(12,49)
(13,49)386753870(14,49)
