17 200
(0,0)846930886(1,0)
(1,0)1681692777(1,1)
(2,0)424238335(3,0)
(3,0)719885386(3,1)
(4,0)596516649(4,1)
(5,0)1025202362(5,1)
(6,0)1102520059(7,0)
(6,0)783368690(6,1)
(8,0)1365180540(8,1)
(9,0)304089172(9,1)
(10,0)521595368(11,0)
(10,0)35005211(10,1)
(11,0)294702567(11,1)
(12,0)861021530(13,0)
(12,0)336465782(12,1)
(13,0)233665123(14,0)
(13,0)278722862(13,1)
(14,0)468703135(15,0)
(15,0)1101513929(15,1)
(16,0)1315634022(16,1)
(0,1)635723058(0,2)
(1,1)1059961393(2,1)
(1,1)1125898167(1,2)
(2,1)628175011(3,1)
(3,1)1131176229(4,1)
(4,1)859484421(5,1)
(5,1)608413784(6,1)
(6,1)756898537(6,2)
(7,1)149798315(8,1)
(8,1)1129566413(9,1)
(9,1)412776091(10,1)
(9,1)184803526(9,2)
(11,1)137806862(12,1)
(11,1)749241873(11,2)
(12,1)42999170(12,2)
(13,1)511702305(14,1)
(13,1)135497281(13,2)
(15,1)572660336(16,1)
(16,1)1159126505(16,2)
(0,2)805750846(0,3)
(1,2)1100661313(1,3)
(2,2)84353895(3,2)
(3,2)939819582(3,3)
(4,2)1548233367(5,2)
(5,2)610515434(5,3)
(6,2)760313750(7,2)
(7,2)356426808(8,2)
(8,2)945117276(8,3)
(9,2)709393584(10,2)
(10,2)491705403(10,3)
(13,2)1411549676(13,3)
(14,2)943947739(14,3)
(15,2)855636226(15,3)
(0,3)1036140795(1,3)
(1,3)463480570(1,4)
(2,3)317097467(3,3)
(3,3)1376710097(4,3)
(4,3)927612902(4,4)
(5,3)603570492(5,4)
(6,3)660260756(6,4)
(7,3)402724286(8,3)
(7,3)485560280(7,4)
(8,3)593209441(8,4)
(9,3)364228444(10,3)
(9,3)894429689(9,4)
(10,3)221558440(11,3)
(11,3)1063958031(12,3)
(11,3)270744729(11,4)
(14,3)822890675(14,4)
(15,3)631704567(16,3)
(16,3)498777856(16,4)
(0,4)524872353(1,4)
(0,4)1255179497(0,5)
(1,4)1572276965(2,4)
(1,4)327254586(1,5)
(2,4)269455306(2,5)
(3,4)352406219(3,5)
(4,4)160051528(4,5)
(5,4)112805732(5,5)
(6,4)515530019(7,4)
(6,4)378409503(6,5)
(10,4)289700723(11,4)
(10,4)200747796(10,5)
(11,4)168002245(12,4)
(12,4)439493451(13,4)
(12,4)150122846(12,5)
(13,4)990892921(13,5)
(14,4)1231192379(14,5)
(15,4)338888228(16,4)
(15,4)111537764(15,5)
(0,5)438792350(0,6)
(1,5)269441500(1,6)
(2,5)116087764(2,6)
(3,5)8936987(4,5)
(3,5)155324914(3,6)
(5,5)350322227(6,5)
(5,5)387346491(5,6)
(7,5)771151432(8,5)
(8,5)1186452551(8,6)
(9,5)971899228(9,6)
(10,5)213975407(10,6)
(11,5)653468858(12,5)
(14,5)76065818(15,5)
(14,5)1350573793(14,6)
(15,5)1789366143(16,5)
(3,6)1067854538(4,6)
(4,6)352118606(4,7)
(5,6)165344818(6,6)
(6,6)532670688(7,6)
(7,6)492067917(8,6)
(8,6)680466996(9,6)
(9,6)496987743(10,6)
(9,6)706043324(9,7)
(10,6)159259470(10,7)
(11,6)480298490(11,7)
(12,6)1096689772(12,7)
(13,6)1172755590(14,6)
(13,6)601385644(13,7)
(14,6)243268139(15,6)
(15,6)1272469786(16,6)
(15,6)1012502954(15,7)
(0,7)722308542(1,7)
(0,7)968338082(0,8)
(1,7)933110197(2,7)
(2,7)740759355(3,7)
(2,7)6939507(2,8)
(4,7)502278611(4,8)
(5,7)1034949299(6,7)
(6,7)654887343(6,8)
(7,7)392035568(7,8)
(8,7)889023311(9,7)
(8,7)87755422(8,8)
(10,7)745425661(11,7)
(11,7)1308044878(12,7)
(11,7)396473730(11,8)
(12,7)1346811305(12,8)
(13,7)705178736(13,8)
(14,7)434248626(14,8)
(15,7)1402586708(16,7)
(15,7)1470503465(15,8)
(16,7)552473416(16,8)
(0,8)188213258(1,8)
(0,8)1143408282(0,9)
(1,8)559412924(1,9)
(2,8)201305624(3,8)
(3,8)776532036(4,8)
(3,8)238962600(3,9)
(5,8)620145550(6,8)
(6,8)619290071(7,8)
(7,8)407487131(8,8)
(7,8)707900973(7,9)
(8,8)7684930(9,8)
(9,8)711845894(10,8)
(10,8)404158660(10,9)
(13,8)260152959(13,9)
(14,8)824272813(14,9)
(0,9)437116466(0,10)
(1,9)638422090(2,9)
(1,9)1176911340(1,10)
(3,9)1069755936(4,9)
(4,9)349517445(5,9)
(5,9)588219756(5,10)
(6,9)995706887(7,9)
(6,9)1057418418(6,10)
(8,9)387451659(9,9)
(8,9)625032172(8,10)
(10,9)298625210(10,10)
(11,9)1057467587(11,10)
(12,9)382697713(13,9)
(13,9)1070575321(14,9)
(13,9)476667372(13,10)
(14,9)296864819(15,9)
(14,9)260401255(14,10)
(15,9)697517721(16,9)
(2,10)719346228(3,10)
(2,10)1065311705(2,11)
(3,10)846811127(3,11)
(4,10)555996658(5,10)
(5,10)155789224(6,10)
(5,10)324763920(5,11)
(6,10)231602422(6,11)
(7,10)619054081(8,10)
(7,10)780821396(7,11)
(8,10)195740084(9,10)
(8,10)711645630(8,11)
(10,10)570073850(11,10)
(12,10)337739299(13,10)
(12,10)1046741222(12,11)
(14,10)446340713(15,10)
(15,10)915256190(16,10)
(0,11)524688209(1,11)
(0,11)846942590(0,12)
(1,11)700108581(1,12)
(3,11)726371155(3,12)
(4,11)292218004(4,12)
(5,11)11614769(5,12)
(6,11)630668850(7,11)
(7,11)246247255(7,12)
(8,11)105575579(9,11)
(9,11)964445884(9,12)
(10,11)452867621(11,11)
(11,11)1017679567(11,12)
(12,11)213801961(13,11)
(12,11)201690613(12,12)
(13,11)648031326(14,11)
(15,11)110613202(16,11)
(15,11)282828202(15,12)
(16,11)114723506(16,12)
(0,12)982936784(0,13)
(1,12)950390868(2,12)
(2,12)255789528(2,13)
(3,12)1137949908(4,12)
(4,12)777210498(5,12)
(5,12)653448036(5,13)
(6,12)364686248(7,12)
(7,12)1129033333(8,12)
(9,12)501772890(9,13)
(10,12)212251746(11,12)
(10,12)150517567(10,13)
(11,12)364319529(12,12)
(12,12)484238046(13,12)
(13,12)624549797(14,12)
(14,12)767066249(14,13)
(15,12)739273303(15,13)
(16,12)1415505363(16,13)
(0,13)552910253(1,13)
(0,13)78012497(0,14)
(2,13)661761152(3,13)
(3,13)425245975(4,13)
(3,13)474613996(3,14)
(4,13)235649157(5,13)
(4,13)1315209188(4,14)
(6,13)430253414(7,13)
(7,13)677870460(8,13)
(7,13)861543921(7,14)
(8,13)496060028(9,13)
(9,13)1144278050(10,13)
(9,13)828388027(9,14)
(10,13)332266748(10,14)
(11,13)816504794(12,13)
(11,13)31308902(11,14)
(12,13)655858699(13,13)
(13,13)559301039(14,13)
(14,13)1186090428(15,13)
(0,14)669908538(1,14)
(0,14)1498617647(0,15)
(1,14)12895151(2,14)
(2,14)1144522535(2,15)
(3,14)1328104339(3,15)
(4,14)860516127(5,14)
(5,14)777720504(5,15)
(6,14)1455590964(7,14)
(7,14)70636429(8,14)
(7,14)328298285(7,15)
(8,14)136495343(8,15)
(9,14)402903177(9,15)
(11,14)12260289(12,14)
(11,14)2416949(11,15)
(12,14)561717988(13,14)
(12,14)655495367(12,15)
(13,14)1407392292(13,15)
(14,14)733053144(15,14)
(14,14)389040743(14,15)
(16,14)1402961682(16,15)
(0,15)672655340(0,16)
(1,15)337453826(2,15)
(1,15)400000569(1,16)
(2,15)1081174232(2,16)
(4,15)847228023(5,15)
(4,15)410409117(4,16)
(6,15)1175526309(6,16)
(9,15)1061730690(10,15)
(14,15)696947386(14,16)
(15,15)1369602726(16,15)
(15,15)1265204346(15,16)
(1,16)564325578(1,17)
(2,16)358532290(3,16)
(2,16)1010528946(2,17)
(5,16)885799631(5,17)
(6,16)1281830857(6,17)
(7,16)318561886(8,16)
(7,16)1156541312(7,17)
(8,16)70788355(9,16)
(8,16)1243439214(8,17)
(9,16)1112720090(10,16)
(10,16)1106059479(11,16)
(11,16)1051858969(12,16)
(11,16)241909610(11,17)
(12,16)104152274(13,16)
(13,16)826047641(14,16)
(14,16)970925433(15,16)
(15,16)887077888(16,16)
(15,16)309198987(15,17)
(16,16)530498338(16,17)
(0,17)37487770(1,17)
(0,17)873524566(0,18)
(3,17)1025125849(4,17)
(3,17)959372260(3,18)
(4,17)126107205(5,17)
(5,17)159473059(5,18)
(6,17)478034945(7,17)
(7,17)471990783(7,18)
(9,17)941804289(10,17)
(9,17)993967637(9,18)
(12,17)716334471(13,17)
(13,17)470591100(14,17)
(13,17)1152645729(13,18)
(14,17)1025533459(14,18)
(15,17)1001089438(15,18)
(0,18)983631233(1,18)
(0,18)394633074(0,19)
(2,18)553160358(3,18)
(4,18)864101839(5,18)
(4,18)712633417(4,19)
(6,18)410228794(7,18)
(7,18)773319847(8,18)
(7,18)1026413173(7,19)
(9,18)452456682(9,19)
(10,18)235745791(11,18)
(11,18)427355115(12,18)
(11,18)802205057(11,19)
(14,18)126401947(14,19)
(15,18)521035021(16,18)
(16,18)40610537(16,19)
(0,19)19485054(1,19)
(0,19)738393740(0,20)
(1,19)1291554098(2,19)
(3,19)371653516(4,19)
(4,19)1047372231(5,19)
(4,19)962033002(4,20)
(6,19)333582338(7,19)
(7,19)628974580(7,20)
(8,19)786039021(8,20)
(9,19)1021784812(10,19)
(10,19)586235379(10,20)
(11,19)262692685(11,20)
(12,19)1338299904(12,20)
(13,19)395279207(14,19)
(14,19)358984857(15,19)
(14,19)606199759(14,20)
(15,19)435889744(15,20)
(16,19)378469911(16,20)
(0,20)488663950(1,20)
(0,20)272020127(0,21)
(1,20)29777560(2,20)
(2,20)257675105(3,20)
(2,20)345367818(2,21)
(3,20)991810563(3,21)
(4,20)216588711(5,20)
(5,20)151519934(6,20)
(6,20)845563291(6,21)
(7,20)629593614(8,20)
(8,20)524133589(8,21)
(9,20)409544918(10,20)
(10,20)927376882(11,20)
(10,20)74552805(10,21)
(12,20)765326717(12,21)
(13,20)1124311574(14,20)
(13,20)76593093(13,21)
(14,20)431530126(14,21)
(15,20)703550253(16,20)
(0,21)733327814(1,21)
(1,21)107734713(1,22)
(4,21)672032919(4,22)
(5,21)639806732(5,22)
(6,21)406011017(6,22)
(7,21)217871137(8,21)
(7,21)114760235(7,22)
(8,21)524305153(9,21)
(8,21)337745691(8,22)
(9,21)292423943(9,22)
(10,21)124666328(10,22)
(11,21)120306710(12,21)
(12,21)1007277217(13,21)
(13,21)551836836(13,22)
(14,21)362575055(14,22)
(15,21)1751378130(16,21)
(15,21)1022963858(15,22)
(0,22)1250372661(1,22)
(0,22)1130698571(0,23)
(1,22)483689685(2,22)
(2,22)567304789(2,23)
(3,22)35756851(4,22)
(3,22)1155722604(3,23)
(4,22)746349250(5,22)
(5,22)441767868(5,23)
(6,22)659639006(7,22)
(6,22)861109485(6,23)
(9,22)714880226(10,22)
(10,22)460686763(10,23)
(11,22)554290596(11,23)
(12,22)34740865(12,23)
(14,22)690367770(14,23)
(15,22)1131359211(15,23)
(16,22)537322532(16,23)
(0,23)157272379(1,23)
(0,23)550245196(0,24)
(1,23)1104627321(1,24)
(2,23)1140384172(3,23)
(4,23)738647283(5,23)
(5,23)94307398(6,23)
(6,23)10901063(7,23)
(6,23)51245830(6,24)
(7,23)628966950(8,23)
(9,23)1003886059(10,23)
(10,23)410134047(11,23)
(10,23)168057522(10,24)
(12,23)181271232(13,23)
(12,23)93189435(12,24)
(13,23)525829204(13,24)
(14,23)199411898(15,23)
(16,23)356684278(16,24)
(0,24)1022089159(0,25)
(1,24)14989683(2,24)
(2,24)1581539848(3,24)
(4,24)207026272(4,25)
(5,24)217927335(6,24)
(6,24)513937457(7,24)
(6,24)590335821(6,25)
(7,24)204102747(8,24)
(8,24)595311776(9,24)
(9,24)372160269(9,25)
(10,24)207621703(11,24)
(12,24)733450907(12,25)
(13,24)932862806(14,24)
(14,24)695748720(15,24)
(14,24)1404515797(14,25)
(15,24)279121308(16,24)
(16,24)174515334(16,25)
(0,25)294110991(1,25)
(0,25)811742698(0,26)
(1,25)245798898(2,25)
(2,25)1250801052(3,25)
(3,25)452825171(3,26)
(4,25)670752506(5,25)
(4,25)1135771559(4,26)
(6,25)82173109(7,25)
(6,25)262178224(6,26)
(8,25)454333378(8,26)
(9,25)661955081(10,25)
(9,25)343945053(9,26)
(10,25)11671338(11,25)
(11,25)271059426(12,25)
(11,25)1395405989(11,26)
(12,25)180785147(13,25)
(12,25)992028067(12,26)
(15,25)134591281(16,25)
(16,25)101323875(16,26)
(0,26)380390179(1,26)
(1,26)235202254(2,26)
(2,26)833215350(2,27)
(4,26)873199181(5,26)
(4,26)1158381494(4,27)
(6,26)476152433(7,26)
(8,26)209359415(9,26)
(8,26)820097487(8,27)
(9,26)831768825(10,26)
(13,26)1108399134(13,27)
(14,26)1242990415(15,26)
(14,26)1078898506(14,27)
(15,26)63299708(16,26)
(16,26)1623380595(16,27)
(0,27)298501962(1,27)
(1,27)420687483(2,27)
(1,27)309112297(1,28)
(3,27)395191309(4,27)
(4,27)672139932(5,27)
(5,27)226723382(5,28)
(6,27)219544266(6,28)
(7,27)428903682(8,27)
(7,27)580508860(7,28)
(9,27)476564285(10,27)
(10,27)1088590930(10,28)
(11,27)305197314(12,27)
(12,27)1204754116(13,27)
(12,27)632651476(12,28)
(14,27)500037525(14,28)
(15,27)1351538839(15,28)
(0,28)61101360(1,28)
(1,28)1326247643(2,28)
(3,28)164826621(4,28)
(3,28)610506582(3,29)
(4,28)370917955(5,28)
(5,28)772634225(6,28)
(5,28)384370888(5,29)
(6,28)813274570(7,28)
(7,28)216220853(8,28)
(8,28)699460008(8,29)
(9,28)223712350(10,28)
(9,28)1304811783(9,29)
(11,28)787689126(12,28)
(11,28)856363827(11,29)
(12,28)584522071(13,28)
(12,28)846621269(12,29)
(13,28)146533149(14,28)
(14,28)928140528(15,28)
(16,28)989241888(16,29)
(0,29)627992393(1,29)
(0,29)1012836610(0,30)
(1,29)528433890(2,29)
(1,29)481928577(1,30)
(3,29)270754552(3,30)
(4,29)1031126087(4,30)
(5,29)413360099(5,30)
(6,29)629580952(7,29)
(6,29)286448566(6,30)
(7,29)6072641(8,29)
(7,29)396377017(7,30)
(8,29)620089368(9,29)
(10,29)376696776(11,29)
(11,29)96055805(11,30)
(12,29)242588954(13,29)
(13,29)445080308(14,29)
(14,29)1151297278(15,29)
(15,29)1000372555(16,29)
(15,29)1434322197(15,30)
(1,30)415522325(2,30)
(1,30)870305000(1,31)
(2,30)332238283(3,30)
(3,30)695466127(4,30)
(4,30)745598382(4,31)
(7,30)12548159(8,30)
(8,30)411522957(9,30)
(8,30)576994985(8,31)
(9,30)953691761(10,30)
(10,30)507578762(10,31)
(11,30)750167716(12,30)
(11,30)470631541(11,31)
(12,30)915711850(13,30)
(13,30)108375482(14,30)
(13,30)737703662(13,31)
(14,30)202550399(14,31)
(16,30)1119399015(16,31)
(0,31)386839851(1,31)
(0,31)610486506(0,32)
(1,31)942724790(2,31)
(1,31)771476364(1,32)
(3,31)829570037(4,31)
(4,31)301373537(4,32)
(5,31)222028828(5,32)
(6,31)234576987(7,31)
(7,31)342146590(8,31)
(8,31)672563970(9,31)
(9,31)849725352(9,32)
(12,31)44041351(13,31)
(12,31)190113083(12,32)
(13,31)113974112(13,32)
(14,31)85291638(15,31)
(15,31)394709364(16,31)
(16,31)472131489(16,32)
(1,32)991039875(2,32)
(1,32)158136104(1,33)
(2,32)987706141(3,32)
(2,32)878273679(2,33)
(4,32)434290636(5,32)
(6,32)153162844(6,33)
(7,32)825726814(8,32)
(8,32)769304465(8,33)
(9,32)221713886(10,32)
(11,32)411826969(11,33)
(14,32)10150109(15,32)
(15,32)616734673(16,32)
(15,32)404259631(15,33)
(0,33)562395735(0,34)
(1,33)78374295(1,34)
(2,33)752704313(2,34)
(3,33)1186994949(4,33)
(3,33)612353198(3,34)
(5,33)1340157793(5,34)
(6,33)18400960(7,33)
(6,33)929588156(6,34)
(7,33)781098823(8,33)
(8,33)213213171(9,33)
(9,33)568275358(9,34)
(10,33)399493245(11,33)
(10,33)625040140(10,34)
(11,33)817572761(12,33)
(12,33)14933990(12,34)
(13,33)25084100(14,33)
(14,33)379461075(15,33)
(15,33)318322042(16,33)
(0,34)1451042659(0,35)
(1,34)592456289(1,35)
(2,34)333293469(2,35)
(3,34)242474976(4,34)
(3,34)478841551(3,35)
(5,34)990526343(6,34)
(7,34)830365981(7,35)
(8,34)403068011(9,34)
(8,34)373953666(8,35)
(9,34)773446912(10,34)
(9,34)530788967(9,35)
(11,34)788380902(11,35)
(12,34)813465002(13,34)
(13,34)1077683174(13,35)
(14,34)38649718(14,35)
(15,34)1330301183(15,35)
(16,34)1116945487(16,35)
(0,35)518434573(1,35)
(2,35)997276125(2,36)
(3,35)698312496(4,35)
(3,35)379366797(3,36)
(5,35)522971726(6,35)
(5,35)390848153(5,36)
(6,35)296596980(7,35)
(6,35)52775474(6,36)
(7,35)455843485(8,35)
(7,35)896925393(7,36)
(8,35)827385948(8,36)
(9,35)28264029(10,35)
(9,35)278450030(9,36)
(10,35)311269559(10,36)
(11,35)1124734562(12,35)
(12,35)482417719(13,35)
(12,35)530406424(12,36)
(14,35)505593010(15,35)
(15,35)895873480(15,36)
(16,35)1024027583(16,36)
(0,36)995234140(1,36)
(0,36)198628789(0,37)
(2,36)572132557(3,36)
(3,36)597010431(4,36)
(3,36)461152493(3,37)
(4,36)984124220(5,36)
(5,36)649785905(5,37)
(10,36)692458743(11,36)
(12,36)1146137088(13,36)
(13,36)213952386(14,36)
(13,36)1254749154(13,37)
(14,36)695258232(15,36)
(15,36)93155710(16,36)
(15,36)1237979969(15,37)
(0,37)1111800030(0,38)
(1,37)917609663(1,38)
(2,37)298167279(2,38)
(3,37)499429649(3,38)
(4,37)16922351(4,38)
(6,37)272312086(7,37)
(7,37)359147515(7,38)
(8,37)1195950186(9,37)
(9,37)532495011(10,37)
(10,37)67874133(11,37)
(11,37)240854387(11,38)
(12,37)454806773(13,37)
(14,37)1549495354(15,37)
(15,37)657103124(16,37)
(0,38)193552063(1,38)
(0,38)331016259(0,39)
(2,38)819485269(3,38)
(2,38)692981712(2,39)
(3,38)304505404(4,38)
(4,38)837626799(5,38)
(6,38)1196774315(6,39)
(7,38)245240853(8,38)
(8,38)332702450(9,38)
(8,38)100669(8,39)
(9,38)67974802(10,38)
(9,38)660916487(9,39)
(10,38)75245562(11,38)
(10,38)573556837(10,39)
(11,38)1028363610(12,38)
(13,38)933596911(14,38)
(13,38)573666704(13,39)
(14,38)674402557(14,39)
(15,38)1005418816(16,38)
(15,38)172623403(15,39)
(0,39)703571522(1,39)
(1,39)529302443(2,39)
(2,39)274325361(3,39)
(2,39)418646579(2,40)
(3,39)217161528(3,40)
(4,39)177332700(5,39)
(4,39)129834447(4,40)
(5,39)305564045(5,40)
(6,39)550804899(7,39)
(7,39)310242589(8,39)
(9,39)883799426(9,40)
(10,39)962764794(10,40)
(11,39)76277107(12,39)
(11,39)671068506(11,40)
(12,39)338346092(12,40)
(13,39)750679664(13,40)
(15,39)845954166(15,40)
(16,39)312186354(16,40)
(0,40)815774123(0,41)
(1,40)730832933(1,41)
(2,40)86086317(2,41)
(3,40)263419017(4,40)
(4,40)145186709(4,41)
(5,40)695991608(6,40)
(5,40)240959156(5,41)
(6,40)551201745(7,40)
(6,40)228217069(6,41)
(8,40)1047196295(9,40)
(9,40)763148569(9,41)
(10,40)839425676(11,40)
(12,40)959658925(13,40)
(13,40)805251743(13,41)
(14,40)144874089(15,40)
(15,40)473903566(16,40)
(16,40)13798878(16,41)
(0,41)94255812(0,42)
(1,41)99885196(1,42)
(2,41)363304213(3,41)
(2,41)636453333(2,42)
(3,41)79065186(3,42)
(4,41)604263370(4,42)
(6,41)535286141(6,42)
(7,41)442982639(7,42)
(8,41)4744263(8,42)
(9,41)844169939(10,41)
(10,41)181226513(11,41)
(10,41)1033206202(10,42)
(11,41)286791631(11,42)
(12,41)986478257(12,42)
(13,41)1131352346(14,41)
(14,41)848934683(14,42)
(15,41)943190495(16,41)
(15,41)1145151225(15,42)
(0,42)877068972(1,42)
(1,42)30387226(1,43)
(2,42)956134158(2,43)
(3,42)65120356(3,43)
(4,42)832077645(4,43)
(5,42)73673339(6,42)
(5,42)118993446(5,43)
(7,42)1158747661(8,42)
(7,42)78417603(7,43)
(8,42)707255825(8,43)
(9,42)888482339(10,42)
(9,42)44470216(9,43)
(11,42)547407330(12,42)
(12,42)858829294(13,42)
(14,42)192048860(15,42)
(15,42)912194650(15,43)
(16,42)1069117832(16,43)
(0,43)562390279(1,43)
(0,43)942581876(0,44)
(1,43)185963953(2,43)
(2,43)627510635(2,44)
(6,43)375444584(7,43)
(8,43)730199492(9,43)
(8,43)419914800(8,44)
(9,43)309766496(10,43)
(10,43)457676440(10,44)
(11,43)1316505735(12,43)
(12,43)950881304(12,44)
(13,43)1142930164(14,43)
(14,43)127052251(15,43)
(15,43)64564349(15,44)
(16,43)689442530(16,44)
(0,44)1114646704(1,44)
(2,44)1017565625(3,44)
(3,44)1076919591(4,44)
(3,44)1131761079(3,45)
(4,44)266222407(5,44)
(4,44)234262547(4,45)
(5,44)609707131(6,44)
(5,44)99568484(5,45)
(6,44)44804919(7,44)
(6,44)107939561(6,45)
(7,44)838139053(8,44)
(8,44)1199420528(8,45)
(9,44)753959819(10,44)
(10,44)464837581(11,44)
(10,44)1042517543(10,45)
(11,44)116423768(12,44)
(12,44)700287639(13,44)
(13,44)102524643(13,45)
(14,44)764851988(14,45)
(15,44)707184680(16,44)
(15,44)306851320(15,45)
(0,45)110993018(1,45)
(1,45)493886463(2,45)
(2,45)1060494695(3,45)
(2,45)1242754098(2,46)
(3,45)728149010(3,46)
(6,45)307571472(7,45)
(6,45)219994425(6,46)
(7,45)256804978(7,46)
(8,45)1010764797(9,45)
(9,45)454416748(9,46)
(10,45)570840516(11,45)
(10,45)568122272(10,46)
(12,45)1175989877(13,45)
(12,45)673365159(12,46)
(14,45)592962932(15,45)
(15,45)959162035(16,45)
(16,45)703955951(16,46)
(0,46)1453048498(1,46)
(1,46)599529154(2,46)
(2,46)33713861(2,47)
(4,46)816976784(5,46)
(4,46)777635325(4,47)
(5,46)1085206797(6,46)
(6,46)1073781763(6,47)
(7,46)541110115(7,47)
(8,46)461851014(9,46)
(9,46)505185185(9,47)
(11,46)554602408(11,47)
(12,46)111691313(13,46)
(13,46)104852634(14,46)
(13,46)384295879(13,47)
(15,46)808808585(15,47)
(16,46)649022765(16,47)
(0,47)608034986(0,48)
(1,47)682736626(1,48)
(3,47)234799752(4,47)
(3,47)546389569(3,48)
(5,47)354367395(6,47)
(6,47)25222833(6,48)
(7,47)487073847(8,47)
(9,47)360022300(9,48)
(10,47)100603786(10,48)
(11,47)212295100(12,47)
(11,47)888830763(11,48)
(12,47)993683397(13,47)
(13,47)989230775(14,47)
(15,47)263043320(16,47)
(16,47)1038828826(16,48)
(0,48)31797565(1,48)
(0,48)173506518(0,49)
(1,48)80329499(2,48)
(1,48)456651794(1,49)
(2,48)691451546(3,48)
(3,48)62299853(4,48)
(5,48)87522686(5,49)
(6,48)574596534(7,48)
(7,48)1143849810(8,48)
(7,48)701539807(7,49)
(8,48)934618834(8,49)
(9,48)196095815(10,48)
(10,48)819827984(10,49)
(12,48)831099451(13,48)
(12,48)1336194465(12,49)
(13,48)421825361(14,48)
(14,48)321869343(14,49)
(15,48)495375861(16,48)
(16,48)1763360602(16,49)
(1,49)461273879(2,49)
(1,49)194064088(1,50)
(2,49)256363941(3,49)
(2,49)6938620(2,50)
(3,49)313823293(3,50)
(4,49)343886628(4,50)
(5,49)918483162(6,49)
(5,49)1390387708(5,50)
(6,49)386753870(7,49)
(9,49)716898500(9,50)
(10,49)382926234(11,49)
(11,49)574682290(12,49)
(11,49)129183332(11,50)
(12,49)551008693(13,49)
(15,49)1051402293(15,50)
(0,50)95275444(1,50)
(0,50)1245466382(0,51)
(2,50)409098738(2,51)
(4,50)616716465(5,50)
(4,50)1010014811(4,51)
(6,50)322334813(6,51)
(7,50)224048977(8,50)
(8,50)253674535(8,51)
(9,50)636600769(10,50)
(10,50)542314107(11,50)
(11,50)353673391(12,50)
(11,50)340563072(11,51)
(13,50)683309587(14,50)
(13,50)217852623(13,51)
(14,50)680007057(14,51)
(15,50)1925473439(16,50)
(15,50)503458793(15,51)
(0,51)330546620(0,52)
(1,51)356228371(1,52)
(2,51)29860596(3,51)
(3,51)960188534(3,52)
(4,51)209473567(5,51)
(5,51)1353825800(6,51)
(6,51)1089966067(6,52)
(7,51)763447433(8,51)
(7,51)1607500335(7,52)
(8,51)96617457(9,51)
(9,51)503615949(10,51)
(9,51)566112132(9,52)
(10,51)919785523(11,51)
(10,51)437180529(10,52)
(11,51)65785292(12,51)
(12,51)478307629(13,51)
(13,51)745792349(13,52)
(14,51)523782140(15,51)
(15,51)1312313043(16,51)
(15,51)936621968(15,52)
(0,52)1262486766(1,52)
(1,52)634172025(1,53)
(2,52)81458260(3,52)
(2,52)75191653(2,53)
(3,52)284665220(4,52)
(4,52)198619204(5,52)
(5,52)1374631287(5,53)
(8,52)309667127(9,52)
(8,52)556707205(8,53)
(9,52)192433878(9,53)
(10,52)258219170(11,52)
(10,52)104665169(10,53)
(11,52)582972798(12,52)
(14,52)729568616(15,52)
(14,52)245277883(14,53)
(15,52)1538128223(16,52)
(0,53)713355511(1,53)
(2,53)204428608(3,53)
(4,53)1579059895(4,54)
(6,53)1318141009(7,53)
(6,53)1401422376(6,54)
(10,53)251243823(11,53)
(11,53)625321929(11,54)
(12,53)5631942(13,53)
(13,53)398068012(14,53)
(14,53)866596855(15,53)
(15,53)860144854(16,53)
(15,53)242639747(15,54)
(0,54)612203759(1,54)
(0,54)162403134(0,55)
(1,54)366831742(2,54)
(1,54)1138101281(1,55)
(2,54)894869401(3,54)
(2,54)215341973(2,55)
(4,54)310273413(4,55)
(5,54)1064651899(5,55)
(6,54)628257755(7,54)
(7,54)654829090(8,54)
(8,54)612816071(9,54)
(8,54)296528780(8,55)
(9,54)547772603(10,54)
(9,54)429363923(9,55)
(11,54)216272000(11,55)
(12,54)614340012(13,54)
(13,54)285830504(13,55)
(14,54)856979759(14,55)
(15,54)1019382894(16,54)
(0,55)278190158(0,56)
(2,55)1184622626(2,56)
(3,55)405201937(4,55)
(4,55)964263748(5,55)
(4,55)553918865(4,56)
(5,55)1182176620(6,55)
(6,55)259488863(7,55)
(7,55)421101832(8,55)
(7,55)1478705400(7,56)
(8,55)688852786(8,56)
(9,55)201407458(10,55)
(10,55)755526127(11,55)
(10,55)95266356(10,56)
(11,55)709606368(12,55)
(12,55)897534569(13,55)
(13,55)39848341(14,55)
(14,55)438485374(15,55)
(14,55)37623446(14,56)
(15,55)315813605(16,55)
(1,56)861838989(1,57)
(2,56)1267040926(3,56)
(2,56)824722490(2,57)
(4,56)701943705(5,56)
(4,56)871700699(4,57)
(5,56)1131189562(6,56)
(6,56)33165457(6,57)
(9,56)138172497(10,56)
(9,56)7426169(9,57)
(10,56)717032538(11,56)
(12,56)136135018(12,57)
(13,56)574620392(14,56)
(14,56)167368542(15,56)
(15,56)346502533(16,56)
(15,56)251836754(15,57)
(0,57)1113675743(0,58)
(1,57)233233021(2,57)
(1,57)333480550(1,58)
(3,57)1104933720(3,58)
(4,57)88639634(5,57)
(7,57)825791694(7,58)
(8,57)963964191(9,57)
(9,57)203845520(10,57)
(9,57)699045063(9,58)
(10,57)512976554(11,57)
(11,57)339980538(11,58)
(12,57)364531492(12,58)
(13,57)531900034(14,57)
(14,57)284327308(15,57)
(15,57)132629780(16,57)
(15,57)40658094(15,58)
(0,58)365862802(1,58)
(0,58)374138644(0,59)
(1,58)349121784(2,58)
(1,58)576279545(1,59)
(2,58)110341087(3,58)
(4,58)1217038602(5,58)
(5,58)1304438548(6,58)
(6,58)955798986(7,58)
(7,58)859310840(8,58)
(7,58)791251530(7,59)
(9,58)20336956(10,58)
(9,58)855320512(9,59)
(11,58)102194872(12,58)
(11,58)384868448(11,59)
(12,58)916768482(13,58)
(13,58)145376088(14,58)
(14,58)957426576(14,59)
(15,58)1331565220(16,58)
(0,59)318333694(0,60)
(1,59)428674782(2,59)
(2,59)502390523(3,59)
(3,59)524135236(4,59)
(3,59)106242869(3,60)
(5,59)419481884(5,60)
(6,59)54449299(6,60)
(7,59)138700754(7,60)
(8,59)159037710(9,59)
(9,59)237140292(9,60)
(10,59)339335164(11,59)
(10,59)543906158(10,60)
(11,59)1460674641(12,59)
(13,59)861746410(14,59)
(13,59)270617569(13,60)
(15,59)481387902(15,60)
(16,59)1135386147(16,60)
(0,60)405341089(1,60)
(0,60)1571825916(0,61)
(1,60)442482781(1,61)
(2,60)511583958(2,61)
(4,60)233614511(5,60)
(5,60)517408978(6,60)
(6,60)372315265(6,61)
(7,60)531352976(8,60)
(7,60)504038566(7,61)
(8,60)413892161(9,60)
(8,60)1115917669(8,61)
(9,60)1075259134(9,61)
(10,60)388450127(11,60)
(10,60)184794536(10,61)
(11,60)101072999(12,60)
(12,60)659067697(12,61)
(13,60)113766839(14,60)
(14,60)111387570(14,61)
(15,60)1249152986(15,61)
(16,60)141413008(16,61)
(1,61)510770136(2,61)
(1,61)652996966(1,62)
(2,61)427778693(3,61)
(4,61)266795367(5,61)
(4,61)257009719(4,62)
(5,61)1135787096(6,61)
(6,61)202019540(7,61)
(6,61)770833934(6,62)
(7,61)104221117(7,62)
(10,61)327727208(10,62)
(11,61)177312851(11,62)
(12,61)291079690(13,61)
(13,61)69114447(13,62)
(15,61)1084384795(16,61)
(15,61)1107484169(15,62)
(0,62)1595154931(1,62)
(1,62)40776180(2,62)
(1,62)279527351(1,63)
(3,62)297785900(3,63)
(5,62)234686974(5,63)
(7,62)949784416(8,62)
(7,62)727843428(7,63)
(8,62)246088582(9,62)
(8,62)641450052(8,63)
(10,62)423401433(10,63)
(11,62)714481123(12,62)
(12,62)13146790(13,62)
(13,62)909197235(14,62)
(13,62)107230151(13,63)
(15,62)733628447(16,62)
(16,62)639286229(16,63)
(0,63)774404628(1,63)
(0,63)256031502(0,64)
(2,63)1072190528(2,64)
(3,63)358279876(4,63)
(4,63)680503766(5,63)
(5,63)954296984(6,63)
(6,63)698374759(7,63)
(9,63)1063641238(10,63)
(10,63)607382700(10,64)
(11,63)620529490(12,63)
(11,63)220510539(11,64)
(12,63)752064835(12,64)
(14,63)327305250(15,63)
(14,63)1106211926(14,64)
(15,63)435482362(15,64)
(16,63)1101709878(16,64)
(0,64)271826264(0,65)
(1,64)26416758(1,65)
(2,64)384696634(3,64)
(2,64)278608944(2,65)
(3,64)959112711(4,64)
(4,64)61204105(5,64)
(4,64)133286977(4,65)
(5,64)831661736(6,64)
(5,64)219976257(5,65)
(7,64)1069774565(8,64)
(7,64)660064472(7,65)
(9,64)302116632(10,64)
(10,64)150203107(11,64)
(11,64)1054181467(11,65)
(12,64)850377601(13,64)
(13,64)71185160(14,64)
(15,64)1172895038(15,65)
(16,64)296082014(16,65)
(0,65)1129709433(1,65)
(1,65)574690958(1,66)
(2,65)236616554(2,66)
(3,65)297820659(4,65)
(6,65)877062718(7,65)
(6,65)1061537967(6,66)
(7,65)637760029(8,65)
(8,65)406736335(8,66)
(9,65)556939443(10,65)
(9,65)434492631(9,66)
(10,65)346804712(10,66)
(11,65)300819353(11,66)
(12,65)372004513(13,65)
(13,65)346030096(14,65)
(13,65)335558628(13,66)
(15,65)596727699(16,65)
(15,65)642112110(15,66)
(0,66)33252481(1,66)
(1,66)603123090(2,66)
(1,66)1112087195(1,67)
(3,66)4537736(4,66)
(3,66)209419369(3,67)
(5,66)1066075704(5,67)
(6,66)680634295(6,67)
(7,66)353511414(7,67)
(8,66)910450857(9,66)
(9,66)320062251(9,67)
(11,66)450395738(11,67)
(12,66)796425834(13,66)
(13,66)980690626(13,67)
(14,66)1438537945(14,67)
(15,66)507857366(16,66)
(15,66)326551394(15,67)
(0,67)1110980456(1,67)
(1,67)701062795(2,67)
(1,67)1213735047(1,68)
(3,67)863043860(4,67)
(4,67)136864840(4,68)
(5,67)1543678155(5,68)
(6,67)71061648(6,68)
(7,67)981512505(8,67)
(8,67)1035839366(9,67)
(9,67)1206758863(10,67)
(9,67)45299067(9,68)
(11,67)135177290(12,67)
(11,67)912078408(11,68)
(12,67)363159161(13,67)
(12,67)461780768(12,68)
(14,67)689710555(14,68)
(16,67)1045069410(16,68)
(0,68)568637651(0,69)
(1,68)217985588(1,69)
(2,68)1081029448(3,68)
(2,68)452703447(2,69)
(3,68)170253681(4,68)
(4,68)477223956(4,69)
(5,68)241315329(5,69)
(7,68)189409560(8,68)
(8,68)742949164(9,68)
(8,68)1268126901(8,69)
(9,68)749217043(10,68)
(12,68)1102713256(13,68)
(13,68)560413640(13,69)
(14,68)457615859(14,69)
(15,68)1026253510(16,68)
(15,68)68728258(15,69)
(0,69)665680297(1,69)
(0,69)286713846(0,70)
(2,69)441971924(2,70)
(3,69)1844967250(3,70)
(5,69)1162824071(6,69)
(5,69)1212534319(5,70)
(7,69)283467324(7,70)
(8,69)1032684367(9,69)
(8,69)930104896(8,70)
(9,69)593443203(10,69)
(10,69)96198530(10,70)
(11,69)1198911786(12,69)
(12,69)854155594(13,69)
(13,69)303238858(14,69)
(14,69)535297508(15,69)
(14,69)922883852(14,70)
(15,69)1209597698(16,69)
(16,69)1200977805(16,70)
(0,70)429857344(1,70)
(1,70)753554421(2,70)
(2,70)127340947(2,71)
(3,70)693550658(3,71)
(4,70)619480878(4,71)
(5,70)899334107(5,71)
(6,70)722633179(7,70)
(7,70)804046007(7,71)
(8,70)53476175(8,71)
(9,70)1121241302(9,71)
(10,70)172669440(11,70)
(12,70)1467704485(13,70)
(13,70)217010946(14,70)
(13,70)710058106(13,71)
(15,70)1417988751(15,71)
(16,70)202029501(16,71)
(0,71)507611410(1,71)
(1,71)320401392(2,71)
(1,71)329370448(1,72)
(2,71)871000(3,71)
(4,71)813823381(5,71)
(4,71)900205108(4,72)
(5,71)902411556(5,72)
(6,71)1617869388(6,72)
(7,71)867874951(8,71)
(8,71)931336718(9,71)
(8,71)901211983(8,72)
(9,71)1073881423(10,71)
(11,71)755594861(11,72)
(12,71)972605807(13,71)
(12,71)298125972(12,72)
(13,71)70298129(14,71)
(13,71)115206657(13,72)
(14,71)243110911(14,72)
(15,71)1156565744(16,71)
(15,71)272327630(15,72)
(16,71)376875057(16,72)
(0,72)601698078(0,73)
(1,72)602569078(2,72)
(2,72)340606628(3,72)
(2,72)269365760(2,73)
(5,72)553574882(5,73)
(6,72)1421449833(7,72)
(6,72)506959639(6,73)
(8,72)850598623(9,72)
(9,72)810411310(10,72)
(10,72)655154589(11,72)
(11,72)431315644(12,72)
(12,72)770361246(12,73)
(13,72)674426555(13,73)
(15,72)1016499950(15,73)
(16,72)1160475789(16,73)
(0,73)507946550(1,73)
(0,73)447053428(0,74)
(1,73)787660056(2,73)
(2,73)365547042(3,73)
(3,73)841365914(4,73)
(4,73)906183458(5,73)
(4,73)919121924(4,74)
(5,73)193088109(6,73)
(6,73)639138264(7,73)
(6,73)682900658(6,74)
(8,73)78359216(9,73)
(9,73)533424260(10,73)
(9,73)992209118(9,74)
(11,73)218248263(12,73)
(14,73)812426701(14,74)
(15,73)794452111(15,74)
(0,74)76810012(0,75)
(1,74)442357055(2,74)
(2,74)639854683(3,74)
(3,74)689034589(4,74)
(5,74)479834853(6,74)
(6,74)757950880(7,74)
(7,74)900874211(8,74)
(7,74)358104524(7,75)
(8,74)891528784(9,74)
(10,74)158535326(11,74)
(10,74)47830643(10,75)
(12,74)610645107(13,74)
(13,74)1255251761(14,74)
(13,74)656184096(13,75)
(15,74)1481907231(16,74)
(15,74)1190503441(15,75)
(0,75)988992210(0,76)
(1,75)1598171894(1,76)
(2,75)139722835(3,75)
(2,75)1138259617(2,76)
(3,75)545343058(4,75)
(5,75)122125315(6,75)
(5,75)1367858053(5,76)
(6,75)121248617(7,75)
(6,75)159999213(6,76)
(8,75)751002780(9,75)
(8,75)61535680(8,76)
(9,75)220071006(10,75)
(9,75)1099358641(9,76)
(10,75)943116035(11,75)
(11,75)190833023(12,75)
(12,75)1155785752(13,75)
(14,75)930353825(15,75)
(14,75)198805545(14,76)
(16,75)707134463(16,76)
(0,76)669161002(1,76)
(0,76)486006071(0,77)
(1,76)625728906(2,76)
(2,76)243253491(3,76)
(4,76)112028656(5,76)
(6,76)1004642738(7,76)
(7,76)587833102(8,76)
(9,76)168021018(9,77)
(10,76)358854042(11,76)
(11,76)922802942(12,76)
(11,76)351450250(11,77)
(13,76)737654461(14,76)
(14,76)161922596(15,76)
(14,76)606765135(14,77)
(15,76)1092771206(16,76)
(16,76)831083598(16,77)
(1,77)822304435(1,78)
(2,77)615419962(3,77)
(3,77)849580744(3,78)
(4,77)434457257(5,77)
(4,77)568534702(4,78)
(6,77)97611886(7,77)
(6,77)80869451(6,78)
(8,77)281845289(9,77)
(8,77)265632904(8,78)
(9,77)624486946(10,77)
(10,77)633295539(10,78)
(11,77)204742850(12,77)
(11,77)431787582(11,78)
(13,77)811507986(13,78)
(14,77)466747319(14,78)
(15,77)604303818(15,78)
(0,78)847915875(1,78)
(1,78)1036215463(1,79)
(2,78)709163925(3,78)
(3,78)463079269(3,79)
(4,78)218942709(4,79)
(5,78)316554595(6,78)
(5,78)65339680(5,79)
(6,78)12692331(7,78)
(7,78)582187500(7,79)
(9,78)364234956(10,78)
(9,78)186125413(9,79)
(10,78)390868264(11,78)
(11,78)660420424(12,78)
(13,78)959171794(14,78)
(13,78)1127167744(13,79)
(14,78)589130772(15,78)
(14,78)353056618(14,79)
(15,78)286983804(15,79)
(16,78)1437046647(16,79)
(0,79)1323199267(0,80)
(1,79)987059619(1,80)
(2,79)971529848(3,79)
(3,79)103822254(3,80)
(4,79)420376850(5,79)
(6,79)849876229(7,79)
(7,79)61755148(8,79)
(7,79)776624031(7,80)
(8,79)1140858988(9,79)
(10,79)213153954(11,79)
(11,79)865144369(12,79)
(11,79)481762508(11,80)
(15,79)903633726(16,79)
(16,79)377108003(16,80)
(0,80)788513271(1,80)
(0,80)58591440(0,81)
(1,80)1030121288(2,80)
(1,80)366913064(1,81)
(2,80)245491186(3,80)
(2,80)892335526(2,81)
(4,80)969069027(5,80)
(5,80)244930122(6,80)
(5,80)167793078(5,81)
(6,80)229548226(7,80)
(7,80)739068399(8,80)
(8,80)560318023(9,80)
(10,80)573120688(11,80)
(10,80)1042080532(10,81)
(11,80)335531187(12,80)
(12,80)1117726230(13,80)
(13,80)494220239(14,80)
(14,80)819599372(15,80)
(14,80)189258051(14,81)
(15,80)247849492(16,80)
(1,81)352964522(1,82)
(3,81)19063328(4,81)
(3,81)878786386(3,82)
(4,81)1123716509(5,81)
(6,81)356341138(7,81)
(6,81)257164626(6,82)
(7,81)817482649(8,81)
(8,81)64317458(8,82)
(9,81)637438146(10,81)
(10,81)47610720(11,81)
(11,81)281276174(11,82)
(12,81)775496414(13,81)
(13,81)188510062(13,82)
(14,81)436359554(15,81)
(15,81)737582315(16,81)
(15,81)243804735(15,82)
(0,82)73831160(1,82)
(0,82)596769257(0,83)
(1,82)114962507(2,82)
(2,82)783387964(3,82)
(2,82)952617546(2,83)
(4,82)400660703(4,83)
(5,82)757001842(6,82)
(5,82)186015033(5,83)
(7,82)821319300(7,83)
(8,82)715577216(8,83)
(9,82)763187937(10,82)
(9,82)136561149(9,83)
(10,82)135813159(11,82)
(11,82)368046387(12,82)
(12,82)324323221(12,83)
(13,82)760682775(14,82)
(14,82)604969710(15,82)
(15,82)203030386(16,82)
(15,82)327529462(15,83)
(16,82)678800870(16,83)
(0,83)317992893(1,83)
(2,83)118941728(2,84)
(3,83)128419117(3,84)
(4,83)885420959(5,83)
(5,83)602297893(6,83)
(5,83)1397208466(5,84)
(6,83)504760186(7,83)
(8,83)641321335(8,84)
(9,83)777134495(10,83)
(9,83)610564030(9,84)
(10,83)660343702(10,84)
(11,83)22800096(12,83)
(12,83)845997813(12,84)
(13,83)1450967523(14,83)
(14,83)42186306(14,84)
(16,83)150084506(16,84)
(0,84)861798817(1,84)
(1,84)269026234(1,85)
(2,84)104451352(3,84)
(3,84)625288549(3,85)
(4,84)1227586442(5,84)
(6,84)305425913(7,84)
(6,84)397977904(6,85)
(7,84)331557302(8,84)
(7,84)500257692(7,85)
(8,84)915989944(8,85)
(10,84)231366256(10,85)
(11,84)593114526(11,85)
(12,84)643762327(12,85)
(13,84)475853939(14,84)
(14,84)1122249809(15,84)
(15,84)625938445(15,85)
(0,85)371591002(1,85)
(1,85)826782912(1,86)
(2,85)554938157(3,85)
(3,85)76982346(4,85)
(3,85)353592203(3,86)
(4,85)212528560(5,85)
(5,85)147775927(6,85)
(5,85)474960250(5,86)
(6,85)712786252(6,86)
(7,85)1063765871(7,86)
(8,85)810882584(9,85)
(9,85)665636010(10,85)
(9,85)74061048(9,86)
(10,85)20084148(11,85)
(12,85)8293554(12,86)
(13,85)1130543363(14,85)
(14,85)524581324(15,85)
(14,85)263707074(14,86)
(16,85)896172326(16,86)
(0,86)10604139(1,86)
(1,86)201345764(2,86)
(2,86)364196342(2,87)
(3,86)43695777(3,87)
(4,86)191471704(5,86)
(4,86)297510827(4,87)
(7,86)754963290(7,87)
(8,86)1206266994(8,87)
(10,86)475745488(11,86)
(10,86)582513990(10,87)
(11,86)220282619(12,86)
(12,86)217704412(13,86)
(13,86)32321825(14,86)
(13,86)483989693(13,87)
(15,86)831220360(16,86)
(15,86)928494151(15,87)
(0,87)1032566124(1,87)
(0,87)674062382(0,88)
(1,87)496612959(2,87)
(2,87)446703183(3,87)
(2,87)1076261902(2,88)
(3,87)794123786(3,88)
(5,87)375487534(5,88)
(6,87)294124046(7,87)
(6,87)505631809(6,88)
(8,87)1006071125(9,87)
(9,87)361261451(9,88)
(10,87)581544070(11,87)
(10,87)93232173(10,88)
(11,87)310936585(12,87)
(13,87)560711564(14,87)
(14,87)179486052(15,87)
(14,87)413575986(14,88)
(15,87)1087638368(16,87)
(15,87)66493503(15,88)
(1,88)383174967(2,88)
(1,88)140830430(1,89)
(2,88)230891466(2,89)
(4,88)692842292(5,88)
(5,88)487191794(5,89)
(6,88)265939255(7,88)
(6,88)472562275(6,89)
(8,88)627200707(8,89)
(9,88)1208744777(10,88)
(10,88)945229157(10,89)
(11,88)430310992(12,88)
(11,88)126794893(11,89)
(12,88)687506457(13,88)
(13,88)843886978(13,89)
(14,88)753999960(14,89)
(15,88)690471744(16,88)
(15,88)475122431(15,89)
(0,89)615952861(0,90)
(2,89)1580744477(3,89)
(2,89)1045552368(2,90)
(4,89)1591776790(5,89)
(5,89)186391879(6,89)
(5,89)63473287(5,90)
(6,89)991742780(6,90)
(7,89)336728279(8,89)
(7,89)813592586(7,90)
(8,89)966488613(8,90)
(9,89)701807124(10,89)
(10,89)1648609(10,90)
(11,89)689155066(12,89)
(12,89)408671759(12,90)
(13,89)192713458(14,89)
(15,89)139536873(16,89)
(16,89)1059789835(16,90)
(0,90)16570124(1,90)
(0,90)1012707329(0,91)
(1,90)445968158(2,90)
(3,90)1121948088(4,90)
(3,90)366420782(3,91)
(4,90)552812661(5,90)
(6,90)302935500(7,90)
(8,90)675161631(9,90)
(10,90)460552958(10,91)
(11,90)1558349476(11,91)
(13,90)1180082199(13,91)
(14,90)1164585770(14,91)
(15,90)29809451(16,90)
(15,90)126183327(15,91)
(0,91)475777610(1,91)
(0,91)84041882(0,92)
(1,91)866360494(1,92)
(2,91)842198392(2,92)
(4,91)399403847(5,91)
(5,91)109967654(6,91)
(5,91)613932652(5,92)
(6,91)372758355(6,92)
(7,91)1047919986(8,91)
(8,91)697054660(9,91)
(8,91)950615538(8,92)
(9,91)735194528(10,91)
(10,91)1017487483(11,91)
(10,91)107920488(10,92)
(12,91)1029322037(13,91)
(12,91)50086034(12,92)
(13,91)876085544(13,92)
(14,91)905894996(15,91)
(15,91)1239547247(16,91)
(15,91)558410655(15,92)
(1,92)1265596083(2,92)
(1,92)76387350(1,93)
(2,92)117413002(2,93)
(3,92)516816850(4,92)
(3,92)1072628238(3,93)
(4,92)1182595892(5,92)
(6,92)729972835(6,93)
(7,92)596170911(7,93)
(9,92)168488323(10,92)
(11,92)28648726(12,92)
(11,92)218574358(11,93)
(13,92)880944650(14,92)
(13,92)1184154091(13,93)
(14,92)276217690(15,92)
(15,92)115133608(15,93)
(16,92)1148576388(16,93)
(0,93)542090057(1,93)
(0,93)191520958(0,94)
(1,93)1265989390(1,94)
(3,93)649830540(4,93)
(4,93)524897797(4,94)
(5,93)314909341(6,93)
(6,93)659347223(7,93)
(7,93)1026374844(8,93)
(8,93)46811558(8,94)
(9,93)25701533(9,94)
(10,93)54350259(11,93)
(11,93)1268308970(11,94)
(12,93)1769972(13,93)
(12,93)1238504350(12,94)
(14,93)116903580(14,94)
(15,93)308424538(16,93)
(15,93)515814780(15,94)
(16,93)1259042831(16,94)
(1,94)726277479(1,95)
(2,94)1376108019(3,94)
(3,94)523465512(4,94)
(4,94)109450254(5,94)
(4,94)608427746(4,95)
(5,94)1267774969(6,94)
(5,94)218474917(5,95)
(6,94)1244849762(7,94)
(8,94)460362196(9,94)
(9,94)1210215450(9,95)
(10,94)503984129(11,94)
(11,94)415922256(11,95)
(13,94)513912055(14,94)
(13,94)1847344718(13,95)
(14,94)8285608(15,94)
(14,94)298975429(14,95)
(15,94)1772954887(15,95)
(0,95)351748718(0,96)
(1,95)1256772878(1,96)
(2,95)1144963628(2,96)
(3,95)188800835(3,96)
(5,95)829774317(5,96)
(6,95)39533257(7,95)
(6,95)623678685(6,96)
(7,95)1084040881(8,95)
(7,95)219147069(7,96)
(9,95)665228399(9,96)
(10,95)248185889(11,95)
(11,95)1743131527(12,95)
(16,95)1178341976(16,96)
(0,96)1045251304(0,97)
(1,96)678006046(2,96)
(1,96)175821956(1,97)
(3,96)529235706(3,97)
(4,96)112526508(4,97)
(5,96)152059765(6,96)
(7,96)1401808472(7,97)
(8,96)1008057661(9,96)
(9,96)1053514403(9,97)
(10,96)649162283(11,96)
(10,96)411266131(10,97)
(11,96)328386656(12,96)
(12,96)543785591(12,97)
(13,96)371704852(14,96)
(14,96)1286598370(14,97)
(15,96)184366026(16,96)
(16,96)1387516123(16,97)
(0,97)862372072(1,97)
(1,97)1008620975(2,97)
(1,97)1051030530(1,98)
(2,97)23637094(3,97)
(3,97)869439259(4,97)
(5,97)300248473(6,97)
(6,97)527532074(6,98)
(8,97)1092059772(9,97)
(8,97)713475737(8,98)
(10,97)127758874(11,97)
(10,97)486363501(10,98)
(12,97)130644815(13,97)
(13,97)1123598167(13,98)
(14,97)1307964193(15,97)
(15,97)1151572322(15,98)
(16,97)22852617(16,98)
(0,98)120214107(1,98)
(0,98)55119204(0,99)
(1,98)78756298(2,98)
(2,98)136416008(3,98)
(3,98)367085193(4,98)
(4,98)702833817(4,99)
(5,98)362795150(6,98)
(5,98)894617267(5,99)
(6,98)282723354(7,98)
(7,98)589306240(8,98)
(8,98)291425259(9,98)
(8,98)82095572(8,99)
(9,98)209854446(10,98)
(10,98)50365223(10,99)
(11,98)181010038(12,98)
(11,98)208591742(11,99)
(14,98)973294814(15,98)
(14,98)1124220263(14,99)
(15,98)1179339467(16,98)
(16,98)1093508921(16,99)
(0,99)486577616(0,100)
(1,99)622993624(2,99)
(1,99)187386865(1,100)
(2,99)554472058(3,99)
(2,99)956774406(2,100)
(5,99)452947988(5,100)
(6,99)617409831(6,100)
(7,99)908835090(8,99)
(9,99)883109859(10,99)
(10,99)84870791(10,100)
(11,99)57518732(12,99)
(11,99)771893916(11,100)
(12,99)854428386(12,100)
(13,99)1181738995(13,100)
(14,99)213594814(15,99)
(15,99)773748473(15,100)
(0,100)2846977(1,100)
(0,100)961135338(0,101)
(1,100)280981337(1,101)
(3,100)869813362(4,100)
(3,100)817213073(3,101)
(4,100)401542104(5,100)
(5,100)584401425(6,100)
(6,100)248574635(7,100)
(6,100)67966707(6,101)
(7,100)554841746(7,101)
(8,100)1207774949(8,101)
(9,100)200501653(10,100)
(9,100)29116548(9,101)
(10,100)86635281(11,100)
(10,100)62361873(10,101)
(12,100)735169591(13,100)
(13,100)924279777(13,101)
(14,100)304133130(15,100)
(15,100)322569755(16,100)
(15,100)806176022(15,101)
(16,100)306980108(16,101)
(0,101)1087157360(0,102)
(1,101)176356569(2,101)
(2,101)357984240(3,101)
(2,101)507906577(2,102)
(3,101)909448681(4,101)
(4,101)302905192(5,101)
(5,101)977415389(5,102)
(6,101)857746939(6,102)
(7,101)148214896(8,101)
(8,101)950777694(8,102)
(9,101)210576770(9,102)
(10,101)94097161(11,101)
(10,101)262021414(10,102)
(11,101)997191005(12,101)
(11,101)158303604(11,102)
(13,101)358625421(13,102)
(14,101)681195176(15,101)
(14,101)298965069(14,102)
(16,101)371888680(16,102)
(1,102)879795257(1,103)
(3,102)1173369081(3,103)
(4,102)619175679(4,103)
(5,102)294151249(5,103)
(6,102)442366146(7,102)
(6,102)126257224(6,103)
(7,102)344130872(7,103)
(8,102)652942916(8,103)
(12,102)940443437(13,102)
(12,102)951186440(12,103)
(14,102)570240349(15,102)
(14,102)422449966(14,103)
(0,103)868272669(1,103)
(0,103)736581905(0,104)
(1,103)378342196(2,103)
(1,103)1266218466(1,104)
(2,103)702622777(3,103)
(3,103)1013825605(4,103)
(3,103)997517875(3,104)
(4,103)390871053(5,103)
(6,103)735001925(6,104)
(8,103)691639518(9,103)
(8,103)68801443(8,104)
(9,103)661362461(10,103)
(10,103)394062426(11,103)
(10,103)309572886(10,104)
(13,103)148420696(14,103)
(14,103)1065093662(15,103)
(14,103)954233518(14,104)
(15,103)1690815424(16,103)
(15,103)133656396(15,104)
(2,104)693866392(3,104)
(2,104)919191847(2,105)
(3,104)951788018(3,105)
(4,104)243444543(5,104)
(5,104)159897004(6,104)
(6,104)188043983(6,105)
(7,104)879683501(8,104)
(7,104)228698447(7,105)
(8,104)890060908(9,104)
(10,104)291789062(11,104)
(10,104)355126162(10,105)
(11,104)1452573032(12,104)
(13,104)881865366(14,104)
(13,104)259322902(13,105)
(15,104)882263958(16,104)
(15,104)667748050(15,105)
(0,105)837277950(1,105)
(0,105)347788837(0,106)
(1,105)1041655229(2,105)
(1,105)643520498(1,106)
(3,105)728120804(3,106)
(4,105)888017808(5,105)
(5,105)73070847(5,106)
(6,105)1116716255(6,106)
(7,105)945877108(7,106)
(8,105)568008764(9,105)
(9,105)286316151(10,105)
(9,105)214419677(9,106)
(11,105)103087854(11,106)
(12,105)984953220(13,105)
(13,105)746926210(13,106)
(14,105)1629190168(15,105)
(15,105)1453298941(15,106)
(16,105)318984471(16,106)
(2,106)1622782493(2,107)
(3,106)363316653(4,106)
(5,106)871418852(6,106)
(7,106)543326572(8,106)
(7,106)865945941(7,107)
(9,106)1073255162(10,106)
(9,106)311647339(9,107)
(11,106)92819519(12,106)
(12,106)433573769(13,106)
(12,106)175627016(12,107)
(14,106)1598527249(15,106)
(16,106)345705290(16,107)
(0,107)1591644042(1,107)
(1,107)1929962103(2,107)
(2,107)184320788(3,107)
(2,107)1050760512(2,108)
(3,107)80201211(4,107)
(4,107)572561811(5,107)
(5,107)856196471(6,107)
(5,107)55519019(5,108)
(6,107)598845591(7,107)
(7,107)443286196(8,107)
(7,107)262458924(7,108)
(8,107)910492930(8,108)
(9,107)339193736(10,107)
(10,107)40317565(10,108)
(11,107)473891334(12,107)
(11,107)514820752(11,108)
(12,107)172154289(13,107)
(13,107)840536404(14,107)
(13,107)213280396(13,108)
(14,107)148472296(14,108)
(15,107)85357096(16,107)
(15,107)1186241694(15,108)
(0,108)1007245829(0,109)
(1,108)396926156(1,109)
(2,108)477127367(3,108)
(3,108)141540322(4,108)
(4,108)532646386(4,109)
(5,108)1131491977(6,108)
(8,108)233694996(9,108)
(9,108)1055640066(9,109)
(10,108)748515749(10,109)
(11,108)920670038(12,108)
(11,108)460467935(11,109)
(14,108)1154499430(15,108)
(14,108)339762386(14,109)
(15,108)990982690(15,109)
(16,108)1022334982(16,109)
(0,109)391091185(1,109)
(1,109)591313492(1,110)
(2,109)732853814(3,109)
(3,109)250198952(3,110)
(4,109)165418241(4,110)
(5,109)41268864(6,109)
(5,109)196285753(5,110)
(6,109)1211608254(7,109)
(8,109)686730762(9,109)
(8,109)119764672(8,110)
(9,109)110919287(9,110)
(10,109)1031589325(11,109)
(11,109)300719389(12,109)
(12,109)741957620(13,109)
(13,109)640481776(13,110)
(15,109)973365509(16,109)
(16,109)231097529(16,110)
(0,110)690918075(1,110)
(0,110)573912269(0,111)
(2,110)941117027(2,111)
(3,110)175324309(4,110)
(5,110)1107713080(6,110)
(6,110)813920038(7,110)
(6,110)981725170(6,111)
(7,110)1227477752(7,111)
(8,110)924839325(8,111)
(9,110)668170982(9,111)
(10,110)968890371(11,110)
(11,110)568388370(12,110)
(12,110)869940457(13,110)
(13,110)153845032(13,111)
(14,110)1127210541(15,110)
(14,110)852539234(14,111)
(0,111)585733938(1,111)
(0,111)863617753(0,112)
(1,111)563436826(2,111)
(1,111)611761996(1,112)
(2,111)787086305(3,111)
(3,111)459541652(3,112)
(4,111)91119157(4,112)
(5,111)258129326(5,112)
(6,111)647248836(6,112)
(8,111)447272592(8,112)
(9,111)1202969762(9,112)
(10,111)1401016538(10,112)
(11,111)123473348(12,111)
(11,111)878051463(11,112)
(12,111)179946307(13,111)
(13,111)904930058(14,111)
(14,111)254980437(15,111)
(15,111)576556433(16,111)
(15,111)575575027(15,112)
(16,111)840714375(16,112)
(0,112)1187337023(0,113)
(1,112)751148990(1,113)
(2,112)27553146(3,112)
(4,112)823098032(5,112)
(4,112)285682472(4,113)
(5,112)64784082(6,112)
(6,112)895610196(7,112)
(6,112)505492905(6,113)
(7,112)512056675(7,113)
(10,112)658787454(10,113)
(11,112)838733761(12,112)
(12,112)257620370(13,112)
(12,112)349851601(12,113)
(13,112)604832038(14,112)
(14,112)833195397(14,113)
(16,112)120738486(16,113)
(0,113)49211756(0,114)
(1,113)76764902(2,113)
(2,113)592095745(3,113)
(3,113)441145323(4,113)
(3,113)362447374(3,114)
(4,113)427231456(5,113)
(4,113)111166929(4,114)
(7,113)720024122(8,113)
(8,113)532844230(9,113)
(8,113)193836679(8,114)
(10,113)70061690(11,113)
(11,113)143154913(12,113)
(12,113)522359337(13,113)
(12,113)621734132(12,114)
(14,113)849399083(15,113)
(16,113)549387536(16,114)
(1,114)167434826(1,115)
(2,114)608580149(3,114)
(2,114)308846135(2,115)
(5,114)351205738(6,114)
(6,114)247906197(7,114)
(7,114)349281413(8,114)
(7,114)545042417(7,115)
(8,114)112718116(9,114)
(9,114)234815955(9,115)
(10,114)30245415(10,115)
(11,114)552604753(12,114)
(11,114)171029949(11,115)
(13,114)56236614(14,114)
(13,114)373026856(13,115)
(14,114)242660715(15,114)
(15,114)940218397(16,114)
(15,114)605624150(15,115)
(16,114)189059476(16,115)
(0,115)773058976(0,116)
(1,115)497905611(1,116)
(2,115)827592008(2,116)
(3,115)789373855(3,116)
(4,115)1140579593(5,115)
(4,115)761865277(4,116)
(5,115)1009771475(6,115)
(7,115)489005601(7,116)
(8,115)38301418(9,115)
(8,115)86690306(8,116)
(9,115)464661174(10,115)
(10,115)233706647(11,115)
(10,115)209331367(10,116)
(12,115)606733503(12,116)
(14,115)419786226(15,115)
(14,115)333359469(14,116)
(0,116)340573924(1,116)
(0,116)1536359305(0,117)
(1,116)622858860(2,116)
(2,116)1129947779(2,117)
(3,116)123043725(4,116)
(4,116)247011964(5,116)
(4,116)1264448664(4,117)
(5,116)1116323015(6,116)
(6,116)736017566(6,117)
(8,116)1140624109(8,117)
(9,116)983650352(9,117)
(10,116)966491027(11,116)
(12,116)682974831(13,116)
(12,116)446058856(12,117)
(13,116)865845082(14,116)
(14,116)359202788(15,116)
(15,116)1110304183(16,116)
(16,116)699776712(16,117)
(1,117)1656541449(2,117)
(2,117)970403532(2,118)
(3,117)1217415497(4,117)
(3,117)773506466(3,118)
(5,117)925988871(6,117)
(6,117)580268399(7,117)
(6,117)945359154(6,118)
(7,117)465550001(8,117)
(9,117)382926131(10,117)
(10,117)724148075(11,117)
(11,117)828984987(11,118)
(13,117)336135205(14,117)
(14,117)346780946(15,117)
(15,117)1035911917(15,118)
(0,118)1065042992(1,118)
(0,118)718152760(0,119)
(1,118)523437329(2,118)
(1,118)902863873(1,119)
(4,118)915892857(5,118)
(5,118)359013537(6,118)
(5,118)378770797(5,119)
(6,118)844320799(7,118)
(6,118)835022190(6,119)
(8,118)158374771(9,118)
(8,118)501560353(8,119)
(10,118)770571220(11,118)
(11,118)534706181(12,118)
(12,118)7047983(12,119)
(13,118)353828929(14,118)
(13,118)48522001(13,119)
(15,118)286289270(15,119)
(16,118)522066537(16,119)
(0,119)1189153143(0,120)
(1,119)1161948866(2,119)
(1,119)213132347(1,120)
(3,119)427107603(4,119)
(3,119)940694003(3,120)
(4,119)25314788(4,120)
(6,119)1075156181(6,120)
(7,119)1233530952(8,119)
(8,119)449420721(9,119)
(8,119)203684112(8,120)
(9,119)974255332(10,119)
(9,119)73407063(9,120)
(10,119)608113244(11,119)
(11,119)981303315(11,120)
(12,119)1335132244(13,119)
(12,119)656635246(12,120)
(13,119)113658790(14,119)
(14,119)468431721(15,119)
(15,119)663091009(16,119)
(15,119)635725327(15,120)
(0,120)848857675(0,121)
(1,120)495401666(2,120)
(2,120)618250231(2,121)
(3,120)520716454(3,121)
(5,120)285839403(6,120)
(6,120)614064335(6,121)
(7,120)1063485056(8,120)
(7,120)489523515(7,121)
(8,120)5084672(8,121)
(9,120)568062975(9,121)
(10,120)297598514(10,121)
(11,120)1269833163(11,121)
(12,120)934491586(12,121)
(13,120)1402923307(14,120)
(13,120)1106668624(13,121)
(15,120)720591308(16,120)
(0,121)893623017(0,122)
(1,121)821687849(2,121)
(3,121)979577822(4,121)
(4,121)150238230(5,121)
(4,121)534186872(4,122)
(5,121)465864481(6,121)
(6,121)509643566(7,121)
(7,121)470949153(7,122)
(8,121)1077706541(8,122)
(9,121)253655458(9,122)
(10,121)206496585(10,122)
(12,121)731571083(13,121)
(12,121)845571192(12,122)
(13,121)467847177(14,121)
(14,121)34829832(15,121)
(15,121)870376242(16,121)
(1,122)1521802050(2,122)
(1,122)840048586(1,123)
(3,122)1706701148(4,122)
(4,122)374369755(5,122)
(5,122)198979245(5,123)
(6,122)155036189(7,122)
(6,122)845318908(6,123)
(7,122)705651378(7,123)
(8,122)408691647(8,123)
(9,122)147594215(10,122)
(10,122)575938993(10,123)
(11,122)993165407(11,123)
(12,122)892705979(12,123)
(13,122)927535811(14,122)
(14,122)7155895(15,122)
(15,122)914453810(16,122)
(15,122)30874969(15,123)
(0,123)288772212(1,123)
(0,123)870923556(0,124)
(1,123)543066317(2,123)
(2,123)667416757(3,123)
(2,123)197277486(2,124)
(3,123)571647241(4,123)
(9,123)618411204(10,123)
(10,123)978220440(11,123)
(10,123)423399815(10,124)
(12,123)291169347(13,123)
(12,123)115000093(12,124)
(13,123)122155988(14,123)
(14,123)322044317(14,124)
(15,123)1192967873(16,123)
(16,123)21363101(16,124)
(0,124)782091583(0,125)
(1,124)218640587(1,125)
(2,124)790287828(3,124)
(3,124)686714201(4,124)
(3,124)168420696(3,125)
(4,124)59770330(4,125)
(5,124)1258718810(6,124)
(5,124)681678003(5,125)
(6,124)472493080(6,125)
(7,124)298662559(7,125)
(8,124)917073764(9,124)
(9,124)326127303(9,125)
(10,124)63056055(11,124)
(10,124)280707300(10,125)
(11,124)571876647(12,124)
(11,124)540380270(11,125)
(12,124)662536258(13,124)
(13,124)893920964(13,125)
(14,124)336428585(14,125)
(15,124)1118520168(16,124)
(15,124)782630773(15,125)
(0,125)420544861(1,125)
(0,125)1001271361(0,126)
(1,125)925357509(1,126)
(2,125)588965557(2,126)
(4,125)962564682(5,125)
(4,125)146266066(4,126)
(5,125)103827878(5,126)
(6,125)6555366(7,125)
(7,125)30817357(8,125)
(8,125)332682669(8,126)
(9,125)311524657(9,126)
(10,125)335635625(10,126)
(12,125)38199531(13,125)
(13,125)1334600469(13,126)
(14,125)305636989(15,125)
(14,125)820830304(14,126)
(16,125)726181851(16,126)
(0,126)22557051(0,127)
(2,126)946482206(3,126)
(2,126)1170023078(2,127)
(4,126)1050310085(4,127)
(5,126)1056865451(6,126)
(7,126)868740800(8,126)
(9,126)324591026(10,126)
(10,126)55064662(11,126)
(10,126)1062218704(10,127)
(11,126)1100418235(12,126)
(14,126)768356649(14,127)
(15,126)790913700(16,126)
(15,126)274000323(15,127)
(16,126)914560116(16,127)
(0,127)278058814(1,127)
(1,127)388146290(2,127)
(3,127)1438456375(3,128)
(4,127)347838179(5,127)
(5,127)298200077(6,127)
(5,127)541082060(5,128)
(7,127)1375189497(8,127)
(8,127)63980824(9,127)
(8,127)466715638(8,128)
(9,127)521780300(10,127)
(9,127)289924554(9,128)
(10,127)1390342789(11,127)
(10,127)18410471(10,128)
(12,127)1164107681(12,128)
(13,127)612490591(14,127)
(13,127)310440579(13,128)
(14,127)1101354279(15,127)
(0,128)1464150254(0,129)
(1,128)1290883088(1,129)
(2,128)758479703(3,128)
(3,128)407405279(3,129)
(4,128)705605356(5,128)
(5,128)561900975(6,128)
(5,128)791788160(5,129)
(6,128)19494010(7,128)
(6,128)444995154(6,129)
(7,128)508975978(8,128)
(8,128)309418564(8,129)
(9,128)527386450(9,129)
(10,128)69470380(11,128)
(11,128)626138954(12,128)
(11,128)716385387(11,129)
(12,128)379910959(12,129)
(13,128)211919533(13,129)
(14,128)708443037(14,129)
(15,128)25109644(16,128)
(15,128)713194684(15,129)
(0,129)1411463558(1,129)
(1,129)615073828(2,129)
(2,129)710887989(3,129)
(3,129)376990546(4,129)
(4,129)329052918(5,129)
(5,129)821985700(5,130)
(7,129)760582799(8,129)
(10,129)553596803(11,129)
(11,129)160245820(11,130)
(13,129)4880533(14,129)
(14,129)207222095(14,130)
(15,129)63816220(16,129)
(15,129)807319332(15,130)
(0,130)678890048(1,130)
(0,130)316321813(0,131)
(1,130)1027209802(2,130)
(1,130)950561927(1,131)
(2,130)446041991(2,131)
(3,130)775094909(4,130)
(3,130)382402303(3,131)
(4,130)2054525(4,131)
(6,130)745863593(7,130)
(7,130)825060319(8,130)
(7,130)1043880685(7,131)
(8,130)824215546(9,130)
(8,130)673321442(8,131)
(9,130)777828487(9,131)
(10,130)984461366(10,131)
(11,130)478488777(12,130)
(13,130)685710872(13,131)
(14,130)749527092(15,130)
(14,130)657150799(14,131)
(15,130)973472612(16,130)
(2,131)502070392(3,131)
(2,131)235601070(2,132)
(4,131)219700272(5,131)
(4,131)487351186(4,132)
(5,131)1233214779(6,131)
(6,131)258944095(7,131)
(9,131)924774222(9,132)
(10,131)830921752(10,132)
(11,131)680753219(12,131)
(11,131)703354089(11,132)
(12,131)325659789(13,131)
(13,131)691017315(14,131)
(14,131)163892983(15,131)
(15,131)931702944(16,131)
(16,131)17091749(16,132)
(0,132)1846409938(0,133)
(1,132)200996683(2,132)
(1,132)252692819(1,133)
(2,132)245382704(3,132)
(3,132)688347869(3,133)
(5,132)186297783(5,133)
(6,132)126610639(7,132)
(7,132)519102393(8,132)
(7,132)974983157(7,133)
(9,132)307164213(10,132)
(10,132)479615166(10,133)
(11,132)805274956(12,132)
(11,132)248654437(11,133)
(12,132)939671752(13,132)
(14,132)816636480(15,132)
(14,132)911622560(14,133)
(15,132)610548850(16,132)
(16,132)632968966(16,133)
(0,133)811545533(1,133)
(2,133)406185994(3,133)
(4,133)592483778(4,134)
(5,133)719094417(6,133)
(5,133)807103978(5,134)
(6,133)345234555(6,134)
(7,133)121495633(8,133)
(8,133)528746868(8,134)
(9,133)412040584(10,133)
(9,133)601110799(9,134)
(10,133)178814282(10,134)
(11,133)1118486034(12,133)
(12,133)870845388(13,133)
(12,133)1291319291(12,134)
(14,133)493173797(15,133)
(14,133)125544207(14,134)
(15,133)593441089(15,134)
(0,134)1533193837(1,134)
(1,134)335612604(2,134)
(1,134)657129085(1,135)
(3,134)335486058(4,134)
(3,134)928096382(3,135)
(4,134)590721820(4,135)
(5,134)680720613(5,135)
(6,134)802216246(7,134)
(7,134)298191412(7,135)
(8,134)710231996(9,134)
(10,134)350162945(11,134)
(10,134)195986667(10,135)
(12,134)232787891(12,135)
(13,134)725961688(14,134)
(14,134)359978009(14,135)
(15,134)289404619(16,134)
(16,134)211022298(16,135)
(0,135)625017223(1,135)
(0,135)540326456(0,136)
(1,135)323944298(2,135)
(3,135)914666118(3,136)
(4,135)44979982(4,136)
(5,135)847196228(6,135)
(5,135)175523541(5,136)
(7,135)103039626(7,136)
(8,135)765268780(9,135)
(8,135)607546728(8,136)
(9,135)957709673(10,135)
(10,135)807869145(11,135)
(10,135)571333576(10,136)
(11,135)337870496(12,135)
(13,135)678073870(14,135)
(13,135)697848505(13,136)
(15,135)192499433(16,135)
(15,135)889096169(15,136)
(0,136)516443731(1,136)
(1,136)1429612496(2,136)
(1,136)1017900305(1,137)
(2,136)1431109849(2,137)
(4,136)174305058(5,136)
(4,136)98760957(4,137)
(6,136)495089358(7,136)
(6,136)277344685(6,137)
(8,136)892403529(9,136)
(8,136)236126447(8,137)
(9,136)1613947041(9,137)
(11,136)896757354(11,137)
(12,136)502182394(12,137)
(14,136)316443745(14,137)
(15,136)234313225(16,136)
(16,136)65509192(16,137)
(0,137)1663925721(1,137)
(2,137)991034551(2,138)
(3,137)1165339609(4,137)
(4,137)266911191(4,138)
(5,137)762000549(6,137)
(6,137)337814111(7,137)
(7,137)881759(8,137)
(7,137)998126997(7,138)
(10,137)791396296(10,138)
(11,137)218743872(12,137)
(11,137)110793789(11,138)
(13,137)693807394(14,137)
(13,137)535187618(13,138)
(14,137)769500843(15,137)
(14,137)406967877(14,138)
(15,137)231606753(16,137)
(16,137)285942916(16,138)
(0,138)108451979(0,139)
(1,138)1276977467(1,139)
(2,138)294833428(3,138)
(3,138)1147388315(4,138)
(4,138)454235975(5,138)
(5,138)255866545(5,139)
(6,138)256748305(7,138)
(8,138)1488220734(9,138)
(8,138)193047510(8,139)
(10,138)209658435(11,138)
(11,138)1051760182(12,138)
(11,138)978481700(11,139)
(12,138)744846053(12,139)
(14,138)284122032(14,139)
(15,138)392574011(16,138)
(0,139)929783631(0,140)
(1,139)1224617059(2,139)
(2,139)495842816(3,139)
(3,139)814651134(3,140)
(4,139)742499321(5,139)
(4,139)751709361(4,140)
(5,139)1008457666(6,139)
(6,139)616250886(7,139)
(6,139)474625012(6,140)
(8,139)1035244944(9,139)
(8,139)607165449(8,140)
(9,139)816823884(10,139)
(10,139)318653156(11,139)
(12,139)928533185(13,139)
(14,139)67744487(15,139)
(14,139)581339349(14,140)
(15,139)1511122980(16,139)
(15,139)842566590(15,140)
(0,140)588256391(1,140)
(0,140)191021091(0,141)
(1,140)686863907(2,140)
(3,140)1438573268(3,141)
(4,140)299547287(5,140)
(5,140)472548211(5,141)
(6,140)287910310(7,140)
(7,140)388813760(8,140)
(8,140)669635244(9,140)
(9,140)255056757(9,141)
(10,140)83821533(10,141)
(11,140)1012354718(12,140)
(12,140)823586388(13,140)
(12,140)1468759325(12,141)
(16,140)1545589791(16,141)
(0,141)396554328(1,141)
(1,141)178069004(2,141)
(1,141)801013669(1,142)
(2,141)798936868(3,141)
(3,141)954947677(3,142)
(4,141)200593589(5,141)
(4,141)1271485079(4,142)
(5,141)1488243700(5,142)
(6,141)53404949(6,142)
(7,141)723040194(8,141)
(7,141)1114198673(7,142)
(8,141)987655112(9,141)
(9,141)806861727(9,142)
(10,141)491009120(10,142)
(11,141)1099495096(11,142)
(12,141)488515260(13,141)
(13,141)75276617(14,141)
(13,141)833264839(13,142)
(14,141)542955260(15,141)
(15,141)581101110(16,141)
(16,141)939509589(16,142)
(0,142)759170114(1,142)
(0,142)274396429(0,143)
(1,142)627153538(1,143)
(2,142)614344774(3,142)
(3,142)197334728(3,143)
(6,142)543672876(7,142)
(6,142)723445143(6,143)
(8,142)1350534604(8,143)
(9,142)54625727(9,143)
(10,142)399540075(10,143)
(11,142)140210619(11,143)
(12,142)215487236(13,142)
(12,142)55002427(12,143)
(13,142)597957687(14,142)
(13,142)651233494(13,143)
(14,142)1232334604(15,142)
(0,143)17137166(0,144)
(1,143)631481940(2,143)
(3,143)843180921(4,143)
(3,143)586586766(3,144)
(4,143)271265405(5,143)
(4,143)1145999278(4,144)
(7,143)892723111(7,144)
(8,143)1184868399(8,144)
(9,143)406605987(10,143)
(10,143)528215004(11,143)
(11,143)123204721(12,143)
(11,143)461608414(11,144)
(13,143)264299455(14,143)
(14,143)449549730(14,144)
(15,143)466686896(16,143)
(15,143)108320526(15,144)
(1,144)844342337(2,144)
(2,144)741572589(3,144)
(4,144)160715005(4,145)
(5,144)1290957677(6,144)
(6,144)277769586(6,145)
(7,144)45276451(8,144)
(7,144)328342428(7,145)
(8,144)734948415(9,144)
(8,144)777374883(8,145)
(10,144)76198656(11,144)
(11,144)108639282(12,144)
(11,144)337554739(11,145)
(12,144)601854194(13,144)
(13,144)558189012(13,145)
(15,144)229150462(16,144)
(15,144)475555382(15,145)
(0,145)1073492800(1,145)
(0,145)373947051(0,146)
(2,145)916350768(2,146)
(3,145)301397243(4,145)
(4,145)419708675(5,145)
(5,145)207697603(6,145)
(5,145)579166829(5,146)
(6,145)624443280(7,145)
(6,145)748051103(6,146)
(7,145)985072486(7,146)
(8,145)143178726(9,145)
(9,145)653635872(10,145)
(9,145)532072699(9,146)
(10,145)640711981(11,145)
(10,145)480733465(10,146)
(11,145)541909246(11,146)
(12,145)205523763(13,145)
(13,145)76293255(14,145)
(14,145)681079145(14,146)
(15,145)1055026196(16,145)
(15,145)51854353(15,146)
(16,145)947921995(16,146)
(0,146)23062189(1,146)
(1,146)1033541468(2,146)
(2,146)18186358(3,146)
(2,146)1299296835(2,147)
(3,146)104023856(3,147)
(4,146)311721459(5,146)
(4,146)597353187(4,147)
(5,146)319572965(5,147)
(6,146)1296793946(6,147)
(8,146)305385907(9,146)
(8,146)187161534(8,147)
(12,146)501088883(12,147)
(13,146)375518078(14,146)
(14,146)641440610(15,146)
(14,146)7438469(14,147)
(16,146)664502799(16,147)
(0,147)605667344(1,147)
(0,147)1040229189(0,148)
(2,147)709691201(2,148)
(3,147)1021412660(4,147)
(5,147)170722958(5,148)
(6,147)381831590(6,148)
(7,147)687217497(8,147)
(8,147)377534697(9,147)
(9,147)92244623(10,147)
(10,147)439847918(11,147)
(10,147)256825559(10,148)
(11,147)212409675(12,147)
(12,147)26262331(12,148)
(13,147)219848145(13,148)
(14,147)144808010(14,148)
(15,147)1185037200(16,147)
(16,147)397641365(16,148)
(0,148)95969100(1,148)
(1,148)536359574(2,148)
(1,148)1107332566(1,149)
(3,148)334335742(4,148)
(3,148)243770387(3,149)
(4,148)151984537(4,149)
(5,148)716167332(5,149)
(7,148)999114641(7,149)
(8,148)1091359264(9,148)
(8,148)790413831(8,149)
(10,148)2701149(11,148)
(12,148)222549294(12,149)
(13,148)14523315(14,148)
(13,148)650868717(13,149)
(14,148)1108949115(14,149)
(15,148)109987193(16,148)
(15,148)412164681(15,149)
(0,149)646346768(1,149)
(2,149)890117155(2,150)
(4,149)439148632(4,150)
(6,149)119570878(6,150)
(7,149)485463645(7,150)
(8,149)1123559445(8,150)
(9,149)748139265(9,150)
(10,149)824765827(10,150)
(11,149)601509202(12,149)
(15,149)1147511485(16,149)
(15,149)1377882328(15,150)
(16,149)319308630(16,150)
(0,150)500786664(1,150)
(1,150)489509185(2,150)
(2,150)6046380(2,151)
(3,150)1273986264(4,150)
(3,150)928657817(3,151)
(4,150)623707630(5,150)
(5,150)543915709(6,150)
(6,150)457003637(7,150)
(6,150)1109171275(6,151)
(7,150)677413022(8,150)
(8,150)646252101(9,150)
(9,150)311859226(10,150)
(11,150)1210911548(12,150)
(11,150)69444267(11,151)
(13,150)838925786(13,151)
(14,150)893333907(14,151)
(16,150)339740287(16,151)
(0,151)1887329(1,151)
(0,151)720875351(0,152)
(1,151)279204680(2,151)
(1,151)345786667(1,152)
(2,151)930545146(2,152)
(4,151)33768127(5,151)
(4,151)865846426(4,152)
(5,151)515940404(5,152)
(6,151)1193353426(7,151)
(7,151)200011735(8,151)
(7,151)380509317(7,152)
(8,151)692368543(9,151)
(8,151)548048628(8,152)
(9,151)504253031(10,151)
(9,151)47590078(9,152)
(11,151)277264389(12,151)
(11,151)23432104(11,152)
(13,151)1170598296(13,152)
(14,151)682976441(15,151)
(14,151)874506252(14,152)
(15,151)128637675(15,152)
(16,151)684863770(16,152)
(0,152)474424342(0,153)
(2,152)1022178046(3,152)
(3,152)812560053(3,153)
(5,152)583988229(6,152)
(5,152)951966463(5,153)
(6,152)368435786(6,153)
(7,152)1132036857(7,153)
(8,152)1199568276(8,153)
(9,152)310586254(10,152)
(11,152)875295031(12,152)
(11,152)260530018(11,153)
(12,152)49427405(13,152)
(12,152)1122996178(12,153)
(14,152)178065080(14,153)
(15,152)652489423(16,152)
(15,152)343352742(15,153)
(16,152)924801876(16,153)
(0,153)599203049(1,153)
(1,153)833456057(2,153)
(1,153)141756931(1,154)
(3,153)224090859(3,154)
(4,153)808079088(5,153)
(4,153)344446575(4,154)
(6,153)681446038(7,153)
(7,153)548509401(7,154)
(8,153)859095655(9,153)
(8,153)356579531(8,154)
(9,153)308977413(10,153)
(9,153)941160530(9,154)
(12,153)1090462563(13,153)
(13,153)468988790(14,153)
(16,153)451326984(16,154)
(0,154)1535547597(0,155)
(1,154)928027710(2,154)
(2,154)155156584(2,155)
(3,154)963235673(4,154)
(4,154)621415411(5,154)
(4,154)735937718(4,155)
(6,154)37306508(7,154)
(8,154)978467039(8,155)
(9,154)647438953(10,154)
(10,154)22731924(11,154)
(10,154)1367430644(10,155)
(11,154)310409559(12,154)
(12,154)387717293(13,154)
(14,154)841834532(15,154)
(15,154)1169571909(16,154)
(16,154)772900257(16,155)
(0,155)1388907441(0,156)
(1,155)356719802(2,155)
(1,155)928056842(1,156)
(3,155)1092657521(3,156)
(4,155)362557630(5,155)
(4,155)499676837(4,156)
(5,155)536983346(6,155)
(6,155)747983652(7,155)
(8,155)15405690(9,155)
(9,155)1291924967(9,156)
(11,155)321851486(12,155)
(11,155)994244506(11,156)
(12,155)68734876(13,155)
(14,155)1125447706(15,155)
(15,155)983459672(16,155)
(15,155)666326885(15,156)
(0,156)1340179474(1,156)
(1,156)150670286(1,157)
(2,156)285353347(2,157)
(3,156)647910977(4,156)
(4,156)227369130(5,156)
(4,156)713639137(4,157)
(5,156)636948247(5,157)
(6,156)561442570(7,156)
(7,156)1063285287(7,157)
(8,156)687679709(9,156)
(9,156)1308218417(10,156)
(11,156)359810512(11,157)
(12,156)253237140(13,156)
(13,156)948050740(14,156)
(14,156)181187346(15,156)
(14,156)919564026(14,157)
(15,156)366464105(16,156)
(0,157)26801055(0,158)
(2,157)307147498(3,157)
(3,157)587632498(3,158)
(4,157)944095745(4,158)
(5,157)1217747481(5,158)
(6,157)828489038(7,157)
(6,157)965056927(6,158)
(8,157)372156975(9,157)
(8,157)373364788(8,158)
(9,157)240092024(10,157)
(10,157)790352646(11,157)
(10,157)731967487(10,158)
(11,157)985204628(12,157)
(11,157)62695057(11,158)
(12,157)1010745797(13,157)
(13,157)169267667(14,157)
(14,157)123749111(15,157)
(14,157)886876567(14,158)
(15,157)913677622(16,157)
(0,158)787670983(1,158)
(0,158)1349871009(0,159)
(1,158)1075964647(1,159)
(2,158)550892613(3,158)
(3,158)453630604(3,159)
(5,158)449645484(6,158)
(5,158)94648401(5,159)
(7,158)823010272(7,159)
(8,158)1063102296(9,158)
(8,158)787078592(8,159)
(12,158)722237927(12,159)
(13,158)845987038(14,158)
(13,158)875936070(13,159)
(14,158)1277930067(14,159)
(15,158)480317428(16,158)
(15,158)526909202(15,159)
(16,158)429801028(16,159)
(1,159)6282815(2,159)
(2,159)934695984(3,159)
(2,159)443482892(2,160)
(3,159)255168164(4,159)
(4,159)77084746(5,159)
(5,159)629245774(6,159)
(5,159)1278275643(5,160)
(6,159)526056448(7,159)
(6,159)900095018(6,160)
(8,159)846271957(9,159)
(8,159)505804741(8,160)
(10,159)264299868(10,160)
(11,159)45511941(11,160)
(12,159)891498980(13,159)
(13,159)1129525515(13,160)
(16,159)1599695231(16,160)
(0,160)880081198(1,160)
(0,160)1536058531(0,161)
(1,160)323270867(2,160)
(2,160)150862639(3,160)
(2,160)507520460(2,161)
(3,160)584605206(4,160)
(6,160)1250701746(6,161)
(7,160)313515824(7,161)
(8,160)94441264(8,161)
(9,160)1025011789(10,160)
(9,160)213789923(9,161)
(10,160)65385371(11,160)
(11,160)573800760(12,160)
(11,160)684034736(11,161)
(13,160)657270181(14,160)
(14,160)718523678(15,160)
(15,160)1252200279(16,160)
(15,160)109481764(15,161)
(0,161)5176239(0,162)
(1,161)156038879(2,161)
(2,161)543246894(3,161)
(2,161)780602752(2,162)
(3,161)614980131(4,161)
(5,161)1180877362(6,161)
(7,161)1275318627(7,162)
(8,161)152846768(9,161)
(9,161)1025495688(9,162)
(10,161)836881504(10,162)
(11,161)822069232(12,161)
(11,161)1141774465(11,162)
(13,161)15061773(14,161)
(13,161)538210980(13,162)
(16,161)1218398759(16,162)
(1,162)1999001511(1,163)
(2,162)466497994(3,162)
(3,162)752839639(4,162)
(4,162)1029412418(5,162)
(4,162)184696224(4,163)
(5,162)311760060(5,163)
(6,162)157247397(6,163)
(7,162)310094165(8,162)
(8,162)532966009(8,163)
(10,162)822500760(10,163)
(11,162)474061759(12,162)
(12,162)359772234(12,163)
(13,162)2699846(14,162)
(13,162)235104522(13,163)
(14,162)1323524(15,162)
(15,162)334870019(16,162)
(0,163)302941604(1,163)
(0,163)1072616468(0,164)
(2,163)36372440(3,163)
(2,163)151476660(2,164)
(3,163)1180889079(4,163)
(4,163)348132501(4,164)
(6,163)1310057911(6,164)
(7,163)388568830(7,164)
(8,163)373347640(9,163)
(8,163)647722663(8,164)
(9,163)469283917(10,163)
(10,163)139863078(11,163)
(11,163)1098526873(12,163)
(11,163)829056151(11,164)
(12,163)831755997(13,163)
(12,163)374967600(12,164)
(13,163)376291125(14,163)
(14,163)195958573(15,163)
(15,163)977987422(16,163)
(15,163)299872531(15,164)
(16,163)498900178(16,164)
(0,164)369618236(1,164)
(1,164)650376838(1,165)
(3,164)1522140470(4,164)
(4,164)1021918746(4,165)
(5,164)522665740(6,164)
(5,164)684714733(5,165)
(6,164)212081925(6,165)
(7,164)585429566(8,164)
(9,164)240094112(9,165)
(10,164)321244823(10,165)
(12,164)84938416(13,164)
(14,164)384810947(14,165)
(16,164)258493785(16,165)
(0,165)397461481(0,166)
(1,165)81243750(2,165)
(1,165)204439060(1,166)
(3,165)1103162496(3,166)
(4,165)263810615(4,166)
(6,165)176928911(7,165)
(6,165)648732992(6,166)
(7,165)140921664(8,165)
(7,165)1133126168(7,166)
(8,165)466805858(9,165)
(8,165)417023023(8,166)
(9,165)462166488(9,166)
(10,165)175453149(10,166)
(11,165)260391565(12,165)
(11,165)807869899(11,166)
(12,165)56054364(13,165)
(12,165)526055435(12,166)
(13,165)414930983(14,165)
(14,165)613418791(15,165)
(15,165)200600487(16,165)
(15,165)673424768(15,166)
(16,165)201412843(16,166)
(0,166)281844238(1,166)
(0,166)877863828(0,167)
(1,166)456959710(2,166)
(3,166)863351323(4,166)
(3,166)720770326(3,167)
(4,166)512596234(5,166)
(4,166)875717581(4,167)
(5,166)1052646493(6,166)
(9,166)140497762(9,167)
(10,166)400889327(11,166)
(12,166)376358898(13,166)
(12,166)1046091840(12,167)
(13,166)1659510631(14,166)
(13,166)1744893147(13,167)
(14,166)1049783667(14,167)
(16,166)79854224(16,167)
(0,167)237123558(1,167)
(1,167)754975230(2,167)
(2,167)180728634(3,167)
(2,167)957893884(2,168)
(4,167)535855657(5,167)
(5,167)968728872(5,168)
(6,167)933773484(7,167)
(7,167)935871402(8,167)
(8,167)601396580(9,167)
(9,167)674087531(9,168)
(10,167)468358023(11,167)
(10,167)562824495(10,168)
(11,167)373768766(11,168)
(12,167)65767522(12,168)
(15,167)1217476218(16,167)
(0,168)1408492692(0,169)
(1,168)816664702(1,169)
(2,168)139671172(3,168)
(4,168)185402260(5,168)
(6,168)637945550(7,168)
(7,168)968961127(7,169)
(8,168)296638053(9,168)
(9,168)368163787(9,169)
(10,168)670406819(10,169)
(11,168)556202568(12,168)
(13,168)770477853(14,168)
(13,168)155438144(13,169)
(15,168)914576914(16,168)
(15,168)629248671(15,169)
(16,168)1197882164(16,169)
(0,169)356314592(1,169)
(0,169)1445913373(0,170)
(1,169)506059129(1,170)
(2,169)350091751(3,169)
(3,169)546500941(3,170)
(4,169)441190821(5,169)
(4,169)52165898(4,170)
(5,169)690111448(6,169)
(6,169)685549484(7,169)
(8,169)1053713271(8,170)
(9,169)213576803(10,169)
(9,169)229713172(9,170)
(10,169)785915741(11,169)
(11,169)896179453(12,169)
(13,169)166784600(14,169)
(13,169)402263674(13,170)
(14,169)1316840588(15,169)
(14,169)614650272(14,170)
(1,170)73333996(2,170)
(2,170)545320585(3,170)
(3,170)338872657(4,170)
(3,170)125499895(3,171)
(4,170)815611343(5,170)
(6,170)670272225(6,171)
(7,170)157840563(8,170)
(7,170)1017309884(7,171)
(9,170)176476224(10,170)
(10,170)240263333(11,170)
(10,170)445810436(10,171)
(11,170)431212037(12,170)
(12,170)1284614710(13,170)
(12,170)642527007(12,171)
(14,170)958942307(15,170)
(14,170)501797827(14,171)
(15,170)225040072(16,170)
(16,170)310123202(16,171)
(0,171)298374069(1,171)
(0,171)354092234(0,172)
(1,171)207805037(1,172)
(2,171)546677694(3,171)
(2,171)423873964(2,172)
(3,171)177459948(3,172)
(4,171)141056561(5,171)
(4,171)148218652(4,172)
(6,171)1158366445(6,172)
(7,171)241769484(8,171)
(7,171)847110094(7,172)
(9,171)687579920(9,172)
(11,171)146988668(11,172)
(12,171)17170620(12,172)
(13,171)976112927(14,171)
(14,171)1443911745(14,172)
(15,171)1286236129(15,172)
(16,171)156275812(16,172)
(1,172)580149776(1,173)
(2,172)727393098(2,173)
(3,172)868449659(4,172)
(3,172)41453865(3,173)
(4,172)1498003476(5,172)
(6,172)121101940(7,172)
(6,172)197629923(6,173)
(7,172)766221743(7,173)
(8,172)270683403(9,172)
(8,172)808681861(8,173)
(10,172)346212866(11,172)
(10,172)417672071(10,173)
(11,172)376544687(12,172)
(12,172)773273718(13,172)
(15,172)1406067367(16,172)
(0,173)573401868(0,174)
(1,173)245553303(2,173)
(1,173)600819363(1,174)
(3,173)691276274(4,173)
(5,173)888906197(5,174)
(7,173)71423537(8,173)
(7,173)130901632(7,174)
(9,173)489095609(9,174)
(10,173)865640296(11,173)
(11,173)481326312(12,173)
(12,173)538613081(12,174)
(13,173)393352512(13,174)
(14,173)1799419879(15,173)
(14,173)1333303590(14,174)
(16,173)951238812(16,174)
(0,174)4775113(1,174)
(1,174)144511610(1,175)
(2,174)835787884(3,174)
(3,174)866755776(4,174)
(3,174)1006738678(3,175)
(4,174)328958449(5,174)
(5,174)667495910(5,175)
(6,174)459860081(6,175)
(7,174)370751884(8,174)
(7,174)717637040(7,175)
(8,174)94154073(9,174)
(9,174)78804478(9,175)
(10,174)560130791(11,174)
(11,174)789797141(12,174)
(11,174)484784786(11,175)
(12,174)346890982(13,174)
(13,174)605419535(14,174)
(14,174)82423444(14,175)
(15,174)418775270(16,174)
(15,174)1556658347(15,175)
(0,175)76912470(1,175)
(1,175)389474193(2,175)
(2,175)291123519(3,175)
(2,175)1083651148(2,176)
(4,175)958619429(4,176)
(6,175)95737916(7,175)
(6,175)224170893(6,176)
(7,175)318324966(8,175)
(7,175)778070285(7,176)
(8,175)174542394(8,176)
(9,175)734673185(10,175)
(10,175)557867750(11,175)
(12,175)146092376(13,175)
(12,175)533484833(12,176)
(13,175)268323726(14,175)
(15,175)1256437032(16,175)
(15,175)7937732(15,176)
(0,176)1579789124(0,177)
(1,176)1070196444(1,177)
(2,176)335322394(3,176)
(3,176)682048425(3,177)
(4,176)232103654(5,176)
(4,176)60308425(4,177)
(5,176)156046341(6,176)
(6,176)1010173939(6,177)
(7,176)330588736(7,177)
(9,176)795959058(9,177)
(10,176)204393169(11,176)
(10,176)605934762(10,177)
(11,176)752027138(12,176)
(11,176)373565109(11,177)
(12,176)641888835(13,176)
(13,176)307294213(13,177)
(14,176)649826567(14,177)
(15,176)82132043(16,176)
(16,176)1062158823(16,177)
(0,177)661625290(0,178)
(1,177)527271028(1,178)
(2,177)487609464(2,178)
(3,177)719713118(4,177)
(4,177)842217685(4,178)
(5,177)356359602(6,177)
(7,177)461669460(8,177)
(9,177)169687919(10,177)
(9,177)1067604223(9,178)
(11,177)494106348(12,177)
(13,177)1143932915(13,178)
(14,177)1226064959(15,177)
(14,177)1208734689(14,178)
(15,177)457848347(15,178)
(16,177)1031625998(16,178)
(0,178)719824015(1,178)
(0,178)985119375(0,179)
(1,178)484036461(2,178)
(2,178)91464932(3,178)
(3,178)842898927(4,178)
(3,178)1326254146(3,179)
(5,178)990687681(6,178)
(5,178)239306466(5,179)
(6,178)700975927(7,178)
(6,178)1321185876(6,179)
(7,178)799838280(8,178)
(7,178)955982431(7,179)
(9,178)652055793(9,179)
(10,178)990608995(10,179)
(11,178)460431190(12,178)
(12,178)815859315(13,178)
(12,178)142611409(12,179)
(15,178)111343390(16,178)
(15,178)252818718(15,179)
(0,179)595379851(1,179)
(2,179)436877981(3,179)
(4,179)380591486(5,179)
(5,179)630466327(5,180)
(6,179)1336573917(6,180)
(7,179)314760620(8,179)
(7,179)998256876(7,180)
(8,179)291501092(9,179)
(9,179)1081038894(10,179)
(11,179)380046549(12,179)
(11,179)1223650303(11,180)
(12,179)444843023(13,179)
(13,179)532041598(14,179)
(14,179)697661741(14,180)
(15,179)322232273(16,179)
(16,179)212993805(16,180)
(0,180)38267737(1,180)
(0,180)90403228(0,181)
(1,180)527281209(2,180)
(3,180)1203465657(3,181)
(4,180)433142383(5,180)
(8,180)225627540(9,180)
(8,180)617983534(8,181)
(9,180)236300691(10,180)
(12,180)1173404700(12,181)
(13,180)791018654(14,180)
(13,180)444298960(13,181)
(14,180)766531234(15,180)
(14,180)404765852(14,181)
(15,180)495169080(16,180)
(15,180)1004012459(15,181)
(16,180)804798971(16,181)
(0,181)991156615(0,182)
(1,181)232970514(1,182)
(2,181)41733544(3,181)
(2,181)78432299(2,182)
(3,181)511574682(4,181)
(3,181)214472154(3,182)
(5,181)499684410(6,181)
(6,181)716256340(6,182)
(7,181)941883880(8,181)
(8,181)657994585(8,182)
(9,181)177645073(10,181)
(9,181)243678075(9,182)
(10,181)730268714(10,182)
(11,181)638610391(12,181)
(12,181)434614255(12,182)
(13,181)1043376243(13,182)
(14,181)998597238(14,182)
(16,181)413511965(16,182)
(0,182)129851426(1,182)
(0,182)91431327(0,183)
(1,182)133164871(2,182)
(1,182)491944264(1,183)
(2,182)344323580(2,183)
(4,182)799009241(4,183)
(5,182)169916240(6,182)
(5,182)484763967(5,183)
(6,182)790104068(6,183)
(7,182)827910825(7,183)
(8,182)1005555898(9,182)
(9,182)726857769(9,183)
(10,182)209122023(10,183)
(11,182)203706802(12,182)
(12,182)261360755(12,183)
(14,182)1044574246(15,182)
(14,182)1007378125(14,183)
(15,182)65934396(15,183)
(0,183)557878660(0,184)
(2,183)404726037(2,184)
(3,183)77162161(4,183)
(3,183)212923201(3,184)
(4,183)382839441(5,183)
(6,183)863855284(7,183)
(7,183)68822516(8,183)
(7,183)574027320(7,184)
(8,183)87184889(9,183)
(9,183)277944539(9,184)
(10,183)481651341(11,183)
(10,183)34956713(10,184)
(12,183)722480751(13,183)
(13,183)581045979(14,183)
(13,183)43768504(13,184)
(14,183)788415147(14,184)
(16,183)227068632(16,184)
(1,184)266510489(2,184)
(1,184)631794669(1,185)
(2,184)708956831(3,184)
(4,184)942232734(5,184)
(5,184)292594697(6,184)
(5,184)419237027(5,185)
(6,184)488059543(7,184)
(8,184)544521668(9,184)
(8,184)766004082(8,185)
(10,184)674792036(11,184)
(11,184)189577091(12,184)
(11,184)784127156(11,185)
(12,184)718560540(12,185)
(14,184)176802398(15,184)
(14,184)973161140(14,185)
(16,184)937010165(16,185)
(0,185)218925238(1,185)
(0,185)572518150(0,186)
(2,185)109972926(2,186)
(3,185)1052205660(4,185)
(3,185)710214393(3,186)
(4,185)1002809090(5,185)
(5,185)420982066(5,186)
(6,185)738633193(6,186)
(7,185)1283154861(8,185)
(7,185)644444898(7,186)
(9,185)42653408(10,185)
(9,185)750251201(9,186)
(10,185)528743829(10,186)
(11,185)761213948(11,186)
(12,185)474868796(13,185)
(13,185)719594457(13,186)
(14,185)672009206(15,185)
(14,185)415592277(14,186)
(16,185)890934444(16,186)
(0,186)122101760(1,186)
(0,186)646806931(0,187)
(2,186)832316153(2,187)
(4,186)326611449(4,187)
(5,186)203554811(6,186)
(5,186)426274789(5,187)
(8,186)312197203(8,187)
(10,186)375283539(10,187)
(11,186)850152336(12,186)
(12,186)270606442(12,187)
(13,186)942615648(14,186)
(14,186)106371392(15,186)
(15,186)352974391(16,186)
(16,186)228473152(16,187)
(0,187)686973815(0,188)
(1,187)592603198(2,187)
(2,187)748430901(3,187)
(3,187)13514934(4,187)
(3,187)919214647(3,188)
(5,187)736651692(6,187)
(6,187)694185642(6,188)
(7,187)308255233(8,187)
(7,187)1048848896(7,188)
(8,187)153390744(9,187)
(9,187)323642235(10,187)
(9,187)683538773(9,188)
(11,187)594248677(11,188)
(12,187)651952074(12,188)
(13,187)758323466(14,187)
(14,187)56912989(15,187)
(15,187)986796618(15,188)
(16,187)27838558(16,188)
(0,188)355024136(1,188)
(1,188)648533177(2,188)
(3,188)249524594(4,188)
(4,188)412406912(5,188)
(4,188)712828258(4,189)
(7,188)306026445(7,189)
(8,188)629668681(9,188)
(9,188)642916029(9,189)
(10,188)640687167(11,188)
(11,188)613298036(12,188)
(12,188)584503595(13,188)
(12,188)344625765(12,189)
(13,188)401538754(14,188)
(15,188)429377313(15,189)
(0,189)1583957539(0,190)
(1,189)604569051(2,189)
(1,189)1080429018(1,190)
(3,189)60614149(4,189)
(4,189)850793504(5,189)
(4,189)126180200(4,190)
(6,189)989032862(7,189)
(6,189)1156819949(6,190)
(8,189)340394319(9,189)
(9,189)125152410(10,189)
(10,189)166574449(10,190)
(11,189)751078044(12,189)
(11,189)469778175(11,190)
(12,189)871316929(13,189)
(13,189)616131635(14,189)
(13,189)174894610(13,190)
(15,189)737168133(16,189)
(15,189)422321869(15,190)
(16,189)1618749117(16,190)
(0,190)1341737184(1,190)
(1,190)685220851(2,190)
(2,190)511650846(2,191)
(3,190)811401051(3,191)
(4,190)42063073(5,190)
(5,190)371780651(5,191)
(6,190)10785634(7,190)
(6,190)1208229337(6,191)
(8,190)873707975(8,191)
(9,190)202444704(10,190)
(10,190)318792502(11,190)
(11,190)494218785(12,190)
(11,190)1367410241(11,191)
(12,190)493687112(12,191)
(14,190)384597513(15,190)
(14,190)258380098(14,191)
(0,191)298868189(1,191)
(1,191)90501895(1,192)
(2,191)1110269240(2,192)
(3,191)612766056(3,192)
(4,191)156272083(5,191)
(5,191)213078002(5,192)
(7,191)484850682(8,191)
(7,191)561736858(7,192)
(9,191)107752538(9,192)
(10,191)601971323(11,191)
(12,191)249400702(12,192)
(13,191)633998215(14,191)
(13,191)78546482(13,192)
(15,191)181401064(16,191)
(15,191)212849265(15,192)
(0,192)92210306(1,192)
(0,192)303351160(0,193)
(2,192)106179915(3,192)
(2,192)704976362(2,193)
(3,192)861248446(4,192)
(4,192)319257917(4,193)
(5,192)45491800(5,193)
(6,192)530342482(7,192)
(7,192)300004310(8,192)
(8,192)638095020(8,193)
(9,192)284112466(9,193)
(10,192)104278851(11,192)
(10,192)758029098(10,193)
(11,192)744941743(12,192)
(12,192)182825333(12,193)
(13,192)195620421(13,193)
(14,192)377021485(15,192)
(14,192)188830878(14,193)
(15,192)492182039(16,192)
(16,192)469231791(16,193)
(0,193)100995797(1,193)
(0,193)967412412(0,194)
(1,193)1073592327(2,193)
(3,193)508622342(4,193)
(5,193)463807234(6,193)
(5,193)44445090(5,194)
(6,193)344449400(7,193)
(6,193)441734570(6,194)
(8,193)194484950(9,193)
(8,193)628561867(8,194)
(9,193)732840718(10,193)
(10,193)560838779(11,193)
(11,193)915666051(11,194)
(12,193)790685205(13,193)
(12,193)756459200(12,194)
(14,193)193462879(15,193)
(14,193)656766367(14,194)
(16,193)294458676(16,194)
(0,194)550287458(1,194)
(0,194)629436982(0,195)
(1,194)517409934(2,194)
(2,194)190133822(3,194)
(3,194)450874686(3,195)
(4,194)914681921(5,194)
(4,194)234578912(4,195)
(6,194)621582735(7,194)
(7,194)63585478(8,194)
(8,194)437479771(8,195)
(9,194)998318550(10,194)
(10,194)708613301(10,195)
(12,194)740774787(13,194)
(13,194)8581226(13,195)
(14,194)196003615(14,195)
(15,194)825440598(16,194)
(16,194)35563816(16,195)
(1,195)1320835136(2,195)
(2,195)953198099(3,195)
(3,195)560923492(4,195)
(4,195)369429249(4,196)
(5,195)430024020(5,196)
(6,195)493609498(7,195)
(7,195)987496144(8,195)
(8,195)279326657(9,195)
(8,195)93663325(8,196)
(10,195)1047924304(11,195)
(11,195)627395546(12,195)
(11,195)167435392(11,196)
(13,195)541781887(14,195)
(13,195)823399162(13,196)
(14,195)623872734(14,196)
(15,195)577345703(15,196)
(16,195)844206644(16,196)
(0,196)408563574(0,197)
(1,196)490448215(1,197)
(2,196)1051371707(3,196)
(2,196)335855938(2,197)
(3,196)322814652(4,196)
(4,196)574719259(5,196)
(6,196)357376042(7,196)
(7,196)135054024(8,196)
(9,196)953926143(10,196)
(9,196)21674783(9,197)
(10,196)649070330(11,196)
(11,196)616953959(12,196)
(12,196)404729913(13,196)
(13,196)1240826693(13,197)
(14,196)847917094(15,196)
(14,196)982075616(14,197)
(0,197)604917216(1,197)
(0,197)160996816(0,198)
(2,197)287029573(3,197)
(2,197)188624491(2,198)
(3,197)763343750(4,197)
(3,197)546280603(3,198)
(4,197)373802181(5,197)
(5,197)14285513(6,197)
(6,197)754125140(7,197)
(6,197)294987084(6,198)
(8,197)775799924(8,198)
(9,197)864610160(9,198)
(10,197)737161521(10,198)
(11,197)749856098(11,198)
(12,197)574907165(12,198)
(15,197)1555227118(16,197)
(15,197)1051183242(15,198)
(0,198)620111994(1,198)
(1,198)13180653(1,199)
(3,198)959337207(3,199)
(4,198)973622720(5,198)
(5,198)2237012(6,198)
(6,198)893910072(6,199)
(7,198)778036936(7,199)
(8,198)55423542(9,198)
(9,198)357801442(9,199)
(10,198)805279640(10,199)
(11,198)381477694(12,198)
(12,198)1306459373(13,198)
(13,198)695815225(14,198)
(14,198)210158967(14,199)
(15,198)1225557130(16,198)
(15,198)520371388(15,199)
(0,199)533552041(1,199)
(1,199)380501218(2,199)
(2,199)822472410(3,199)
(3,199)1310076445(4,199)
(5,199)215183540(6,199)
(6,199)558188317(7,199)
(7,199)165977497(8,199)
(9,199)560425329(10,199)
(10,199)1059887569(11,199)
(11,199)1160402720(12,199)
(12,199)1338462266(13,199)
(13,199)680527490(14,199)
(14,199)1135050197(15,199)
(15,199)1393885808(16,199)
