30 37
(0,0)846930886(1,0)
(1,0)1681692777(1,1)
(2,0)424238335(3,0)
(3,0)719885386(3,1)
(4,0)596516649(4,1)
(5,0)1025202362(5,1)
(6,0)1102520059(7,0)
(6,0)783368690(6,1)
(8,0)1365180540(8,1)
(9,0)1303455736(10,0)
(9,0)304089172(9,1)
(10,0)521595368(11,0)
(10,0)35005211(10,1)
(11,0)294702567(11,1)
(12,0)861021530(13,0)
(12,0)336465782(12,1)
(13,0)1(14,0)
(13,0)1(13,1)
(14,0)1(15,0)
(16,0)635723058(17,0)
(16,0)1315634022(16,1)
(17,0)1125898167(18,0)
(18,0)1059961393(18,1)
(19,0)628175011(19,1)
(20,0)1131176229(20,1)
(21,0)859484421(21,1)
(22,0)756898537(23,0)
(22,0)608413784(22,1)
(24,0)149798315(24,1)
(25,0)184803526(26,0)
(26,0)412776091(26,1)
(27,0)749241873(28,0)
(28,0)42999170(29,0)
(28,0)137806862(28,1)
(0,1)511702305(1,1)
(0,1)135497281(0,2)
(2,1)572660336(3,1)
(3,1)805750846(4,1)
(3,1)1159126505(3,2)
(4,1)1100661313(5,1)
(5,1)1141616124(6,1)
(6,1)939819582(7,1)
(6,1)84353895(6,2)
(8,1)610515434(9,1)
(10,1)760313750(10,2)
(11,1)945117276(12,1)
(11,1)356426808(11,2)
(13,1)491705403(14,1)
(13,1)1(13,2)
(14,1)752392754(15,1)
(16,1)1264095060(16,2)
(17,1)943947739(18,1)
(18,1)855636226(19,1)
(20,1)1036140795(21,1)
(21,1)463480570(21,2)
(22,1)317097467(23,1)
(23,1)1376710097(24,1)
(24,1)927612902(24,2)
(25,1)603570492(25,2)
(26,1)660260756(26,2)
(27,1)402724286(28,1)
(27,1)485560280(27,2)
(28,1)593209441(28,2)
(29,1)894429689(29,2)
(0,2)364228444(0,3)
(1,2)270744729(2,2)
(1,2)221558440(1,3)
(4,2)822890675(5,2)
(5,2)791698927(6,2)
(6,2)498777856(7,2)
(6,2)631704567(6,3)
(7,2)524872353(8,2)
(8,2)327254586(8,3)
(9,2)269455306(9,3)
(10,2)352406219(10,3)
(11,2)160051528(11,3)
(12,2)1120048829(13,2)
(12,2)112805732(12,3)
(13,2)515530019(14,2)
(13,2)1(13,3)
(15,2)1409959708(15,3)
(16,2)1373226340(16,3)
(17,2)289700723(18,2)
(17,2)200747796(17,3)
(18,2)168002245(19,2)
(19,2)439493451(20,2)
(19,2)150122846(19,3)
(21,2)1231192379(21,3)
(22,2)338888228(23,2)
(22,2)111537764(22,3)
(23,2)438792350(24,2)
(24,2)269441500(25,2)
(25,2)116087764(26,2)
(26,2)155324914(27,2)
(27,2)8936987(27,3)
(28,2)387346491(29,2)
(29,2)350322227(29,3)
(0,3)841148365(0,4)
(1,3)771151432(2,3)
(2,3)1186452551(2,4)
(3,3)971899228(3,4)
(4,3)1139901474(5,3)
(4,3)213975407(4,4)
(5,3)653468858(6,3)
(6,3)1239036029(7,3)
(8,3)76065818(9,3)
(13,3)1(14,3)
(14,3)352118606(15,3)
(14,3)1(14,4)
(16,3)165344818(16,4)
(17,3)532670688(17,4)
(18,3)492067917(18,4)
(19,3)680466996(19,4)
(20,3)159259470(21,3)
(20,3)496987743(20,4)
(21,3)480298490(22,3)
(22,3)1096689772(23,3)
(23,3)601385644(24,3)
(25,3)1012502954(26,3)
(25,3)243268139(25,4)
(26,3)1272469786(26,4)
(27,3)722308542(28,3)
(29,3)6939507(29,4)
(0,4)1285228804(1,4)
(0,4)740759355(0,5)
(1,4)502278611(2,4)
(2,4)1037127828(3,4)
(3,4)654887343(4,4)
(3,4)1034949299(3,5)
(4,4)392035568(5,4)
(5,4)87755422(6,4)
(6,4)889023311(6,5)
(7,4)1369321801(8,4)
(8,4)396473730(9,4)
(8,4)745425661(8,5)
(9,4)1346811305(10,4)
(10,4)705178736(11,4)
(11,4)434248626(12,4)
(13,4)552473416(14,4)
(14,4)1(15,4)
(15,4)1(15,5)
(16,4)201305624(17,4)
(17,4)776532036(18,4)
(17,4)238962600(17,5)
(18,4)1238433452(18,5)
(19,4)620145550(20,4)
(20,4)619290071(21,4)
(21,4)407487131(22,4)
(21,4)707900973(21,5)
(22,4)7684930(23,4)
(23,4)711845894(24,4)
(24,4)937370163(25,4)
(24,4)404158660(24,5)
(27,4)260152959(27,5)
(28,4)824272813(28,5)
(1,5)437116466(1,6)
(2,5)638422090(3,5)
(4,5)1069755936(5,5)
(5,5)349517445(6,5)
(6,5)588219756(6,6)
(7,5)995706887(8,5)
(7,5)1057418418(7,6)
(9,5)387451659(10,5)
(9,5)625032172(9,6)
(11,5)298625210(11,6)
(12,5)1057467587(12,6)
(13,5)382697713(14,5)
(14,5)476667372(14,6)
(15,5)296864819(16,5)
(15,5)1(15,6)
(16,5)697517721(17,5)
(19,5)1065311705(20,5)
(20,5)846811127(21,5)
(20,5)719346228(20,6)
(22,5)324763920(23,5)
(22,5)555996658(22,6)
(23,5)231602422(24,5)
(23,5)155789224(23,6)
(24,5)780821396(25,5)
(25,5)711645630(26,5)
(25,5)619054081(25,6)
(26,5)917679292(27,5)
(26,5)195740084(26,6)
(28,5)1414647625(29,5)
(28,5)570073850(28,6)
(0,6)337739299(1,6)
(0,6)1046741222(0,7)
(2,6)446340713(3,6)
(2,6)1111783898(2,7)
(3,6)915256190(4,6)
(4,6)846942590(5,6)
(5,6)700108581(6,6)
(5,6)524688209(5,7)
(7,6)726371155(8,6)
(8,6)292218004(9,6)
(9,6)11614769(10,6)
(9,6)882160379(9,7)
(11,6)246247255(12,6)
(11,6)630668850(11,7)
(13,6)964445884(14,6)
(13,6)105575579(13,7)
(15,6)1(15,7)
(16,6)201690613(17,6)
(17,6)822262754(18,6)
(17,6)213801961(17,7)
(18,6)648031326(18,7)
(19,6)282828202(20,6)
(20,6)114723506(21,6)
(20,6)110613202(20,7)
(23,6)255789528(23,7)
(24,6)1137949908(25,6)
(24,6)1242608872(24,7)
(26,6)653448036(26,7)
(27,6)364686248(28,6)
(27,6)1023457753(27,7)
(28,6)1129033333(29,6)
(0,7)501772890(1,7)
(0,7)1280321648(0,8)
(1,7)150517567(2,7)
(2,7)212251746(2,8)
(3,7)364319529(3,8)
(4,7)484238046(4,8)
(5,7)767066249(6,7)
(5,7)624549797(5,8)
(6,7)739273303(7,7)
(8,7)552910253(9,7)
(8,7)78012497(8,8)
(10,7)661761152(11,7)
(11,7)425245975(12,7)
(11,7)474613996(11,8)
(12,7)235649157(13,7)
(14,7)430253414(15,7)
(15,7)677870460(16,7)
(15,7)1(15,8)
(16,7)496060028(17,7)
(17,7)828388027(17,8)
(18,7)332266748(18,8)
(19,7)816504794(20,7)
(19,7)31308902(19,8)
(20,7)655858699(21,7)
(20,7)820697697(20,8)
(21,7)559301039(22,7)
(25,7)669908538(25,8)
(26,7)1144522535(27,7)
(26,7)12895151(26,8)
(28,7)1113502215(29,7)
(28,7)1380171692(28,8)
(29,7)860516127(29,8)
(0,8)777720504(0,9)
(1,8)1455590964(2,8)
(2,8)70636429(3,8)
(2,8)328298285(2,9)
(3,8)136495343(3,9)
(4,8)402903177(4,9)
(5,8)1219407971(6,8)
(6,8)12260289(7,8)
(6,8)2416949(6,9)
(7,8)561717988(8,8)
(7,8)655495367(7,9)
(9,8)733053144(10,8)
(9,8)389040743(9,9)
(11,8)672655340(12,8)
(12,8)400000569(13,8)
(13,8)1081174232(14,8)
(13,8)337453826(13,9)
(15,8)1(16,8)
(16,8)1(16,9)
(19,8)500618996(19,9)
(21,8)1186631626(22,8)
(21,8)1061730690(21,9)
(23,8)1276673168(24,8)
(24,8)1411328205(24,9)
(25,8)696947386(26,8)
(26,8)1265204346(27,8)
(26,8)1877565100(26,9)
(29,8)564325578(29,9)
(0,9)1010528946(1,9)
(1,9)358532290(1,10)
(3,9)885799631(4,9)
(4,9)1314218593(4,10)
(5,9)1156541312(6,9)
(6,9)318561886(6,10)
(7,9)70788355(7,10)
(8,9)1112720090(8,10)
(9,9)241909610(10,9)
(10,9)1(11,9)
(10,9)1(10,10)
(11,9)1(11,10)
(12,9)826047641(12,10)
(13,9)309198987(14,9)
(14,9)1(15,9)
(14,9)1(14,10)
(15,9)1(16,9)
(15,9)873524566(15,10)
(16,9)1232056856(17,9)
(18,9)1025125849(19,9)
(18,9)959372260(18,10)
(19,9)126107205(20,9)
(20,9)159473059(20,10)
(21,9)478034945(22,9)
(21,9)1282648518(21,10)
(22,9)1353436873(23,9)
(22,9)471990783(22,10)
(24,9)941804289(25,9)
(24,9)993967637(24,10)
(27,9)716334471(28,9)
(28,9)470591100(29,9)
(29,9)1025533459(29,10)
(0,10)1001089438(1,10)
(2,10)983631233(3,10)
(2,10)394633074(2,11)
(4,10)553160358(5,10)
(6,10)712633417(6,11)
(8,10)410228794(9,10)
(9,10)1(10,10)
(9,10)1(9,11)
(11,10)1(11,11)
(12,10)235745791(13,10)
(13,10)1(14,10)
(13,10)1(13,11)
(16,10)126401947(16,11)
(17,10)521035021(18,10)
(18,10)40610537(18,11)
(19,10)19485054(19,11)
(22,10)962033002(23,10)
(22,10)371653516(22,11)
(24,10)1372261796(24,11)
(25,10)628974580(26,10)
(25,10)333582338(25,11)
(26,10)786039021(27,10)
(28,10)586235379(29,10)
(28,10)1021784812(28,11)
(0,11)262692685(0,12)
(1,11)1338299904(1,12)
(2,11)395279207(3,11)
(3,11)358984857(4,11)
(3,11)606199759(3,12)
(4,11)435889744(4,12)
(5,11)1(6,11)
(5,11)1(5,12)
(6,11)1(6,12)
(7,11)1(8,11)
(7,11)1(7,12)
(8,11)1(9,11)
(8,11)257675105(8,12)
(10,11)216588711(10,12)
(11,11)1(12,11)
(11,11)151519934(11,12)
(12,11)1(13,11)
(13,11)524133589(14,11)
(13,11)629593614(13,12)
(15,11)74552805(16,11)
(15,11)409544918(15,12)
(17,11)765326717(18,11)
(18,11)76593093(19,11)
(19,11)431530126(20,11)
(21,11)703550253(21,12)
(22,11)733327814(23,11)
(23,11)107734713(23,12)
(24,11)1500474762(25,11)
(25,11)1464415775(25,12)
(26,11)672032919(26,12)
(27,11)639806732(27,12)
(28,11)1269400346(29,11)
(28,11)406011017(28,12)
(29,11)114760235(29,12)
(0,12)337745691(1,12)
(0,12)217871137(0,13)
(1,12)292423943(2,12)
(1,12)524305153(1,13)
(2,12)124666328(3,12)
(4,12)120306710(4,13)
(5,12)1(5,13)
(6,12)1(7,12)
(9,12)1130698571(9,13)
(10,12)483689685(11,12)
(11,12)567304789(11,13)
(12,12)35756851(13,12)
(13,12)746349250(14,12)
(14,12)1122336503(15,12)
(14,12)441767868(14,13)
(15,12)659639006(16,12)
(15,12)861109485(15,13)
(17,12)577721120(18,12)
(17,12)952062949(17,13)
(18,12)714880226(19,12)
(19,12)460686763(19,13)
(20,12)554290596(20,13)
(21,12)34740865(21,13)
(22,12)1290127955(23,12)
(23,12)690367770(23,13)
(24,12)1131359211(24,13)
(25,12)550245196(26,12)
(25,12)537322532(25,13)
(26,12)1104627321(27,12)
(26,12)157272379(26,13)
(28,12)1140384172(28,13)
(1,13)94307398(2,13)
(1,13)772970072(1,14)
(2,13)10901063(3,13)
(2,13)51245830(2,14)
(5,13)1(6,13)
(6,13)410134047(7,13)
(6,13)1(6,14)
(8,13)181271232(9,13)
(8,13)93189435(8,14)
(10,13)199411898(11,13)
(12,13)1022089159(13,13)
(12,13)356684278(12,14)
(14,13)14989683(14,14)
(16,13)207026272(17,13)
(18,13)590335821(19,13)
(18,13)217927335(18,14)
(19,13)513937457(19,14)
(20,13)204102747(20,14)
(21,13)372160269(22,13)
(21,13)595311776(21,14)
(23,13)207621703(23,14)
(24,13)733450907(25,13)
(26,13)932862806(26,14)
(27,13)1289547084(28,13)
(27,13)695748720(27,14)
(28,13)174515334(29,13)
(28,13)279121308(28,14)
(29,13)811742698(29,14)
(0,14)294110991(0,15)
(1,14)245798898(1,15)
(2,14)452825171(3,14)
(3,14)1135771559(4,14)
(4,14)670752506(4,15)
(5,14)262178224(6,14)
(6,14)1(6,15)
(7,14)454333378(8,14)
(7,14)857490000(7,15)
(8,14)343945053(9,14)
(9,14)661955081(9,15)
(10,14)11671338(10,15)
(11,14)992028067(12,14)
(11,14)271059426(11,15)
(12,14)180785147(12,15)
(13,14)1470332231(14,14)
(15,14)101323875(16,14)
(15,14)134591281(15,15)
(16,14)380390179(17,14)
(16,14)1131884850(16,15)
(17,14)235202254(18,14)
(18,14)833215350(18,15)
(19,14)1370973813(19,15)
(20,14)873199181(21,14)
(20,14)1158381494(20,15)
(22,14)476152433(23,14)
(23,14)803590181(24,14)
(24,14)209359415(25,14)
(24,14)820097487(24,15)
(25,14)831768825(26,14)
(29,14)1108399134(29,15)
(0,15)1078898506(1,15)
(0,15)1341443181(0,16)
(2,15)63299708(2,16)
(3,15)298501962(4,15)
(4,15)420687483(5,15)
(4,15)309112297(4,16)
(6,15)1(7,15)
(7,15)1(8,15)
(8,15)1(8,16)
(9,15)219544266(9,16)
(10,15)428903682(11,15)
(10,15)580508860(10,16)
(11,15)617909211(11,16)
(12,15)476564285(13,15)
(14,15)305197314(15,15)
(15,15)632651476(15,16)
(16,15)1384095820(16,16)
(17,15)500037525(17,16)
(20,15)1267889618(21,15)
(20,15)61101360(20,16)
(21,15)1326247643(21,16)
(22,15)610506582(23,15)
(23,15)164826621(23,16)
(24,15)384370888(25,15)
(24,15)370917955(24,16)
(26,15)813274570(26,16)
(27,15)699460008(28,15)
(27,15)216220853(27,16)
(28,15)1304811783(29,15)
(29,15)223712350(29,16)
(1,16)787689126(2,16)
(2,16)584522071(3,16)
(2,16)846621269(2,17)
(3,16)146533149(4,16)
(4,16)928140528(5,16)
(6,16)989241888(6,17)
(7,16)481928577(8,16)
(8,16)1(8,17)
(9,16)270754552(10,16)
(9,16)646755199(9,17)
(11,16)413360099(12,16)
(12,16)286448566(13,16)
(13,16)396377017(14,16)
(13,16)629580952(13,17)
(14,16)6072641(14,17)
(15,16)620089368(15,17)
(17,16)96055805(18,16)
(17,16)376696776(17,17)
(19,16)242588954(19,17)
(20,16)445080308(20,17)
(21,16)1151297278(21,17)
(22,16)1000372555(22,17)
(23,16)1528806445(24,16)
(24,16)415522325(25,16)
(24,16)870305000(24,17)
(25,16)332238283(26,16)
(26,16)695466127(27,16)
(27,16)745598382(27,17)
(28,16)981914693(28,17)
(0,17)1162088421(1,17)
(0,17)987987334(0,18)
(1,17)12548159(1,18)
(2,17)411522957(2,18)
(3,17)1(4,17)
(3,17)1(3,18)
(4,17)1(5,17)
(5,17)1(6,17)
(5,17)750167716(5,18)
(6,17)1(7,17)
(7,17)1(8,17)
(7,17)108375482(7,18)
(10,17)386839851(11,17)
(10,17)610486506(10,18)
(11,17)942724790(12,17)
(11,17)771476364(11,18)
(14,17)301373537(14,18)
(15,17)222028828(15,18)
(16,17)234576987(17,17)
(17,17)342146590(18,17)
(18,17)672563970(19,17)
(19,17)978587665(20,17)
(19,17)849725352(19,18)
(22,17)44041351(23,17)
(22,17)190113083(22,18)
(23,17)113974112(23,18)
(24,17)85291638(25,17)
(25,17)394709364(26,17)
(26,17)472131489(26,18)
(27,17)158136104(28,17)
(28,17)878273679(29,17)
(28,17)991039875(28,18)
(29,17)987706141(29,18)
(0,18)1292413412(0,19)
(1,18)434290636(2,18)
(1,18)1209734969(1,19)
(3,18)1(3,19)
(4,18)825726814(5,18)
(5,18)769304465(5,19)
(6,18)221713886(7,18)
(8,18)411826969(8,19)
(9,18)192532621(10,18)
(11,18)10150109(12,18)
(12,18)616734673(13,18)
(12,18)404259631(12,19)
(13,18)562395735(14,18)
(14,18)78374295(15,18)
(15,18)752704313(16,18)
(16,18)612353198(17,18)
(17,18)1186994949(17,19)
(18,18)1340157793(19,18)
(19,18)929588156(20,18)
(20,18)18400960(20,19)
(21,18)781098823(21,19)
(22,18)213213171(22,19)
(24,18)399493245(24,19)
(25,18)14933990(26,18)
(25,18)817572761(25,19)
(27,18)25084100(27,19)
(28,18)379461075(28,19)
(29,18)318322042(29,19)
(1,19)592456289(2,19)
(2,19)333293469(3,19)
(3,19)1(4,19)
(4,19)1(4,20)
(6,19)990526343(6,20)
(7,19)830365981(8,19)
(8,19)373953666(9,19)
(9,19)530788967(10,19)
(9,19)403068011(9,20)
(10,19)773446912(10,20)
(11,19)788380902(12,19)
(12,19)1111088131(13,19)
(12,19)1321756868(12,20)
(13,19)1077683174(14,19)
(13,19)813465002(13,20)
(14,19)38649718(15,19)
(16,19)1116945487(17,19)
(17,19)518434573(18,19)
(19,19)997276125(19,20)
(20,19)698312496(21,19)
(20,19)379366797(20,20)
(21,19)717293418(21,20)
(22,19)390848153(22,20)
(23,19)296596980(24,19)
(23,19)52775474(23,20)
(24,19)455843485(25,19)
(26,19)28264029(27,19)
(26,19)278450030(26,20)
(27,19)311269559(27,20)
(29,19)530406424(29,20)
(0,20)1163384280(1,20)
(0,20)482417719(0,21)
(2,20)1(3,20)
(2,20)1(2,21)
(3,20)1(4,20)
(4,20)995234140(5,20)
(4,20)198628789(4,21)
(6,20)572132557(7,20)
(7,20)597010431(8,20)
(7,20)461152493(7,21)
(8,20)984124220(9,20)
(9,20)649785905(9,21)
(10,20)1105629391(11,20)
(13,20)836802671(14,20)
(14,20)692458743(15,20)
(14,20)1107096180(14,21)
(16,20)1146137088(17,20)
(17,20)213952386(18,20)
(18,20)695258232(19,20)
(19,20)93155710(20,20)
(21,20)917609663(22,20)
(22,20)298167279(23,20)
(23,20)499429649(24,20)
(24,20)16922351(25,20)
(25,20)1015857464(26,20)
(27,20)359147515(28,20)
(27,20)272312086(27,21)
(0,21)532495011(1,21)
(0,21)625843881(0,22)
(1,21)67874133(2,21)
(1,21)415675634(1,22)
(2,21)1(2,22)
(3,21)454806773(4,21)
(5,21)1549495354(6,21)
(6,21)657103124(7,21)
(7,21)331016259(8,21)
(8,21)193552063(8,22)
(9,21)692981712(10,21)
(10,21)819485269(10,22)
(11,21)304505404(11,22)
(12,21)837626799(12,22)
(13,21)1196774315(14,21)
(15,21)100669(16,21)
(15,21)245240853(15,22)
(16,21)660916487(17,21)
(17,21)67974802(17,22)
(18,21)75245562(18,22)
(19,21)1028363610(19,22)
(20,21)573666704(21,21)
(21,21)674402557(22,21)
(21,21)933596911(21,22)
(22,21)172623403(23,21)
(23,21)1005418816(23,22)
(24,21)703571522(25,21)
(25,21)529302443(26,21)
(26,21)274325361(27,21)
(26,21)418646579(26,22)
(27,21)217161528(27,22)
(28,21)177332700(29,21)
(28,21)129834447(28,22)
(1,22)550804899(1,23)
(2,22)1(2,23)
(3,22)883799426(4,22)
(4,22)962764794(5,22)
(5,22)671068506(6,22)
(6,22)338346092(7,22)
(6,22)76277107(6,23)
(7,22)750679664(8,22)
(9,22)845954166(10,22)
(10,22)312186354(11,22)
(11,22)815774123(11,23)
(12,22)1090099484(13,22)
(12,22)730832933(12,23)
(13,22)86086317(13,23)
(14,22)263419017(15,22)
(15,22)145186709(15,23)
(16,22)240959156(16,23)
(17,22)551201745(18,22)
(17,22)228217069(17,23)
(19,22)1047196295(20,22)
(20,22)763148569(20,23)
(21,22)839425676(22,22)
(23,22)959658925(24,22)
(24,22)805251743(24,23)
(25,22)144874089(26,22)
(27,22)94255812(28,22)
(27,22)13798878(27,23)
(28,22)99885196(29,22)
(0,23)363304213(1,23)
(0,23)636453333(0,24)
(1,23)79065186(1,24)
(2,23)775056794(3,23)
(2,23)1(2,24)
(4,23)535286141(4,24)
(5,23)442982639(5,24)
(6,23)4744263(6,24)
(7,23)844169939(8,23)
(7,23)1153263590(7,24)
(8,23)181226513(9,23)
(8,23)1033206202(8,24)
(9,23)286791631(9,24)
(10,23)986478257(10,24)
(12,23)848934683(12,24)
(13,23)943190495(14,23)
(13,23)1145151225(13,24)
(15,23)30387226(16,23)
(15,23)877068972(15,24)
(17,23)65120356(18,23)
(18,23)832077645(19,23)
(19,23)118993446(20,23)
(20,23)73673339(20,24)
(21,23)78417603(22,23)
(22,23)707255825(23,23)
(23,23)44470216(24,23)
(24,23)1209379174(25,23)
(24,23)888482339(24,24)
(26,23)547407330(26,24)
(27,23)1396342013(28,23)
(27,23)858829294(27,24)
(29,23)192048860(29,24)
(2,24)1(2,25)
(3,24)627510635(4,24)
(3,24)185963953(3,25)
(4,24)1018041598(5,24)
(6,24)1091714937(6,25)
(8,24)375444584(8,25)
(9,24)419914800(10,24)
(10,24)730199492(10,25)
(11,24)457676440(12,24)
(11,24)309766496(11,25)
(13,24)950881304(14,24)
(15,24)1142930164(15,25)
(16,24)64564349(17,24)
(16,24)127052251(16,25)
(17,24)689442530(18,24)
(17,24)928682751(17,25)
(18,24)1114646704(19,24)
(20,24)1017565625(21,24)
(21,24)1076919591(22,24)
(22,24)266222407(23,24)
(22,24)234262547(22,25)
(23,24)99568484(23,25)
(24,24)44804919(25,24)
(24,24)107939561(24,25)
(25,24)838139053(26,24)
(25,24)1029621931(25,25)
(27,24)753959819(28,24)
(28,24)464837581(29,24)
(28,24)1042517543(28,25)
(0,25)116423768(0,26)
(1,25)102524643(2,25)
(1,25)700287639(1,26)
(2,25)1(3,25)
(2,25)1764892438(2,26)
(3,25)1(4,25)
(3,25)1031207394(3,26)
(4,25)1(4,26)
(5,25)110993018(6,25)
(6,25)493886463(7,25)
(7,25)1060494695(8,25)
(7,25)1242754098(7,26)
(8,25)728149010(8,26)
(9,25)1160063179(9,26)
(11,25)307571472(12,25)
(11,25)219994425(11,26)
(12,25)256804978(12,26)
(13,25)1010764797(14,25)
(14,25)454416748(14,26)
(15,25)570840516(16,25)
(15,25)568122272(15,26)
(17,25)1175989877(18,25)
(17,25)673365159(17,26)
(19,25)592962932(20,25)
(20,25)959162035(21,25)
(21,25)703955951(21,26)
(23,25)33713861(24,25)
(23,25)599529154(23,26)
(25,25)777635325(26,25)
(26,25)816976784(26,26)
(27,25)1073781763(28,25)
(28,25)541110115(29,25)
(28,25)1003463633(28,26)
(0,26)461851014(1,26)
(1,26)505185185(1,27)
(3,26)554602408(3,27)
(4,26)1(5,26)
(5,26)104852634(6,26)
(5,26)1(5,27)
(7,26)808808585(7,27)
(8,26)608034986(9,26)
(8,26)649022765(8,27)
(9,26)682736626(10,26)
(12,26)234799752(12,27)
(13,26)1308581515(14,26)
(14,26)25222833(15,26)
(14,26)354367395(14,27)
(16,26)487073847(16,27)
(17,26)360022300(18,26)
(18,26)100603786(19,26)
(18,26)1376941062(18,27)
(19,26)888830763(20,26)
(20,26)212295100(20,27)
(21,26)993683397(21,27)
(22,26)989230775(22,27)
(24,26)263043320(24,27)
(25,26)31797565(26,26)
(25,26)173506518(25,27)
(26,26)80329499(27,26)
(26,26)456651794(26,27)
(27,26)691451546(28,26)
(27,26)578187134(27,27)
(28,26)62299853(29,26)
(0,27)87522686(1,27)
(1,27)1098193842(1,28)
(2,27)701539807(3,27)
(2,27)574596534(2,28)
(3,27)934618834(4,27)
(5,27)819827984(6,27)
(5,27)1(5,28)
(8,27)831099451(8,28)
(9,27)321869343(10,27)
(9,27)421825361(9,28)
(11,27)495375861(11,28)
(12,27)575705360(13,27)
(13,27)461273879(14,27)
(13,27)194064088(13,28)
(14,27)1(15,27)
(14,27)1(14,28)
(15,27)1(15,28)
(16,27)343886628(16,28)
(17,27)918483162(18,27)
(18,27)386753870(19,27)
(21,27)940472515(22,27)
(21,27)716898500(21,28)
(22,27)382926234(23,27)
(23,27)574682290(24,27)
(23,27)129183332(23,28)
(24,27)551008693(25,27)
(25,27)896551633(25,28)
(27,27)1051402293(27,28)
(28,27)1245466382(29,27)
(29,27)95275444(29,28)
(0,28)1501830323(1,28)
(1,28)409098738(1,29)
(3,28)616716465(4,28)
(3,28)1010014811(3,29)
(5,28)1(5,29)
(6,28)224048977(7,28)
(7,28)253674535(7,29)
(8,28)636600769(9,28)
(9,28)542314107(10,28)
(10,28)353673391(11,28)
(10,28)340563072(10,29)
(12,28)217852623(12,29)
(14,28)1(14,29)
(15,28)1(16,28)
(16,28)1(17,28)
(17,28)1(18,28)
(18,28)960188534(19,28)
(18,28)1(18,29)
(19,28)1594769883(19,29)
(20,28)209473567(20,29)
(21,28)1089966067(22,28)
(21,28)1353825800(21,29)
(23,28)763447433(23,29)
(24,28)566112132(25,28)
(24,28)96617457(24,29)
(25,28)437180529(26,28)
(25,28)503615949(25,29)
(26,28)919785523(26,29)
(27,28)1137638147(28,28)
(27,28)65785292(27,29)
(28,28)745792349(29,28)
(28,28)478307629(28,29)
(29,28)989492335(29,29)
(0,29)523782140(1,29)
(1,29)936621968(1,30)
(2,29)1292850339(3,29)
(3,29)634172025(4,29)
(4,29)75191653(5,29)
(5,29)1(5,30)
(6,29)284665220(6,30)
(7,29)1374631287(8,29)
(7,29)198619204(7,30)
(8,29)1806119540(9,29)
(10,29)556707205(11,29)
(11,29)1(12,29)
(11,29)1(11,30)
(12,29)1(13,29)
(13,29)1(14,29)
(13,29)258219170(13,30)
(14,29)1004011520(15,29)
(14,29)582972798(14,30)
(16,29)245277883(17,29)
(17,29)1(18,29)
(17,29)1(17,30)
(19,29)713355511(20,29)
(21,29)204428608(22,29)
(0,30)625321929(1,30)
(0,30)251243823(0,31)
(2,30)5631942(2,31)
(3,30)398068012(3,31)
(4,30)242639747(5,30)
(5,30)1(5,31)
(6,30)162403134(6,31)
(7,30)366831742(8,30)
(8,30)894869401(9,30)
(8,30)215341973(8,31)
(10,30)310273413(10,31)
(11,30)1(11,31)
(12,30)628257755(13,30)
(14,30)612816071(15,30)
(14,30)296528780(14,31)
(15,30)547772603(16,30)
(15,30)429363923(15,31)
(17,30)1(18,30)
(17,30)216272000(17,31)
(18,30)1(19,30)
(19,30)1(19,31)
(20,30)1145975358(21,30)
(20,30)856979759(20,31)
(21,30)1019382894(22,30)
(22,30)278190158(23,30)
(24,30)1184622626(25,30)
(24,30)1173059560(24,31)
(26,30)553918865(27,30)
(26,30)405201937(26,31)
(27,30)964263748(27,31)
(28,30)1182176620(28,31)
(29,30)259488863(29,31)
(0,31)421101832(1,31)
(0,31)1478705400(0,32)
(1,31)688852786(1,32)
(2,31)201407458(3,31)
(3,31)755526127(4,31)
(3,31)95266356(3,32)
(4,31)709606368(5,31)
(5,31)1(6,31)
(6,31)1(7,31)
(7,31)438485374(8,31)
(7,31)1(7,32)
(8,31)315813605(9,31)
(10,31)861838989(11,31)
(11,31)824722490(12,31)
(11,31)1(11,32)
(13,31)871700699(14,31)
(14,31)701943705(14,32)
(15,31)33165457(16,31)
(18,31)7426169(19,31)
(19,31)1(19,32)
(20,31)1179529128(21,31)
(20,31)717032538(20,32)
(21,31)136135018(22,31)
(23,31)574620392(23,32)
(24,31)251836754(25,31)
(24,31)167368542(24,32)
(27,31)233233021(28,31)
(27,31)333480550(27,32)
(28,31)979601485(28,32)
(29,31)1104933720(29,32)
(1,32)88639634(1,33)
(2,32)1443145325(2,33)
(3,32)825791694(4,32)
(5,32)699045063(6,32)
(6,32)203845520(6,33)
(7,32)1(8,32)
(7,32)512976554(7,33)
(8,32)1(9,32)
(9,32)1(9,33)
(10,32)531900034(10,33)
(11,32)40658094(12,32)
(11,32)1(11,33)
(12,32)132629780(12,33)
(13,32)365862802(14,32)
(13,32)374138644(13,33)
(14,32)349121784(15,32)
(14,32)576279545(14,33)
(15,32)110341087(16,32)
(17,32)1217038602(18,32)
(18,32)1304438548(19,32)
(19,32)1(20,32)
(20,32)1(21,32)
(20,32)791251530(20,33)
(21,32)1(22,32)
(22,32)20336956(23,32)
(22,32)1(22,33)
(24,32)1(25,32)
(24,32)1(24,33)
(25,32)1(26,32)
(26,32)1(27,32)
(27,32)1(27,33)
(28,32)1331565220(29,32)
(0,33)318333694(0,34)
(1,33)428674782(2,33)
(1,33)1090438014(1,34)
(2,33)502390523(3,33)
(3,33)524135236(4,33)
(3,33)106242869(3,34)
(5,33)631340353(6,33)
(5,33)419481884(5,34)
(6,33)54449299(6,34)
(7,33)138700754(7,34)
(8,33)159037710(9,33)
(9,33)1(9,34)
(10,33)1(11,33)
(10,33)1(10,34)
(13,33)270617569(13,34)
(15,33)481387902(15,34)
(16,33)1135386147(16,34)
(17,33)442482781(18,33)
(17,33)405341089(17,34)
(18,33)511583958(19,33)
(19,33)966618017(19,34)
(21,33)233614511(21,34)
(22,33)1(23,33)
(22,33)517408978(22,34)
(23,33)1(24,33)
(23,33)878777377(23,34)
(24,33)531352976(24,34)
(25,33)413892161(25,34)
(26,33)184794536(27,33)
(27,33)1(27,34)
(28,33)659067697(29,33)
(28,33)101072999(28,34)
(0,34)113766839(1,34)
(1,34)111387570(1,35)
(2,34)1249152986(2,35)
(3,34)141413008(3,35)
(4,34)652996966(5,34)
(5,34)510770136(5,35)
(6,34)427778693(6,35)
(7,34)257009719(8,34)
(8,34)266795367(8,35)
(9,34)1(10,34)
(9,34)1135787096(9,35)
(10,34)104221117(11,34)
(10,34)202019540(10,35)
(11,34)1277278674(12,34)
(13,34)327727208(14,34)
(14,34)177312851(15,34)
(15,34)1229999242(16,34)
(16,34)69114447(17,34)
(16,34)291079690(16,35)
(17,34)966071161(17,35)
(18,34)1107484169(19,34)
(19,34)1214790563(20,34)
(21,34)40776180(22,34)
(21,34)279527351(21,35)
(23,34)297785900(23,35)
(25,34)234686974(25,35)
(26,34)1419413069(27,34)
(27,34)1(27,35)
(28,34)246088582(29,34)
(28,34)641450052(28,35)
(0,35)423401433(1,35)
(1,35)1235238502(1,36)
(2,35)714481123(2,36)
(3,35)107230151(4,35)
(3,35)13146790(3,36)
(4,35)909197235(4,36)
(5,35)1191614946(5,36)
(6,35)639286229(7,35)
(6,35)733628447(6,36)
(7,35)774404628(8,35)
(7,35)256031502(7,36)
(9,35)1072190528(9,36)
(10,35)358279876(11,35)
(11,35)680503766(12,35)
(12,35)954296984(13,35)
(13,35)698374759(14,35)
(13,35)1408347194(13,36)
(15,35)1560307071(16,35)
(17,35)644834684(18,35)
(17,35)607382700(17,36)
(18,35)620529490(19,35)
(18,35)220510539(18,36)
(19,35)1129707775(20,35)
(19,35)752064835(19,36)
(21,35)327305250(22,35)
(21,35)1106211926(21,36)
(22,35)435482362(22,36)
(23,35)271826264(24,35)
(23,35)1101709878(23,36)
(24,35)26416758(25,35)
(25,35)278608944(26,35)
(26,35)384696634(26,36)
(27,35)1(28,35)
(27,35)959112711(27,36)
(28,35)219976257(29,35)
(28,35)1(28,36)
(0,36)1656951142(1,36)
(2,36)660064472(3,36)
(7,36)302116632(8,36)
(9,36)150203107(10,36)
(10,36)1054181467(11,36)
(11,36)926440376(12,36)
(13,36)850377601(14,36)
(15,36)71185160(16,36)
(16,36)1285859963(17,36)
(20,36)296082014(21,36)
(23,36)574690958(24,36)
(25,36)236616554(26,36)
(28,36)1(29,36)
