50 5
(0,0)846930886(1,0)
(1,0)1(2,0)
(1,0)1(1,1)
(2,0)1(3,0)
(3,0)1(3,1)
(4,0)1(5,0)
(4,0)1(4,1)
(5,0)1(5,1)
(6,0)1102520059(7,0)
(6,0)783368690(6,1)
(8,0)1365180540(8,1)
(9,0)304089172(9,1)
(10,0)35005211(10,1)
(11,0)294702567(11,1)
(12,0)1(13,0)
(12,0)1(12,1)
(13,0)1(14,0)
(13,0)278722862(13,1)
(14,0)1(15,0)
(15,0)1(15,1)
(16,0)635723058(17,0)
(17,0)1125898167(18,0)
(18,0)1059961393(18,1)
(19,0)628175011(19,1)
(20,0)1131176229(20,1)
(21,0)859484421(21,1)
(22,0)756898537(23,0)
(22,0)608413784(22,1)
(24,0)149798315(24,1)
(25,0)184803526(26,0)
(25,0)1129566413(25,1)
(26,0)412776091(26,1)
(27,0)749241873(28,0)
(28,0)1(29,0)
(28,0)1(28,1)
(29,0)1(30,0)
(30,0)1(30,1)
(31,0)1827336327(32,0)
(32,0)572660336(32,1)
(33,0)805750846(33,1)
(34,0)1(35,0)
(34,0)1(34,1)
(35,0)1(36,0)
(36,0)1(36,1)
(37,0)1548233367(38,0)
(38,0)610515434(38,1)
(39,0)760313750(40,0)
(40,0)356426808(41,0)
(41,0)945117276(41,1)
(42,0)709393584(43,0)
(43,0)491705403(43,1)
(44,0)752392754(44,1)
(45,0)1264095060(46,0)
(46,0)1411549676(46,1)
(47,0)943947739(47,1)
(48,0)1749698586(49,0)
(48,0)855636226(48,1)
(49,0)1469348094(49,1)
(0,1)1036140795(1,1)
(1,1)1(1,2)
(2,1)317097467(3,1)
(3,1)1(4,1)
(4,1)927612902(4,2)
(5,1)1(5,2)
(6,1)660260756(6,2)
(7,1)402724286(8,1)
(7,1)485560280(7,2)
(9,1)1(10,1)
(9,1)1(9,2)
(10,1)1(11,1)
(11,1)1(12,1)
(11,1)270744729(11,2)
(14,1)822890675(14,2)
(15,1)1(16,1)
(15,1)791698927(15,2)
(16,1)1(16,2)
(17,1)1(18,1)
(17,1)1(17,2)
(18,1)1(19,1)
(19,1)1(20,1)
(20,1)1(21,1)
(21,1)1(22,1)
(22,1)1(23,1)
(23,1)1(23,2)
(24,1)1409959708(25,1)
(26,1)200747796(27,1)
(27,1)289700723(27,2)
(28,1)150122846(29,1)
(28,1)1(28,2)
(29,1)439493451(29,2)
(30,1)1(31,1)
(31,1)1(32,1)
(32,1)1(32,2)
(33,1)438792350(33,2)
(34,1)1(34,2)
(35,1)116087764(35,2)
(36,1)8936987(37,1)
(36,1)1(36,2)
(38,1)350322227(39,1)
(38,1)387346491(38,2)
(40,1)771151432(41,1)
(41,1)1186452551(41,2)
(42,1)971899228(42,2)
(43,1)1(44,1)
(43,1)1(43,2)
(44,1)1(45,1)
(45,1)1(46,1)
(46,1)1(47,1)
(47,1)76065818(48,1)
(47,1)1(47,2)
(48,1)1605894428(48,2)
(0,2)1(1,2)
(1,2)1597322404(2,2)
(3,2)1067854538(4,2)
(4,2)352118606(4,3)
(5,2)1(6,2)
(6,2)1(7,2)
(7,2)1(8,2)
(8,2)1(9,2)
(9,2)496987743(10,2)
(9,2)706043324(9,3)
(10,2)159259470(10,3)
(11,2)480298490(11,3)
(12,2)1096689772(12,3)
(13,2)601385644(13,3)
(14,2)243268139(15,2)
(15,2)1012502954(15,3)
(16,2)1(17,2)
(17,2)722308542(17,3)
(18,2)6939507(19,2)
(18,2)933110197(18,3)
(19,2)1285228804(20,2)
(19,2)740759355(19,3)
(20,2)502278611(21,2)
(21,2)1037127828(22,2)
(22,2)654887343(23,2)
(23,2)1(24,2)
(24,2)1(25,2)
(25,2)1(25,3)
(26,2)1369321801(27,2)
(27,2)1(28,2)
(27,2)1(27,3)
(29,2)705178736(30,2)
(30,2)434248626(31,2)
(32,2)1(33,2)
(32,2)1402586708(32,3)
(33,2)1(34,2)
(34,2)559412924(34,3)
(35,2)201305624(36,2)
(36,2)1(37,2)
(36,2)238962600(36,3)
(37,2)1(37,3)
(38,2)620145550(39,2)
(39,2)619290071(40,2)
(40,2)1(41,2)
(40,2)1(40,3)
(41,2)1(42,2)
(42,2)1(43,2)
(43,2)937370163(44,2)
(43,2)404158660(43,3)
(45,2)1501252996(46,2)
(46,2)260152959(46,3)
(47,2)1(47,3)
(49,2)1850952926(49,3)
(0,3)437116466(0,4)
(1,3)638422090(2,3)
(1,3)1176911340(1,4)
(3,3)1069755936(4,3)
(4,3)349517445(5,3)
(5,3)588219756(5,4)
(6,3)995706887(7,3)
(6,3)1057418418(6,4)
(7,3)1065103348(8,3)
(8,3)387451659(9,3)
(8,3)625032172(8,4)
(10,3)298625210(10,4)
(12,3)382697713(13,3)
(13,3)476667372(13,4)
(14,3)296864819(15,3)
(14,3)260401255(14,4)
(15,3)697517721(16,3)
(15,3)774044599(15,4)
(19,3)846811127(20,3)
(19,3)719346228(19,4)
(21,3)324763920(22,3)
(22,3)231602422(23,3)
(22,3)155789224(22,4)
(23,3)780821396(24,3)
(24,3)711645630(25,3)
(24,3)619054081(24,4)
(25,3)1(26,3)
(25,3)195740084(25,4)
(26,3)1(27,3)
(27,3)570073850(27,4)
(28,3)1046741222(29,3)
(29,3)337739299(29,4)
(30,3)1111783898(31,3)
(31,3)1197352298(32,3)
(31,3)446340713(31,4)
(32,3)915256190(32,4)
(33,3)524688209(34,3)
(34,3)700108581(34,4)
(35,3)1371499336(35,4)
(36,3)726371155(36,4)
(37,3)1(38,3)
(37,3)292218004(37,4)
(38,3)1(38,4)
(39,3)630668850(40,3)
(40,3)1(40,4)
(41,3)105575579(42,3)
(42,3)964445884(42,4)
(43,3)452867621(44,3)
(44,3)1017679567(44,4)
(45,3)213801961(46,3)
(45,3)201690613(45,4)
(46,3)1(47,3)
(46,3)1(46,4)
(48,3)1(49,3)
(48,3)1(48,4)
(49,3)1(49,4)
(0,4)982936784(1,4)
(1,4)1676902021(2,4)
(2,4)1486222842(3,4)
(3,4)950390868(4,4)
(4,4)255789528(5,4)
(7,4)1137949908(8,4)
(9,4)777210498(10,4)
(10,4)653448036(11,4)
(12,4)1023457753(13,4)
(13,4)364686248(14,4)
(15,4)1129033333(16,4)
(17,4)1280321648(18,4)
(18,4)501772890(19,4)
(20,4)150517567(21,4)
(21,4)212251746(22,4)
(23,4)364319529(24,4)
(25,4)484238046(26,4)
(27,4)624549797(28,4)
(28,4)767066249(29,4)
(30,4)739273303(31,4)
(33,4)78012497(34,4)
(34,4)552910253(35,4)
(38,4)1(39,4)
(39,4)1(40,4)
(40,4)425245975(41,4)
(41,4)1315209188(42,4)
(42,4)235649157(43,4)
(46,4)1(47,4)
(47,4)1(48,4)
