50 37
(0,0)846930886(1,0)
(1,0)1714636915(2,0)
(1,0)1681692777(1,1)
(2,0)424238335(3,0)
(3,0)719885386(3,1)
(4,0)596516649(4,1)
(5,0)1025202362(5,1)
(6,0)1102520059(7,0)
(6,0)783368690(6,1)
(8,0)1365180540(8,1)
(9,0)304089172(9,1)
(10,0)35005211(10,1)
(11,0)294702567(11,1)
(12,0)861021530(13,0)
(12,0)336465782(12,1)
(13,0)233665123(14,0)
(13,0)278722862(13,1)
(14,0)468703135(15,0)
(16,0)635723058(17,0)
(17,0)1125898167(18,0)
(18,0)1059961393(18,1)
(19,0)628175011(19,1)
(20,0)1131176229(20,1)
(21,0)859484421(21,1)
(22,0)756898537(23,0)
(22,0)608413784(22,1)
(24,0)149798315(24,1)
(25,0)184803526(26,0)
(25,0)1129566413(25,1)
(26,0)412776091(26,1)
(27,0)749241873(28,0)
(28,0)42999170(29,0)
(28,0)137806862(28,1)
(29,0)135497281(30,0)
(30,0)511702305(30,1)
(31,0)1827336327(32,0)
(32,0)572660336(32,1)
(33,0)805750846(33,1)
(34,0)1100661313(34,1)
(35,0)84353895(36,0)
(36,0)939819582(36,1)
(37,0)1548233367(38,0)
(38,0)610515434(38,1)
(39,0)760313750(40,0)
(40,0)356426808(41,0)
(41,0)945117276(41,1)
(42,0)709393584(43,0)
(43,0)491705403(43,1)
(44,0)752392754(44,1)
(45,0)1264095060(46,0)
(46,0)1411549676(46,1)
(47,0)943947739(47,1)
(48,0)1749698586(49,0)
(48,0)855636226(48,1)
(49,0)1469348094(49,1)
(0,1)1036140795(1,1)
(1,1)463480570(1,2)
(2,1)317097467(3,1)
(3,1)1376710097(4,1)
(4,1)927612902(4,2)
(5,1)603570492(5,2)
(6,1)660260756(6,2)
(7,1)402724286(8,1)
(7,1)485560280(7,2)
(9,1)364228444(10,1)
(9,1)894429689(9,2)
(10,1)221558440(11,1)
(11,1)1063958031(12,1)
(11,1)270744729(11,2)
(14,1)822890675(14,2)
(15,1)631704567(16,1)
(15,1)791698927(15,2)
(16,1)498777856(16,2)
(17,1)327254586(18,1)
(17,1)524872353(17,2)
(18,1)269455306(19,1)
(19,1)352406219(20,1)
(20,1)160051528(21,1)
(21,1)112805732(22,1)
(22,1)378409503(23,1)
(23,1)515530019(23,2)
(24,1)1409959708(25,1)
(26,1)200747796(27,1)
(27,1)289700723(27,2)
(28,1)150122846(29,1)
(28,1)168002245(28,2)
(29,1)439493451(29,2)
(30,1)1231192379(31,1)
(31,1)111537764(32,1)
(32,1)338888228(32,2)
(33,1)438792350(33,2)
(34,1)269441500(34,2)
(35,1)116087764(35,2)
(36,1)8936987(37,1)
(36,1)155324914(36,2)
(38,1)350322227(39,1)
(38,1)387346491(38,2)
(40,1)771151432(41,1)
(41,1)1186452551(41,2)
(42,1)971899228(42,2)
(43,1)1139901474(44,1)
(43,1)213975407(43,2)
(44,1)653468858(45,1)
(45,1)1239036029(46,1)
(47,1)76065818(48,1)
(47,1)1350573793(47,2)
(48,1)1605894428(48,2)
(0,2)1784639529(1,2)
(1,2)1597322404(2,2)
(3,2)1067854538(4,2)
(4,2)352118606(4,3)
(5,2)165344818(6,2)
(6,2)532670688(7,2)
(7,2)492067917(8,2)
(8,2)680466996(9,2)
(9,2)496987743(10,2)
(9,2)706043324(9,3)
(10,2)159259470(10,3)
(11,2)480298490(11,3)
(12,2)1096689772(12,3)
(13,2)601385644(13,3)
(14,2)243268139(15,2)
(16,2)968338082(17,2)
(17,2)722308542(17,3)
(18,2)6939507(19,2)
(18,2)933110197(18,3)
(19,2)1285228804(20,2)
(19,2)740759355(19,3)
(20,2)502278611(21,2)
(21,2)1037127828(22,2)
(22,2)654887343(23,2)
(23,2)392035568(24,2)
(24,2)87755422(25,2)
(25,2)889023311(25,3)
(26,2)1369321801(27,2)
(27,2)396473730(28,2)
(27,2)745425661(27,3)
(29,2)705178736(30,2)
(30,2)434248626(31,2)
(32,2)552473416(33,2)
(33,2)188213258(34,2)
(34,2)559412924(34,3)
(35,2)201305624(36,2)
(36,2)776532036(37,2)
(36,2)238962600(36,3)
(37,2)1238433452(37,3)
(38,2)620145550(39,2)
(39,2)619290071(40,2)
(40,2)407487131(41,2)
(40,2)707900973(40,3)
(41,2)7684930(42,2)
(42,2)711845894(43,2)
(43,2)937370163(44,2)
(43,2)404158660(43,3)
(45,2)1501252996(46,2)
(46,2)260152959(46,3)
(47,2)824272813(47,3)
(49,2)1850952926(49,3)
(0,3)437116466(0,4)
(1,3)638422090(2,3)
(1,3)1176911340(1,4)
(3,3)1069755936(4,3)
(4,3)349517445(5,3)
(5,3)588219756(5,4)
(6,3)995706887(7,3)
(6,3)1057418418(6,4)
(7,3)1065103348(8,3)
(8,3)387451659(9,3)
(8,3)625032172(8,4)
(10,3)298625210(10,4)
(12,3)382697713(13,3)
(13,3)476667372(13,4)
(14,3)296864819(15,3)
(14,3)260401255(14,4)
(15,3)697517721(16,3)
(15,3)774044599(15,4)
(19,3)846811127(20,3)
(19,3)719346228(19,4)
(21,3)324763920(22,3)
(21,3)555996658(21,4)
(22,3)231602422(23,3)
(22,3)155789224(22,4)
(23,3)780821396(24,3)
(24,3)711645630(25,3)
(24,3)619054081(24,4)
(25,3)917679292(26,3)
(25,3)195740084(25,4)
(27,3)570073850(27,4)
(28,3)1046741222(29,3)
(29,3)337739299(29,4)
(30,3)1111783898(31,3)
(31,3)1197352298(32,3)
(31,3)446340713(31,4)
(32,3)915256190(32,4)
(33,3)524688209(34,3)
(34,3)700108581(34,4)
(35,3)1371499336(35,4)
(36,3)726371155(36,4)
(37,3)292218004(37,4)
(38,3)11614769(38,4)
(39,3)630668850(40,3)
(40,3)246247255(40,4)
(41,3)105575579(42,3)
(42,3)964445884(42,4)
(43,3)452867621(44,3)
(44,3)1017679567(44,4)
(45,3)213801961(46,3)
(45,3)201690613(45,4)
(46,3)648031326(47,3)
(48,3)110613202(49,3)
(48,3)282828202(48,4)
(49,3)114723506(49,4)
(0,4)982936784(0,5)
(1,4)950390868(2,4)
(2,4)255789528(2,5)
(3,4)1137949908(4,4)
(3,4)1242608872(3,5)
(4,4)777210498(5,4)
(5,4)653448036(5,5)
(6,4)364686248(7,4)
(6,4)1023457753(6,5)
(9,4)501772890(9,5)
(10,4)212251746(11,4)
(10,4)150517567(10,5)
(11,4)364319529(12,4)
(12,4)484238046(13,4)
(12,4)1034514500(12,5)
(13,4)624549797(14,4)
(14,4)767066249(14,5)
(15,4)739273303(15,5)
(16,4)78012497(17,4)
(17,4)552910253(17,5)
(18,4)1344247686(18,5)
(19,4)474613996(20,4)
(19,4)661761152(19,5)
(20,4)425245975(20,5)
(21,4)235649157(21,5)
(23,4)861543921(24,4)
(23,4)430253414(23,5)
(24,4)677870460(24,5)
(25,4)828388027(26,4)
(25,4)496060028(25,5)
(26,4)332266748(27,4)
(27,4)31308902(28,4)
(28,4)820697697(29,4)
(28,4)816504794(28,5)
(29,4)655858699(29,5)
(30,4)559301039(30,5)
(31,4)1186090428(31,5)
(33,4)669908538(34,4)
(34,4)12895151(35,4)
(35,4)1144522535(35,5)
(37,4)860516127(38,4)
(38,4)777720504(38,5)
(39,4)1455590964(40,4)
(40,4)70636429(41,4)
(40,4)328298285(40,5)
(41,4)136495343(41,5)
(42,4)402903177(42,5)
(43,4)1219407971(44,4)
(44,4)12260289(45,4)
(44,4)2416949(44,5)
(45,4)561717988(46,4)
(45,4)655495367(45,5)
(47,4)733053144(48,4)
(47,4)389040743(47,5)
(49,4)1402961682(49,5)
(0,5)672655340(0,6)
(1,5)337453826(2,5)
(1,5)400000569(1,6)
(2,5)1081174232(2,6)
(4,5)847228023(5,5)
(4,5)410409117(4,6)
(7,5)500618996(8,5)
(8,5)1184214677(9,5)
(9,5)1061730690(10,5)
(11,5)1717226057(11,6)
(12,5)1411328205(13,5)
(14,5)696947386(14,6)
(15,5)1369602726(16,5)
(17,5)564325578(18,5)
(18,5)1010528946(19,5)
(19,5)358532290(19,6)
(21,5)885799631(22,5)
(22,5)1314218593(22,6)
(24,5)318561886(24,6)
(25,5)70788355(25,6)
(26,5)1112720090(26,6)
(27,5)241909610(28,5)
(29,5)104152274(29,6)
(30,5)826047641(30,6)
(31,5)309198987(32,5)
(32,5)530498338(33,5)
(33,5)37487770(34,5)
(33,5)873524566(33,6)
(36,5)959372260(36,6)
(37,5)126107205(38,5)
(38,5)159473059(38,6)
(39,5)478034945(40,5)
(40,5)471990783(40,6)
(42,5)941804289(43,5)
(42,5)993967637(42,6)
(45,5)716334471(46,5)
(46,5)470591100(47,5)
(47,5)1025533459(47,6)
(48,5)1001089438(48,6)
(0,6)983631233(1,6)
(0,6)394633074(0,7)
(2,6)553160358(3,6)
(4,6)864101839(5,6)
(4,6)712633417(4,7)
(6,6)410228794(7,6)
(7,6)773319847(8,6)
(7,6)1026413173(7,7)
(9,6)452456682(9,7)
(10,6)235745791(11,6)
(11,6)427355115(12,6)
(11,6)802205057(11,7)
(12,6)1272796157(13,6)
(14,6)1204462951(15,6)
(14,6)126401947(14,7)
(15,6)521035021(16,6)
(16,6)738393740(17,6)
(16,6)40610537(16,7)
(17,6)19485054(17,7)
(18,6)1291554098(18,7)
(20,6)962033002(21,6)
(20,6)371653516(20,7)
(21,6)1047372231(21,7)
(23,6)628974580(24,6)
(23,6)333582338(23,7)
(26,6)586235379(27,6)
(26,6)1021784812(26,7)
(27,6)262692685(28,6)
(30,6)606199759(31,6)
(30,6)395279207(30,7)
(31,6)435889744(32,6)
(31,6)358984857(31,7)
(32,6)378469911(33,6)
(33,6)488663950(34,6)
(33,6)272020127(33,7)
(34,6)29777560(35,6)
(35,6)257675105(36,6)
(35,6)345367818(35,7)
(36,6)991810563(36,7)
(37,6)216588711(38,6)
(38,6)151519934(39,6)
(39,6)845563291(39,7)
(40,6)629593614(41,6)
(41,6)524133589(41,7)
(42,6)409544918(43,6)
(43,6)927376882(44,6)
(43,6)74552805(43,7)
(45,6)765326717(45,7)
(46,6)1124311574(47,6)
(46,6)76593093(46,7)
(47,6)1421186593(48,6)
(47,6)431530126(47,7)
(48,6)703550253(49,6)
(0,7)733327814(1,7)
(1,7)107734713(1,8)
(2,7)1500474762(3,7)
(3,7)1464415775(3,8)
(4,7)672032919(4,8)
(5,7)639806732(5,8)
(6,7)406011017(6,8)
(7,7)217871137(8,7)
(7,7)114760235(7,8)
(8,7)524305153(9,7)
(9,7)1265122573(10,7)
(9,7)292423943(9,8)
(10,7)124666328(10,8)
(11,7)120306710(12,7)
(12,7)1007277217(13,7)
(13,7)551836836(13,8)
(14,7)362575055(14,8)
(15,7)1022963858(15,8)
(18,7)567304789(19,7)
(18,7)483689685(18,8)
(19,7)1155722604(20,7)
(20,7)35756851(20,8)
(21,7)441767868(22,7)
(21,7)746349250(21,8)
(22,7)861109485(23,7)
(23,7)659639006(23,8)
(24,7)952062949(25,7)
(25,7)577721120(25,8)
(26,7)460686763(27,7)
(26,7)714880226(26,8)
(27,7)554290596(28,7)
(28,7)34740865(29,7)
(30,7)1290127955(30,8)
(31,7)1434433518(31,8)
(32,7)537322532(33,7)
(33,7)157272379(34,7)
(33,7)550245196(33,8)
(37,7)738647283(38,7)
(38,7)94307398(39,7)
(38,7)772970072(38,8)
(39,7)10901063(40,7)
(39,7)51245830(39,8)
(40,7)628966950(41,7)
(42,7)1003886059(43,7)
(43,7)410134047(44,7)
(43,7)168057522(43,8)
(44,7)1038626924(44,8)
(45,7)181271232(46,7)
(45,7)93189435(45,8)
(46,7)525829204(46,8)
(47,7)199411898(48,7)
(49,7)356684278(49,8)
(0,8)1022089159(0,9)
(1,8)14989683(2,8)
(2,8)1581539848(3,8)
(2,8)1242561041(2,9)
(4,8)207026272(4,9)
(5,8)217927335(6,8)
(6,8)513937457(7,8)
(6,8)590335821(6,9)
(7,8)204102747(8,8)
(9,8)372160269(9,9)
(10,8)207621703(11,8)
(12,8)733450907(12,9)
(13,8)932862806(14,8)
(13,8)980356728(13,9)
(14,8)695748720(15,8)
(15,8)279121308(16,8)
(15,8)1289547084(15,9)
(16,8)811742698(17,8)
(16,8)174515334(16,9)
(17,8)294110991(17,9)
(18,8)245798898(18,9)
(19,8)452825171(20,8)
(21,8)670752506(21,9)
(22,8)262178224(23,8)
(23,8)82173109(23,9)
(24,8)454333378(25,8)
(25,8)343945053(26,8)
(26,8)931489114(27,8)
(26,8)661955081(26,9)
(27,8)11671338(27,9)
(28,8)271059426(28,9)
(29,8)180785147(29,9)
(32,8)101323875(33,8)
(32,8)134591281(32,9)
(33,8)380390179(34,8)
(34,8)235202254(35,8)
(35,8)1280311131(36,8)
(35,8)833215350(35,9)
(37,8)873199181(38,8)
(37,8)1158381494(37,9)
(39,8)476152433(40,8)
(40,8)803590181(41,8)
(41,8)209359415(42,8)
(41,8)820097487(41,9)
(42,8)831768825(43,8)
(46,8)1108399134(46,9)
(47,8)1242990415(48,8)
(47,8)1078898506(47,9)
(48,8)63299708(49,8)
(0,9)298501962(1,9)
(0,9)1287859999(0,10)
(1,9)420687483(2,9)
(1,9)309112297(1,10)
(3,9)395191309(4,9)
(4,9)672139932(5,9)
(5,9)226723382(5,10)
(6,9)219544266(6,10)
(7,9)428903682(8,9)
(7,9)580508860(7,10)
(9,9)476564285(10,9)
(11,9)305197314(12,9)
(12,9)632651476(12,10)
(14,9)500037525(14,10)
(15,9)1351538839(15,10)
(17,9)61101360(17,10)
(19,9)610506582(20,9)
(20,9)164826621(20,10)
(21,9)384370888(22,9)
(21,9)370917955(21,10)
(23,9)813274570(23,10)
(24,9)699460008(25,9)
(24,9)216220853(24,10)
(26,9)223712350(26,10)
(27,9)856363827(28,9)
(28,9)787689126(28,10)
(29,9)584522071(29,10)
(30,9)146533149(30,10)
(31,9)928140528(31,10)
(33,9)627992393(34,9)
(33,9)1012836610(33,10)
(34,9)528433890(35,9)
(34,9)481928577(34,10)
(35,9)646755199(36,9)
(36,9)270754552(36,10)
(37,9)1031126087(37,10)
(38,9)413360099(38,10)
(39,9)629580952(40,9)
(39,9)286448566(39,10)
(40,9)6072641(41,9)
(40,9)396377017(40,10)
(41,9)620089368(42,9)
(43,9)376696776(44,9)
(43,9)1476453195(43,10)
(44,9)96055805(44,10)
(45,9)242588954(46,9)
(45,9)1664423428(45,10)
(46,9)445080308(47,9)
(47,9)1151297278(48,9)
(48,9)1000372555(49,9)
(1,10)415522325(2,10)
(1,10)870305000(1,11)
(2,10)332238283(3,10)
(3,10)695466127(4,10)
(4,10)1143565421(5,10)
(4,10)745598382(4,11)
(5,10)981914693(5,11)
(6,10)987987334(7,10)
(7,10)12548159(8,10)
(8,10)411522957(9,10)
(8,10)576994985(8,11)
(10,10)507578762(10,11)
(11,10)750167716(12,10)
(11,10)470631541(11,11)
(12,10)915711850(13,10)
(13,10)108375482(14,10)
(14,10)202550399(14,11)
(16,10)610486506(17,10)
(16,10)1119399015(16,11)
(17,10)771476364(18,10)
(17,10)386839851(17,11)
(19,10)1466942491(19,11)
(20,10)301373537(21,10)
(20,10)829570037(20,11)
(21,10)222028828(22,10)
(21,10)916018859(21,11)
(23,10)234576987(23,11)
(24,10)342146590(24,11)
(25,10)849725352(26,10)
(25,10)672563970(25,11)
(26,10)1143195511(27,10)
(28,10)190113083(29,10)
(29,10)113974112(30,10)
(29,10)44041351(29,11)
(31,10)900104667(32,10)
(31,10)85291638(31,11)
(32,10)472131489(33,10)
(32,10)394709364(32,11)
(34,10)158136104(34,11)
(35,10)987706141(36,10)
(35,10)878273679(35,11)
(37,10)434290636(38,10)
(39,10)153162844(39,11)
(41,10)769304465(41,11)
(42,10)221713886(43,10)
(44,10)411826969(44,11)
(45,10)192532621(46,10)
(47,10)10150109(48,10)
(48,10)616734673(49,10)
(48,10)404259631(48,11)
(0,11)562395735(0,12)
(1,11)78374295(1,12)
(2,11)752704313(2,12)
(3,11)612353198(3,12)
(6,11)18400960(7,11)
(6,11)929588156(6,12)
(7,11)781098823(8,11)
(8,11)213213171(9,11)
(9,11)568275358(9,12)
(10,11)399493245(11,11)
(10,11)625040140(10,12)
(11,11)817572761(12,11)
(12,11)14933990(12,12)
(13,11)25084100(14,11)
(14,11)379461075(15,11)
(15,11)318322042(16,11)
(17,11)592456289(18,11)
(18,11)333293469(19,11)
(19,11)478841551(20,11)
(20,11)242474976(20,12)
(22,11)990526343(22,12)
(23,11)830365981(24,11)
(24,11)373953666(25,11)
(25,11)530788967(26,11)
(25,11)403068011(25,12)
(27,11)788380902(28,11)
(28,11)1111088131(29,11)
(29,11)1077683174(30,11)
(29,11)813465002(29,12)
(30,11)38649718(31,11)
(31,11)1396005216(31,12)
(33,11)518434573(34,11)
(35,11)997276125(35,12)
(36,11)698312496(37,11)
(36,11)379366797(36,12)
(38,11)522971726(39,11)
(38,11)390848153(38,12)
(39,11)296596980(40,11)
(39,11)52775474(39,12)
(40,11)455843485(41,11)
(41,11)827385948(41,12)
(42,11)28264029(43,11)
(42,11)278450030(42,12)
(44,11)1124734562(45,11)
(45,11)482417719(46,11)
(45,11)530406424(45,12)
(47,11)505593010(48,11)
(48,11)895873480(48,12)
(49,11)1024027583(49,12)
(0,12)995234140(1,12)
(0,12)198628789(0,13)
(2,12)572132557(3,12)
(3,12)597010431(4,12)
(3,12)461152493(3,13)
(4,12)962980710(4,13)
(5,12)649785905(5,13)
(6,12)1105629391(7,12)
(8,12)1384079421(8,13)
(9,12)836802671(10,12)
(10,12)692458743(11,12)
(10,12)1107096180(10,13)
(13,12)213952386(14,12)
(13,12)1254749154(13,13)
(14,12)695258232(15,12)
(15,12)93155710(16,12)
(16,12)1111800030(17,12)
(17,12)917609663(18,12)
(18,12)298167279(19,12)
(19,12)499429649(20,12)
(20,12)16922351(21,12)
(21,12)1015857464(22,12)
(22,12)1122551742(22,13)
(23,12)359147515(24,12)
(23,12)272312086(23,13)
(25,12)625843881(26,12)
(26,12)415675634(27,12)
(26,12)532495011(26,13)
(27,12)240854387(28,12)
(27,12)67874133(27,13)
(29,12)1456339643(30,12)
(29,12)454806773(29,13)
(32,12)657103124(32,13)
(33,12)193552063(34,12)
(33,12)331016259(33,13)
(35,12)819485269(36,12)
(35,12)692981712(35,13)
(36,12)304505404(37,12)
(37,12)837626799(38,12)
(40,12)245240853(41,12)
(41,12)332702450(42,12)
(41,12)100669(41,13)
(42,12)67974802(43,12)
(42,12)660916487(42,13)
(43,12)75245562(44,12)
(43,12)573556837(43,13)
(44,12)1028363610(45,12)
(46,12)933596911(47,12)
(46,12)573666704(46,13)
(47,12)674402557(47,13)
(48,12)1005418816(49,12)
(48,12)172623403(48,13)
(0,13)703571522(1,13)
(1,13)529302443(2,13)
(2,13)274325361(3,13)
(2,13)418646579(2,14)
(3,13)217161528(3,14)
(4,13)177332700(5,13)
(4,13)129834447(4,14)
(5,13)305564045(5,14)
(6,13)550804899(7,13)
(7,13)310242589(8,13)
(8,13)1211721386(8,14)
(9,13)883799426(9,14)
(10,13)962764794(10,14)
(11,13)76277107(12,13)
(12,13)338346092(12,14)
(13,13)1569115921(14,13)
(13,13)750679664(13,14)
(15,13)845954166(15,14)
(16,13)815774123(17,13)
(16,13)312186354(16,14)
(17,13)730832933(18,13)
(18,13)86086317(19,13)
(18,13)1090099484(18,14)
(20,13)145186709(21,13)
(20,13)263419017(20,14)
(21,13)240959156(22,13)
(21,13)724025165(21,14)
(22,13)228217069(23,13)
(22,13)695991608(22,14)
(23,13)551201745(23,14)
(24,13)1435001171(25,13)
(25,13)763148569(26,13)
(27,13)839425676(27,14)
(28,13)1175446571(28,14)
(29,13)805251743(30,13)
(29,13)959658925(29,14)
(31,13)144874089(31,14)
(32,13)13798878(33,13)
(32,13)473903566(32,14)
(33,13)94255812(33,14)
(34,13)99885196(34,14)
(35,13)363304213(36,13)
(35,13)636453333(35,14)
(36,13)79065186(36,14)
(37,13)775056794(38,13)
(37,13)604263370(37,14)
(39,13)535286141(39,14)
(40,13)442982639(40,14)
(41,13)4744263(41,14)
(43,13)181226513(44,13)
(44,13)286791631(44,14)
(45,13)986478257(45,14)
(47,13)848934683(47,14)
(48,13)943190495(49,13)
(48,13)1145151225(48,14)
(0,14)877068972(1,14)
(1,14)30387226(1,15)
(2,14)956134158(2,15)
(3,14)65120356(3,15)
(4,14)832077645(4,15)
(5,14)73673339(6,14)
(5,14)118993446(5,15)
(7,14)78417603(7,15)
(8,14)922587542(9,14)
(8,14)707255825(8,15)
(9,14)888482339(10,14)
(9,14)44470216(9,15)
(11,14)547407330(12,14)
(12,14)858829294(13,14)
(14,14)192048860(15,14)
(15,14)912194650(15,15)
(16,14)942581876(17,14)
(16,14)1069117832(16,15)
(17,14)562390279(17,15)
(18,14)627510635(19,14)
(18,14)185963953(18,15)
(19,14)1018041598(20,14)
(23,14)375444584(23,15)
(24,14)419914800(25,14)
(25,14)730199492(25,15)
(26,14)457676440(27,14)
(26,14)309766496(26,15)
(28,14)950881304(29,14)
(30,14)1142930164(30,15)
(31,14)64564349(32,14)
(31,14)127052251(31,15)
(33,14)1114646704(34,14)
(37,14)266222407(38,14)
(37,14)234262547(37,15)
(38,14)99568484(38,15)
(39,14)44804919(40,14)
(39,14)107939561(39,15)
(40,14)838139053(41,14)
(40,14)1029621931(40,15)
(42,14)753959819(43,14)
(43,14)464837581(44,14)
(44,14)116423768(45,14)
(45,14)700287639(46,14)
(46,14)102524643(46,15)
(47,14)1031207394(48,14)
(47,14)764851988(47,15)
(48,14)707184680(49,14)
(48,14)306851320(48,15)
(0,15)110993018(1,15)
(1,15)493886463(2,15)
(3,15)728149010(3,16)
(6,15)307571472(7,15)
(6,15)219994425(6,16)
(7,15)256804978(7,16)
(9,15)454416748(9,16)
(10,15)570840516(11,15)
(10,15)568122272(10,16)
(12,15)1175989877(13,15)
(12,15)673365159(12,16)
(14,15)592962932(15,15)
(15,15)959162035(16,15)
(16,15)703955951(16,16)
(18,15)33713861(19,15)
(18,15)599529154(18,16)
(20,15)777635325(21,15)
(21,15)816976784(21,16)
(22,15)1073781763(23,15)
(22,15)1085206797(22,16)
(23,15)541110115(24,15)
(23,15)1003463633(23,16)
(25,15)505185185(26,15)
(25,15)461851014(25,16)
(27,15)554602408(28,15)
(28,15)1048938329(28,16)
(29,15)384295879(30,15)
(29,15)111691313(29,16)
(30,15)104852634(30,16)
(31,15)808808585(32,15)
(31,15)1343457914(31,16)
(32,15)649022765(33,15)
(33,15)608034986(33,16)
(34,15)682736626(34,16)
(35,15)1565306616(35,16)
(36,15)234799752(37,15)
(36,15)546389569(36,16)
(38,15)354367395(39,15)
(38,15)1308581515(38,16)
(39,15)25222833(39,16)
(40,15)487073847(41,15)
(42,15)360022300(42,16)
(43,15)100603786(43,16)
(44,15)212295100(45,15)
(44,15)888830763(44,16)
(45,15)993683397(46,15)
(46,15)989230775(47,15)
(48,15)263043320(49,15)
(49,15)1038828826(49,16)
(0,16)31797565(1,16)
(0,16)173506518(0,17)
(1,16)80329499(2,16)
(1,16)456651794(1,17)
(2,16)691451546(3,16)
(2,16)578187134(2,17)
(3,16)62299853(4,16)
(5,16)1098193842(6,16)
(5,16)87522686(5,17)
(7,16)701539807(7,17)
(8,16)934618834(8,17)
(9,16)196095815(10,16)
(10,16)1456748696(11,16)
(10,16)819827984(10,17)
(12,16)831099451(13,16)
(13,16)421825361(14,16)
(14,16)321869343(14,17)
(15,16)495375861(16,16)
(17,16)194064088(18,16)
(17,16)575705360(17,17)
(18,16)6938620(19,16)
(19,16)313823293(20,16)
(19,16)256363941(19,17)
(20,16)343886628(21,16)
(22,16)918483162(22,17)
(23,16)386753870(23,17)
(24,16)1631207466(25,16)
(25,16)716898500(26,16)
(26,16)940472515(26,17)
(27,16)129183332(28,16)
(27,16)382926234(27,17)
(29,16)551008693(29,17)
(31,16)1051402293(32,16)
(31,16)1391927494(31,17)
(33,16)95275444(34,16)
(33,16)1245466382(33,17)
(34,16)1501830323(35,16)
(35,16)409098738(35,17)
(37,16)616716465(38,16)
(37,16)1010014811(37,17)
(39,16)322334813(39,17)
(40,16)224048977(41,16)
(40,16)880492499(40,17)
(41,16)253674535(41,17)
(42,16)636600769(43,16)
(43,16)542314107(44,16)
(44,16)353673391(45,16)
(44,16)340563072(44,17)
(46,16)217852623(46,17)
(47,16)680007057(47,17)
(48,16)503458793(48,17)
(0,17)330546620(0,18)
(1,17)356228371(1,18)
(2,17)29860596(3,17)
(4,17)209473567(5,17)
(6,17)1089966067(6,18)
(7,17)763447433(8,17)
(8,17)96617457(9,17)
(9,17)503615949(10,17)
(10,17)437180529(10,18)
(11,17)65785292(12,17)
(12,17)478307629(13,17)
(13,17)745792349(13,18)
(14,17)523782140(15,17)
(14,17)981766422(14,18)
(15,17)936621968(15,18)
(16,17)1292850339(17,17)
(18,17)75191653(19,17)
(19,17)992277052(20,17)
(19,17)81458260(19,18)
(20,17)284665220(20,18)
(21,17)198619204(21,18)
(24,17)556707205(25,17)
(25,17)192433878(26,17)
(25,17)309667127(25,18)
(26,17)104665169(27,17)
(27,17)466647227(28,17)
(27,17)258219170(27,18)
(28,17)1004011520(29,17)
(28,17)582972798(28,18)
(30,17)245277883(31,17)
(31,17)1183912267(32,17)
(31,17)729568616(31,18)
(33,17)713355511(34,17)
(35,17)204428608(36,17)
(38,17)1562887660(38,18)
(39,17)1318141009(40,17)
(41,17)1455371254(42,17)
(41,17)1510574887(41,18)
(43,17)251243823(44,17)
(44,17)625321929(44,18)
(45,17)5631942(46,17)
(46,17)398068012(47,17)
(47,17)866596855(48,17)
(48,17)860144854(49,17)
(48,17)242639747(48,18)
(0,18)162403134(0,19)
(1,18)366831742(2,18)
(2,18)894869401(3,18)
(2,18)215341973(2,19)
(4,18)310273413(4,19)
(5,18)1064651899(5,19)
(6,18)628257755(7,18)
(6,18)1346941484(6,19)
(7,18)654829090(8,18)
(8,18)612816071(9,18)
(8,18)296528780(8,19)
(9,18)547772603(10,18)
(9,18)429363923(9,19)
(11,18)216272000(11,19)
(12,18)614340012(13,18)
(13,18)285830504(13,19)
(14,18)856979759(14,19)
(15,18)1019382894(16,18)
(16,18)278190158(17,18)
(18,18)1173059560(18,19)
(20,18)553918865(21,18)
(20,18)405201937(20,19)
(21,18)964263748(21,19)
(22,18)1182176620(22,19)
(23,18)259488863(23,19)
(24,18)688852786(25,18)
(24,18)421101832(24,19)
(26,18)95266356(27,18)
(26,18)201407458(26,19)
(28,18)1041356631(29,18)
(29,18)897534569(29,19)
(30,18)37623446(31,18)
(30,18)39848341(30,19)
(31,18)438485374(31,19)
(32,18)315813605(32,19)
(33,18)1488873165(34,18)
(34,18)861838989(34,19)
(35,18)1267040926(36,18)
(35,18)824722490(35,19)
(37,18)701943705(38,18)
(37,18)871700699(37,19)
(39,18)33165457(39,19)
(40,18)1820042348(40,19)
(42,18)138172497(43,18)
(42,18)7426169(42,19)
(43,18)717032538(44,18)
(45,18)1219377470(46,18)
(45,18)136135018(45,19)
(46,18)574620392(47,18)
(47,18)167368542(48,18)
(48,18)346502533(49,18)
(48,18)251836754(48,19)
(1,19)233233021(2,19)
(1,19)333480550(1,20)
(2,19)979601485(2,20)
(3,19)1104933720(3,20)
(4,19)88639634(5,19)
(5,19)1443145325(6,19)
(7,19)825791694(7,20)
(9,19)203845520(10,19)
(9,19)699045063(9,20)
(10,19)512976554(11,19)
(11,19)339980538(11,20)
(12,19)914600930(13,19)
(12,19)364531492(12,20)
(13,19)531900034(14,19)
(14,19)284327308(15,19)
(15,19)132629780(16,19)
(15,19)40658094(15,20)
(16,19)374138644(17,19)
(17,19)576279545(18,19)
(17,19)365862802(17,20)
(18,19)349121784(18,20)
(19,19)110341087(19,20)
(22,19)1304438548(22,20)
(23,19)791251530(24,19)
(24,19)859310840(24,20)
(25,19)855320512(26,19)
(25,19)995097051(25,20)
(26,19)20336956(26,20)
(27,19)384868448(28,19)
(28,19)102194872(28,20)
(29,19)916768482(29,20)
(30,19)145376088(30,20)
(32,19)1331565220(32,20)
(33,19)318333694(33,20)
(34,19)428674782(35,19)
(34,19)1090438014(34,20)
(35,19)502390523(36,19)
(36,19)524135236(37,19)
(36,19)106242869(36,20)
(38,19)631340353(39,19)
(38,19)419481884(38,20)
(39,19)54449299(39,20)
(40,19)138700754(40,20)
(41,19)159037710(42,19)
(42,19)237140292(42,20)
(43,19)339335164(44,19)
(43,19)543906158(43,20)
(46,19)861746410(47,19)
(46,19)270617569(46,20)
(48,19)481387902(48,20)
(49,19)1135386147(49,20)
(0,20)405341089(1,20)
(1,20)442482781(1,21)
(2,20)966618017(3,20)
(2,20)511583958(2,21)
(4,20)233614511(5,20)
(5,20)517408978(6,20)
(6,20)372315265(6,21)
(7,20)531352976(8,20)
(7,20)504038566(7,21)
(8,20)413892161(9,20)
(8,20)1115917669(8,21)
(10,20)388450127(11,20)
(10,20)184794536(10,21)
(11,20)101072999(12,20)
(13,20)113766839(14,20)
(14,20)111387570(14,21)
(16,20)141413008(16,21)
(18,20)510770136(18,21)
(19,20)427778693(19,21)
(20,20)257009719(21,20)
(21,20)266795367(21,21)
(22,20)770833934(23,20)
(22,20)1135787096(22,21)
(23,20)104221117(24,20)
(23,20)202019540(23,21)
(25,20)1559473950(25,21)
(26,20)327727208(27,20)
(27,20)177312851(28,20)
(29,20)69114447(30,20)
(29,20)291079690(29,21)
(30,20)966071161(30,21)
(31,20)1107484169(32,20)
(32,20)1214790563(33,20)
(32,20)1084384795(32,21)
(34,20)40776180(35,20)
(34,20)279527351(34,21)
(36,20)297785900(36,21)
(37,20)1396028861(37,21)
(38,20)234686974(38,21)
(40,20)727843428(40,21)
(41,20)246088582(42,20)
(41,20)641450052(41,21)
(43,20)423401433(43,21)
(44,20)714481123(45,20)
(44,20)1194559277(44,21)
(45,20)13146790(46,20)
(46,20)909197235(47,20)
(46,20)107230151(46,21)
(48,20)733628447(49,20)
(49,20)639286229(49,21)
(0,21)774404628(1,21)
(0,21)256031502(0,22)
(3,21)358279876(4,21)
(3,21)1229939013(3,22)
(4,21)680503766(5,21)
(5,21)954296984(6,21)
(6,21)698374759(7,21)
(9,21)1063641238(10,21)
(10,21)644834684(11,21)
(10,21)607382700(10,22)
(11,21)620529490(12,21)
(11,21)220510539(11,22)
(12,21)1129707775(13,21)
(12,21)752064835(12,22)
(14,21)327305250(15,21)
(14,21)1106211926(14,22)
(15,21)435482362(15,22)
(16,21)271826264(17,21)
(17,21)26416758(18,21)
(18,21)278608944(19,21)
(19,21)384696634(19,22)
(20,21)133286977(21,21)
(21,21)219976257(22,21)
(21,21)61204105(21,22)
(22,21)831661736(22,22)
(23,21)660064472(24,21)
(24,21)1069774565(24,22)
(26,21)302116632(26,22)
(27,21)150203107(27,22)
(28,21)926440376(28,22)
(29,21)850377601(29,22)
(30,21)71185160(30,22)
(31,21)1172895038(32,21)
(32,21)296082014(33,21)
(33,21)1129709433(34,21)
(34,21)574690958(34,22)
(35,21)236616554(35,22)
(36,21)297820659(37,21)
(37,21)401473495(38,21)
(39,21)877062718(40,21)
(39,21)1061537967(39,22)
(40,21)637760029(41,21)
(41,21)406736335(41,22)
(42,21)556939443(43,21)
(42,21)434492631(42,22)
(43,21)346804712(43,22)
(44,21)300819353(44,22)
(45,21)372004513(46,21)
(46,21)346030096(47,21)
(46,21)335558628(46,22)
(48,21)596727699(49,21)
(48,21)642112110(48,22)
(49,21)875470641(49,22)
(0,22)33252481(1,22)
(1,22)603123090(2,22)
(1,22)1112087195(1,23)
(3,22)4537736(4,22)
(3,22)209419369(3,23)
(4,22)1217196008(4,23)
(5,22)1066075704(5,23)
(6,22)680634295(6,23)
(7,22)353511414(7,23)
(8,22)910450857(9,22)
(9,22)320062251(9,23)
(11,22)450395738(11,23)
(12,22)796425834(13,22)
(13,22)980690626(13,23)
(15,22)507857366(16,22)
(15,22)326551394(15,23)
(17,22)1110980456(17,23)
(18,22)701062795(18,23)
(20,22)136864840(21,22)
(20,22)863043860(20,23)
(22,22)71061648(23,22)
(24,22)981512505(24,23)
(25,22)45299067(26,22)
(25,22)1035839366(25,23)
(27,22)912078408(28,22)
(28,22)461780768(29,22)
(28,22)135177290(28,23)
(29,22)363159161(29,23)
(30,22)689710555(31,22)
(32,22)1045069410(33,22)
(33,22)568637651(33,23)
(34,22)217985588(34,23)
(35,22)452703447(35,23)
(36,22)170253681(37,22)
(37,22)477223956(37,23)
(38,22)241315329(38,23)
(39,22)1301053842(39,23)
(40,22)189409560(41,22)
(41,22)742949164(42,22)
(45,22)1102713256(46,22)
(46,22)560413640(46,23)
(47,22)541279136(48,22)
(47,22)457615859(47,23)
(48,22)68728258(48,23)
(0,23)665680297(1,23)
(0,23)286713846(0,24)
(2,23)441971924(2,24)
(5,23)1162824071(6,23)
(5,23)1212534319(5,24)
(6,23)1401943880(7,23)
(7,23)283467324(7,24)
(8,23)930104896(8,24)
(9,23)593443203(10,23)
(10,23)96198530(10,24)
(12,23)854155594(13,23)
(13,23)303238858(14,23)
(14,23)535297508(15,23)
(14,23)922883852(14,24)
(16,23)1054873513(17,23)
(17,23)429857344(17,24)
(18,23)127340947(19,23)
(18,23)753554421(18,24)
(19,23)693550658(20,23)
(20,23)619480878(21,23)
(21,23)899334107(22,23)
(23,23)804046007(24,23)
(23,23)722633179(23,24)
(24,23)53476175(25,23)
(24,23)1025042772(24,24)
(25,23)1121241302(26,23)
(26,23)1080502308(27,23)
(27,23)172669440(27,24)
(29,23)710058106(30,23)
(29,23)1467704485(29,24)
(30,23)846667123(31,23)
(30,23)217010946(30,24)
(32,23)202029501(33,23)
(33,23)1(34,23)
(33,23)1(33,24)
(34,23)320401392(35,23)
(34,23)1(34,24)
(35,23)871000(36,23)
(37,23)1(38,23)
(37,23)1(37,24)
(38,23)1(38,24)
(40,23)867874951(41,23)
(41,23)931336718(42,23)
(41,23)901211983(41,24)
(42,23)1073881423(43,23)
(44,23)755594861(44,24)
(45,23)298125972(45,24)
(46,23)70298129(47,23)
(46,23)115206657(46,24)
(47,23)243110911(47,24)
(48,23)1156565744(49,23)
(48,23)272327630(48,24)
(49,23)376875057(49,24)
(0,24)601698078(0,25)
(1,24)602569078(2,24)
(1,24)1578037126(1,25)
(2,24)340606628(3,24)
(2,24)269365760(2,25)
(3,24)1083189141(4,24)
(4,24)978128825(5,24)
(5,24)553574882(5,25)
(6,24)506959639(6,25)
(8,24)850598623(9,24)
(9,24)810411310(10,24)
(10,24)655154589(11,24)
(11,24)431315644(12,24)
(12,24)770361246(12,25)
(13,24)639624893(14,24)
(13,24)674426555(13,25)
(15,24)1016499950(15,25)
(16,24)447053428(17,24)
(17,24)507946550(17,25)
(18,24)787660056(18,25)
(19,24)365547042(19,25)
(20,24)919121924(21,24)
(20,24)841365914(20,25)
(21,24)906183458(21,25)
(22,24)682900658(23,24)
(22,24)193088109(22,25)
(23,24)639138264(23,25)
(25,24)78359216(25,25)
(26,24)533424260(26,25)
(28,24)218248263(28,25)
(30,24)812426701(31,24)
(31,24)794452111(32,24)
(33,24)1(33,25)
(34,24)1(35,24)
(35,24)1(36,24)
(36,24)1(37,24)
(38,24)1(39,24)
(39,24)1(40,24)
(40,24)900874211(41,24)
(40,24)1(40,25)
(41,24)891528784(42,24)
(43,24)158535326(44,24)
(43,24)47830643(43,25)
(45,24)610645107(46,24)
(46,24)656184096(46,25)
(0,25)988992210(0,26)
(2,25)139722835(3,25)
(3,25)545343058(4,25)
(5,25)122125315(6,25)
(6,25)121248617(7,25)
(6,25)159999213(6,26)
(7,25)1051527998(8,25)
(8,25)751002780(9,25)
(8,25)61535680(8,26)
(9,25)220071006(10,25)
(9,25)1099358641(9,26)
(10,25)943116035(11,25)
(11,25)190833023(12,25)
(12,25)1155785752(13,25)
(14,25)930353825(15,25)
(14,25)198805545(14,26)
(16,25)486006071(17,25)
(16,25)707134463(16,26)
(17,25)669161002(17,26)
(18,25)625728906(18,26)
(19,25)243253491(19,26)
(21,25)112028656(21,26)
(23,25)1004642738(23,26)
(24,25)587833102(24,26)
(25,25)168021018(26,25)
(26,25)899633766(26,26)
(27,25)351450250(28,25)
(27,25)358854042(27,26)
(29,25)1121608488(30,25)
(30,25)606765135(31,25)
(30,25)737654461(30,26)
(31,25)161922596(31,26)
(32,25)1(33,25)
(32,25)1(32,26)
(34,25)822304435(34,26)
(35,25)615419962(36,25)
(36,25)849580744(36,26)
(37,25)434457257(38,25)
(37,25)568534702(37,26)
(39,25)1(40,25)
(39,25)1(39,26)
(41,25)1(42,25)
(41,25)1(41,26)
(42,25)1(43,25)
(43,25)1(43,26)
(44,25)204742850(45,25)
(44,25)431787582(44,26)
(46,25)811507986(46,26)
(47,25)466747319(47,26)
(48,25)604303818(48,26)
(49,25)1475295657(49,26)
(0,26)847915875(1,26)
(1,26)1036215463(1,27)
(2,26)709163925(3,26)
(3,26)463079269(3,27)
(4,26)218942709(4,27)
(5,26)316554595(6,26)
(5,26)65339680(5,27)
(6,26)12692331(7,26)
(7,26)582187500(7,27)
(9,26)364234956(10,26)
(9,26)186125413(9,27)
(10,26)390868264(11,26)
(11,26)660420424(12,26)
(13,26)959171794(14,26)
(14,26)353056618(14,27)
(15,26)286983804(15,27)
(17,26)987059619(18,26)
(19,26)1(20,26)
(19,26)1(19,27)
(20,26)1(21,26)
(21,26)1(21,27)
(22,26)1002564350(23,26)
(23,26)776624031(24,26)
(24,26)1036001642(25,26)
(24,26)61755148(24,27)
(26,26)1116391568(27,26)
(27,26)481762508(28,26)
(27,26)213153954(27,27)
(29,26)1218200987(30,26)
(31,26)850382211(31,27)
(32,26)1(33,26)
(33,26)1(33,27)
(34,26)366913064(34,27)
(35,26)245491186(36,26)
(35,26)892335526(35,27)
(37,26)969069027(38,26)
(38,26)244930122(39,26)
(38,26)167793078(38,27)
(39,26)1(40,26)
(40,26)1(41,26)
(41,26)560318023(42,26)
(43,26)573120688(44,26)
(43,26)1(43,27)
(44,26)335531187(45,26)
(46,26)494220239(47,26)
(47,26)1(48,26)
(47,26)1(47,27)
(48,26)247849492(49,26)
(48,26)1(48,27)
(0,27)1238241306(0,28)
(1,27)352964522(1,28)
(2,27)1197477949(2,28)
(3,27)19063328(4,27)
(3,27)878786386(3,28)
(6,27)356341138(7,27)
(6,27)257164626(6,28)
(8,27)64317458(8,28)
(9,27)637438146(10,27)
(10,27)47610720(11,27)
(11,27)281276174(11,28)
(12,27)775496414(13,27)
(13,27)783175739(14,27)
(13,27)188510062(13,28)
(14,27)436359554(15,27)
(15,27)1(16,27)
(15,27)1(15,28)
(16,27)1(17,27)
(17,27)764324635(18,27)
(17,27)1(17,28)
(18,27)114962507(18,28)
(19,27)1(19,28)
(20,27)400660703(21,27)
(21,27)1(22,27)
(22,27)1(22,28)
(23,27)1(24,27)
(23,27)1(23,28)
(24,27)1(25,27)
(25,27)1(26,27)
(26,27)1(26,28)
(27,27)726764303(28,27)
(27,27)135813159(27,28)
(28,27)324323221(29,27)
(28,27)368046387(28,28)
(30,27)760682775(30,28)
(31,27)1(32,27)
(31,27)1(31,28)
(32,27)1(33,27)
(32,27)203030386(32,28)
(33,27)317992893(34,27)
(35,27)118941728(35,28)
(36,27)128419117(36,28)
(37,27)885420959(38,27)
(38,27)602297893(39,27)
(39,27)504760186(40,27)
(40,27)1018014057(41,27)
(41,27)641321335(41,28)
(42,27)777134495(43,27)
(42,27)610564030(42,28)
(43,27)1(43,28)
(44,27)22800096(45,27)
(45,27)845997813(45,28)
(46,27)1450967523(47,27)
(47,27)1(47,28)
(48,27)1(49,27)
(49,27)1(49,28)
(0,28)861798817(1,28)
(1,28)269026234(1,29)
(2,28)104451352(3,28)
(3,28)625288549(3,29)
(4,28)1227586442(5,28)
(5,28)1434895504(5,29)
(6,28)305425913(7,28)
(6,28)397977904(6,29)
(7,28)331557302(8,28)
(8,28)915989944(8,29)
(9,28)991901004(9,29)
(10,28)231366256(10,29)
(11,28)593114526(11,29)
(12,28)643762327(12,29)
(13,28)475853939(14,28)
(15,28)1(15,29)
(16,28)894964680(17,28)
(17,28)1(17,29)
(19,28)353592203(20,28)
(19,28)1(19,29)
(20,28)76982346(20,29)
(21,28)474960250(22,28)
(21,28)212528560(21,29)
(22,28)1(23,28)
(22,28)147775927(22,29)
(23,28)1063765871(24,28)
(25,28)74061048(26,28)
(25,28)810882584(25,29)
(26,28)1(26,29)
(27,28)20084148(27,29)
(28,28)8293554(29,28)
(30,28)263707074(31,28)
(31,28)1(31,29)
(32,28)896172326(33,28)
(33,28)10604139(34,28)
(34,28)201345764(35,28)
(35,28)364196342(35,29)
(36,28)576724902(37,28)
(36,28)43695777(36,29)
(37,28)191471704(38,28)
(37,28)297510827(37,29)
(38,28)1104028380(39,28)
(39,28)1132205946(40,28)
(40,28)754963290(40,29)
(43,28)1(44,28)
(43,28)582513990(43,29)
(44,28)1(45,28)
(45,28)1(46,28)
(46,28)1(47,28)
(46,28)483989693(46,29)
(48,28)1(49,28)
(48,28)1(48,29)
(0,29)1032566124(1,29)
(0,29)674062382(0,30)
(1,29)496612959(2,29)
(2,29)446703183(3,29)
(3,29)1267733606(4,29)
(3,29)794123786(3,30)
(5,29)720936636(6,29)
(5,29)375487534(5,30)
(6,29)294124046(7,29)
(6,29)505631809(6,30)
(8,29)1006071125(9,29)
(9,29)361261451(9,30)
(10,29)581544070(11,29)
(10,29)93232173(10,30)
(11,29)310936585(12,29)
(12,29)1065533764(12,30)
(13,29)560711564(14,29)
(14,29)179486052(15,29)
(14,29)413575986(14,30)
(15,29)1087638368(16,29)
(15,29)1(15,30)
(17,29)1(18,29)
(18,29)1(19,29)
(18,29)383174967(18,30)
(22,29)472562275(23,29)
(23,29)265939255(23,30)
(24,29)627200707(25,29)
(26,29)1(27,29)
(27,29)1(28,29)
(28,29)1(28,30)
(29,29)1(30,29)
(29,29)1(29,30)
(30,29)1(31,29)
(31,29)475122431(32,29)
(32,29)690471744(32,30)
(33,29)1073646711(34,29)
(33,29)615952861(33,30)
(35,29)1045552368(35,30)
(38,29)186391879(39,29)
(38,29)63473287(38,30)
(40,29)336728279(41,29)
(40,29)813592586(40,30)
(41,29)966488613(41,30)
(42,29)701807124(43,29)
(43,29)1648609(43,30)
(44,29)689155066(45,29)
(45,29)408671759(45,30)
(46,29)192713458(47,29)
(48,29)1(49,29)
(49,29)1(49,30)
(0,30)16570124(1,30)
(0,30)1012707329(0,31)
(1,30)445968158(2,30)
(3,30)1121948088(4,30)
(3,30)366420782(3,31)
(4,30)552812661(5,30)
(6,30)302935500(7,30)
(8,30)675161631(9,30)
(10,30)460552958(10,31)
(11,30)1558349476(11,31)
(13,30)1213877140(14,30)
(13,30)1180082199(13,31)
(15,30)29809451(16,30)
(15,30)126183327(15,31)
(16,30)84041882(17,30)
(17,30)475777610(17,31)
(18,30)842198392(19,30)
(19,30)1392537953(20,30)
(21,30)399403847(21,31)
(22,30)372758355(23,30)
(22,30)109967654(22,31)
(24,30)950615538(25,30)
(24,30)1047919986(24,31)
(25,30)697054660(25,31)
(26,30)107920488(27,30)
(26,30)735194528(26,31)
(27,30)1017487483(27,31)
(28,30)1(29,30)
(29,30)876085544(30,30)
(29,30)1029322037(29,31)
(31,30)558410655(32,30)
(31,30)905894996(31,31)
(32,30)1239547247(32,31)
(33,30)872358697(34,30)
(34,30)76387350(34,31)
(35,30)117413002(35,31)
(36,30)516816850(37,30)
(36,30)1072628238(36,31)
(38,30)889575205(38,31)
(39,30)729972835(39,31)
(40,30)596170911(40,31)
(42,30)168488323(43,30)
(43,30)1146810336(43,31)
(44,30)28648726(45,30)
(44,30)218574358(44,31)
(46,30)880944650(47,30)
(46,30)1184154091(46,31)
(47,30)276217690(48,30)
(48,30)1423977622(49,30)
(48,30)115133608(48,31)
(49,30)1(49,31)
(0,31)542090057(1,31)
(0,31)191520958(0,32)
(2,31)1614718295(2,32)
(3,31)649830540(4,31)
(4,31)524897797(4,32)
(5,31)314909341(6,31)
(6,31)659347223(7,31)
(7,31)1026374844(8,31)
(8,31)46811558(8,32)
(9,31)25701533(9,32)
(10,31)54350259(11,31)
(12,31)1769972(13,31)
(12,31)1238504350(12,32)
(14,31)716952774(15,31)
(14,31)116903580(14,32)
(15,31)308424538(16,31)
(15,31)515814780(15,32)
(17,31)726277479(18,31)
(19,31)1376108019(19,32)
(20,31)608427746(21,31)
(20,31)523465512(20,32)
(21,31)218474917(22,31)
(21,31)109450254(21,32)
(23,31)1244849762(23,32)
(25,31)460362196(25,32)
(27,31)415922256(28,31)
(27,31)503984129(27,32)
(28,31)1730441138(28,32)
(30,31)298975429(31,31)
(30,31)513912055(30,32)
(31,31)8285608(31,32)
(33,31)351748718(33,32)
(34,31)1256772878(34,32)
(35,31)1144963628(35,32)
(36,31)1254413882(37,31)
(36,31)188800835(36,32)
(38,31)829774317(38,32)
(39,31)39533257(40,31)
(40,31)1084040881(41,31)
(40,31)219147069(40,32)
(42,31)665228399(42,32)
(43,31)248185889(44,31)
(44,31)1743131527(45,31)
(47,31)1690075412(47,32)
(49,31)1(49,32)
(0,32)1045251304(0,33)
(1,32)678006046(2,32)
(1,32)175821956(1,33)
(3,32)529235706(3,33)
(4,32)112526508(4,33)
(5,32)152059765(6,32)
(6,32)680326130(7,32)
(7,32)1241027172(8,32)
(8,32)1008057661(9,32)
(8,32)1345554529(8,33)
(9,32)1053514403(9,33)
(10,32)649162283(11,32)
(10,32)411266131(10,33)
(11,32)328386656(12,32)
(12,32)543785591(12,33)
(13,32)371704852(14,32)
(14,32)1286598370(14,33)
(15,32)184366026(16,32)
(17,32)862372072(17,33)
(18,32)1008620975(18,33)
(19,32)23637094(19,33)
(20,32)869439259(20,33)
(21,32)566417809(22,32)
(22,32)527532074(23,32)
(22,32)300248473(22,33)
(24,32)713475737(25,32)
(25,32)1092059772(25,33)
(26,32)486363501(27,32)
(27,32)127758874(27,33)
(29,32)1123598167(30,32)
(29,32)130644815(29,33)
(32,32)22852617(33,32)
(33,32)120214107(34,32)
(33,32)55119204(33,33)
(34,32)78756298(35,32)
(35,32)136416008(36,32)
(36,32)367085193(37,32)
(37,32)702833817(37,33)
(38,32)362795150(39,32)
(38,32)894617267(38,33)
(39,32)282723354(40,32)
(40,32)589306240(41,32)
(41,32)291425259(42,32)
(41,32)82095572(41,33)
(42,32)209854446(43,32)
(43,32)50365223(43,33)
(44,32)181010038(45,32)
(44,32)208591742(44,33)
(46,32)1196748250(47,32)
(47,32)973294814(48,32)
(47,32)1124220263(47,33)
(49,32)1(49,33)
(0,33)486577616(0,34)
(1,33)622993624(2,33)
(1,33)187386865(1,34)
(2,33)554472058(3,33)
(2,33)956774406(2,34)
(3,33)955701520(4,33)
(3,33)1325827441(3,34)
(5,33)452947988(5,34)
(6,33)1042254228(7,33)
(6,33)617409831(6,34)
(7,33)908835090(8,33)
(9,33)883109859(10,33)
(10,33)84870791(10,34)
(11,33)57518732(12,33)
(12,33)854428386(12,34)
(13,33)1181738995(13,34)
(14,33)213594814(15,33)
(15,33)773748473(15,34)
(16,33)961135338(17,33)
(17,33)280981337(18,33)
(17,33)2846977(17,34)
(19,33)817213073(20,33)
(20,33)869813362(20,34)
(21,33)401542104(21,34)
(22,33)67966707(23,33)
(22,33)584401425(22,34)
(23,33)554841746(24,33)
(23,33)248574635(23,34)
(25,33)29116548(26,33)
(26,33)62361873(27,33)
(26,33)200501653(26,34)
(27,33)1054930039(28,33)
(27,33)86635281(27,34)
(29,33)924279777(30,33)
(29,33)735169591(29,34)
(31,33)304133130(31,34)
(32,33)306980108(33,33)
(32,33)322569755(32,34)
(33,33)1087157360(33,34)
(34,33)176356569(35,33)
(34,33)1635654526(34,34)
(35,33)357984240(36,33)
(35,33)507906577(35,34)
(36,33)909448681(37,33)
(37,33)302905192(38,33)
(39,33)857746939(39,34)
(40,33)148214896(41,33)
(42,33)210576770(42,34)
(43,33)94097161(44,33)
(43,33)262021414(43,34)
(44,33)997191005(45,33)
(44,33)158303604(44,34)
(45,33)1018376938(45,34)
(46,33)358625421(46,34)
(47,33)681195176(48,33)
(47,33)298965069(47,34)
(49,33)1(49,34)
(1,34)879795257(1,35)
(3,34)1173369081(3,35)
(4,34)619175679(4,35)
(5,34)294151249(5,35)
(6,34)442366146(7,34)
(6,34)126257224(6,35)
(7,34)344130872(7,35)
(8,34)652942916(8,35)
(9,34)747040077(10,34)
(10,34)592561018(11,34)
(12,34)940443437(13,34)
(12,34)951186440(12,35)
(14,34)570240349(15,34)
(14,34)422449966(14,35)
(16,34)736581905(17,34)
(17,34)1266218466(18,34)
(17,34)868272669(17,35)
(18,34)378342196(18,35)
(19,34)997517875(20,34)
(19,34)702622777(19,35)
(20,34)996774026(21,34)
(20,34)1013825605(20,35)
(21,34)390871053(21,35)
(23,34)473431429(23,35)
(24,34)68801443(25,34)
(25,34)691639518(25,35)
(26,34)661362461(26,35)
(27,34)394062426(27,35)
(28,34)1250016323(28,35)
(29,34)1097446870(29,35)
(30,34)954233518(31,34)
(30,34)148420696(30,35)
(31,34)133656396(32,34)
(31,34)1065093662(31,35)
(33,34)1399874863(33,35)
(35,34)693866392(36,34)
(35,34)919191847(35,35)
(37,34)243444543(38,34)
(38,34)159897004(39,34)
(39,34)188043983(39,35)
(40,34)879683501(41,34)
(40,34)228698447(40,35)
(41,34)890060908(42,34)
(43,34)355126162(43,35)
(46,34)881865366(47,34)
(46,34)259322902(46,35)
(48,34)1(49,34)
(48,34)1(48,35)
(0,35)837277950(1,35)
(0,35)347788837(0,36)
(1,35)1041655229(2,35)
(1,35)643520498(1,36)
(3,35)728120804(3,36)
(4,35)888017808(5,35)
(5,35)73070847(5,36)
(7,35)945877108(7,36)
(8,35)568008764(9,35)
(9,35)286316151(10,35)
(9,35)214419677(9,36)
(11,35)1264537114(12,35)
(11,35)103087854(11,36)
(12,35)984953220(13,35)
(13,35)746926210(13,36)
(14,35)1652701270(14,36)
(15,35)1453298941(15,36)
(16,35)318984471(16,36)
(17,35)894661689(17,36)
(20,35)363316653(20,36)
(22,35)871418852(22,36)
(23,35)865945941(24,35)
(24,35)543326572(24,36)
(25,35)311647339(26,35)
(25,35)1152262092(25,36)
(26,35)1073255162(26,36)
(27,35)852087126(28,35)
(28,35)175627016(29,35)
(28,35)92819519(28,36)
(32,35)345705290(33,35)
(33,35)1591644042(34,35)
(35,35)184320788(36,35)
(35,35)1050760512(35,36)
(36,35)80201211(37,35)
(37,35)572561811(38,35)
(38,35)55519019(38,36)
(39,35)598845591(40,35)
(40,35)443286196(41,35)
(40,35)262458924(40,36)
(42,35)339193736(43,35)
(43,35)40317565(43,36)
(44,35)473891334(45,35)
(44,35)514820752(44,36)
(45,35)172154289(46,35)
(46,35)840536404(47,35)
(46,35)213280396(46,36)
(47,35)148472296(47,36)
(48,35)1(49,35)
(48,35)1186241694(48,36)
(49,35)1(49,36)
(2,36)396926156(3,36)
(3,36)1191566617(4,36)
(5,36)477127367(6,36)
(6,36)708436665(7,36)
(7,36)141540322(8,36)
(8,36)532646386(9,36)
(9,36)1564633137(10,36)
(11,36)1131491977(12,36)
(15,36)1015322500(16,36)
(16,36)1574486766(17,36)
(17,36)233694996(18,36)
(18,36)1055640066(19,36)
(19,36)1218458780(20,36)
(20,36)748515749(21,36)
(22,36)460467935(23,36)
(23,36)920670038(24,36)
(26,36)1069142334(27,36)
(28,36)339762386(29,36)
(29,36)1154499430(30,36)
(30,36)990982690(31,36)
(31,36)1347008216(32,36)
(32,36)1022334982(33,36)
(34,36)391091185(35,36)
(35,36)591313492(36,36)
(37,36)1099527851(38,36)
(38,36)732853814(39,36)
(39,36)250198952(40,36)
(40,36)516677340(41,36)
(41,36)165418241(42,36)
(43,36)196285753(44,36)
(44,36)41268864(45,36)
