5 200
(0,0)846930886(1,0)
(0,0)1804289383(0,1)
(1,0)1714636915(2,0)
(1,0)1681692777(1,1)
(2,0)424238335(3,0)
(2,0)1957747793(2,1)
(3,0)1649760492(4,0)
(3,0)719885386(3,1)
(4,0)596516649(4,1)
(0,1)1025202362(1,1)
(0,1)1189641421(0,2)
(1,1)783368690(2,1)
(1,1)1350490027(1,2)
(2,1)2044897763(3,1)
(2,1)1102520059(2,2)
(3,1)1365180540(4,1)
(3,1)1967513926(3,2)
(4,1)1540383426(4,2)
(0,2)1303455736(1,2)
(0,2)304089172(0,3)
(1,2)521595368(2,2)
(1,2)35005211(1,3)
(2,2)1726956429(3,2)
(2,2)294702567(2,3)
(3,2)861021530(4,2)
(3,2)336465782(3,3)
(4,2)278722862(4,3)
(0,3)2145174067(1,3)
(0,3)233665123(0,4)
(1,3)1101513929(2,3)
(1,3)468703135(1,4)
(2,3)1315634022(3,3)
(2,3)1801979802(2,4)
(3,3)1369133069(4,3)
(3,3)635723058(3,4)
(4,3)1125898167(4,4)
(0,4)2089018456(1,4)
(0,4)1059961393(0,5)
(1,4)1656478042(2,4)
(1,4)628175011(1,5)
(2,4)1653377373(3,4)
(2,4)1131176229(2,5)
(3,4)1914544919(4,4)
(3,4)859484421(3,5)
(4,4)608413784(4,5)
(0,5)1734575198(1,5)
(0,5)756898537(0,6)
(1,5)149798315(2,5)
(1,5)1973594324(1,6)
(2,5)1129566413(3,5)
(2,5)2038664370(2,6)
(3,5)412776091(4,5)
(3,5)184803526(3,6)
(4,5)1424268980(4,6)
(0,6)749241873(1,6)
(0,6)1911759956(0,7)
(1,6)42999170(2,6)
(1,6)137806862(1,7)
(2,6)135497281(3,6)
(2,6)982906996(2,7)
(3,6)2084420925(4,6)
(3,6)511702305(3,7)
(4,6)1937477084(4,7)
(0,7)572660336(1,7)
(0,7)1827336327(0,8)
(1,7)805750846(2,7)
(1,7)1159126505(1,8)
(2,7)1100661313(3,7)
(2,7)1632621729(2,8)
(3,7)1141616124(4,7)
(3,7)1433925857(3,8)
(4,7)84353895(4,8)
(0,8)2001100545(1,8)
(0,8)939819582(0,9)
(1,8)1548233367(2,8)
(1,8)1998898814(1,9)
(2,8)1585990364(3,8)
(2,8)610515434(2,9)
(3,8)760313750(4,8)
(3,8)1374344043(3,9)
(4,8)1477171087(4,9)
(0,9)945117276(1,9)
(0,9)356426808(0,10)
(1,9)1780695788(2,9)
(1,9)1889947178(1,10)
(2,9)491705403(3,9)
(2,9)709393584(2,10)
(3,9)752392754(4,9)
(3,9)1918502651(3,10)
(4,9)1474612399(4,10)
(0,10)1264095060(1,10)
(0,10)2053999932(0,11)
(1,10)1843993368(2,10)
(1,10)1411549676(1,11)
(2,10)1984210012(3,10)
(2,10)943947739(2,11)
(3,10)1749698586(4,10)
(3,10)855636226(3,11)
(4,10)1469348094(4,11)
(0,11)1036140795(1,11)
(0,11)1956297539(0,12)
(1,11)2040651434(2,11)
(1,11)463480570(1,12)
(2,11)317097467(3,11)
(2,11)1975960378(2,12)
(3,11)1376710097(4,11)
(3,11)1892066601(3,12)
(4,11)927612902(4,12)
(0,12)603570492(1,12)
(0,12)1330573317(0,13)
(1,12)660260756(2,12)
(1,12)1687926652(1,13)
(2,12)485560280(3,12)
(2,12)959997301(2,13)
(3,12)593209441(4,12)
(3,12)402724286(3,13)
(4,12)1194953865(4,13)
(0,13)364228444(1,13)
(0,13)894429689(0,14)
(1,13)221558440(2,13)
(1,13)1947346619(1,14)
(2,13)1063958031(3,13)
(2,13)270744729(2,14)
(3,13)2114738097(4,13)
(3,13)1633108117(3,14)
(4,13)2007905771(4,14)
(0,14)822890675(1,14)
(0,14)1469834481(0,15)
(1,14)791698927(2,14)
(1,14)1610120709(1,15)
(2,14)498777856(3,14)
(2,14)631704567(2,15)
(3,14)524872353(4,14)
(3,14)1255179497(3,15)
(4,14)327254586(4,15)
(0,15)269455306(1,15)
(0,15)1572276965(0,16)
(1,15)352406219(2,15)
(1,15)1703964683(1,16)
(2,15)160051528(3,15)
(2,15)1600028624(2,16)
(3,15)112805732(4,15)
(3,15)2040332871(3,16)
(4,15)1120048829(4,16)
(0,16)515530019(1,16)
(0,16)378409503(0,17)
(1,16)1573363368(2,16)
(1,16)1713258270(1,17)
(2,16)2077486715(3,16)
(2,16)1409959708(2,17)
(3,16)1631518149(4,16)
(3,16)1373226340(3,17)
(4,16)200747796(4,17)
(0,17)1117142618(1,17)
(0,17)289700723(0,18)
(1,17)150122846(2,17)
(1,17)168002245(1,18)
(2,17)990892921(3,17)
(2,17)439493451(2,18)
(3,17)1231192379(4,17)
(3,17)1760243555(3,18)
(4,17)1622597488(4,18)
(0,18)338888228(1,18)
(0,18)111537764(0,19)
(1,18)438792350(2,18)
(1,18)2147469841(1,19)
(2,18)269441500(3,18)
(2,18)1911165193(2,19)
(3,18)116087764(4,18)
(3,18)2142757034(3,19)
(4,18)1869470124(4,19)
(0,19)8936987(1,19)
(0,19)155324914(0,20)
(1,19)1275373743(2,19)
(1,19)1982275856(1,20)
(2,19)350322227(3,19)
(2,19)387346491(2,20)
(3,19)1960709859(4,19)
(3,19)841148365(3,20)
(4,19)1760281936(4,20)
(0,20)1186452551(1,20)
(0,20)771151432(0,21)
(1,20)971899228(2,20)
(1,20)1244316437(1,21)
(2,20)213975407(3,20)
(2,20)1476153275(2,21)
(3,20)1626276121(4,20)
(3,20)1139901474(3,21)
(4,20)653468858(4,21)
(0,21)1239036029(1,21)
(0,21)2130794395(0,22)
(1,21)1605908235(2,21)
(1,21)1884661237(1,22)
(2,21)76065818(3,21)
(2,21)1350573793(2,22)
(3,21)1789366143(4,21)
(3,21)1605894428(3,22)
(4,21)1987231011(4,22)
(0,22)1784639529(1,22)
(0,22)1875335928(0,23)
(1,22)1597322404(2,22)
(1,22)2103318776(1,23)
(2,22)2112255763(3,22)
(2,22)1939964443(2,23)
(3,22)1067854538(4,22)
(3,22)1432114613(3,23)
(4,22)352118606(4,23)
(0,23)1909002904(1,23)
(0,23)1782436840(0,24)
(1,23)1395235128(2,23)
(1,23)165344818(1,24)
(2,23)1351797369(3,23)
(2,23)532670688(2,24)
(3,23)1504569917(4,23)
(3,23)492067917(3,24)
(4,23)680466996(4,24)
(0,24)496987743(1,24)
(0,24)706043324(0,25)
(1,24)1359512183(2,24)
(1,24)159259470(1,25)
(2,24)1398295499(3,24)
(2,24)480298490(2,25)
(3,24)2086206725(4,24)
(3,24)1096689772(3,25)
(4,24)601385644(4,25)
(0,25)1544617505(1,25)
(0,25)1172755590(0,26)
(1,25)1012502954(2,25)
(1,25)243268139(1,26)
(2,25)2027907669(3,25)
(2,25)1272469786(2,26)
(3,25)722308542(4,25)
(3,25)968338082(3,26)
(4,25)1820388464(4,26)
(0,26)6939507(1,26)
(0,26)933110197(0,27)
(1,26)1285228804(2,26)
(1,26)740759355(1,27)
(2,26)502278611(3,26)
(2,26)1789376348(2,27)
(3,26)1037127828(4,26)
(3,26)1450573622(3,27)
(4,26)1034949299(4,27)
(0,27)1529195746(1,27)
(0,27)654887343(0,28)
(1,27)1335354340(2,27)
(1,27)392035568(1,28)
(2,27)889023311(3,27)
(2,27)87755422(2,28)
(3,27)1447267605(4,27)
(3,27)1494613810(3,28)
(4,27)1369321801(4,28)
(0,28)396473730(1,28)
(0,28)745425661(0,29)
(1,28)1346811305(2,28)
(1,28)1308044878(1,29)
(2,28)705178736(3,28)
(2,28)1569229320(2,29)
(3,28)434248626(4,28)
(3,28)1590079444(3,29)
(4,28)1977648522(4,29)
(0,29)1402586708(1,29)
(0,29)1470503465(0,30)
(1,29)1143408282(2,29)
(1,29)552473416(1,30)
(2,29)559412924(3,29)
(2,29)188213258(2,30)
(3,29)1473442062(4,29)
(3,29)1884167637(3,30)
(4,29)201305624(4,30)
(0,30)776532036(1,30)
(0,30)238962600(0,31)
(1,30)1273911899(2,30)
(1,30)1238433452(1,31)
(2,30)620145550(3,30)
(2,30)1431419379(2,31)
(3,30)619290071(4,30)
(3,30)1665947468(3,31)
(4,30)707900973(4,31)
(0,31)2113903881(1,31)
(0,31)407487131(0,32)
(1,31)1776808933(2,31)
(1,31)7684930(1,32)
(2,31)404158660(3,31)
(2,31)711845894(2,32)
(3,31)2058657199(4,31)
(3,31)937370163(3,32)
(4,31)1973387981(4,32)
(0,32)1501252996(1,32)
(0,32)1642548899(0,33)
(1,32)1472713773(2,32)
(1,32)260152959(1,33)
(2,32)1662739668(3,32)
(2,32)824272813(2,33)
(3,32)1967681095(4,32)
(3,32)2025187190(3,33)
(4,32)1850952926(4,33)
(0,33)1704365084(1,33)
(0,33)437116466(0,34)
(1,33)638422090(2,33)
(1,33)1176911340(1,34)
(2,33)1953443376(3,33)
(2,33)1943327684(2,34)
(3,33)1069755936(4,33)
(3,33)1876855542(3,34)
(4,33)1237379107(4,34)
(0,34)588219756(1,34)
(0,34)349517445(0,35)
(1,34)1057418418(2,34)
(1,34)1856669179(1,35)
(2,34)1823089412(3,34)
(2,34)995706887(2,35)
(3,34)625032172(4,34)
(3,34)1065103348(3,35)
(4,34)387451659(4,35)
(0,35)1562402336(1,35)
(0,35)1469262009(0,36)
(1,35)1295166342(2,35)
(1,35)298625210(1,36)
(2,35)1799878206(3,35)
(2,35)1057467587(2,36)
(3,35)382697713(4,35)
(3,35)1555319301(3,36)
(4,35)476667372(4,36)
(0,36)260401255(1,36)
(0,36)1070575321(0,37)
(1,36)774044599(2,36)
(1,36)296864819(1,37)
(2,36)2001229904(3,36)
(2,36)697517721(2,37)
(3,36)1335939811(4,36)
(3,36)1950955939(3,37)
(4,36)1797073940(4,37)
(0,37)1065311705(1,37)
(0,37)1756915667(0,38)
(1,37)846811127(2,37)
(1,37)719346228(1,38)
(2,37)1307565984(3,37)
(2,37)1414829150(2,38)
(3,37)324763920(4,37)
(3,37)555996658(3,38)
(4,37)155789224(4,38)
(0,38)1389867269(1,38)
(0,38)231602422(0,39)
(1,38)619054081(2,38)
(1,38)780821396(1,39)
(2,38)195740084(3,38)
(2,38)711645630(2,39)
(3,38)2006811972(4,38)
(3,38)917679292(3,39)
(4,38)1253207672(4,39)
(0,39)1414647625(1,39)
(0,39)570073850(0,40)
(1,39)1046741222(2,39)
(1,39)1635905385(1,40)
(2,39)1896306640(3,39)
(2,39)337739299(2,40)
(3,39)1111783898(4,39)
(3,39)1343606042(3,40)
(4,39)446340713(4,40)
(0,40)915256190(1,40)
(0,40)1197352298(0,41)
(1,40)846942590(2,40)
(1,40)1782280524(1,41)
(2,40)700108581(3,40)
(2,40)524688209(2,41)
(3,40)1371499336(4,40)
(3,40)1566288819(3,41)
(4,40)2114937732(4,41)
(0,41)1927495994(1,41)
(0,41)726371155(0,42)
(1,41)882160379(2,41)
(1,41)292218004(1,42)
(2,41)1682085273(3,41)
(2,41)11614769(2,42)
(3,41)630668850(4,41)
(3,41)1662981776(3,42)
(4,41)246247255(4,42)
(0,42)1548348142(1,42)
(0,42)1858721860(0,43)
(1,42)964445884(2,42)
(1,42)105575579(1,43)
(2,42)1520223205(3,42)
(2,42)2118421993(2,43)
(3,42)1017679567(4,42)
(3,42)452867621(3,43)
(4,42)1857962504(4,43)
(0,43)213801961(1,43)
(0,43)201690613(0,44)
(1,43)648031326(2,43)
(1,43)822262754(1,44)
(2,43)1737518944(3,43)
(2,43)1411154259(2,44)
(3,43)110613202(4,43)
(3,43)282828202(3,44)
(4,43)114723506(4,44)
(0,44)1676902021(1,44)
(0,44)982936784(0,45)
(1,44)950390868(2,44)
(1,44)1486222842(1,45)
(2,44)1266235189(3,44)
(2,44)255789528(2,45)
(3,44)1137949908(4,44)
(3,44)1242608872(3,45)
(4,44)1277849958(4,45)
(0,45)653448036(1,45)
(0,45)777210498(0,46)
(1,45)1023457753(2,45)
(1,45)1908518808(1,46)
(2,45)1309383303(3,45)
(2,45)364686248(2,46)
(3,45)1329132133(4,45)
(3,45)1129033333(3,46)
(4,45)1280321648(4,46)
(0,46)1781999754(1,46)
(0,46)501772890(0,47)
(1,46)212251746(2,46)
(1,46)150517567(1,47)
(2,46)364319529(3,46)
(2,46)1983690368(2,47)
(3,46)484238046(4,46)
(3,46)1034514500(3,47)
(4,46)1775473788(4,47)
(0,47)767066249(1,47)
(0,47)624549797(0,48)
(1,47)739273303(2,47)
(1,47)1886086990(1,48)
(2,47)1415505363(3,47)
(2,47)1750003033(2,48)
(3,47)552910253(4,47)
(3,47)78012497(3,48)
(4,47)1671294892(4,48)
(0,48)1795519125(1,48)
(0,48)1344247686(0,49)
(1,48)474613996(2,48)
(1,48)661761152(1,49)
(2,48)1315209188(3,48)
(2,48)425245975(2,49)
(3,48)1448703729(4,48)
(3,48)235649157(3,49)
(4,48)1679895436(4,49)
(0,49)430253414(1,49)
(0,49)1545032460(0,50)
(1,49)677870460(2,49)
(1,49)861543921(1,50)
(2,49)496060028(3,49)
(2,49)932026304(2,50)
(3,49)1144278050(4,49)
(3,49)828388027(3,50)
(4,49)332266748(4,50)
(0,50)31308902(1,50)
(0,50)1192707556(0,51)
(1,50)820697697(2,50)
(1,50)816504794(1,51)
(2,50)1583571043(3,50)
(2,50)655858699(2,51)
(3,50)1395132002(4,50)
(3,50)559301039(3,51)
(4,50)1186090428(4,51)
(0,51)1473144500(1,51)
(0,51)1974806403(0,52)
(1,51)1498617647(2,51)
(1,51)1739000681(1,52)
(2,51)1387036159(3,51)
(2,51)669908538(2,52)
(3,51)1144522535(4,51)
(3,51)12895151(3,52)
(4,51)1812282134(4,52)
(0,52)1380171692(1,52)
(0,52)1328104339(0,53)
(1,52)860516127(2,52)
(1,52)1113502215(1,53)
(2,52)1543755629(3,52)
(2,52)777720504(2,53)
(3,52)1455590964(4,52)
(3,52)1722060049(3,53)
(4,52)328298285(4,53)
(0,53)136495343(1,53)
(0,53)70636429(0,54)
(1,53)402903177(2,53)
(1,53)1472576335(1,54)
(2,53)1503885238(3,53)
(2,53)1329202900(2,54)
(3,53)2416949(4,53)
(3,53)1219407971(3,54)
(4,53)12260289(4,54)
(0,54)561717988(1,54)
(0,54)655495367(0,55)
(1,54)1841585795(2,54)
(1,54)1407392292(1,55)
(2,54)733053144(3,54)
(2,54)389040743(2,55)
(3,54)1887658390(4,54)
(3,54)1433102829(3,55)
(4,54)1402961682(4,55)
(0,55)1900553541(1,55)
(0,55)672655340(0,56)
(1,55)337453826(2,55)
(1,55)400000569(1,56)
(2,55)1780172261(3,55)
(2,55)1081174232(2,56)
(3,55)1941690360(4,55)
(3,55)1450956042(3,56)
(4,55)410409117(4,56)
(0,56)1516266761(1,56)
(0,56)847228023(0,57)
(1,56)1175526309(2,56)
(1,56)1866000081(1,57)
(2,56)2002495425(3,56)
(2,56)1586903190(2,57)
(3,56)1989806367(4,56)
(3,56)500618996(3,57)
(4,56)1184214677(4,57)
(0,57)1061730690(1,57)
(0,57)2004504234(0,58)
(1,57)2016764524(2,57)
(1,57)1186631626(1,58)
(2,57)1748349614(3,57)
(2,57)1717226057(2,58)
(3,57)1411328205(4,57)
(3,57)1276673168(3,58)
(4,57)2137390358(4,58)
(0,58)696947386(1,58)
(0,58)2009726312(0,59)
(1,58)1265204346(2,58)
(1,58)1877565100(1,59)
(2,58)1630634994(3,58)
(2,58)1369602726(2,59)
(3,58)1707056552(4,58)
(3,58)1665204916(3,59)
(4,58)564325578(4,59)
(0,59)1010528946(1,59)
(0,59)1297893529(0,60)
(1,59)1708302647(2,59)
(1,59)358532290(1,60)
(2,59)1874799051(3,59)
(2,59)1857756970(2,60)
(3,59)885799631(4,59)
(3,59)1426819080(3,60)
(4,59)1314218593(4,60)
(0,60)1386418627(1,60)
(0,60)1281830857(0,61)
(1,60)318561886(2,60)
(1,60)1156541312(1,61)
(2,60)70788355(3,60)
(2,60)1243439214(2,61)
(3,60)1112720090(4,60)
(3,60)1505193512(3,61)
(4,60)1788014412(4,61)
(0,61)241909610(1,61)
(0,61)1106059479(0,62)
(1,61)1095966189(2,61)
(1,61)1051858969(1,62)
(2,61)1748806355(3,61)
(2,61)104152274(2,62)
(3,61)1369356620(4,61)
(3,61)826047641(3,62)
(4,61)970925433(4,62)
(0,62)887077888(1,62)
(0,62)309198987(0,63)
(1,62)873524566(2,62)
(1,62)530498338(1,63)
(2,62)1541027284(3,62)
(2,62)37487770(2,63)
(3,62)1745790417(4,62)
(3,62)1232056856(3,63)
(4,62)1251300606(4,63)
(0,63)1025125849(1,63)
(0,63)959372260(0,64)
(1,63)126107205(2,63)
(1,63)2137100237(1,64)
(2,63)1376035217(3,63)
(2,63)159473059(2,64)
(3,63)478034945(4,63)
(3,63)1282648518(3,64)
(4,63)471990783(4,64)
(0,64)1983228458(1,64)
(0,64)1353436873(0,65)
(1,64)993967637(2,64)
(1,64)1584710873(1,65)
(2,64)1826620483(3,64)
(2,64)941804289(2,65)
(3,64)2037770478(4,64)
(3,64)2045826607(3,65)
(4,64)1930772757(4,65)
(0,65)716334471(1,65)
(0,65)1647149314(0,66)
(1,65)470591100(2,65)
(1,65)1152645729(1,66)
(2,65)2039723618(3,65)
(2,65)1025533459(2,66)
(3,65)1899058025(4,65)
(3,65)1001089438(3,66)
(4,65)2077211388(4,66)
(0,66)983631233(1,66)
(0,66)394633074(0,67)
(1,66)1645933681(2,66)
(1,66)1675518157(1,67)
(2,66)553160358(3,66)
(2,66)1943003493(2,67)
(3,66)2069110699(4,66)
(3,66)1635550270(3,67)
(4,66)712633417(4,67)
(0,67)1204275569(1,67)
(0,67)864101839(0,68)
(1,67)1336092622(2,67)
(1,67)1190668363(1,68)
(2,67)1026413173(3,67)
(2,67)410228794(2,68)
(3,67)1404196431(4,67)
(3,67)773319847(3,68)
(4,67)1968217462(4,68)
(0,68)1302539390(1,68)
(0,68)452456682(0,69)
(1,68)235745791(2,68)
(1,68)1858504292(1,69)
(2,68)427355115(3,68)
(2,68)802205057(2,69)
(3,68)1272796157(4,68)
(3,68)1388391521(3,69)
(4,68)1452888574(4,69)
(0,69)126401947(1,69)
(0,69)1280631491(0,70)
(1,69)1210359231(2,69)
(1,69)1204462951(1,70)
(2,69)40610537(3,69)
(2,69)521035021(2,70)
(3,69)19485054(4,69)
(3,69)738393740(3,70)
(4,69)1983614030(4,70)
(0,70)1655035325(1,70)
(0,70)1291554098(0,71)
(1,70)2004187516(2,70)
(1,70)1905241081(1,71)
(2,70)962033002(3,70)
(2,70)371653516(2,71)
(3,70)1707746139(4,70)
(3,70)1047372231(3,71)
(4,70)1372261796(4,71)
(0,71)333582338(1,71)
(0,71)2073785404(0,72)
(1,71)1894519218(2,71)
(1,71)628974580(1,72)
(2,71)1931513970(3,71)
(2,71)786039021(2,72)
(3,71)1021784812(4,71)
(3,71)1605539862(3,72)
(4,71)586235379(4,72)
(0,72)262692685(1,72)
(0,72)2032894977(0,73)
(1,72)1338299904(2,72)
(1,72)1859031536(1,73)
(2,72)1985433483(3,72)
(2,72)1543324176(2,73)
(3,72)606199759(4,72)
(3,72)395279207(3,73)
(4,72)358984857(4,73)
(0,73)1344593499(1,73)
(0,73)435889744(0,74)
(1,73)272020127(2,73)
(1,73)378469911(1,74)
(2,73)2033505236(3,73)
(2,73)488663950(2,74)
(3,73)345367818(4,73)
(3,73)29777560(3,74)
(4,73)257675105(4,74)
(0,74)1392740049(1,74)
(0,74)991810563(0,75)
(1,74)216588711(2,74)
(1,74)1965421244(1,75)
(2,74)151519934(3,74)
(2,74)1319041805(2,75)
(3,74)1066077375(4,74)
(3,74)845563291(3,75)
(4,74)937558955(4,75)
(0,75)524133589(1,75)
(0,75)629593614(0,76)
(1,75)1215828993(2,75)
(1,75)1959343768(1,76)
(2,75)74552805(3,75)
(2,75)409544918(2,76)
(3,75)1747844822(4,75)
(3,75)927376882(3,76)
(4,75)1617876982(4,76)
(0,76)2143124030(1,76)
(0,76)765326717(0,77)
(1,76)1124311574(2,76)
(1,76)76593093(1,77)
(2,76)1421186593(3,76)
(2,76)431530126(2,77)
(3,76)703550253(4,76)
(3,76)1502781486(3,77)
(4,76)1909850543(4,77)
(0,77)733327814(1,77)
(0,77)1388803074(0,78)
(1,77)1646478179(2,77)
(1,77)107734713(1,78)
(2,77)1500474762(3,77)
(2,77)1725138377(2,78)
(3,77)1941727088(4,77)
(3,77)1464415775(3,78)
(4,77)672032919(4,78)
(0,78)639806732(1,78)
(0,78)1615935710(0,79)
(1,78)406011017(2,78)
(1,78)1738110294(1,79)
(2,78)114760235(3,78)
(2,78)1269400346(2,79)
(3,78)337745691(4,78)
(3,78)217871137(3,79)
(4,78)524305153(4,79)
(0,79)1265122573(1,79)
(0,79)292423943(0,80)
(1,79)1910300925(2,79)
(1,79)124666328(1,80)
(2,79)120306710(3,79)
(2,79)2030449291(2,80)
(3,79)1007277217(4,79)
(3,79)1986894018(3,80)
(4,79)551836836(4,80)
(0,80)362575055(1,80)
(0,80)1260596963(0,81)
(1,80)1022963858(2,80)
(1,80)1255387090(1,81)
(2,80)1988714904(3,80)
(2,80)1751378130(2,81)
(3,80)1250372661(4,80)
(3,80)1130698571(3,81)
(4,80)1566369633(4,81)
(0,81)567304789(1,81)
(0,81)483689685(0,82)
(1,81)1155722604(2,81)
(1,81)1360613073(1,82)
(2,81)2000419805(3,81)
(2,81)35756851(2,82)
(3,81)441767868(4,81)
(3,81)746349250(3,82)
(4,81)1122336503(4,82)
(0,82)659639006(1,82)
(0,82)861109485(0,83)
(1,82)1385414639(2,82)
(1,82)1460082195(1,83)
(2,82)577721120(3,82)
(2,82)952062949(2,83)
(3,82)714880226(4,82)
(3,82)1510080967(3,83)
(4,82)460686763(4,83)
(0,83)554290596(1,83)
(0,83)1630387677(0,84)
(1,83)34740865(2,83)
(1,83)1467963981(1,84)
(2,83)1830539036(3,83)
(2,83)1814887560(2,84)
(3,83)690367770(4,83)
(3,83)1290127955(3,84)
(4,83)1434433518(4,84)
(0,84)1821066342(1,84)
(0,84)1131359211(0,85)
(1,84)550245196(2,84)
(1,84)537322532(1,85)
(2,84)1104627321(3,84)
(2,84)157272379(2,85)
(3,84)1312994984(4,84)
(3,84)1910858270(3,85)
(4,84)1140384172(4,85)
(0,85)2059344234(1,85)
(0,85)1763794427(0,86)
(1,85)738647283(2,85)
(1,85)1582152040(1,86)
(2,85)94307398(3,85)
(2,85)772970072(2,86)
(3,85)10901063(4,85)
(3,85)51245830(3,86)
(4,85)1046370347(4,86)
(0,86)1520982030(1,86)
(0,86)628966950(0,87)
(1,86)1089653714(2,86)
(1,86)1761250573(1,87)
(2,86)168057522(3,86)
(2,86)1003886059(2,87)
(3,86)1038626924(4,86)
(3,86)410134047(3,87)
(4,86)1982945082(4,87)
(0,87)181271232(1,87)
(0,87)93189435(0,88)
(1,87)1527622954(2,87)
(1,87)525829204(1,88)
(2,87)199411898(3,87)
(2,87)1312630443(2,88)
(3,87)1862875640(4,87)
(3,87)2064945486(3,88)
(4,87)356684278(4,88)
(0,88)1626250262(1,88)
(0,88)1022089159(0,89)
(1,88)14989683(2,88)
(1,88)1669679262(1,89)
(2,88)1581539848(3,88)
(2,88)1242561041(2,89)
(3,88)1981208324(4,88)
(3,88)1597141723(3,89)
(4,88)207026272(4,89)
(0,89)2032454154(1,89)
(0,89)1691449122(0,90)
(1,89)590335821(2,89)
(1,89)217927335(1,90)
(2,89)1738909365(3,89)
(2,89)513937457(2,90)
(3,89)1603591171(4,89)
(3,89)204102747(3,90)
(4,89)595311776(4,90)
(0,90)2013725218(1,90)
(0,90)372160269(0,91)
(1,90)207621703(2,90)
(1,90)1633938701(1,91)
(2,90)1815209933(3,90)
(2,90)2106914653(2,91)
(3,90)1487053959(4,90)
(3,90)733450907(3,91)
(4,90)980356728(4,91)
(0,91)1404515797(1,91)
(0,91)932862806(0,92)
(1,91)1289547084(2,91)
(1,91)695748720(1,92)
(2,91)174515334(3,91)
(2,91)279121308(2,92)
(3,91)294110991(4,91)
(3,91)811742698(3,92)
(4,91)1417076376(4,92)
(0,92)1891252715(1,92)
(0,92)245798898(0,93)
(1,92)452825171(2,92)
(1,92)1250801052(1,93)
(2,92)1135771559(3,92)
(2,92)1435218189(2,93)
(3,92)2025554010(4,92)
(3,92)670752506(3,93)
(4,92)1649709016(4,93)
(0,93)82173109(1,93)
(0,93)262178224(0,94)
(1,93)857490000(2,93)
(1,93)1105816539(1,94)
(2,93)972058109(3,93)
(2,93)454333378(2,94)
(3,93)661955081(4,93)
(3,93)343945053(3,94)
(4,93)931489114(4,94)
(0,94)1395405989(1,94)
(0,94)11671338(0,95)
(1,94)992028067(2,94)
(1,94)271059426(1,95)
(2,94)1675575223(3,94)
(2,94)180785147(2,95)
(3,94)1470332231(4,94)
(3,94)1687776787(3,95)
(4,94)1954696532(4,95)
(0,95)134591281(1,95)
(0,95)1862292122(0,96)
(1,95)1131884850(2,95)
(1,95)101323875(1,96)
(2,95)1992576590(3,95)
(2,95)380390179(2,96)
(3,95)833215350(4,95)
(3,95)235202254(3,96)
(4,95)1280311131(4,96)
(0,96)1503967857(1,96)
(0,96)1370973813(0,97)
(1,96)873199181(2,96)
(1,96)1158381494(1,97)
(2,96)1240554603(3,96)
(2,96)1766146081(2,97)
(3,96)476152433(4,96)
(3,96)1979015720(3,97)
(4,96)1694887982(4,97)
(0,97)820097487(1,97)
(0,97)803590181(0,98)
(1,97)1735079296(2,97)
(1,97)209359415(1,98)
(2,97)1604765404(3,97)
(2,97)831768825(2,98)
(3,97)1823796892(4,97)
(3,97)2006138722(3,98)
(4,97)1785550551(4,98)
(0,98)1364090032(1,98)
(0,98)1534230297(0,99)
(1,98)1341443181(2,98)
(1,98)1108399134(1,99)
(2,98)1242990415(3,98)
(2,98)1078898506(2,99)
(3,98)63299708(4,98)
(3,98)1442767057(3,99)
(4,98)1623380595(4,99)
(0,99)298501962(1,99)
(0,99)1287859999(0,100)
(1,99)420687483(2,99)
(1,99)309112297(1,100)
(2,99)1813080154(3,99)
(2,99)1669475776(2,100)
(3,99)395191309(4,99)
(3,99)1579068977(3,100)
(4,99)1431742587(4,100)
(0,100)226723382(1,100)
(0,100)672139932(0,101)
(1,100)219544266(2,100)
(1,100)1907895021(1,101)
(2,100)580508860(3,100)
(2,100)1030313563(2,101)
(3,100)617909211(4,100)
(3,100)428903682(3,101)
(4,100)1412277685(4,101)
(0,101)476564285(1,101)
(0,101)2033669086(0,102)
(1,101)1671735990(2,101)
(1,101)1088590930(1,102)
(2,101)305197314(3,101)
(2,101)2010794583(2,102)
(3,101)1204754116(4,101)
(3,101)632651476(3,102)
(4,101)1384095820(4,102)
(0,102)500037525(1,102)
(0,102)1875641892(0,103)
(1,102)1351538839(2,102)
(1,102)1447395528(1,103)
(2,102)1745897490(3,102)
(2,102)1787897525(2,103)
(3,102)61101360(4,102)
(3,102)1660651136(3,103)
(4,102)1267889618(4,103)
(0,103)1640170337(1,103)
(0,103)1326247643(0,104)
(1,103)610506582(2,103)
(1,103)1663080928(1,104)
(2,103)1889804310(3,103)
(2,103)164826621(2,104)
(3,103)384370888(4,103)
(3,103)370917955(3,104)
(4,103)772634225(4,104)
(0,104)813274570(1,104)
(0,104)951426815(0,105)
(1,104)216220853(2,104)
(1,104)1390543437(1,105)
(2,104)1867107722(3,104)
(2,104)699460008(2,105)
(3,104)223712350(4,104)
(3,104)1304811783(3,105)
(4,104)1730418657(4,105)
(0,105)856363827(1,105)
(0,105)1610009097(0,106)
(1,105)846621269(2,105)
(1,105)787689126(1,106)
(2,105)1287726651(3,105)
(2,105)584522071(2,106)
(3,105)1936060910(4,105)
(3,105)146533149(3,106)
(4,105)928140528(4,106)
(0,106)1449228398(1,106)
(0,106)1892430639(0,107)
(1,106)1012836610(2,106)
(1,106)989241888(1,107)
(2,106)481928577(3,106)
(2,106)627992393(2,107)
(3,106)1238498976(4,106)
(3,106)528433890(3,107)
(4,106)646755199(4,107)
(0,107)1609416931(1,107)
(0,107)270754552(0,108)
(1,107)1043388777(2,107)
(1,107)1031126087(1,108)
(2,107)1844400657(3,107)
(2,107)413360099(2,108)
(3,107)629580952(4,107)
(3,107)286448566(3,108)
(4,107)396377017(4,108)
(0,108)1934392735(1,108)
(0,108)6072641(0,109)
(1,108)1736491298(2,108)
(1,108)620089368(1,109)
(2,108)1476453195(3,108)
(2,108)1396918184(2,109)
(3,108)96055805(4,108)
(3,108)376696776(3,109)
(4,108)2060975266(4,109)
(0,109)242588954(1,109)
(0,109)1664423428(0,110)
(1,109)445080308(2,109)
(1,109)1849552528(1,110)
(2,109)1151297278(3,109)
(2,109)2135019593(2,110)
(3,109)1000372555(4,109)
(3,109)1434322197(3,110)
(4,109)1779289672(4,110)
(0,110)1528806445(1,110)
(0,110)1916250774(0,111)
(1,110)415522325(2,110)
(1,110)870305000(1,111)
(2,110)332238283(3,110)
(2,110)1799560997(2,111)
(3,110)695466127(4,110)
(3,110)1446648412(3,111)
(4,110)745598382(4,111)
(0,111)981914693(1,111)
(0,111)1143565421(0,112)
(1,111)1539942439(2,111)
(1,111)1375179334(1,112)
(2,111)1162088421(3,111)
(2,111)987987334(2,112)
(3,111)576994985(4,111)
(3,111)12548159(3,112)
(4,111)411522957(4,112)
(0,112)953691761(1,112)
(0,112)1489001354(0,113)
(1,112)1402492972(2,112)
(1,112)507578762(1,113)
(2,112)750167716(3,112)
(2,112)470631541(2,113)
(3,112)915711850(4,112)
(3,112)1104561852(3,113)
(4,112)737703662(4,113)
(0,113)202550399(1,113)
(0,113)108375482(0,114)
(1,113)1887665154(2,113)
(1,113)1738076217(1,114)
(2,113)1119399015(3,113)
(2,113)2118801173(2,114)
(3,113)386839851(4,113)
(3,113)610486506(3,114)
(4,113)771476364(4,114)
(0,114)1833488263(1,114)
(0,114)942724790(0,115)
(1,114)1688323172(2,114)
(1,114)1466942491(1,115)
(2,114)301373537(3,114)
(2,114)829570037(2,115)
(3,114)222028828(4,114)
(3,114)916018859(3,115)
(4,114)1289360871(4,115)
(0,115)234576987(1,115)
(0,115)2078107280(0,116)
(1,115)342146590(2,115)
(1,115)1866355856(1,116)
(2,115)672563970(3,115)
(2,115)1723578341(2,116)
(3,115)978587665(4,115)
(3,115)849725352(3,116)
(4,115)1143195511(4,116)
(0,116)2083149517(1,116)
(0,116)1599893069(0,117)
(1,116)190113083(2,116)
(1,116)2058907361(1,117)
(2,116)113974112(3,116)
(2,116)44041351(2,117)
(3,116)1931706506(4,116)
(3,116)1928189300(3,117)
(4,116)85291638(4,117)
(0,117)394709364(1,117)
(0,117)900104667(0,118)
(1,117)1671581032(2,117)
(1,117)472131489(1,118)
(2,117)158136104(3,117)
(2,117)1337434154(2,118)
(3,117)878273679(4,117)
(3,117)991039875(3,118)
(4,117)987706141(4,118)
(0,118)1794292538(1,118)
(0,118)1292413412(0,119)
(1,118)434290636(2,118)
(1,118)1209734969(1,119)
(2,118)1444311956(3,118)
(2,118)1724916170(2,119)
(3,118)2067062760(4,118)
(3,118)153162844(3,119)
(4,118)1020406649(4,119)
(0,119)769304465(1,119)
(0,119)825726814(0,120)
(1,119)1968922326(2,119)
(1,119)1998994314(1,120)
(2,119)1934660183(3,119)
(2,119)221713886(2,120)
(3,119)411826969(4,119)
(3,119)1880346039(3,120)
(4,119)1978701535(4,120)
(0,120)192532621(1,120)
(0,120)1994320152(0,121)
(1,120)2079611790(2,120)
(1,120)1762924393(1,121)
(2,120)10150109(3,120)
(2,120)1092637289(2,121)
(3,120)616734673(4,120)
(3,120)404259631(3,121)
(4,120)1347584264(4,121)
(0,121)1607774548(1,121)
(0,121)562395735(0,122)
(1,121)1550101877(2,121)
(1,121)78374295(1,122)
(2,121)1872666833(3,121)
(2,121)752704313(2,122)
(3,121)1186994949(4,121)
(3,121)612353198(3,122)
(4,121)1450099355(4,122)
(0,122)1340157793(1,122)
(0,122)2056665155(0,123)
(1,122)929588156(2,122)
(1,122)1369678468(1,123)
(2,122)2138982933(3,122)
(2,122)18400960(2,123)
(3,122)1987323286(4,122)
(3,122)781098823(3,123)
(4,122)213213171(4,123)
(0,123)1720185677(1,123)
(0,123)568275358(0,124)
(1,123)399493245(2,123)
(1,123)625040140(1,124)
(2,123)817572761(3,123)
(2,123)1567022181(2,124)
(3,123)1499150323(4,123)
(3,123)14933990(3,124)
(4,123)1910210050(4,124)
(0,124)1903409954(1,124)
(0,124)25084100(0,125)
(1,124)1372668364(2,124)
(1,124)379461075(1,125)
(2,124)1987235624(3,124)
(2,124)318322042(2,125)
(3,124)1868423919(4,124)
(3,124)1451042659(3,125)
(4,124)592456289(4,125)
(0,125)333293469(1,125)
(0,125)1176225844(0,126)
(1,125)478841551(2,125)
(1,125)1779451238(1,126)
(2,125)972125383(3,125)
(2,125)242474976(2,126)
(3,125)1172063133(4,125)
(3,125)1848520019(3,126)
(4,125)990526343(4,126)
(0,126)1953161956(1,126)
(0,126)1840019304(0,127)
(1,126)2053232475(2,126)
(1,126)830365981(1,127)
(2,126)403068011(3,126)
(2,126)373953666(2,127)
(3,126)773446912(4,126)
(3,126)530788967(3,127)
(4,126)1970090192(4,127)
(0,127)788380902(1,127)
(0,127)1348361729(0,128)
(1,127)1111088131(2,127)
(1,127)1321756868(1,128)
(2,127)1077683174(3,127)
(2,127)813465002(2,128)
(3,127)38649718(4,127)
(3,127)1490549207(3,128)
(4,127)1396005216(4,128)
(0,128)1489692377(1,128)
(0,128)1330301183(0,129)
(1,128)1922757472(2,128)
(1,128)1116945487(1,129)
(2,128)1450238957(3,128)
(2,128)518434573(2,129)
(3,128)997276125(4,128)
(3,128)1554725062(3,129)
(4,128)1692713933(4,129)
(0,129)698312496(1,129)
(0,129)379366797(0,130)
(1,129)1369893141(2,129)
(1,129)717293418(1,130)
(2,129)522971726(3,129)
(2,129)390848153(2,130)
(3,129)296596980(4,129)
(3,129)52775474(3,130)
(4,129)896925393(4,130)
(0,130)827385948(1,130)
(0,130)455843485(0,131)
(1,130)278450030(2,130)
(1,130)1670372305(1,131)
(2,130)311269559(3,130)
(2,130)28264029(2,131)
(3,130)1139352160(4,130)
(3,130)1600206898(3,131)
(4,130)1124734562(4,131)
(0,131)482417719(1,131)
(0,131)530406424(0,132)
(1,131)1926411641(2,131)
(1,131)1163384280(1,132)
(2,131)505593010(3,131)
(2,131)1812718902(2,132)
(3,131)1587992726(4,131)
(3,131)895873480(3,132)
(4,131)1024027583(4,132)
(0,132)995234140(1,132)
(0,132)198628789(0,133)
(1,132)1891342723(2,132)
(1,132)2021303708(1,133)
(2,132)572132557(3,132)
(2,132)1374600938(2,133)
(3,132)597010431(4,132)
(3,132)461152493(3,133)
(4,132)962980710(4,133)
(0,133)649785905(1,133)
(0,133)984124220(0,134)
(1,133)1881049613(2,133)
(1,133)1259577690(1,134)
(2,133)2086963638(3,133)
(2,133)1105629391(2,134)
(3,133)1384079421(4,133)
(3,133)1403938270(3,134)
(4,133)2115227667(4,134)
(0,134)836802671(1,134)
(0,134)1715207829(0,135)
(1,134)692458743(2,134)
(1,134)1107096180(1,135)
(2,134)1589513899(3,134)
(2,134)1367209095(2,135)
(3,134)1146137088(4,134)
(3,134)1855843024(3,135)
(4,134)1254749154(4,135)
(0,135)2042010569(1,135)
(0,135)213952386(0,136)
(1,135)1237979969(2,135)
(1,135)695258232(1,136)
(2,135)1690492373(3,135)
(2,135)93155710(2,136)
(3,135)1984498433(4,135)
(3,135)1111800030(3,136)
(4,135)917609663(4,136)
(0,136)298167279(1,136)
(0,136)1683932587(0,137)
(1,136)499429649(2,136)
(1,136)1514620094(1,137)
(2,136)16922351(3,136)
(2,136)1282291499(2,137)
(3,136)1015857464(4,136)
(3,136)1759007339(3,137)
(4,136)1122551742(4,137)
(0,137)272312086(1,137)
(0,137)1698487330(0,138)
(1,137)1666231349(2,137)
(1,137)359147515(1,138)
(2,137)1195950186(3,137)
(2,137)1987519915(2,138)
(3,137)532495011(4,137)
(3,137)625843881(3,138)
(4,137)415675634(4,138)
(0,138)240854387(1,138)
(0,138)67874133(0,139)
(1,138)1322623287(2,138)
(1,138)1561812722(1,139)
(2,138)1456339643(3,138)
(2,138)454806773(2,139)
(3,138)1692786742(4,138)
(3,138)2017881519(3,139)
(4,138)1549495354(4,139)
(0,139)657103124(1,139)
(0,139)1560890244(0,140)
(1,139)331016259(2,139)
(1,139)1386510139(1,140)
(2,139)1684677418(3,139)
(2,139)193552063(2,140)
(3,139)692981712(4,139)
(3,139)1845636353(3,140)
(4,139)819485269(4,140)
(0,140)304505404(1,140)
(0,140)1862558705(0,141)
(1,140)837626799(2,140)
(1,140)1835342733(1,141)
(2,140)2107654819(3,140)
(2,140)2002992734(2,141)
(3,140)1521740435(4,140)
(3,140)1196774315(3,141)
(4,140)1947691087(4,141)
(0,141)100669(1,141)
(0,141)245240853(0,142)
(1,141)660916487(2,141)
(1,141)332702450(1,142)
(2,141)573556837(3,141)
(2,141)67974802(2,142)
(3,141)1390598089(4,141)
(3,141)75245562(3,142)
(4,141)1028363610(4,142)
(0,142)1260995960(1,142)
(0,142)1531585205(0,143)
(1,142)933596911(2,142)
(1,142)573666704(1,143)
(2,142)1230769829(3,142)
(2,142)674402557(2,143)
(3,142)1005418816(4,142)
(3,142)172623403(3,143)
(4,142)1424321892(4,143)
(0,143)703571522(1,143)
(0,143)1857300821(0,144)
(1,143)529302443(2,143)
(1,143)2117303605(1,144)
(2,143)274325361(3,143)
(2,143)418646579(2,144)
(3,143)1256273378(4,143)
(3,143)217161528(3,144)
(4,143)129834447(4,144)
(0,144)305564045(1,144)
(0,144)177332700(0,145)
(1,144)2125023787(2,144)
(1,144)1651574882(1,145)
(2,144)1651675551(3,144)
(2,144)550804899(2,145)
(3,144)1211721386(4,144)
(3,144)310242589(3,145)
(4,144)1719650353(4,145)
(0,145)1286966948(1,145)
(0,145)883799426(0,146)
(1,145)1912163036(2,145)
(1,145)962764794(1,146)
(2,145)76277107(3,145)
(2,145)671068506(2,146)
(3,145)1604665417(4,145)
(3,145)338346092(3,146)
(4,145)750679664(4,146)
(0,146)1777288820(1,146)
(0,146)1569115921(0,147)
(1,146)845954166(2,146)
(1,146)1756098480(1,147)
(2,146)312186354(3,146)
(2,146)1487105994(2,147)
(3,146)2016408437(4,146)
(3,146)815774123(3,147)
(4,146)730832933(4,147)
(0,147)86086317(1,147)
(0,147)1090099484(0,148)
(1,147)1219933931(2,147)
(1,147)1987106312(1,148)
(2,147)145186709(3,147)
(2,147)263419017(2,148)
(3,147)240959156(4,147)
(3,147)724025165(3,148)
(4,147)695991608(4,148)
(0,148)551201745(1,148)
(0,148)228217069(0,149)
(1,148)1947867422(2,148)
(1,148)1907712995(1,149)
(2,148)1047196295(3,148)
(2,148)1435001171(2,149)
(3,148)1199680559(4,148)
(3,148)763148569(3,149)
(4,148)1718264801(4,149)
(0,149)1538026652(1,149)
(0,149)839425676(0,150)
(1,149)1590105340(2,149)
(1,149)1175446571(1,150)
(2,149)805251743(3,149)
(2,149)959658925(2,150)
(3,149)1805613091(4,149)
(3,149)1198720172(3,150)
(4,149)144874089(4,150)
(0,150)473903566(1,150)
(0,150)1510906527(0,151)
(1,150)94255812(2,150)
(1,150)13798878(1,151)
(2,150)99885196(3,150)
(2,150)1564003050(2,151)
(3,150)636453333(4,150)
(3,150)2081362124(3,151)
(4,150)363304213(4,151)
(0,151)1360478499(1,151)
(0,151)79065186(0,152)
(1,151)775056794(2,151)
(1,151)604263370(1,152)
(2,151)1155465115(3,151)
(2,151)1588695568(2,152)
(3,151)1389079342(4,151)
(3,151)535286141(3,152)
(4,151)442982639(4,152)
(0,152)4744263(1,152)
(0,152)1582482437(0,153)
(1,152)1153263590(2,152)
(1,152)1642663198(1,153)
(2,152)1033206202(3,152)
(2,152)844169939(2,153)
(3,152)286791631(4,152)
(3,152)181226513(3,153)
(4,152)1992865128(4,153)
(0,153)1485511804(1,153)
(0,153)986478257(0,154)
(1,153)1131352346(2,153)
(1,153)1650994571(1,154)
(2,153)2124898138(3,153)
(2,153)848934683(2,154)
(3,153)943190495(4,153)
(3,153)1145151225(3,154)
(4,153)1541417540(4,154)
(0,154)877068972(1,154)
(0,154)1245036421(0,155)
(1,154)1608340634(2,154)
(1,154)30387226(1,155)
(2,154)1390865725(3,154)
(2,154)956134158(2,155)
(3,154)1731190952(4,154)
(3,154)65120356(3,155)
(4,154)832077645(4,155)
(0,155)118993446(1,155)
(0,155)1220585472(0,156)
(1,155)1663568111(2,155)
(1,155)73673339(1,156)
(2,155)78417603(3,155)
(2,155)1701475883(2,156)
(3,155)707255825(4,155)
(3,155)1158747661(3,156)
(4,155)922587542(4,156)
(0,156)888482339(1,156)
(0,156)44470216(0,157)
(1,156)2037335344(2,156)
(1,156)1209379174(1,157)
(2,156)547407330(3,156)
(2,156)1874960596(2,157)
(3,156)858829294(4,156)
(3,156)1540846267(3,157)
(4,156)1396342013(4,157)
(0,157)2003980519(1,157)
(0,157)1518260757(0,158)
(1,157)912194650(2,157)
(1,157)192048860(1,158)
(2,157)1069117832(3,157)
(2,157)1101533292(2,158)
(3,157)562390279(4,157)
(3,157)942581876(3,158)
(4,157)2025251990(4,158)
(0,158)627510635(1,158)
(0,158)185963953(0,159)
(1,158)1018041598(2,158)
(1,158)1608959295(1,159)
(2,158)1727952741(3,158)
(2,158)1848096107(2,159)
(3,158)1364180570(4,158)
(3,158)1091714937(3,159)
(4,158)1281944976(4,159)
(0,159)375444584(1,159)
(0,159)1170132540(0,160)
(1,159)2092720083(2,159)
(1,159)1989200801(1,160)
(2,159)730199492(3,159)
(2,159)419914800(2,160)
(3,159)309766496(4,159)
(3,159)1154615609(3,160)
(4,159)457676440(4,160)
(0,160)1850612763(1,160)
(0,160)1702022939(0,161)
(1,160)950881304(2,160)
(1,160)1316505735(1,161)
(2,160)1173002606(3,160)
(2,160)1221389873(2,161)
(3,160)2133584523(4,160)
(3,160)1142930164(3,161)
(4,160)127052251(4,161)
(0,161)928682751(1,161)
(0,161)64564349(0,162)
(1,161)2089816339(2,161)
(1,161)689442530(1,162)
(2,161)1316953165(3,161)
(2,161)1114646704(2,162)
(3,161)2132688302(4,161)
(3,161)1551291986(3,162)
(4,161)1017565625(4,162)
(0,162)1076919591(1,162)
(0,162)1131761079(0,163)
(1,162)266222407(2,162)
(1,162)234262547(1,163)
(2,162)609707131(3,162)
(2,162)99568484(2,163)
(3,162)44804919(4,162)
(3,162)107939561(3,163)
(4,162)1029621931(4,163)
(0,163)1199420528(1,163)
(0,163)838139053(0,164)
(1,163)1295815494(2,163)
(1,163)1339388427(1,164)
(2,163)1042517543(3,163)
(2,163)753959819(2,164)
(3,163)1704841123(4,163)
(3,163)464837581(3,164)
(4,163)116423768(4,164)
(0,164)700287639(1,164)
(0,164)1637840187(0,165)
(1,164)1764892438(2,164)
(1,164)102524643(1,165)
(2,164)1031207394(3,164)
(2,164)764851988(2,165)
(3,164)707184680(4,164)
(3,164)306851320(3,165)
(4,164)2145854098(4,165)
(0,165)110993018(1,165)
(0,165)1623804486(0,166)
(1,165)493886463(2,165)
(1,165)2131058752(1,166)
(2,165)1060494695(3,165)
(2,165)1242754098(2,166)
(3,165)1508976505(4,165)
(3,165)728149010(3,166)
(4,165)1160063179(4,166)
(0,166)1616916066(1,166)
(0,166)1337856142(0,167)
(1,166)219994425(2,166)
(1,166)1204868098(1,167)
(2,166)256804978(3,166)
(2,166)307571472(2,167)
(3,166)1603386966(4,166)
(3,166)1559382853(3,167)
(4,166)1010764797(4,167)
(0,167)2068224547(1,167)
(0,167)454416748(0,168)
(1,167)570840516(2,167)
(1,167)568122272(1,168)
(2,167)1268409912(3,167)
(2,167)1558581086(2,168)
(3,167)1175989877(4,167)
(3,167)673365159(3,168)
(4,167)2033261900(4,168)
(0,168)1482841197(1,168)
(0,168)1704572553(0,169)
(1,168)1702943003(2,168)
(1,168)592962932(1,169)
(2,168)703955951(3,168)
(2,168)959162035(2,169)
(3,168)1453048498(4,168)
(3,168)1686518107(3,169)
(4,168)1946710049(4,169)
(0,169)33713861(1,169)
(0,169)599529154(0,170)
(1,169)1759592334(2,169)
(1,169)1308202906(1,170)
(2,169)777635325(3,169)
(2,169)1371570003(2,170)
(3,169)1591564428(4,169)
(3,169)816976784(3,170)
(4,169)1085206797(4,170)
(0,170)1003463633(1,170)
(0,170)1073781763(0,171)
(1,170)2084546560(2,170)
(1,170)541110115(1,171)
(2,170)461851014(3,170)
(2,170)1457880381(2,171)
(3,170)2028720897(4,170)
(3,170)505185185(3,171)
(4,170)2020432100(4,171)
(0,171)554602408(1,171)
(0,171)1773595097(0,172)
(1,171)1659373349(2,171)
(1,171)1048938329(1,172)
(2,171)384295879(3,171)
(2,171)111691313(2,172)
(3,171)1814634316(4,171)
(3,171)104852634(3,172)
(4,171)1343457914(4,172)
(0,172)1353668775(1,172)
(0,172)808808585(0,173)
(1,172)608034986(2,172)
(1,172)649022765(1,173)
(2,172)682736626(3,172)
(2,172)1953197930(2,173)
(3,172)1565306616(4,172)
(3,172)1916237892(3,173)
(4,172)2054306629(4,173)
(0,173)234799752(1,173)
(0,173)546389569(0,174)
(1,173)1631596366(2,173)
(1,173)1498387409(1,174)
(2,173)354367395(3,173)
(2,173)1308581515(2,174)
(3,173)1245644428(4,173)
(3,173)25222833(3,174)
(4,173)1812247776(4,174)
(0,174)1750829613(1,174)
(0,174)487073847(0,175)
(1,174)360022300(2,174)
(1,174)1693485026(1,175)
(2,174)100603786(3,174)
(2,174)1376941062(2,175)
(3,174)888830763(4,174)
(3,174)1408960629(3,175)
(4,174)212295100(4,175)
(0,175)993683397(1,175)
(0,175)1793256508(0,176)
(1,175)989230775(2,175)
(1,175)2026929416(1,176)
(2,175)1233114544(3,175)
(2,175)1802491982(2,176)
(3,175)263043320(4,175)
(3,175)1638253540(3,176)
(4,175)1038828826(4,176)
(0,176)31797565(1,176)
(0,176)173506518(0,177)
(1,176)80329499(2,176)
(1,176)456651794(1,177)
(2,176)691451546(3,176)
(2,176)578187134(2,177)
(3,176)62299853(4,176)
(3,176)1578716908(3,177)
(4,176)2000033062(4,177)
(0,177)87522686(1,177)
(0,177)1933084303(0,178)
(1,177)1597848432(2,177)
(1,177)1098193842(1,178)
(2,177)701539807(3,177)
(2,177)574596534(2,178)
(3,177)934618834(4,177)
(3,177)1143849810(3,178)
(4,177)2078480869(4,178)
(0,178)196095815(1,178)
(0,178)1244453596(0,179)
(1,178)1456748696(2,178)
(1,178)819827984(1,179)
(2,178)1813511382(3,178)
(2,178)1989352324(2,179)
(3,178)831099451(4,178)
(3,178)1336194465(3,179)
(4,178)1468519716(4,179)
(0,179)321869343(1,179)
(0,179)421825361(0,180)
(1,179)1460654187(2,179)
(1,179)1731563037(1,180)
(2,179)1763360602(3,179)
(2,179)495375861(2,180)
(3,179)575705360(4,179)
(3,179)1917305981(3,180)
(4,179)194064088(4,180)
(0,180)6938620(1,180)
(0,180)461273879(0,181)
(1,180)313823293(2,180)
(1,180)256363941(1,181)
(2,180)343886628(3,180)
(2,180)1940022924(2,181)
(3,180)1390387708(4,180)
(3,180)1412017135(3,181)
(4,180)918483162(4,181)
(0,181)386753870(1,181)
(0,181)2113556942(0,182)
(1,181)2044554163(2,181)
(1,181)1853101996(1,182)
(2,181)2049197811(3,181)
(2,181)1631207466(2,182)
(3,181)940472515(4,181)
(3,181)716898500(3,182)
(4,181)1891066487(4,182)
(0,182)129183332(1,182)
(0,182)382926234(0,183)
(1,182)1851445950(2,182)
(1,182)574682290(1,183)
(2,182)896551633(3,182)
(2,182)551008693(2,183)
(3,182)2011662880(4,182)
(3,182)1435525339(3,183)
(4,182)1391927494(4,183)
(0,183)1781485213(1,183)
(0,183)1051402293(0,184)
(1,183)1245466382(2,183)
(1,183)1967632854(1,184)
(2,183)1974571475(3,183)
(2,183)95275444(2,184)
(3,183)409098738(4,183)
(3,183)1501830323(3,184)
(4,183)1767110751(4,184)
(0,184)1821115873(1,184)
(0,184)1845716951(0,185)
(1,184)616716465(2,184)
(1,184)1010014811(1,185)
(2,184)1396768681(3,184)
(2,184)1787189168(2,185)
(3,184)1684259683(4,184)
(3,184)322334813(3,185)
(4,184)880492499(4,185)
(0,185)253674535(1,185)
(0,185)224048977(0,186)
(1,185)2115115464(2,185)
(1,185)1820965014(1,186)
(2,185)1950148346(3,185)
(2,185)636600769(2,186)
(3,185)340563072(4,185)
(3,185)542314107(3,186)
(4,185)353673391(4,186)
(0,186)1776088411(1,186)
(0,186)1438865740(0,187)
(1,186)683309587(2,186)
(1,186)217852623(1,187)
(2,186)1999337836(3,186)
(2,186)680007057(2,187)
(3,186)1925473439(4,186)
(3,186)503458793(3,187)
(4,186)2094613281(4,187)
(0,187)1279820114(1,187)
(0,187)330546620(0,188)
(1,187)2097657371(2,187)
(1,187)356228371(1,188)
(2,187)29860596(3,187)
(2,187)978053418(2,188)
(3,187)1594769883(4,187)
(3,187)960188534(3,188)
(4,187)1817049764(4,188)
(0,188)1917104697(1,188)
(0,188)209473567(0,189)
(1,188)1089966067(2,188)
(1,188)1353825800(1,189)
(2,188)1607500335(3,188)
(2,188)2141153674(2,189)
(3,188)2108785490(4,188)
(3,188)763447433(3,189)
(4,188)96617457(4,189)
(0,189)503615949(1,189)
(0,189)566112132(0,190)
(1,189)919785523(2,189)
(1,189)437180529(1,190)
(2,189)65785292(3,189)
(2,189)1942481690(2,190)
(3,189)478307629(4,189)
(3,189)1137638147(3,190)
(4,189)745792349(4,190)
(0,190)981766422(1,190)
(0,190)989492335(0,191)
(1,190)936621968(2,190)
(1,190)523782140(1,191)
(2,190)1803602255(3,190)
(2,190)1312313043(2,191)
(3,190)1262486766(4,190)
(3,190)1292850339(3,191)
(4,190)634172025(4,191)
(0,191)75191653(1,191)
(0,191)1322710936(0,192)
(1,191)992277052(2,191)
(1,191)81458260(1,192)
(2,191)1998562957(3,191)
(2,191)284665220(2,192)
(3,191)1374631287(4,191)
(3,191)198619204(3,192)
(4,191)1992232983(4,192)
(0,192)2138078721(1,192)
(0,192)1806119540(0,193)
(1,192)1902736997(2,192)
(1,192)1953534826(1,193)
(2,192)309667127(3,192)
(2,192)556707205(2,193)
(3,192)1476492728(4,192)
(3,192)192433878(3,193)
(4,192)104665169(4,193)
(0,193)466647227(1,193)
(0,193)258219170(0,194)
(1,193)1004011520(2,193)
(1,193)582972798(1,194)
(2,193)1564739221(3,193)
(2,193)1456139563(2,194)
(3,193)245277883(4,193)
(3,193)1527793660(3,194)
(4,193)729568616(4,194)
(0,194)1538128223(1,194)
(0,194)1183912267(0,195)
(1,194)1818084292(2,194)
(1,194)1992055382(1,195)
(2,194)2067247035(3,194)
(2,194)713355511(2,195)
(3,194)1705632563(4,194)
(3,194)1899542553(3,195)
(4,194)204428608(4,195)
(0,195)1904251768(1,195)
(0,195)1750621862(0,196)
(1,195)1595371198(2,195)
(1,195)1579059895(1,196)
(2,195)1569654968(3,195)
(2,195)1562887660(2,196)
(3,195)1318141009(4,195)
(3,195)1401422376(3,196)
(4,195)2126362173(4,196)
(0,196)1510574887(1,196)
(0,196)1711089503(0,197)
(1,196)1815754673(2,196)
(1,196)1455371254(1,197)
(2,196)1922018481(3,196)
(2,196)1768794057(2,197)
(3,196)625321929(4,196)
(3,196)251243823(3,197)
(4,196)1230674396(4,197)
(0,197)5631942(1,197)
(0,197)1815983044(0,198)
(1,197)398068012(2,197)
(1,197)1475952280(1,198)
(2,197)866596855(3,197)
(2,197)1189544209(2,198)
(3,197)860144854(4,197)
(3,197)242639747(3,198)
(4,197)1579952366(4,198)
(0,198)612203759(1,198)
(0,198)162403134(0,199)
(1,198)366831742(2,198)
(1,198)1138101281(1,199)
(2,198)894869401(3,198)
(2,198)215341973(2,199)
(3,198)1810713171(4,198)
(3,198)1945891638(3,199)
(4,198)310273413(4,199)
(0,199)1368062958(1,199)
(1,199)1064651899(2,199)
(2,199)1628414422(3,199)
(3,199)1346941484(4,199)
