5 200
(0,0)846930886(1,0)
(1,0)1681692777(1,1)
(2,0)424238335(3,0)
(3,0)719885386(3,1)
(4,0)596516649(4,1)
(0,1)1025202362(1,1)
(1,1)783368690(2,1)
(2,1)1102520059(2,2)
(3,1)1365180540(4,1)
(4,1)1540383426(4,2)
(0,2)304089172(0,3)
(1,2)521595368(2,2)
(1,2)35005211(1,3)
(2,2)294702567(2,3)
(3,2)861021530(4,2)
(3,2)336465782(3,3)
(4,2)278722862(4,3)
(0,3)233665123(0,4)
(1,3)468703135(1,4)
(3,3)635723058(3,4)
(0,4)1059961393(0,5)
(1,4)628175011(1,5)
(2,4)1131176229(2,5)
(3,4)859484421(3,5)
(4,4)608413784(4,5)
(0,5)756898537(0,6)
(1,5)149798315(2,5)
(2,5)1129566413(3,5)
(3,5)412776091(4,5)
(3,5)184803526(3,6)
(4,5)1424268980(4,6)
(0,6)749241873(1,6)
(1,6)42999170(2,6)
(1,6)137806862(1,7)
(2,6)135497281(3,6)
(3,6)511702305(3,7)
(0,7)572660336(1,7)
(1,7)805750846(2,7)
(1,7)1159126505(1,8)
(3,7)1141616124(4,7)
(4,7)84353895(4,8)
(0,8)939819582(0,9)
(2,8)610515434(2,9)
(3,8)760313750(4,8)
(3,8)1374344043(3,9)
(0,9)945117276(1,9)
(0,9)356426808(0,10)
(2,9)491705403(3,9)
(2,9)709393584(2,10)
(3,9)752392754(4,9)
(0,10)1264095060(1,10)
(1,10)1411549676(1,11)
(2,10)943947739(2,11)
(3,10)855636226(3,11)
(4,10)1469348094(4,11)
(0,11)1036140795(1,11)
(1,11)463480570(1,12)
(2,11)317097467(3,11)
(3,11)1376710097(4,11)
(4,11)927612902(4,12)
(0,12)603570492(1,12)
(1,12)660260756(2,12)
(2,12)485560280(3,12)
(2,12)959997301(2,13)
(3,12)593209441(4,12)
(3,12)402724286(3,13)
(4,12)1194953865(4,13)
(0,13)364228444(1,13)
(1,13)221558440(2,13)
(2,13)270744729(2,14)
(0,14)822890675(1,14)
(1,14)791698927(2,14)
(2,14)498777856(3,14)
(3,14)524872353(4,14)
(4,14)327254586(4,15)
(0,15)269455306(1,15)
(1,15)352406219(2,15)
(2,15)160051528(3,15)
(3,15)112805732(4,15)
(4,15)1120048829(4,16)
(0,16)515530019(1,16)
(0,16)378409503(0,17)
(2,16)1409959708(2,17)
(3,16)1373226340(3,17)
(4,16)200747796(4,17)
(0,17)289700723(0,18)
(1,17)150122846(2,17)
(1,17)168002245(1,18)
(2,17)990892921(3,17)
(3,17)1231192379(4,17)
(0,18)338888228(1,18)
(0,18)111537764(0,19)
(1,18)438792350(2,18)
(2,18)269441500(3,18)
(3,18)116087764(4,18)
(0,19)8936987(1,19)
(0,19)155324914(0,20)
(2,19)350322227(3,19)
(2,19)387346491(2,20)
(4,19)1760281936(4,20)
(0,20)1186452551(1,20)
(0,20)771151432(0,21)
(1,20)971899228(2,20)
(2,20)1(3,20)
(3,20)1626276121(4,20)
(3,20)1(3,21)
(4,20)653468858(4,21)
(0,21)1239036029(1,21)
(2,21)76065818(3,21)
(2,21)1350573793(2,22)
(3,21)1(3,22)
(0,22)1784639529(1,22)
(1,22)1597322404(2,22)
(3,22)1(4,22)
(4,22)1(4,23)
(0,23)1782436840(0,24)
(1,23)165344818(1,24)
(2,23)532670688(2,24)
(3,23)492067917(3,24)
(4,23)1(4,24)
(0,24)496987743(1,24)
(0,24)706043324(0,25)
(1,24)159259470(1,25)
(2,24)480298490(2,25)
(3,24)1096689772(3,25)
(4,24)1(4,25)
(1,25)1(2,25)
(1,25)1(1,26)
(2,25)1(2,26)
(3,25)1(4,25)
(3,25)1(3,26)
(0,26)6939507(1,26)
(1,26)1(1,27)
(2,26)1(3,26)
(3,26)1037127828(4,26)
(4,26)1034949299(4,27)
(0,27)654887343(0,28)
(1,27)1335354340(2,27)
(1,27)1(1,28)
(2,27)889023311(3,27)
(2,27)87755422(2,28)
(0,28)396473730(1,28)
(0,28)745425661(0,29)
(1,28)1(1,29)
(2,28)705178736(3,28)
(3,28)434248626(4,28)
(1,29)1143408282(2,29)
(1,29)1(1,30)
(2,29)559412924(3,29)
(2,29)188213258(2,30)
(4,29)201305624(4,30)
(0,30)776532036(1,30)
(0,30)238962600(0,31)
(1,30)1(1,31)
(2,30)620145550(3,30)
(3,30)619290071(4,30)
(4,30)707900973(4,31)
(0,31)407487131(0,32)
(1,31)1(1,32)
(2,31)404158660(3,31)
(2,31)711845894(2,32)
(3,31)937370163(3,32)
(1,32)1(1,33)
(2,32)824272813(2,33)
(4,32)1850952926(4,33)
(0,33)437116466(0,34)
(1,33)638422090(2,33)
(1,33)1(1,34)
(3,33)1069755936(4,33)
(4,33)1237379107(4,34)
(0,34)588219756(1,34)
(0,34)349517445(0,35)
(1,34)1(2,34)
(2,34)1(2,35)
(3,34)625032172(4,34)
(4,34)387451659(4,35)
(1,35)298625210(1,36)
(2,35)1(2,36)
(3,35)382697713(4,35)
(4,35)476667372(4,36)
(0,36)260401255(1,36)
(1,36)1(2,36)
(1,36)1(1,37)
(2,36)697517721(2,37)
(3,36)1335939811(4,36)
(4,36)1797073940(4,37)
(0,37)1065311705(1,37)
(1,37)1(1,38)
(3,37)324763920(4,37)
(3,37)555996658(3,38)
(4,37)155789224(4,38)
(0,38)231602422(0,39)
(1,38)1(2,38)
(1,38)780821396(1,39)
(2,38)195740084(3,38)
(2,38)1(2,39)
(3,38)917679292(3,39)
(0,39)570073850(0,40)
(2,39)1(2,40)
(3,39)1111783898(4,39)
(4,39)446340713(4,40)
(0,40)915256190(1,40)
(0,40)1197352298(0,41)
(1,40)846942590(2,40)
(2,40)700108581(3,40)
(2,40)1(2,41)
(0,41)726371155(0,42)
(1,41)1(2,41)
(1,41)1(1,42)
(2,41)11614769(2,42)
(3,41)630668850(4,41)
(4,41)246247255(4,42)
(1,42)1(1,43)
(3,42)1017679567(4,42)
(3,42)452867621(3,43)
(0,43)213801961(1,43)
(0,43)201690613(0,44)
(1,43)648031326(2,43)
(1,43)1(1,44)
(3,43)110613202(4,43)
(3,43)282828202(3,44)
(4,43)114723506(4,44)
(1,44)1(2,44)
(2,44)1(2,45)
(3,44)1242608872(3,45)
(4,44)1277849958(4,45)
(0,45)653448036(1,45)
(0,45)777210498(0,46)
(2,45)1(2,46)
(3,45)1129033333(3,46)
(0,46)501772890(0,47)
(1,46)212251746(2,46)
(1,46)150517567(1,47)
(2,46)1(3,46)
(3,46)484238046(4,46)
(3,46)1(3,47)
(0,47)767066249(1,47)
(0,47)624549797(0,48)
(1,47)739273303(2,47)
(3,47)552910253(4,47)
(3,47)1(3,48)
(1,48)1(2,48)
(1,48)1(1,49)
(2,48)1(2,49)
(3,48)1448703729(4,48)
(3,48)1(3,49)
(0,49)430253414(1,49)
(1,49)1(1,50)
(2,49)1(3,49)
(3,49)1144278050(4,49)
(3,49)828388027(3,50)
(4,49)332266748(4,50)
(0,50)31308902(1,50)
(0,50)1192707556(0,51)
(1,50)1(2,50)
(1,50)816504794(1,51)
(2,50)1(2,51)
(3,50)559301039(3,51)
(2,51)1(2,52)
(3,51)1144522535(4,51)
(3,51)12895151(3,52)
(0,52)1328104339(0,53)
(1,52)860516127(2,52)
(2,52)1(2,53)
(4,52)328298285(4,53)
(0,53)136495343(1,53)
(0,53)70636429(0,54)
(1,53)402903177(2,53)
(2,53)1(2,54)
(3,53)1(4,53)
(3,53)1(3,54)
(4,53)1(4,54)
(0,54)561717988(1,54)
(0,54)655495367(0,55)
(2,54)1(3,54)
(2,54)389040743(2,55)
(3,54)1433102829(3,55)
(4,54)1(4,55)
(0,55)672655340(0,56)
(1,55)337453826(2,55)
(1,55)400000569(1,56)
(2,55)1081174232(2,56)
(4,55)1(4,56)
(0,56)847228023(0,57)
(2,56)1586903190(2,57)
(3,56)500618996(3,57)
(4,56)1(4,57)
(0,57)1061730690(1,57)
(1,57)1186631626(1,58)
(3,57)1(4,57)
(3,57)1(3,58)
(0,58)696947386(1,58)
(1,58)1265204346(2,58)
(2,58)1369602726(2,59)
(3,58)1(3,59)
(4,58)564325578(4,59)
(0,59)1010528946(1,59)
(1,59)358532290(1,60)
(3,59)1(4,59)
(4,59)1(4,60)
(0,60)1281830857(0,61)
(1,60)1(2,60)
(1,60)1(1,61)
(2,60)1(3,60)
(3,60)1(4,60)
(0,61)241909610(1,61)
(1,61)1(1,62)
(2,61)104152274(2,62)
(3,61)826047641(3,62)
(4,61)970925433(4,62)
(0,62)887077888(1,62)
(0,62)309198987(0,63)
(1,62)1(1,63)
(2,62)37487770(2,63)
(3,62)1232056856(3,63)
(4,62)1251300606(4,63)
(0,63)959372260(0,64)
(1,63)1(2,63)
(2,63)1376035217(3,63)
(2,63)1(2,64)
(3,63)478034945(4,63)
(3,63)1282648518(3,64)
(4,63)471990783(4,64)
(1,64)993967637(2,64)
(2,64)1(2,65)
(0,65)716334471(1,65)
(1,65)1(2,65)
(1,65)1(1,66)
(2,65)1025533459(2,66)
(3,65)1899058025(4,65)
(3,65)1001089438(3,66)
(0,66)1(1,66)
(0,66)1(0,67)
(2,66)553160358(3,66)
(4,66)712633417(4,67)
(0,67)1(1,67)
(0,67)864101839(0,68)
(1,67)1(1,68)
(2,67)410228794(2,68)
(3,67)1404196431(4,67)
(3,67)773319847(3,68)
(0,68)452456682(0,69)
(1,68)1(2,68)
(2,68)427355115(3,68)
(2,68)1(2,69)
(3,68)1272796157(4,68)
(0,69)126401947(1,69)
(0,69)1280631491(0,70)
(1,69)1204462951(1,70)
(2,69)1(3,69)
(2,69)521035021(2,70)
(3,69)19485054(4,69)
(3,69)1(3,70)
(0,70)1291554098(0,71)
(2,70)371653516(2,71)
(3,70)1(3,71)
(4,70)1372261796(4,71)
(0,71)333582338(1,71)
(1,71)628974580(1,72)
(2,71)786039021(2,72)
(3,71)1(4,71)
(4,71)1(4,72)
(0,72)262692685(1,72)
(3,72)395279207(3,73)
(4,72)1(4,73)
(0,73)435889744(0,74)
(1,73)272020127(2,73)
(1,73)378469911(1,74)
(3,73)1(4,73)
(3,73)1(3,74)
(4,73)257675105(4,74)
(0,74)991810563(0,75)
(1,74)216588711(2,74)
(2,74)151519934(3,74)
(3,74)1(3,75)
(4,74)937558955(4,75)
(0,75)524133589(1,75)
(0,75)629593614(0,76)
(2,75)1(3,75)
(2,75)1(2,76)
(3,75)927376882(3,76)
(0,76)765326717(0,77)
(1,76)1(2,76)
(1,76)1(1,77)
(2,76)431530126(2,77)
(3,76)703550253(4,76)
(0,77)733327814(1,77)
(1,77)1(1,78)
(3,77)1464415775(3,78)
(4,77)672032919(4,78)
(0,78)639806732(1,78)
(1,78)1(2,78)
(2,78)1(3,78)
(3,78)1(4,78)
(3,78)217871137(3,79)
(4,78)1(4,79)
(0,79)292423943(0,80)
(1,79)124666328(1,80)
(2,79)120306710(3,79)
(4,79)1(4,80)
(0,80)362575055(1,80)
(1,80)1022963858(2,80)
(1,80)1255387090(1,81)
(3,80)1(4,80)
(3,80)1(3,81)
(0,81)567304789(1,81)
(0,81)483689685(0,82)
(2,81)35756851(2,82)
(3,81)441767868(4,81)
(3,81)1(3,82)
(0,82)659639006(1,82)
(0,82)861109485(0,83)
(2,82)577721120(3,82)
(2,82)952062949(2,83)
(3,82)1(4,82)
(4,82)1(4,83)
(0,83)554290596(1,83)
(0,83)1630387677(0,84)
(1,83)34740865(2,83)
(3,83)1(4,83)
(3,83)1(3,84)
(0,84)1131359211(0,85)
(1,84)550245196(2,84)
(1,84)537322532(1,85)
(2,84)1(3,84)
(2,84)1(2,85)
(4,84)1140384172(4,85)
(2,85)1(3,85)
(3,85)10901063(4,85)
(3,85)1(3,86)
(0,86)628966950(0,87)
(1,86)1089653714(2,86)
(2,86)168057522(3,86)
(3,86)1038626924(4,86)
(3,86)1(3,87)
(0,87)181271232(1,87)
(0,87)93189435(0,88)
(1,87)525829204(1,88)
(2,87)1(3,87)
(2,87)1(2,88)
(4,87)356684278(4,88)
(0,88)1022089159(0,89)
(1,88)14989683(2,88)
(2,88)1(3,88)
(2,88)1242561041(2,89)
(3,88)1(3,89)
(4,88)207026272(4,89)
(1,89)217927335(1,90)
(2,89)513937457(2,90)
(3,89)1(3,90)
(4,89)595311776(4,90)
(0,90)372160269(0,91)
(1,90)207621703(2,90)
(3,90)1(3,91)
(4,90)980356728(4,91)
(0,91)932862806(0,92)
(1,91)695748720(1,92)
(2,91)174515334(3,91)
(2,91)279121308(2,92)
(3,91)294110991(4,91)
(3,91)1(3,92)
(4,91)1417076376(4,92)
(0,92)245798898(0,93)
(1,92)452825171(2,92)
(3,92)1(3,93)
(0,93)1(1,93)
(0,93)1(0,94)
(1,93)1(2,93)
(2,93)1(3,93)
(2,93)454333378(2,94)
(3,93)661955081(4,93)
(3,93)343945053(3,94)
(4,93)931489114(4,94)
(0,94)1(0,95)
(1,94)271059426(1,95)
(2,94)180785147(2,95)
(0,95)1(1,95)
(1,95)1(1,96)
(2,95)380390179(2,96)
(3,95)833215350(4,95)
(3,95)235202254(3,96)
(0,96)1370973813(0,97)
(1,96)1(1,97)
(2,96)1240554603(3,96)
(3,96)476152433(4,96)
(4,96)1694887982(4,97)
(0,97)820097487(1,97)
(0,97)803590181(0,98)
(1,97)1(1,98)
(2,97)1604765404(3,97)
(2,97)831768825(2,98)
(1,98)1(1,99)
(2,98)1242990415(3,98)
(2,98)1078898506(2,99)
(3,98)63299708(4,98)
(0,99)298501962(1,99)
(1,99)420687483(2,99)
(1,99)1(1,100)
(3,99)395191309(4,99)
(4,99)1431742587(4,100)
(0,100)226723382(1,100)
(0,100)672139932(0,101)
(1,100)1(2,100)
(2,100)1(3,100)
(3,100)617909211(4,100)
(3,100)1(3,101)
(0,101)476564285(1,101)
(1,101)1088590930(1,102)
(2,101)305197314(3,101)
(3,101)1204754116(4,101)
(3,101)1(3,102)
(0,102)500037525(1,102)
(1,102)1351538839(2,102)
(3,102)1(4,102)
(4,102)1(4,103)
(0,103)1326247643(0,104)
(1,103)610506582(2,103)
(2,103)164826621(2,104)
(3,103)1(4,103)
(3,103)1(3,104)
(0,104)813274570(1,104)
(1,104)216220853(2,104)
(2,104)699460008(2,105)
(3,104)223712350(4,104)
(3,104)1(3,105)
(0,105)856363827(1,105)
(1,105)846621269(2,105)
(1,105)787689126(1,106)
(2,105)584522071(2,106)
(3,105)1(3,106)
(4,105)928140528(4,106)
(0,106)1449228398(1,106)
(1,106)989241888(1,107)
(2,106)481928577(3,106)
(2,106)627992393(2,107)
(3,106)1(3,107)
(4,106)646755199(4,107)
(0,107)270754552(0,108)
(1,107)1031126087(1,108)
(2,107)413360099(2,108)
(3,107)1(3,108)
(4,107)396377017(4,108)
(0,108)6072641(0,109)
(1,108)620089368(1,109)
(3,108)96055805(4,108)
(3,108)1(3,109)
(0,109)242588954(1,109)
(1,109)445080308(2,109)
(3,109)1000372555(4,109)
(3,109)1(3,110)
(0,110)1528806445(1,110)
(1,110)415522325(2,110)
(1,110)870305000(1,111)
(2,110)332238283(3,110)
(3,110)1(4,110)
(4,110)1(4,111)
(0,111)981914693(1,111)
(2,111)987987334(2,112)
(3,111)576994985(4,111)
(3,111)12548159(3,112)
(4,111)1(4,112)
(0,112)953691761(1,112)
(1,112)507578762(1,113)
(2,112)750167716(3,112)
(2,112)470631541(2,113)
(4,112)1(4,113)
(0,113)202550399(1,113)
(0,113)108375482(0,114)
(3,113)1(4,113)
(3,113)1(3,114)
(0,114)942724790(0,115)
(1,114)1466942491(1,115)
(2,114)1(3,114)
(2,114)1(2,115)
(3,114)222028828(4,114)
(0,115)234576987(1,115)
(1,115)342146590(2,115)
(2,115)1(3,115)
(3,115)978587665(4,115)
(3,115)1(3,116)
(0,116)1599893069(0,117)
(1,116)190113083(2,116)
(2,116)1(3,116)
(2,116)1(2,117)
(4,116)85291638(4,117)
(0,117)394709364(1,117)
(0,117)900104667(0,118)
(1,117)472131489(1,118)
(2,117)158136104(3,117)
(2,117)1(2,118)
(3,117)878273679(4,117)
(3,117)991039875(3,118)
(4,117)987706141(4,118)
(1,118)434290636(2,118)
(1,118)1209734969(1,119)
(2,118)1(2,119)
(3,118)153162844(3,119)
(0,119)769304465(1,119)
(0,119)825726814(0,120)
(2,119)1(2,120)
(3,119)411826969(4,119)
(0,120)192532621(1,120)
(2,120)1(3,120)
(3,120)616734673(4,120)
(3,120)1(3,121)
(0,121)562395735(0,122)
(1,121)78374295(1,122)
(2,121)752704313(2,122)
(3,121)1186994949(4,121)
(3,121)1(3,122)
(4,121)1450099355(4,122)
(0,122)1340157793(1,122)
(1,122)929588156(2,122)
(2,122)18400960(2,123)
(3,122)1(3,123)
(4,122)213213171(4,123)
(0,123)568275358(0,124)
(1,123)1(2,123)
(1,123)1(1,124)
(2,123)1(3,123)
(3,123)14933990(3,124)
(0,124)25084100(0,125)
(1,124)1(1,125)
(2,124)318322042(2,125)
(4,124)592456289(4,125)
(0,125)333293469(1,125)
(0,125)1176225844(0,126)
(1,125)1(2,125)
(2,125)972125383(3,125)
(2,125)1(2,126)
(4,125)990526343(4,126)
(1,126)830365981(1,127)
(2,126)403068011(3,126)
(2,126)1(2,127)
(3,126)773446912(4,126)
(3,126)530788967(3,127)
(0,127)788380902(1,127)
(1,127)1111088131(2,127)
(2,127)1(2,128)
(3,127)38649718(4,127)
(4,127)1396005216(4,128)
(0,128)1330301183(0,129)
(1,128)1116945487(1,129)
(2,128)1(2,129)
(3,128)997276125(4,128)
(0,129)1(1,129)
(0,129)1(0,130)
(1,129)1(1,130)
(2,129)1(2,130)
(3,129)296596980(4,129)
(3,129)52775474(3,130)
(4,129)896925393(4,130)
(0,130)1(0,131)
(1,130)1(2,130)
(2,130)311269559(3,130)
(2,130)28264029(2,131)
(0,131)482417719(1,131)
(0,131)1(0,132)
(2,131)505593010(3,131)
(3,131)895873480(3,132)
(4,131)1024027583(4,132)
(0,132)995234140(1,132)
(0,132)1(0,133)
(2,132)572132557(3,132)
(3,132)597010431(4,132)
(3,132)461152493(3,133)
(4,132)962980710(4,133)
(0,133)649785905(1,133)
(0,133)1(0,134)
(2,133)1105629391(2,134)
(0,134)1(1,134)
(1,134)692458743(2,134)
(1,134)1(1,135)
(3,134)1146137088(4,134)
(4,134)1254749154(4,135)
(0,135)213952386(0,136)
(1,135)1(1,136)
(2,135)93155710(2,136)
(3,135)1111800030(3,136)
(4,135)917609663(4,136)
(0,136)298167279(1,136)
(1,136)1(2,136)
(2,136)1(3,136)
(3,136)1(4,136)
(4,136)1(4,137)
(0,137)272312086(1,137)
(1,137)359147515(1,138)
(2,137)1195950186(3,137)
(3,137)532495011(4,137)
(3,137)625843881(3,138)
(4,137)1(4,138)
(0,138)240854387(1,138)
(0,138)67874133(0,139)
(2,138)1456339643(3,138)
(2,138)454806773(2,139)
(4,138)1(4,139)
(0,139)657103124(1,139)
(1,139)331016259(2,139)
(2,139)193552063(2,140)
(3,139)692981712(4,139)
(4,139)1(4,140)
(0,140)304505404(1,140)
(1,140)837626799(2,140)
(3,140)1(4,140)
(3,140)1(3,141)
(0,141)100669(1,141)
(0,141)245240853(0,142)
(1,141)332702450(1,142)
(2,141)573556837(3,141)
(2,141)67974802(2,142)
(3,141)1(3,142)
(4,141)1028363610(4,142)
(1,142)573666704(1,143)
(3,142)1005418816(4,142)
(3,142)1(3,143)
(0,143)703571522(1,143)
(1,143)529302443(2,143)
(2,143)274325361(3,143)
(2,143)418646579(2,144)
(3,143)1(3,144)
(4,143)129834447(4,144)
(0,144)305564045(1,144)
(0,144)177332700(0,145)
(3,144)1211721386(4,144)
(3,144)1(3,145)
(0,145)1286966948(1,145)
(0,145)883799426(0,146)
(1,145)962764794(1,146)
(2,145)76277107(3,145)
(3,145)1(3,146)
(4,145)750679664(4,146)
(1,146)845954166(2,146)
(2,146)312186354(3,146)
(3,146)1(3,147)
(4,146)730832933(4,147)
(0,147)86086317(1,147)
(0,147)1090099484(0,148)
(2,147)145186709(3,147)
(2,147)263419017(2,148)
(3,147)240959156(4,147)
(3,147)1(3,148)
(4,147)695991608(4,148)
(0,148)551201745(1,148)
(0,148)228217069(0,149)
(3,148)1(3,149)
(0,149)839425676(0,150)
(1,149)1175446571(1,150)
(2,149)1(3,149)
(2,149)1(2,150)
(4,149)144874089(4,150)
(0,150)473903566(1,150)
(1,150)94255812(2,150)
(1,150)13798878(1,151)
(2,150)1(3,150)
(3,150)1(4,150)
(4,150)1(4,151)
(0,151)79065186(0,152)
(1,151)775056794(2,151)
(1,151)604263370(1,152)
(3,151)535286141(3,152)
(4,151)1(4,152)
(0,152)4744263(1,152)
(2,152)1(3,152)
(2,152)1(2,153)
(3,152)1(4,152)
(3,152)181226513(3,153)
(0,153)986478257(0,154)
(1,153)1131352346(2,153)
(2,153)1(2,154)
(3,153)943190495(4,153)
(0,154)877068972(1,154)
(1,154)30387226(1,155)
(2,154)1(2,155)
(3,154)65120356(3,155)
(4,154)832077645(4,155)
(0,155)118993446(1,155)
(1,155)73673339(1,156)
(2,155)1(3,155)
(3,155)1(4,155)
(4,155)1(4,156)
(0,156)888482339(1,156)
(0,156)44470216(0,157)
(1,156)1209379174(1,157)
(2,156)547407330(3,156)
(3,156)858829294(4,156)
(4,156)1(4,157)
(1,157)912194650(2,157)
(1,157)192048860(1,158)
(2,157)1069117832(3,157)
(3,157)1(4,157)
(3,157)1(3,158)
(0,158)627510635(1,158)
(0,158)185963953(0,159)
(1,158)1018041598(2,158)
(3,158)1(3,159)
(4,158)1281944976(4,159)
(0,159)375444584(1,159)
(0,159)1170132540(0,160)
(2,159)730199492(3,159)
(2,159)419914800(2,160)
(3,159)1(4,159)
(3,159)1154615609(3,160)
(4,159)1(4,160)
(1,160)950881304(2,160)
(3,160)1142930164(3,161)
(4,160)1(4,161)
(0,161)928682751(1,161)
(0,161)64564349(0,162)
(1,161)689442530(1,162)
(2,161)1114646704(2,162)
(4,161)1(4,162)
(1,162)266222407(2,162)
(1,162)234262547(1,163)
(2,162)609707131(3,162)
(2,162)99568484(2,163)
(3,162)1(4,162)
(3,162)1(3,163)
(0,163)838139053(0,164)
(2,163)753959819(2,164)
(3,163)1(3,164)
(4,163)116423768(4,164)
(0,164)700287639(1,164)
(1,164)102524643(1,165)
(2,164)764851988(2,165)
(3,164)707184680(4,164)
(3,164)1(3,165)
(0,165)110993018(1,165)
(1,165)493886463(2,165)
(3,165)1(3,166)
(4,165)1160063179(4,166)
(0,166)1337856142(0,167)
(1,166)219994425(2,166)
(2,166)1(3,166)
(2,166)1(2,167)
(4,166)1010764797(4,167)
(0,167)454416748(0,168)
(1,167)1(2,167)
(1,167)1(1,168)
(3,167)1175989877(4,167)
(3,167)673365159(3,168)
(0,168)1482841197(1,168)
(1,168)1(1,169)
(2,168)703955951(3,168)
(2,168)959162035(2,169)
(3,168)1453048498(4,168)
(0,169)1(1,169)
(0,169)1(0,170)
(2,169)777635325(3,169)
(3,169)1591564428(4,169)
(3,169)816976784(3,170)
(4,169)1085206797(4,170)
(0,170)1(1,170)
(1,170)1(1,171)
(2,170)461851014(3,170)
(3,170)505185185(3,171)
(0,171)554602408(1,171)
(1,171)1(1,172)
(2,171)384295879(3,171)
(2,171)111691313(2,172)
(3,171)104852634(3,172)
(4,171)1343457914(4,172)
(0,172)808808585(0,173)
(1,172)608034986(2,172)
(1,172)1(1,173)
(3,172)1565306616(4,172)
(0,173)1(1,173)
(0,173)1(0,174)
(2,173)354367395(3,173)
(3,173)1245644428(4,173)
(3,173)25222833(3,174)
(0,174)1(0,175)
(1,174)360022300(2,174)
(2,174)100603786(3,174)
(3,174)888830763(4,174)
(4,174)212295100(4,175)
(0,175)1(1,175)
(1,175)1(2,175)
(2,175)1(3,175)
(3,175)1(4,175)
(4,175)1(4,176)
(0,176)31797565(1,176)
(0,176)173506518(0,177)
(1,176)80329499(2,176)
(2,176)1(3,176)
(2,176)1(2,177)
(3,176)1(4,176)
(0,177)87522686(1,177)
(1,177)1098193842(1,178)
(2,177)1(3,177)
(2,177)574596534(2,178)
(3,177)934618834(4,177)
(3,177)1(3,178)
(0,178)196095815(1,178)
(1,178)819827984(1,179)
(3,178)831099451(4,178)
(3,178)1(3,179)
(0,179)321869343(1,179)
(0,179)421825361(0,180)
(2,179)495375861(2,180)
(3,179)1(4,179)
(4,179)1(4,180)
(0,180)6938620(1,180)
(1,180)313823293(2,180)
(1,180)256363941(1,181)
(2,180)343886628(3,180)
(4,180)1(4,181)
(0,181)386753870(1,181)
(2,181)1631207466(2,182)
(3,181)1(4,181)
(3,181)1(3,182)
(0,182)129183332(1,182)
(0,182)382926234(0,183)
(1,182)574682290(1,183)
(2,182)1(3,182)
(2,182)1(2,183)
(3,182)1435525339(3,183)
(4,182)1391927494(4,183)
(0,183)1051402293(0,184)
(1,183)1245466382(2,183)
(2,183)1(2,184)
(3,183)409098738(4,183)
(1,184)616716465(2,184)
(1,184)1010014811(1,185)
(2,184)1(3,184)
(3,184)1(3,185)
(4,184)880492499(4,185)
(0,185)253674535(1,185)
(0,185)224048977(0,186)
(2,185)636600769(2,186)
(3,185)340563072(4,185)
(3,185)1(3,186)
(4,185)353673391(4,186)
(1,186)683309587(2,186)
(1,186)217852623(1,187)
(2,186)680007057(2,187)
(3,186)1(3,187)
(0,187)330546620(0,188)
(1,187)356228371(1,188)
(2,187)29860596(3,187)
(2,187)978053418(2,188)
(3,187)1594769883(4,187)
(3,187)1(3,188)
(0,188)209473567(0,189)
(3,188)1(3,189)
(4,188)96617457(4,189)
(0,189)503615949(1,189)
(0,189)566112132(0,190)
(1,189)1(2,189)
(1,189)1(1,190)
(2,189)1(3,189)
(3,189)478307629(4,189)
(3,189)1137638147(3,190)
(4,189)745792349(4,190)
(1,190)936621968(2,190)
(1,190)1(1,191)
(4,190)634172025(4,191)
(0,191)75191653(1,191)
(0,191)1322710936(0,192)
(1,191)1(2,191)
(1,191)81458260(1,192)
(2,191)1(2,192)
(3,191)198619204(3,192)
(2,192)1(3,192)
(2,192)556707205(2,193)
(3,192)1(3,193)
(4,192)104665169(4,193)
(0,193)466647227(1,193)
(0,193)258219170(0,194)
(1,193)1004011520(2,193)
(1,193)582972798(1,194)
(2,193)1456139563(2,194)
(3,193)1(4,193)
(3,193)1527793660(3,194)
(4,193)1(4,194)
(0,194)1183912267(0,195)
(2,194)713355511(2,195)
(4,194)1(4,195)
(1,195)1579059895(1,196)
(2,195)1562887660(2,196)
(3,195)1(4,195)
(3,195)1(3,196)
(0,196)1510574887(1,196)
(1,196)1455371254(1,197)
(3,196)625321929(4,196)
(3,196)1(3,197)
(0,197)5631942(1,197)
(1,197)398068012(2,197)
(2,197)866596855(3,197)
(3,197)1(4,197)
(3,197)242639747(3,198)
(4,197)1(4,198)
(0,198)612203759(1,198)
(0,198)162403134(0,199)
(1,198)366831742(2,198)
(2,198)894869401(3,198)
(2,198)215341973(2,199)
(4,198)1(4,199)
(1,199)1064651899(2,199)
(3,199)1346941484(4,199)
