5 200
(0,0)2087126626(1,0)
(0,0)1177220057(0,1)
(1,0)542653442(2,0)
(1,0)708351959(1,1)
(2,0)1615938025(3,0)
(2,0)811084115(2,1)
(3,0)1449297885(4,0)
(3,0)615503814(3,1)
(4,0)270741611(4,1)
(0,1)309577175(1,1)
(0,1)757537093(0,2)
(1,1)1376604910(2,1)
(1,1)1352355143(1,2)
(2,1)1296856901(3,1)
(2,1)152526327(2,2)
(3,1)1463767543(4,1)
(3,1)183158772(3,2)
(4,1)1053250594(4,2)
(0,2)227783239(1,2)
(0,2)2067296771(0,3)
(1,2)585373693(2,2)
(1,2)789163735(1,3)
(2,2)1311039006(3,2)
(2,2)1415648985(2,3)
(3,2)273044490(4,2)
(3,2)489461291(3,3)
(4,2)1287270533(4,3)
(0,3)1181863954(1,3)
(0,3)1313233116(0,4)
(1,3)414325353(2,3)
(1,3)937134762(1,4)
(2,3)876777740(3,3)
(2,3)211600364(2,4)
(3,3)754253806(4,3)
(3,3)1122677312(3,4)
(4,3)1687861855(4,4)
(0,4)1369757620(1,4)
(0,4)591131690(0,5)
(1,4)861873301(2,4)
(1,4)989676093(1,5)
(2,4)1299253268(3,4)
(2,4)2127294714(2,5)
(3,4)1356415976(4,4)
(3,4)66744796(3,5)
(4,4)1451779596(4,5)
(0,5)1539574749(1,5)
(0,5)1363601697(0,6)
(1,5)269368643(2,5)
(1,5)768063491(1,6)
(2,5)995846731(3,5)
(2,5)1459387872(2,6)
(3,5)2044761566(4,5)
(3,5)1058532378(3,6)
(4,5)264012068(4,6)
(0,6)386739209(1,6)
(0,6)222087736(0,7)
(1,6)1509358269(2,6)
(1,6)537056558(1,7)
(2,6)1718920513(3,6)
(2,6)1699972326(2,7)
(3,6)2114297679(4,6)
(3,6)299009383(3,7)
(4,6)1930520877(4,7)
(0,7)1089491344(1,7)
(0,7)1175787124(0,8)
(1,7)716165331(2,7)
(1,7)537291035(1,8)
(2,7)1907048655(3,7)
(2,7)1680623034(2,8)
(3,7)395012687(4,7)
(3,7)1705841424(3,8)
(4,7)1886859721(4,8)
(0,8)461757483(1,8)
(0,8)857611045(0,9)
(1,8)161906993(2,8)
(1,8)1095792050(1,9)
(2,8)487883151(3,8)
(2,8)1825359180(2,9)
(3,8)2094727823(4,8)
(3,8)929970484(3,9)
(4,8)1947271023(4,9)
(0,9)1005776553(1,9)
(0,9)1925817215(0,10)
(1,9)42345636(2,9)
(1,9)1844548941(1,10)
(2,9)83804503(3,9)
(2,9)1227864289(2,10)
(3,9)589738910(4,9)
(3,9)579402194(3,10)
(4,9)1783776829(4,10)
(0,10)888748294(1,10)
(0,10)150839059(0,11)
(1,10)2081359936(2,10)
(1,10)1750590860(1,11)
(2,10)692598556(3,10)
(2,10)2064535418(2,11)
(3,10)633217101(4,10)
(3,10)471167323(3,11)
(4,10)225737942(4,11)
(0,11)191574878(1,11)
(0,11)230732331(0,12)
(1,11)2117592052(2,11)
(1,11)620750629(1,12)
(2,11)1082508112(3,11)
(2,11)1049185923(2,12)
(3,11)1211092916(4,11)
(3,11)1065900454(3,12)
(4,11)760383644(4,12)
(0,12)2141063400(1,12)
(0,12)1553783605(0,13)
(1,12)1353570981(2,12)
(1,12)707627819(1,13)
(2,12)1713404372(3,12)
(2,12)1919396968(2,13)
(3,12)1961742604(4,12)
(3,12)1050636274(3,13)
(4,12)793785013(4,13)
(0,13)393661150(1,13)
(0,13)1134440777(0,14)
(1,13)770733958(2,13)
(1,13)1383523924(1,14)
(2,13)124788570(3,13)
(2,13)544500210(2,14)
(3,13)478376498(4,13)
(3,13)373841171(3,14)
(4,13)41840340(4,14)
(0,14)949543822(1,14)
(0,14)1066439727(0,15)
(1,14)1292177670(2,14)
(1,14)675057441(1,15)
(2,14)866632319(3,14)
(2,14)1180276153(2,15)
(3,14)1150384557(4,14)
(3,14)1912928299(3,15)
(4,14)1915818242(4,15)
(0,15)68801364(1,15)
(0,15)847952764(0,16)
(1,15)1608336408(2,15)
(1,15)979427510(1,16)
(2,15)973007263(3,15)
(2,15)1622584969(2,16)
(3,15)828672302(4,15)
(3,15)168480580(3,16)
(4,15)744920583(4,16)
(0,16)1879308577(1,16)
(0,16)1881884952(0,17)
(1,16)528186318(2,16)
(1,16)559179539(1,17)
(2,16)952840689(3,16)
(2,16)866265706(2,17)
(3,16)1636999665(4,16)
(3,16)1911710242(3,17)
(4,16)1497340899(4,17)
(0,17)2010840836(1,17)
(0,17)2036498812(0,18)
(1,17)2078339152(2,17)
(1,17)1975717398(1,18)
(2,17)777777572(3,17)
(2,17)929796915(2,18)
(3,17)74490937(4,17)
(3,17)605912945(3,18)
(4,17)1958053725(4,18)
(0,18)1987419237(1,18)
(0,18)1472545265(0,19)
(1,18)1240879859(2,18)
(1,18)960954634(1,19)
(2,18)1029755998(3,18)
(2,18)687888353(2,19)
(3,18)148741113(4,18)
(3,18)72823722(3,19)
(4,18)504857320(4,19)
(0,19)317221693(1,19)
(0,19)1045830985(0,20)
(1,19)1790751568(2,19)
(1,19)1333529622(1,20)
(2,19)1065354551(3,19)
(2,19)51622998(2,20)
(3,19)579809316(4,19)
(3,19)202447459(3,20)
(4,19)1931620258(4,20)
(0,20)344035910(1,20)
(0,20)1155288148(0,21)
(1,20)505145400(2,20)
(1,20)1421136275(1,21)
(2,20)1284493463(3,20)
(2,20)233051074(2,21)
(3,20)163906578(4,20)
(3,20)333379150(3,21)
(4,20)66806730(4,21)
(0,21)769819523(1,21)
(0,21)1111156722(0,22)
(1,21)921726799(2,21)
(1,21)141297668(1,22)
(2,21)2128716905(3,21)
(2,21)94881140(2,22)
(3,21)1335761000(4,21)
(3,21)1882681433(3,22)
(4,21)669121610(4,22)
(0,22)1408584722(1,22)
(0,22)764953784(0,23)
(1,22)1269811104(2,22)
(1,22)817862723(1,23)
(2,22)1135084417(3,22)
(2,22)306932059(2,23)
(3,22)2097683627(4,22)
(3,22)455857078(3,23)
(4,22)1186707415(4,23)
(0,23)152647438(1,23)
(0,23)1521211630(0,24)
(1,23)1305348240(2,23)
(1,23)1766516731(1,24)
(2,23)2110552641(3,23)
(2,23)1307935586(2,24)
(3,23)1813080986(4,23)
(3,23)579000867(3,24)
(4,23)196120067(4,24)
(0,24)2146460136(1,24)
(0,24)1863494330(0,25)
(1,24)1930301060(2,24)
(1,24)360026645(1,25)
(2,24)1129846168(3,24)
(2,24)1110133210(2,25)
(3,24)2031860009(4,24)
(3,24)2071598728(3,25)
(4,24)1224727309(4,25)
(0,25)1767057795(1,25)
(0,25)2052831985(0,26)
(1,25)574469947(2,25)
(1,25)413004661(1,26)
(2,25)1821589383(3,25)
(2,25)384527931(2,26)
(3,25)1654339035(4,25)
(3,25)1392332671(3,26)
(4,25)2128521442(4,26)
(0,26)2110196113(1,26)
(0,26)379933440(0,27)
(1,26)1566640855(2,26)
(1,26)2078721421(1,27)
(2,26)83885211(3,26)
(2,26)1483924095(2,27)
(3,26)641788687(4,26)
(3,26)1185673938(3,27)
(4,26)1391820797(4,27)
(0,27)1220789554(1,27)
(0,27)1148742931(0,28)
(1,27)1344862998(2,27)
(1,27)1057418136(1,28)
(2,27)1056394624(3,27)
(2,27)936800236(2,28)
(3,27)719617649(4,27)
(3,27)1704889643(3,28)
(4,27)19044187(4,28)
(0,28)643732729(1,28)
(0,28)687252163(0,29)
(1,28)1911979472(2,28)
(1,28)2050904196(1,29)
(2,28)1670478343(3,28)
(2,28)549081067(2,29)
(3,28)1123551014(4,28)
(3,28)177500485(3,29)
(4,28)2055006274(4,29)
(0,29)368400037(1,29)
(0,29)1999089868(0,30)
(1,29)1980127662(2,29)
(1,29)1561861661(1,30)
(2,29)1524574127(3,29)
(2,29)748333477(2,30)
(3,29)167490684(4,29)
(3,29)1911365435(3,30)
(4,29)861014574(4,30)
(0,30)1353164622(1,30)
(0,30)1995250646(0,31)
(1,30)1239587796(2,30)
(1,30)1502803262(1,31)
(2,30)576109168(3,30)
(2,30)354423905(2,31)
(3,30)1699286903(4,30)
(3,30)149522284(3,31)
(4,30)1512909405(4,31)
(0,31)1256692898(1,31)
(0,31)1205916908(0,32)
(1,31)1224961095(2,31)
(1,31)85043406(1,32)
(2,31)728776135(3,31)
(2,31)1943945062(2,32)
(3,31)1708440886(4,31)
(3,31)1128381644(3,32)
(4,31)1277857202(4,32)
(0,32)1885941372(1,32)
(0,32)651376339(0,33)
(1,32)558898966(2,32)
(1,32)253924569(1,33)
(2,32)622324606(3,32)
(2,32)1737547592(2,33)
(3,32)1570191607(4,32)
(3,32)2120760627(3,33)
(4,32)1370658084(4,33)
(0,33)1334073394(1,33)
(0,33)1497851106(0,34)
(1,33)211382033(2,33)
(1,33)1538148768(1,34)
(2,33)743829743(3,33)
(2,33)1181840393(2,34)
(3,33)273944541(4,33)
(3,33)1714185295(3,34)
(4,33)1098253648(4,34)
(0,34)423466825(1,34)
(0,34)142810815(0,35)
(1,34)1655720220(2,34)
(1,34)650056904(1,35)
(2,34)1906749802(3,34)
(2,34)1629383733(2,35)
(3,34)706861181(4,34)
(3,34)1740763626(3,35)
(4,34)1703211216(4,35)
(0,35)1835242825(1,35)
(0,35)322056114(0,36)
(1,35)1599913316(2,35)
(1,35)1264168455(1,36)
(2,35)1002626179(3,35)
(2,35)339135516(2,36)
(3,35)898034482(4,35)
(3,35)1853837885(3,36)
(4,35)592690123(4,36)
(0,36)871311462(1,36)
(0,36)328678844(0,37)
(1,36)1699336928(2,36)
(1,36)15398082(1,37)
(2,36)1349471477(3,36)
(2,36)221678920(2,37)
(3,36)433060953(4,36)
(3,36)1090002048(3,37)
(4,36)383828222(4,37)
(0,37)2147246248(1,37)
(0,37)1833831791(0,38)
(1,37)784601792(2,37)
(1,37)657772763(1,38)
(2,37)1081239588(3,37)
(2,37)142573416(2,38)
(3,37)1798293636(4,37)
(3,37)1434658696(3,38)
(4,37)563139673(4,38)
(0,38)1391573615(1,38)
(0,38)1193924850(0,39)
(1,38)749652419(2,38)
(1,38)1270000854(1,39)
(2,38)957760031(3,38)
(2,38)1713629729(2,39)
(3,38)1166059397(4,38)
(3,38)2013820874(3,39)
(4,38)1296895548(4,39)
(0,39)872413635(1,39)
(0,39)868963405(0,40)
(1,39)1461653528(2,39)
(1,39)47446382(1,40)
(2,39)918757844(3,39)
(2,39)1201092479(2,40)
(3,39)752945759(4,39)
(3,39)1477051611(3,40)
(4,39)1140436765(4,40)
(0,40)1842947807(1,40)
(0,40)679039440(0,41)
(1,40)1062867662(2,40)
(1,40)1573497718(1,41)
(2,40)1573260319(3,40)
(2,40)1529295951(2,41)
(3,40)166414095(4,40)
(3,40)1720640425(3,41)
(4,40)1715833735(4,41)
(0,41)1601072791(1,41)
(0,41)654396365(0,42)
(1,41)1217536038(2,41)
(1,41)1366643723(1,42)
(2,41)610733690(3,41)
(2,41)647513993(2,42)
(3,41)1397166412(4,41)
(3,41)340053245(3,42)
(4,41)176879771(4,42)
(0,42)1263503638(1,42)
(0,42)1297813276(0,43)
(1,42)447225176(2,42)
(1,42)1342939169(1,43)
(2,42)67869156(3,42)
(2,42)2132467043(2,43)
(3,42)1446636924(4,42)
(3,42)494671559(3,43)
(4,42)1268961635(4,43)
(0,43)776204887(1,43)
(0,43)1413429403(0,44)
(1,43)406382520(2,43)
(1,43)2021907394(1,44)
(2,43)1717371553(3,43)
(2,43)1455244327(2,44)
(3,43)370628341(4,43)
(3,43)1979880239(3,44)
(4,43)1099183856(4,44)
(0,44)2091268766(1,44)
(0,44)1405656910(0,45)
(1,44)974006997(2,44)
(1,44)1265597951(1,45)
(2,44)719187094(3,44)
(2,44)598181483(2,45)
(3,44)1815717521(4,44)
(3,44)193167072(3,45)
(4,44)1366701088(4,45)
(0,45)8287118(1,45)
(0,45)803900763(0,46)
(1,45)980780534(2,45)
(1,45)616383852(1,46)
(2,45)1879887491(3,45)
(2,45)1306100395(2,46)
(3,45)1753325571(4,45)
(3,45)176236055(3,46)
(4,45)1864870886(4,46)
(0,46)100513482(1,46)
(0,46)244105211(0,47)
(1,46)1513066846(2,46)
(1,46)1164024162(1,47)
(2,46)1940229049(3,46)
(2,46)1513942886(2,47)
(3,46)1920325406(4,46)
(3,46)1387490592(3,47)
(4,46)1247989728(4,47)
(0,47)1752721997(1,47)
(0,47)957378498(0,48)
(1,47)2056562354(2,47)
(1,47)1618618069(1,48)
(2,47)1562403187(3,47)
(2,47)1010895259(2,48)
(3,47)1984902256(4,47)
(3,47)1174676658(3,48)
(4,47)13101022(4,48)
(0,48)30585681(1,48)
(0,48)1893863752(0,49)
(1,48)1113081192(2,48)
(1,48)1828818544(1,49)
(2,48)1837105662(3,48)
(2,48)834486444(2,49)
(3,48)1815266978(4,48)
(3,48)1729465045(3,49)
(4,48)995722409(4,49)
(0,49)1991503034(1,49)
(0,49)1461868888(0,50)
(1,49)1179256126(2,49)
(1,49)601564333(1,50)
(2,49)702077815(3,49)
(2,49)88124597(2,50)
(3,49)1601191444(4,49)
(3,49)195796641(3,50)
(4,49)68537053(4,50)
(0,50)841198388(1,50)
(0,50)2136025690(0,51)
(1,50)1236531771(2,50)
(1,50)1988862460(1,51)
(2,50)1594100809(3,50)
(2,50)1798576886(2,51)
(3,50)1707655593(4,50)
(3,50)707666192(3,51)
(4,50)457512421(4,51)
(0,51)734848603(1,51)
(0,51)122585732(0,52)
(1,51)135686754(2,51)
(1,51)294931029(1,52)
(2,51)325516710(3,51)
(2,51)481228707(2,52)
(3,51)1594309900(4,51)
(3,51)1964505298(3,52)
(4,51)1160003154(4,52)
(0,52)1176291297(1,52)
(0,52)1654127313(0,53)
(1,52)502366074(2,52)
(1,52)827786485(1,53)
(2,52)671805871(3,52)
(2,52)490676537(2,53)
(3,52)1669932663(4,52)
(3,52)1103930407(3,53)
(4,52)759930468(4,53)
(0,53)1865729304(1,53)
(0,53)1806008223(0,54)
(1,53)1874545276(2,53)
(1,53)213638264(1,54)
(2,53)1054836653(3,53)
(2,53)1854271347(2,54)
(3,53)943319470(4,53)
(3,53)1715924088(3,54)
(4,53)705929891(4,54)
(0,54)1650985662(1,54)
(0,54)1162541250(0,55)
(1,54)1620053671(2,54)
(1,54)266101836(1,55)
(2,54)1000950439(3,54)
(2,54)1773571394(2,55)
(3,54)1909258149(4,54)
(3,54)1914984700(3,55)
(4,54)1482179147(4,55)
(0,55)1726279799(1,55)
(0,55)93017763(0,56)
(1,55)1253020917(2,55)
(1,55)929005399(1,56)
(2,55)2105296696(3,55)
(2,55)1232923464(2,56)
(3,55)1735289539(4,55)
(3,55)2080807402(3,56)
(4,55)448489585(4,56)
(0,56)691736298(1,56)
(0,56)605129625(0,57)
(1,56)1365060094(2,56)
(1,56)2118422248(1,57)
(2,56)1836667905(3,56)
(2,56)350260873(2,57)
(3,56)77322502(4,56)
(3,56)1578698358(3,57)
(4,56)1543455604(4,57)
(0,57)1793246590(1,57)
(0,57)486051363(0,58)
(1,57)1191981255(2,57)
(1,57)339291426(1,58)
(2,57)1990277088(3,57)
(2,57)808304192(2,58)
(3,57)280874215(4,57)
(3,57)1458083091(3,58)
(4,57)1616364835(4,58)
(0,58)48375268(1,58)
(0,58)311549883(0,59)
(1,58)1793729030(2,58)
(1,58)1378139336(1,59)
(2,58)956935487(3,58)
(2,58)141393031(2,59)
(3,58)1394413948(4,58)
(3,58)575250781(3,59)
(4,58)42375304(4,59)
(0,59)1327737703(1,59)
(0,59)533063829(0,60)
(1,59)981553414(2,59)
(1,59)1777664843(1,60)
(2,59)321917493(3,59)
(2,59)1932867328(2,60)
(3,59)1150443774(4,59)
(3,59)952492014(3,60)
(4,59)672178367(4,60)
(0,60)581658485(1,60)
(0,60)641676271(0,61)
(1,60)37648227(2,60)
(1,60)749500869(1,61)
(2,60)395263811(3,60)
(2,60)1067709848(2,61)
(3,60)112207455(4,60)
(3,60)376939653(3,61)
(4,60)1203568004(4,61)
(0,61)1570290547(1,61)
(0,61)219733094(0,62)
(1,61)1836097929(2,61)
(1,61)1484442219(1,62)
(2,61)1532817487(3,61)
(2,61)1881840430(2,62)
(3,61)1528085812(4,61)
(3,61)1066753617(3,62)
(4,61)1674210518(4,62)
(0,62)2103336593(1,62)
(0,62)2023689104(0,63)
(1,62)2066064408(2,62)
(1,62)921140819(1,63)
(2,62)101394874(3,62)
(2,62)488916774(2,63)
(3,62)1470470188(4,62)
(3,62)1696245603(3,63)
(4,62)2034262202(4,63)
(0,63)275478554(1,63)
(0,63)2018163097(0,64)
(1,63)542857816(2,63)
(1,63)1037222329(1,64)
(2,63)1618880814(3,63)
(2,63)917154826(2,64)
(3,63)954803053(4,63)
(3,63)1292358685(3,64)
(4,63)539107014(4,64)
(0,64)1331742707(1,64)
(0,64)1687622496(0,65)
(1,64)743706852(2,64)
(1,64)651314470(1,65)
(2,64)74121369(3,64)
(2,64)1551475801(2,65)
(3,64)1240090082(4,64)
(3,64)80665424(3,65)
(4,64)1955961799(4,65)
(0,65)159360051(1,65)
(0,65)1613482911(0,66)
(1,65)1140209782(2,65)
(1,65)1336563963(1,66)
(2,65)1292416908(3,65)
(2,65)35565507(2,66)
(3,65)2101629916(4,65)
(3,65)2061350601(3,66)
(4,65)1781333682(4,66)
(0,66)1650391871(1,66)
(0,66)15261827(0,67)
(1,66)2049524029(2,66)
(1,66)1104320222(1,67)
(2,66)1379798776(3,66)
(2,66)1521071320(2,67)
(3,66)2063929136(4,66)
(3,66)939262710(3,67)
(4,66)149469954(4,67)
(0,67)1208804173(1,67)
(0,67)410659876(0,68)
(1,67)949766891(2,67)
(1,67)1104273008(1,68)
(2,67)288532067(3,67)
(2,67)748943022(2,68)
(3,67)1492649874(4,67)
(3,67)1601081361(3,68)
(4,67)1840007868(4,68)
(0,68)1573315298(1,68)
(0,68)1675202730(0,69)
(1,68)1483680881(2,68)
(1,68)932614302(1,69)
(2,68)1091974353(3,68)
(2,68)1039314562(2,69)
(3,68)32040696(4,68)
(3,68)672761196(3,69)
(4,68)1127539860(4,69)
(0,69)2093391297(1,69)
(0,69)1965178104(0,70)
(1,69)1599028138(2,69)
(1,69)1081686128(1,70)
(2,69)584594352(3,69)
(2,69)2108653124(2,70)
(3,69)2010693505(4,69)
(3,69)555864712(3,70)
(4,69)2105665672(4,70)
(0,70)802472568(1,70)
(0,70)1935663488(0,71)
(1,70)2085133443(2,70)
(1,70)2022111161(1,71)
(2,70)1083431686(3,70)
(2,70)1213132444(2,71)
(3,70)15415687(4,70)
(3,70)1041922803(3,71)
(4,70)1832374708(4,71)
(0,71)1616497048(1,71)
(0,71)1330454870(0,72)
(1,71)1022979090(2,71)
(1,71)1177540935(1,72)
(2,71)603372585(3,71)
(2,71)1144216130(2,72)
(3,71)480413363(4,71)
(3,71)1955593392(3,72)
(4,71)1642687147(4,72)
(0,72)1153174559(1,72)
(0,72)900084097(0,73)
(1,72)2027623957(2,72)
(1,72)1674727843(1,73)
(2,72)1620635492(3,72)
(2,72)970869015(2,73)
(3,72)422413505(4,72)
(3,72)961826438(3,73)
(4,72)1581804968(4,73)
(0,73)978278217(1,73)
(0,73)1546420790(0,74)
(1,73)1504602814(2,73)
(1,73)1445014826(1,74)
(2,73)100003746(3,73)
(2,73)766458058(2,74)
(3,73)704107853(4,73)
(3,73)1379230327(3,74)
(4,73)1313136190(4,74)
(0,74)1746030656(1,74)
(0,74)315178366(0,75)
(1,74)69426(2,74)
(1,74)1328551878(1,75)
(2,74)797565278(3,74)
(2,74)929001878(2,75)
(3,74)1951980968(4,74)
(3,74)1177610361(3,75)
(4,74)1941781409(4,75)
(0,75)1760090712(1,75)
(0,75)1780982947(0,76)
(1,75)1276186446(2,75)
(1,75)274711124(1,76)
(2,75)1427885684(3,75)
(2,75)512691161(2,76)
(3,75)392831470(4,75)
(3,75)803430642(3,76)
(4,75)251271051(4,76)
(0,76)1354657908(1,76)
(0,76)276582486(0,77)
(1,76)1858387455(2,76)
(1,76)673684557(1,77)
(2,76)1651962774(3,76)
(2,76)753595050(2,77)
(3,76)110714217(4,76)
(3,76)1155918633(3,77)
(4,76)270937184(4,77)
(0,77)1489944544(1,77)
(0,77)1255922379(0,78)
(1,77)421574921(2,77)
(1,77)975045037(1,78)
(2,77)573592045(3,77)
(2,77)1805122910(2,78)
(3,77)1805192337(4,77)
(3,77)1750126799(3,78)
(4,77)1502593923(4,78)
(0,78)835319050(1,78)
(0,78)400208430(0,79)
(1,78)194506191(2,78)
(1,78)1307091243(1,79)
(2,78)919698307(3,78)
(2,78)468818349(2,79)
(3,78)1745004796(4,78)
(3,78)469217315(3,79)
(4,78)1432389468(4,79)
(0,79)400951790(1,79)
(0,79)1897102999(0,80)
(1,79)890403(2,79)
(1,79)1825220939(1,80)
(2,79)1032395199(3,79)
(2,79)677534276(2,80)
(3,79)388438083(4,79)
(3,79)674574960(3,80)
(4,79)1785990250(4,80)
(0,80)1544356716(1,80)
(0,80)179054086(0,81)
(1,80)449991271(2,80)
(1,80)1896704467(1,81)
(2,80)1239165363(3,80)
(2,80)652795447(2,81)
(3,80)1074370369(4,80)
(3,80)1425036308(3,81)
(4,80)896804626(4,81)
(0,81)677013520(1,81)
(0,81)1998628354(0,82)
(1,81)1353738629(2,81)
(1,81)554513315(1,82)
(2,81)1389832365(3,81)
(2,81)1077221950(2,82)
(3,81)1271728141(4,81)
(3,81)513346225(3,82)
(4,81)1858650715(4,82)
(0,82)1740945457(1,82)
(0,82)1433044532(0,83)
(1,82)717950353(2,82)
(1,82)1456171863(1,83)
(2,82)1857123653(3,82)
(2,82)1490564808(2,83)
(3,82)1491455211(4,82)
(3,82)395687644(3,83)
(4,82)387174281(4,83)
(0,83)18546523(1,83)
(0,83)1428082843(0,84)
(1,83)1066589445(2,83)
(1,83)775612365(1,84)
(2,83)172485433(3,83)
(2,83)197600610(2,84)
(3,83)647591881(4,83)
(3,83)815810264(3,84)
(4,83)825280881(4,84)
(0,84)2072628189(1,84)
(0,84)2054975628(0,85)
(1,84)804296606(2,84)
(1,84)1899651250(1,85)
(2,84)429181122(3,84)
(2,84)1923772895(2,85)
(3,84)1130027877(4,84)
(3,84)1358809921(3,85)
(4,84)1506403073(4,85)
(0,85)1643374102(1,85)
(0,85)601158638(0,86)
(1,85)312325705(2,85)
(1,85)630647566(1,86)
(2,85)224109375(3,85)
(2,85)928934986(2,86)
(3,85)1646885339(4,85)
(3,85)1768497568(3,86)
(4,85)1714674184(4,86)
(0,86)2042572983(1,86)
(0,86)1478137573(0,87)
(1,86)1865311855(2,86)
(1,86)1058645747(1,87)
(2,86)1077192271(3,86)
(2,86)1323172179(2,87)
(3,86)242277976(4,86)
(3,86)493440572(3,87)
(4,86)1274792881(4,87)
(0,87)1058088241(1,87)
(0,87)665926005(0,88)
(1,87)1491206886(2,87)
(1,87)1922384762(1,88)
(2,87)1847529303(3,87)
(2,87)965580221(2,88)
(3,87)1769876827(4,87)
(3,87)1243374488(3,88)
(4,87)1623818551(4,88)
(0,88)981203100(1,88)
(0,88)1672555611(0,89)
(1,88)1031475036(2,88)
(1,88)606362780(1,89)
(2,88)102253234(3,88)
(2,88)1582361738(2,89)
(3,88)1894687444(4,88)
(3,88)1662122602(3,89)
(4,88)1031188220(4,89)
(0,89)1515701364(1,89)
(0,89)1886231978(0,90)
(1,89)1453422514(2,89)
(1,89)530589912(1,90)
(2,89)425679247(3,89)
(2,89)846355290(2,90)
(3,89)564183497(4,89)
(3,89)364584613(3,90)
(4,89)1748851426(4,90)
(0,90)1057624069(1,90)
(0,90)1441776884(0,91)
(1,90)569086117(2,90)
(1,90)1991129403(1,91)
(2,90)901733996(3,90)
(2,90)1723550074(2,91)
(3,90)1067273313(4,90)
(3,90)343987231(3,91)
(4,90)1867314217(4,91)
(0,91)163164153(1,91)
(0,91)44032887(0,92)
(1,91)1667851438(2,91)
(1,91)1489707396(1,92)
(2,91)323426848(3,91)
(2,91)1835719764(2,92)
(3,91)719711152(4,91)
(3,91)126730570(3,92)
(4,91)1905788586(4,92)
(0,92)234350107(1,92)
(0,92)228983804(0,93)
(1,92)1260172024(2,92)
(1,92)1652992382(1,93)
(2,92)1021210099(3,92)
(2,92)2120582085(2,93)
(3,92)1426520951(4,92)
(3,92)1790761936(3,93)
(4,92)1867565389(4,93)
(0,93)1791105564(1,93)
(0,93)68957536(0,94)
(1,93)1817808962(2,93)
(1,93)284265238(1,94)
(2,93)1341889307(3,93)
(2,93)1085398801(2,94)
(3,93)1654484918(4,93)
(3,93)1661454717(3,94)
(4,93)917955733(4,94)
(0,94)1998472150(1,94)
(0,94)415705065(0,95)
(1,94)135535634(2,94)
(1,94)1985229046(1,95)
(2,94)909552(3,94)
(2,94)2042505037(2,95)
(3,94)1562872827(4,94)
(3,94)1625243030(3,95)
(4,94)1836629316(4,95)
(0,95)1689603397(1,95)
(0,95)1948669878(0,96)
(1,95)1706974817(2,95)
(1,95)408856821(1,96)
(2,95)643206928(3,95)
(2,95)1918587201(2,96)
(3,95)1031275577(4,95)
(3,95)1212483551(3,96)
(4,95)616305365(4,96)
(0,96)674553866(1,96)
(0,96)86210002(0,97)
(1,96)1953775391(2,96)
(1,96)2042826316(1,97)
(2,96)1686448232(3,96)
(2,96)743511402(2,97)
(3,96)413836716(4,96)
(3,96)90556981(3,97)
(4,96)624363385(4,97)
(0,97)2075291434(1,97)
(0,97)1432446288(0,98)
(1,97)202918374(2,97)
(1,97)131364656(1,98)
(2,97)2129836806(3,97)
(2,97)343512851(2,98)
(3,97)479048486(4,97)
(3,97)40663772(3,98)
(4,97)2024858195(4,98)
(0,98)2104291516(1,98)
(0,98)41573324(0,99)
(1,98)1878202641(2,98)
(1,98)1440247374(1,99)
(2,98)982367123(3,98)
(2,98)1905477747(2,99)
(3,98)1464968916(4,98)
(3,98)139575814(3,99)
(4,98)753470676(4,99)
(0,99)529968819(1,99)
(0,99)782782742(0,100)
(1,99)1399088107(2,99)
(1,99)1784746253(1,100)
(2,99)311816471(3,99)
(2,99)616178822(2,100)
(3,99)422470565(4,99)
(3,99)1294430775(3,100)
(4,99)1055327873(4,100)
(0,100)513027547(1,100)
(0,100)833395359(0,101)
(1,100)1457758745(2,100)
(1,100)1469164590(1,101)
(2,100)1396972376(3,100)
(2,100)1945473835(2,101)
(3,100)908561(4,100)
(3,100)1589123401(3,101)
(4,100)1740485227(4,101)
(0,101)41572334(1,101)
(0,101)1571476559(0,102)
(1,101)1448851106(2,101)
(1,101)72050065(1,102)
(2,101)28857934(3,101)
(2,101)83145658(2,102)
(3,101)1961348299(4,101)
(3,101)741614832(3,102)
(4,101)1934335681(4,102)
(0,102)2100924113(1,102)
(0,102)1723981955(0,103)
(1,102)329968983(2,102)
(1,102)1251820949(1,103)
(2,102)1781789768(3,102)
(2,102)736223207(2,103)
(3,102)2135311314(4,102)
(3,102)2114715236(3,103)
(4,102)250484942(4,103)
(0,103)1282258441(1,103)
(0,103)279048060(0,104)
(1,103)1334375933(2,103)
(1,103)672955508(1,104)
(2,103)1185983055(3,103)
(2,103)2115653801(2,104)
(3,103)1425928898(4,103)
(3,103)656056875(3,104)
(4,103)983973242(4,104)
(0,104)867568651(1,104)
(0,104)2053029251(0,105)
(1,104)1646030831(2,104)
(1,104)984881804(1,105)
(2,104)1026454138(3,104)
(2,104)291561562(2,105)
(3,104)1740412668(4,104)
(3,104)1718080896(3,105)
(4,104)1109599796(4,105)
(0,105)334543852(1,105)
(0,105)1746938830(0,106)
(1,105)1533790863(2,105)
(1,105)923464448(1,106)
(2,105)876904913(3,105)
(2,105)2058525807(2,106)
(3,105)241011142(4,105)
(3,105)638128164(3,106)
(4,105)1613128121(4,106)
(0,106)208242730(1,106)
(0,106)272434285(0,107)
(1,106)522919227(2,106)
(1,106)1600955787(1,107)
(2,106)735730581(3,106)
(2,106)487290790(2,107)
(3,106)1821666724(4,106)
(3,106)1195874735(3,107)
(4,106)703900734(4,107)
(0,107)330239951(1,107)
(0,107)234374142(0,108)
(1,107)1218347385(2,107)
(1,107)2129829632(1,108)
(2,107)849914635(3,107)
(2,107)235785555(2,108)
(3,107)1881816386(4,107)
(3,107)55745541(3,108)
(4,107)1141476197(4,108)
(0,108)1452413634(1,108)
(0,108)1082199679(0,109)
(1,108)44315827(2,108)
(1,108)734405217(1,109)
(2,108)1068949069(3,108)
(2,108)1051868817(2,109)
(3,108)438176032(4,108)
(3,108)967780275(3,109)
(4,108)979991228(4,109)
(0,109)1076304197(1,109)
(0,109)1844685189(0,110)
(1,109)1310329662(2,109)
(1,109)1221002370(1,110)
(2,109)1429245100(3,109)
(2,109)1348738482(2,110)
(3,109)1871657709(4,109)
(3,109)763801801(3,110)
(4,109)1916535891(4,110)
(0,110)920048797(1,110)
(0,110)1499532382(0,111)
(1,110)55949468(2,110)
(1,110)1590718967(1,111)
(2,110)1920958918(3,110)
(2,110)1154422939(2,111)
(3,110)225286676(4,110)
(3,110)38295452(3,111)
(4,110)9260825(4,111)
(0,111)281032217(1,111)
(0,111)888210087(0,112)
(1,111)2029686284(2,111)
(1,111)1891077211(1,112)
(2,111)1196007198(3,111)
(2,111)1363231896(2,112)
(3,111)1407547724(4,111)
(3,111)616607853(3,112)
(4,111)100392367(4,112)
(0,112)227844351(1,112)
(0,112)1685556922(0,113)
(1,112)518064502(2,112)
(1,112)538568399(1,113)
(2,112)1614872596(3,112)
(2,112)2072529540(2,113)
(3,112)1235375554(4,112)
(3,112)1739066872(3,113)
(4,112)816127430(4,113)
(0,113)1999177356(1,113)
(0,113)1020828325(0,114)
(1,113)789880568(2,113)
(1,113)540301492(1,114)
(2,113)1460350289(3,113)
(2,113)1351226090(2,114)
(3,113)1407175559(4,113)
(3,113)233115887(3,114)
(4,113)467289580(4,114)
(0,114)1445471011(1,114)
(0,114)6591157(0,115)
(1,114)15851983(2,114)
(1,114)692576257(1,115)
(2,114)973608474(3,114)
(2,114)186197451(2,115)
(3,114)68400087(4,114)
(3,114)1906929194(3,115)
(4,114)189356723(4,115)
(0,115)685007941(1,115)
(0,115)955452744(0,116)
(1,115)1055845111(2,115)
(1,115)1596904447(1,116)
(2,115)1824748798(3,115)
(2,115)223081215(2,116)
(3,115)741145718(4,115)
(3,115)1594413511(3,116)
(4,115)1749794691(4,116)
(0,116)332728942(1,116)
(0,116)1061802459(0,117)
(1,116)1877929890(2,116)
(1,116)837686597(1,117)
(2,116)689380305(3,116)
(2,116)1353557267(2,117)
(3,116)2143437835(4,116)
(3,116)270747734(3,117)
(4,116)2040606396(4,117)
(0,117)229070074(1,117)
(0,117)1731098023(0,118)
(1,117)50903955(2,117)
(1,117)1300298307(1,118)
(2,117)598285670(3,117)
(2,117)235661232(2,118)
(3,117)251513215(4,117)
(3,117)743480212(3,118)
(4,117)784483121(4,118)
(0,118)10958761(1,118)
(0,118)1717088687(0,119)
(1,118)1906445410(2,118)
(1,118)852883209(1,119)
(2,118)1537891150(3,118)
(2,118)966411506(2,119)
(3,118)2022256617(4,118)
(3,118)1355866209(3,119)
(4,118)1760972365(4,119)
(0,119)1469186480(1,119)
(0,119)1033131359(0,120)
(1,119)635442402(2,119)
(1,119)354634435(1,120)
(2,119)687363378(3,119)
(2,119)383505292(2,120)
(3,119)113951534(4,119)
(3,119)1473129000(3,120)
(4,119)2040920645(4,120)
(0,120)384699268(1,120)
(0,120)15025657(0,121)
(1,120)2055632053(2,120)
(1,120)2036874833(1,121)
(2,120)118461259(3,120)
(2,120)2115797291(2,121)
(3,120)19217598(4,120)
(3,120)1208446712(3,121)
(4,120)354122491(4,121)
(0,121)762697811(1,121)
(0,121)1806732383(0,122)
(1,121)443731856(2,121)
(1,121)605635706(1,122)
(2,121)616594468(3,121)
(2,121)332302850(2,122)
(3,121)91264612(4,121)
(3,121)1296615065(3,122)
(4,121)1583005974(4,122)
(0,122)1447130821(1,122)
(0,122)687022567(0,123)
(1,122)300511285(2,122)
(1,122)1457778943(1,123)
(2,122)779481776(3,122)
(2,122)332778532(2,123)
(3,122)968220935(4,122)
(3,122)655145720(3,123)
(4,122)1162987068(4,123)
(0,123)293866287(1,123)
(0,123)1342509098(0,124)
(1,123)1235946096(2,123)
(1,123)1276938602(1,124)
(2,123)1661637870(3,123)
(2,123)308891944(2,124)
(3,123)217040350(4,123)
(3,123)1125337281(3,124)
(4,123)1629951513(4,124)
(0,124)1425487062(1,124)
(0,124)1243798540(0,125)
(1,124)1597921032(2,124)
(1,124)1649169111(1,125)
(2,124)264383274(3,124)
(2,124)1084735797(2,125)
(3,124)1528467654(4,124)
(3,124)56073090(3,125)
(4,124)596686124(4,125)
(0,125)677599071(1,125)
(0,125)672667558(0,126)
(1,125)108189884(2,125)
(1,125)687950736(1,126)
(2,125)2135081557(3,125)
(2,125)1364621639(2,126)
(3,125)1665132924(4,125)
(3,125)1565968828(3,126)
(4,125)320376442(4,126)
(0,126)172794996(1,126)
(0,126)197966956(0,127)
(1,126)1360954024(2,126)
(1,126)1288597377(1,127)
(2,126)1582463664(3,126)
(2,126)1515304095(2,127)
(3,126)603766543(4,126)
(3,126)490408978(3,127)
(4,126)1891355608(4,127)
(0,127)1729103824(1,127)
(0,127)4563200(0,128)
(1,127)1634514713(2,127)
(1,127)2108395958(1,128)
(2,127)1386399373(3,127)
(2,127)825418716(2,128)
(3,127)275856100(4,127)
(3,127)1136200176(3,128)
(4,127)323651522(4,128)
(0,128)331929191(1,128)
(0,128)1400583451(0,129)
(1,128)1997269575(2,128)
(1,128)1852119176(1,129)
(2,128)382234600(3,128)
(2,128)1004596749(2,129)
(3,128)1112786634(4,128)
(3,128)537736664(3,129)
(4,128)1746856239(4,129)
(0,129)531271814(1,129)
(0,129)525334573(0,130)
(1,129)845711015(2,129)
(1,129)1264505515(1,130)
(2,129)1437300511(3,129)
(2,129)729238770(2,130)
(3,129)2090192794(4,129)
(3,129)2134308392(3,130)
(4,129)805120958(4,130)
(0,130)433118124(1,130)
(0,130)1569288408(0,131)
(1,130)1313160369(2,130)
(1,130)1408887501(1,131)
(2,130)990507677(3,130)
(2,130)437681324(2,131)
(3,130)2072196037(4,130)
(3,130)1274072679(3,131)
(4,130)1815926394(4,131)
(0,131)1060912565(1,131)
(0,131)512988404(0,132)
(1,131)836639927(2,131)
(1,131)2091782494(1,132)
(2,131)276228037(3,131)
(2,131)314012368(2,132)
(3,131)163798296(4,131)
(3,131)541275455(3,132)
(4,131)1280824787(4,132)
(0,132)701534960(1,132)
(0,132)923510055(0,133)
(1,132)522882646(2,132)
(1,132)246127773(1,133)
(2,132)777399587(3,132)
(2,132)1226869533(2,133)
(3,132)2072580549(4,132)
(3,132)1787388161(3,133)
(4,132)1506638357(4,133)
(0,133)2059405293(1,133)
(0,133)1077205025(0,134)
(1,133)1882325983(2,133)
(1,133)1449347503(1,134)
(2,133)1882465627(3,133)
(2,133)1481210054(2,134)
(3,133)646886775(4,133)
(3,133)1143729837(3,134)
(4,133)172663303(4,134)
(0,134)1920959454(1,134)
(0,134)2134237514(0,135)
(1,134)1802680260(2,134)
(1,134)97375692(1,135)
(2,134)1158288257(3,134)
(2,134)286464211(2,135)
(3,134)1123104138(4,134)
(3,134)1746979107(3,135)
(4,134)1472300626(4,135)
(0,135)1664379593(1,135)
(0,135)2023207144(0,136)
(1,135)1156548283(2,135)
(1,135)1636098922(1,136)
(2,135)190150234(3,135)
(2,135)440406001(2,136)
(3,135)963288647(4,135)
(3,135)1402676056(3,136)
(4,135)1417019767(4,136)
(0,136)603193161(1,136)
(0,136)32591995(0,137)
(1,136)1539230352(2,136)
(1,136)1342116668(1,137)
(2,136)1254038314(3,136)
(2,136)1680398186(2,137)
(3,136)1415240521(4,136)
(3,136)841094207(3,137)
(4,136)587764720(4,137)
(0,137)411486710(1,137)
(0,137)576076186(0,138)
(1,137)748739489(2,137)
(1,137)1234651495(1,138)
(2,137)1008127301(3,137)
(2,137)398240577(2,138)
(3,137)53437189(4,137)
(3,137)846115181(3,138)
(4,137)1294591512(4,138)
(0,138)1800416296(1,138)
(0,138)2004403439(0,139)
(1,138)1329220417(2,138)
(1,138)270212002(1,139)
(2,138)1934591596(3,138)
(2,138)1676139793(2,139)
(3,138)685204428(4,138)
(3,138)817835691(3,139)
(4,138)227513949(4,139)
(0,139)2087880485(1,139)
(0,139)1007985925(0,140)
(1,139)277522044(2,139)
(1,139)1190802596(1,140)
(2,139)1793995757(3,139)
(2,139)2120472480(2,140)
(3,139)1512219185(4,139)
(3,139)1619638713(3,140)
(4,139)1326910295(4,140)
(0,140)205829744(1,140)
(0,140)726193379(0,141)
(1,140)1313958099(2,140)
(1,140)594667169(1,141)
(2,140)1006153879(3,140)
(2,140)781905931(2,141)
(3,140)1530645420(4,140)
(3,140)401125946(3,141)
(4,140)1404394456(4,141)
(0,141)229276954(1,141)
(0,141)1409253247(0,142)
(1,141)556361112(2,141)
(1,141)1457831646(1,142)
(2,141)1110764294(3,141)
(2,141)86196745(2,142)
(3,141)1415417162(4,141)
(3,141)826573114(3,142)
(4,141)639420439(4,142)
(0,142)85769205(1,142)
(0,142)613681062(0,143)
(1,142)841195011(2,142)
(1,142)1324624868(1,143)
(2,142)1265021705(3,142)
(2,142)1093755130(2,143)
(3,142)1371277174(4,142)
(3,142)2031997608(3,143)
(4,142)1238010537(4,143)
(0,143)843432239(1,143)
(0,143)1678509717(0,144)
(1,143)857936365(2,143)
(1,143)602746074(1,144)
(2,143)808575819(3,143)
(2,143)1569625618(2,144)
(3,143)736100069(4,143)
(3,143)1452603534(3,144)
(4,143)1590481750(4,144)
(0,144)1137226015(1,144)
(0,144)311273765(0,145)
(1,144)1715668222(2,144)
(1,144)973643522(1,145)
(2,144)1202920476(3,144)
(2,144)398995615(2,145)
(3,144)955356727(4,144)
(3,144)1026016220(3,145)
(4,144)1289117221(4,145)
(0,145)1781929841(1,145)
(0,145)2136780514(0,146)
(1,145)628717306(2,145)
(1,145)557050735(1,146)
(2,145)642819940(3,145)
(2,145)248127256(2,146)
(3,145)1089322267(4,145)
(3,145)1953342174(3,146)
(4,145)1736575070(4,146)
(0,146)973836227(1,146)
(0,146)1070880231(0,147)
(1,146)161407120(2,146)
(1,146)960368597(1,147)
(2,146)1803800836(3,146)
(2,146)504862297(2,147)
(3,146)1362798662(4,146)
(3,146)764153195(3,147)
(4,146)1225942807(4,147)
(0,147)667918548(1,147)
(0,147)1572729014(0,148)
(1,147)1015727116(2,147)
(1,147)1962042876(1,148)
(2,147)951785244(3,147)
(2,147)979192313(2,148)
(3,147)547376887(4,147)
(3,147)1989370638(3,148)
(4,147)1350780859(4,148)
(0,148)1573393107(1,148)
(0,148)1044807467(0,149)
(1,148)186441040(2,148)
(1,148)158653938(1,149)
(2,148)1940583779(3,148)
(2,148)1562689974(2,149)
(3,148)43923632(4,148)
(3,148)743491776(3,149)
(4,148)41227387(4,149)
(0,149)1997265806(1,149)
(0,149)1386311716(0,150)
(1,149)975403139(2,149)
(1,149)1130549655(1,150)
(2,149)2104385882(3,149)
(2,149)920662389(2,150)
(3,149)1082069509(4,149)
(3,149)1935771736(3,150)
(4,149)461764531(4,150)
(0,150)1846222704(1,150)
(0,150)1592088924(0,151)
(1,150)670548083(2,150)
(1,150)1824563193(1,151)
(2,150)344998093(3,150)
(2,150)1271468070(2,151)
(3,150)139711538(4,150)
(3,150)485107312(3,151)
(4,150)1324190407(4,151)
(0,151)2129082177(1,151)
(0,151)1436892556(0,152)
(1,151)640189767(2,151)
(1,151)1871567294(1,152)
(2,151)1297476754(3,151)
(2,151)1026405996(2,152)
(3,151)1212847036(4,151)
(3,151)798843705(3,152)
(4,151)712683080(4,152)
(0,152)1956338812(1,152)
(0,152)591943836(0,153)
(1,152)633171224(2,152)
(1,152)756606712(1,153)
(2,152)606388870(3,152)
(2,152)1195166881(2,153)
(3,152)23086372(4,152)
(3,152)1763720879(3,153)
(4,152)1527051259(4,153)
(0,153)1958858108(1,153)
(0,153)1720623113(0,154)
(1,153)34903997(2,153)
(1,153)461637120(1,154)
(2,153)160376177(3,153)
(2,153)1403463384(2,154)
(3,153)2074011468(4,153)
(3,153)1859467190(3,154)
(4,153)1431844247(4,154)
(0,154)411635132(1,154)
(0,154)56981636(0,155)
(1,154)1381172043(2,154)
(1,154)1571555786(1,155)
(2,154)1553154315(3,154)
(2,154)1848527688(2,155)
(3,154)341233807(4,154)
(3,154)1105255689(3,155)
(4,154)432076663(4,155)
(0,155)1140077512(1,155)
(0,155)255248795(0,156)
(1,155)967931875(2,155)
(1,155)1644923699(1,156)
(2,155)1453778864(3,155)
(2,155)1732021348(2,156)
(3,155)217708924(4,155)
(3,155)1724538587(3,156)
(4,155)501462097(4,156)
(0,156)1981429803(1,156)
(0,156)183443809(0,157)
(1,156)1710495068(2,156)
(1,156)524548469(1,157)
(2,156)335922929(3,156)
(2,156)1554569269(2,157)
(3,156)1589473266(4,156)
(3,156)24648541(3,157)
(4,156)1739386313(4,157)
(0,157)1301456808(1,157)
(0,157)185024718(0,158)
(1,157)1616868965(2,157)
(1,157)1665914133(1,158)
(2,157)2077549265(3,157)
(2,157)1358438444(2,158)
(3,157)592126839(4,157)
(3,157)1040941103(3,158)
(4,157)1778593305(4,158)
(0,158)1697382529(1,158)
(0,158)446611770(0,159)
(1,158)878688433(2,158)
(1,158)2119827112(1,159)
(2,158)1112420976(3,158)
(2,158)1952631324(2,159)
(3,158)773079552(4,158)
(3,158)376128485(3,159)
(4,158)696958677(4,159)
(0,159)350134491(1,159)
(0,159)1829907349(0,160)
(1,159)183885798(2,159)
(1,159)914667601(1,160)
(2,159)748613757(3,159)
(2,159)533578301(2,160)
(3,159)96589721(4,159)
(3,159)708434267(3,160)
(4,159)155699378(4,160)
(0,160)121238262(1,160)
(0,160)1044357196(0,161)
(1,160)636259861(2,160)
(1,160)1745172644(1,161)
(2,160)899145804(3,160)
(2,160)306262980(2,161)
(3,160)1923131946(4,160)
(3,160)154690347(3,161)
(4,160)110100601(4,161)
(0,161)816589401(1,161)
(0,161)84755964(0,162)
(1,161)1863349270(2,161)
(1,161)702227440(1,162)
(2,161)252126321(3,161)
(2,161)1263201172(2,162)
(3,161)2141889605(4,161)
(3,161)1835692734(3,162)
(4,161)57273998(4,162)
(0,162)370534442(1,162)
(0,162)800630063(0,163)
(1,162)1497588740(2,162)
(1,162)830353550(1,163)
(2,162)1180488041(3,162)
(2,162)52958143(2,163)
(3,162)236843941(4,162)
(3,162)264772693(3,163)
(4,162)1714066342(4,163)
(0,163)945278208(1,163)
(0,163)1013386450(0,164)
(1,163)1169085828(2,163)
(1,163)1810656064(1,164)
(2,163)1931894326(3,163)
(2,163)1989635404(2,164)
(3,163)478411618(4,163)
(3,163)766774824(3,164)
(4,163)90673659(4,164)
(0,164)633101965(1,164)
(0,164)1665920629(0,165)
(1,164)1776021230(2,164)
(1,164)2013805605(1,165)
(2,164)682911358(3,164)
(2,164)717857929(2,165)
(3,164)433723551(4,164)
(3,164)330765022(3,165)
(4,164)1946112530(4,165)
(0,165)121932638(1,165)
(0,165)582891344(0,166)
(1,165)640165342(2,165)
(1,165)1940518488(1,166)
(2,165)163569282(3,165)
(2,165)922562701(2,166)
(3,165)272667793(4,165)
(3,165)1470518892(3,166)
(4,165)216527426(4,166)
(0,166)537440486(1,166)
(0,166)503523285(0,167)
(1,166)70105980(2,166)
(1,166)453371367(1,167)
(2,166)1398649576(3,166)
(2,166)1550826937(2,167)
(3,166)572429117(4,166)
(3,166)1880762044(3,167)
(4,166)1240801332(4,167)
(0,167)1339203942(1,167)
(0,167)1665172722(0,168)
(1,167)1755846381(2,167)
(1,167)1719212950(1,168)
(2,167)204831267(3,167)
(2,167)857640923(2,168)
(3,167)486178505(4,167)
(3,167)1622168338(3,168)
(4,167)922689197(4,168)
(0,168)816943527(1,168)
(0,168)157596049(0,169)
(1,168)2103708579(2,168)
(1,168)1356412748(1,169)
(2,168)1478345386(3,168)
(2,168)1399834871(2,169)
(3,168)2040000213(4,168)
(3,168)1896743419(3,169)
(4,168)253424439(4,169)
(0,169)1363035457(1,169)
(0,169)2060312702(0,170)
(1,169)129356480(2,169)
(1,169)526092232(1,170)
(2,169)1063532719(3,169)
(2,169)1866558743(2,170)
(3,169)1936664723(4,169)
(3,169)582727847(3,170)
(4,169)466876008(4,170)
(0,170)1669943119(1,170)
(0,170)1981377423(0,171)
(1,170)1074695108(2,170)
(1,170)1039305125(1,171)
(2,170)231025419(3,170)
(2,170)1187632193(2,171)
(3,170)795994927(4,170)
(3,170)646424410(3,171)
(4,170)1088666342(4,171)
(0,171)270679617(1,171)
(0,171)851255678(0,172)
(1,171)1773944875(2,171)
(1,171)1574844847(1,172)
(2,171)244304727(3,171)
(2,171)428275666(2,172)
(3,171)384500598(4,171)
(3,171)982873975(3,172)
(4,171)1644139598(4,172)
(0,172)133760369(1,172)
(0,172)313735714(0,173)
(1,172)567160153(2,172)
(1,172)1536656164(1,173)
(2,172)752207973(3,172)
(2,172)46589423(2,173)
(3,172)175945903(4,172)
(3,172)1093252386(3,173)
(4,172)471283068(4,173)
(0,173)758673751(1,173)
(0,173)9301457(0,174)
(1,173)476177465(2,173)
(1,173)260464143(1,174)
(2,173)1930407262(3,173)
(2,173)592567526(2,174)
(3,173)1667262634(4,173)
(3,173)1515482590(3,174)
(4,173)970555808(4,174)
(0,174)166203397(1,174)
(0,174)1746508010(0,175)
(1,174)687690704(2,174)
(1,174)1766550735(1,175)
(2,174)2037230352(3,174)
(2,174)1017459075(2,175)
(3,174)643920302(4,174)
(3,174)115051904(3,175)
(4,174)318022371(4,175)
(0,175)1626794277(1,175)
(0,175)359356631(0,176)
(1,175)2003496229(2,175)
(1,175)702522969(1,176)
(2,175)836283338(3,175)
(2,175)1940529991(2,176)
(3,175)360206497(4,175)
(3,175)1392668745(3,176)
(4,175)882872762(4,176)
(0,176)1453458883(1,176)
(0,176)2144876719(0,177)
(1,176)468676139(2,176)
(1,176)1058818665(1,177)
(2,176)1817492416(3,176)
(2,176)1462760340(2,177)
(3,176)1938937805(4,176)
(3,176)729140283(3,177)
(4,176)262576295(4,177)
(0,177)1306936747(1,177)
(0,177)512063897(0,178)
(1,177)1482619705(2,177)
(1,177)1929838929(1,178)
(2,177)2096042326(3,177)
(2,177)905961109(2,178)
(3,177)1593651814(4,177)
(3,177)1101686792(3,178)
(4,177)966017753(4,178)
(0,178)1708703718(1,178)
(0,178)991433497(0,179)
(1,178)1309455868(2,178)
(1,178)1609938055(1,179)
(2,178)1089248685(3,178)
(2,178)2068060349(2,179)
(3,178)1924072930(4,178)
(3,178)2011978837(3,179)
(4,178)882295028(4,179)
(0,179)1169258028(1,179)
(0,179)700778527(0,180)
(1,179)1583651289(2,179)
(1,179)1242501525(1,180)
(2,179)548476760(3,179)
(2,179)1166651099(2,180)
(3,179)1635327238(4,179)
(3,179)494986307(3,180)
(4,179)2011237100(4,180)
(0,180)216983873(1,180)
(0,180)164995075(0,181)
(1,180)427571370(2,180)
(1,180)1802691257(1,181)
(2,180)962144357(3,180)
(2,180)729047771(2,181)
(3,180)64183828(4,180)
(3,180)209926652(3,181)
(4,180)1868105466(4,181)
(0,181)1165870621(1,181)
(0,181)158485330(0,182)
(1,181)1124503084(2,181)
(1,181)1314273632(1,182)
(2,181)875493702(3,181)
(2,181)9820470(2,182)
(3,181)1319276338(4,181)
(3,181)586957491(3,182)
(4,181)796070403(4,182)
(0,182)1183771527(1,182)
(0,182)1676206176(0,183)
(1,182)411017557(2,182)
(1,182)572659686(1,183)
(2,182)1741917714(3,182)
(2,182)1884550054(2,183)
(3,182)1320717696(4,182)
(3,182)1653519082(3,183)
(4,182)761085165(4,183)
(0,183)1815704003(1,183)
(0,183)54512195(0,184)
(1,183)2065749295(2,183)
(1,183)248928755(1,184)
(2,183)465912629(3,183)
(2,183)1980699078(2,184)
(3,183)260786801(4,183)
(3,183)1720956905(3,184)
(4,183)1194960400(4,184)
(0,184)470713453(1,184)
(0,184)535617614(0,185)
(1,184)256239432(2,184)
(1,184)1259144228(1,185)
(2,184)277531201(3,184)
(2,184)629198783(2,185)
(3,184)1753701867(4,184)
(3,184)1570513065(3,185)
(4,184)287351671(4,185)
(0,185)193175711(1,185)
(0,185)298523119(0,186)
(1,185)1094593523(2,185)
(1,185)1606628009(1,186)
(2,185)642915888(3,185)
(2,185)1869381887(2,186)
(3,185)132915796(4,185)
(3,185)1667253209(3,186)
(4,185)379982295(4,186)
(0,186)1786434879(1,186)
(0,186)1261687275(0,187)
(1,186)2022772440(2,186)
(1,186)1700699991(1,187)
(2,186)1368920346(3,186)
(2,186)1840947074(2,187)
(3,186)1759212721(4,186)
(3,186)124217547(3,187)
(4,186)1202135776(4,187)
(0,187)1332685978(1,187)
(0,187)590130176(0,188)
(1,187)1785090576(2,187)
(1,187)1462922577(1,188)
(2,187)1933636030(3,187)
(2,187)1868303592(2,188)
(3,187)2124543025(4,187)
(3,187)896751157(3,188)
(4,187)415351166(4,188)
(0,188)1547572442(1,188)
(0,188)1174282358(0,189)
(1,188)1461634030(2,188)
(1,188)21569385(1,189)
(2,188)214745096(3,188)
(2,188)1846095561(2,189)
(3,188)793205436(4,188)
(3,188)920778391(3,189)
(4,188)2084126984(4,189)
(0,189)312974997(1,189)
(0,189)1563694280(0,190)
(1,189)1943676575(2,189)
(1,189)69559132(1,190)
(2,189)1855994011(3,189)
(2,189)1574662272(2,190)
(3,189)1449951064(4,189)
(3,189)1496892918(3,190)
(4,189)1549457437(4,190)
(0,190)1574168612(1,190)
(0,190)718329616(0,191)
(1,190)1920465392(2,190)
(1,190)1161186511(1,191)
(2,190)346388841(3,190)
(2,190)16815140(2,191)
(3,190)1801905717(4,190)
(3,190)1235904322(3,191)
(4,190)67208786(4,191)
(0,191)551173226(1,191)
(0,191)1022056704(0,192)
(1,191)1437407870(2,191)
(1,191)44268163(1,192)
(2,191)1591840605(3,191)
(2,191)1725455584(2,192)
(3,191)1039605966(4,191)
(3,191)1458977256(3,192)
(4,191)1290452518(4,192)
(0,192)1960384358(1,192)
(0,192)1673722352(0,193)
(1,192)1610365688(2,192)
(1,192)2083657955(1,193)
(2,192)249149304(3,192)
(2,192)1376594990(2,193)
(3,192)1172787917(4,192)
(3,192)1679924821(3,193)
(4,192)1823811577(4,193)
(0,193)522197187(1,193)
(0,193)1388435184(0,194)
(1,193)790408974(2,193)
(1,193)1126278993(1,194)
(2,193)552963957(3,193)
(2,193)1240526803(2,194)
(3,193)1013508547(4,193)
(3,193)1951595485(3,194)
(4,193)569779098(4,194)
(0,194)101929221(1,194)
(0,194)150500678(0,195)
(1,194)217709464(2,194)
(1,194)224201167(1,195)
(2,194)775374393(3,194)
(2,194)1123985926(2,195)
(3,194)413910148(4,194)
(3,194)261977627(3,195)
(4,194)353346329(4,195)
(0,195)1872887404(1,195)
(0,195)1853818232(0,196)
(1,195)996787103(2,195)
(1,195)1392952296(1,196)
(2,195)1205853006(3,195)
(2,195)1399126109(2,196)
(3,195)862008149(4,195)
(3,195)932961410(3,196)
(4,195)434964348(4,196)
(0,196)394449322(1,196)
(0,196)1182110714(0,197)
(1,196)858438643(2,196)
(1,196)1607752265(1,197)
(2,196)2129949452(3,196)
(2,196)1782884507(2,197)
(3,196)425809833(4,196)
(3,196)1984717637(3,197)
(4,196)1222992607(4,197)
(0,197)229921670(1,197)
(0,197)390197946(0,198)
(1,197)959977044(2,197)
(1,197)89017506(1,198)
(2,197)190946728(3,197)
(2,197)380422348(2,198)
(3,197)598131813(4,197)
(3,197)1184178211(3,198)
(4,197)1314932654(4,198)
(0,198)860109440(1,198)
(0,198)1959552604(0,199)
(1,198)165415286(2,198)
(1,198)1728842802(1,199)
(2,198)1454246559(3,198)
(2,198)566444025(2,199)
(3,198)1563231128(4,198)
(3,198)1558367582(3,199)
(4,198)705889020(4,199)
(0,199)616736940(1,199)
(1,199)348708890(2,199)
(2,199)1567897169(3,199)
(3,199)1051701288(4,199)
