30 30
(0,0)2087126626(1,0)
(0,0)1177220057(0,1)
(1,0)542653442(2,0)
(1,0)708351959(1,1)
(2,0)1615938025(3,0)
(2,0)811084115(2,1)
(3,0)1449297885(4,0)
(3,0)615503814(3,1)
(4,0)757537093(5,0)
(4,0)270741611(4,1)
(5,0)1352355143(6,0)
(5,0)309577175(5,1)
(6,0)152526327(7,0)
(6,0)1376604910(6,1)
(7,0)183158772(8,0)
(7,0)1296856901(7,1)
(8,0)1053250594(9,0)
(8,0)1463767543(8,1)
(9,0)227783239(10,0)
(9,0)2067296771(9,1)
(10,0)585373693(11,0)
(10,0)789163735(10,1)
(11,0)1311039006(12,0)
(11,0)1415648985(11,1)
(12,0)273044490(13,0)
(12,0)489461291(12,1)
(13,0)1313233116(14,0)
(13,0)1287270533(13,1)
(14,0)937134762(15,0)
(14,0)1181863954(14,1)
(15,0)211600364(16,0)
(15,0)414325353(15,1)
(16,0)1122677312(17,0)
(16,0)876777740(16,1)
(17,0)1687861855(18,0)
(17,0)754253806(17,1)
(18,0)1369757620(19,0)
(18,0)591131690(18,1)
(19,0)861873301(20,0)
(19,0)989676093(19,1)
(20,0)1299253268(21,0)
(20,0)2127294714(20,1)
(21,0)1356415976(22,0)
(21,0)66744796(21,1)
(22,0)1363601697(23,0)
(22,0)1451779596(22,1)
(23,0)768063491(24,0)
(23,0)1539574749(23,1)
(24,0)1459387872(25,0)
(24,0)269368643(24,1)
(25,0)1058532378(26,0)
(25,0)995846731(25,1)
(26,0)264012068(27,0)
(26,0)2044761566(26,1)
(27,0)386739209(28,0)
(27,0)222087736(27,1)
(28,0)1509358269(29,0)
(28,0)537056558(28,1)
(29,0)1699972326(29,1)
(0,1)299009383(1,1)
(0,1)1718920513(0,2)
(1,1)1930520877(2,1)
(1,1)2114297679(1,2)
(2,1)1089491344(3,1)
(2,1)1175787124(2,2)
(3,1)716165331(4,1)
(3,1)537291035(3,2)
(4,1)1907048655(5,1)
(4,1)1680623034(4,2)
(5,1)395012687(6,1)
(5,1)1705841424(5,2)
(6,1)857611045(7,1)
(6,1)1886859721(6,2)
(7,1)1095792050(8,1)
(7,1)461757483(7,2)
(8,1)1825359180(9,1)
(8,1)161906993(8,2)
(9,1)929970484(10,1)
(9,1)487883151(9,2)
(10,1)1947271023(11,1)
(10,1)2094727823(10,2)
(11,1)1005776553(12,1)
(11,1)1925817215(11,2)
(12,1)42345636(13,1)
(12,1)1844548941(12,2)
(13,1)83804503(14,1)
(13,1)1227864289(13,2)
(14,1)589738910(15,1)
(14,1)579402194(14,2)
(15,1)150839059(16,1)
(15,1)1783776829(15,2)
(16,1)1750590860(17,1)
(16,1)888748294(16,2)
(17,1)2064535418(18,1)
(17,1)2081359936(17,2)
(18,1)471167323(19,1)
(18,1)692598556(18,2)
(19,1)225737942(20,1)
(19,1)633217101(19,2)
(20,1)191574878(21,1)
(20,1)230732331(20,2)
(21,1)2117592052(22,1)
(21,1)620750629(21,2)
(22,1)1082508112(23,1)
(22,1)1049185923(22,2)
(23,1)1211092916(24,1)
(23,1)1065900454(23,2)
(24,1)1553783605(25,1)
(24,1)760383644(24,2)
(25,1)707627819(26,1)
(25,1)2141063400(25,2)
(26,1)1919396968(27,1)
(26,1)1353570981(26,2)
(27,1)1050636274(28,1)
(27,1)1713404372(27,2)
(28,1)793785013(29,1)
(28,1)1961742604(28,2)
(29,1)1134440777(29,2)
(0,2)1383523924(1,2)
(0,2)393661150(0,3)
(1,2)544500210(2,2)
(1,2)770733958(1,3)
(2,2)373841171(3,2)
(2,2)124788570(2,3)
(3,2)41840340(4,2)
(3,2)478376498(3,3)
(4,2)949543822(5,2)
(4,2)1066439727(4,3)
(5,2)1292177670(6,2)
(5,2)675057441(5,3)
(6,2)866632319(7,2)
(6,2)1180276153(6,3)
(7,2)1150384557(8,2)
(7,2)1912928299(7,3)
(8,2)847952764(9,2)
(8,2)1915818242(8,3)
(9,2)979427510(10,2)
(9,2)68801364(9,3)
(10,2)1622584969(11,2)
(10,2)1608336408(10,3)
(11,2)168480580(12,2)
(11,2)973007263(11,3)
(12,2)744920583(13,2)
(12,2)828672302(12,3)
(13,2)1879308577(14,2)
(13,2)1881884952(13,3)
(14,2)528186318(15,2)
(14,2)559179539(14,3)
(15,2)952840689(16,2)
(15,2)866265706(15,3)
(16,2)1636999665(17,2)
(16,2)1911710242(16,3)
(17,2)2036498812(18,2)
(17,2)1497340899(17,3)
(18,2)1975717398(19,2)
(18,2)2010840836(18,3)
(19,2)929796915(20,2)
(19,2)2078339152(19,3)
(20,2)605912945(21,2)
(20,2)777777572(20,3)
(21,2)1958053725(22,2)
(21,2)74490937(21,3)
(22,2)1987419237(23,2)
(22,2)1472545265(22,3)
(23,2)1240879859(24,2)
(23,2)960954634(23,3)
(24,2)1029755998(25,2)
(24,2)687888353(24,3)
(25,2)148741113(26,2)
(25,2)72823722(25,3)
(26,2)1045830985(27,2)
(26,2)504857320(26,3)
(27,2)1333529622(28,2)
(27,2)317221693(27,3)
(28,2)51622998(29,2)
(28,2)1790751568(28,3)
(29,2)1065354551(29,3)
(0,3)579809316(1,3)
(0,3)202447459(0,4)
(1,3)1155288148(2,3)
(1,3)1931620258(1,4)
(2,3)1421136275(3,3)
(2,3)344035910(2,4)
(3,3)233051074(4,3)
(3,3)505145400(3,4)
(4,3)333379150(5,3)
(4,3)1284493463(4,4)
(5,3)66806730(6,3)
(5,3)163906578(5,4)
(6,3)769819523(7,3)
(6,3)1111156722(6,4)
(7,3)921726799(8,3)
(7,3)141297668(7,4)
(8,3)2128716905(9,3)
(8,3)94881140(8,4)
(9,3)1335761000(10,3)
(9,3)1882681433(9,4)
(10,3)764953784(11,3)
(10,3)669121610(10,4)
(11,3)817862723(12,3)
(11,3)1408584722(11,4)
(12,3)306932059(13,3)
(12,3)1269811104(12,4)
(13,3)455857078(14,3)
(13,3)1135084417(13,4)
(14,3)1186707415(15,3)
(14,3)2097683627(14,4)
(15,3)152647438(16,3)
(15,3)1521211630(15,4)
(16,3)1305348240(17,3)
(16,3)1766516731(16,4)
(17,3)2110552641(18,3)
(17,3)1307935586(17,4)
(18,3)1813080986(19,3)
(18,3)579000867(18,4)
(19,3)1863494330(20,3)
(19,3)196120067(19,4)
(20,3)360026645(21,3)
(20,3)2146460136(20,4)
(21,3)1110133210(22,3)
(21,3)1930301060(21,4)
(22,3)2071598728(23,3)
(22,3)1129846168(22,4)
(23,3)1224727309(24,3)
(23,3)2031860009(23,4)
(24,3)1767057795(25,3)
(24,3)2052831985(24,4)
(25,3)574469947(26,3)
(25,3)413004661(25,4)
(26,3)1821589383(27,3)
(26,3)384527931(26,4)
(27,3)1654339035(28,3)
(27,3)1392332671(27,4)
(28,3)379933440(29,3)
(28,3)2128521442(28,4)
(29,3)2110196113(29,4)
(0,4)1566640855(1,4)
(0,4)2078721421(0,5)
(1,4)83885211(2,4)
(1,4)1483924095(1,5)
(2,4)641788687(3,4)
(2,4)1185673938(2,5)
(3,4)1148742931(4,4)
(3,4)1391820797(3,5)
(4,4)1057418136(5,4)
(4,4)1220789554(4,5)
(5,4)936800236(6,4)
(5,4)1344862998(5,5)
(6,4)1704889643(7,4)
(6,4)1056394624(6,5)
(7,4)19044187(8,4)
(7,4)719617649(7,5)
(8,4)643732729(9,4)
(8,4)687252163(8,5)
(9,4)1911979472(10,4)
(9,4)2050904196(9,5)
(10,4)1670478343(11,4)
(10,4)549081067(10,5)
(11,4)1123551014(12,4)
(11,4)177500485(11,5)
(12,4)1999089868(13,4)
(12,4)2055006274(12,5)
(13,4)1561861661(14,4)
(13,4)368400037(13,5)
(14,4)748333477(15,4)
(14,4)1980127662(14,5)
(15,4)1911365435(16,4)
(15,4)1524574127(15,5)
(16,4)861014574(17,4)
(16,4)167490684(16,5)
(17,4)1353164622(18,4)
(17,4)1995250646(17,5)
(18,4)1239587796(19,4)
(18,4)1502803262(18,5)
(19,4)576109168(20,4)
(19,4)354423905(19,5)
(20,4)1699286903(21,4)
(20,4)149522284(20,5)
(21,4)1205916908(22,4)
(21,4)1512909405(21,5)
(22,4)85043406(23,4)
(22,4)1256692898(22,5)
(23,4)1943945062(24,4)
(23,4)1224961095(23,5)
(24,4)1128381644(25,4)
(24,4)728776135(24,5)
(25,4)1277857202(26,4)
(25,4)1708440886(25,5)
(26,4)1885941372(27,4)
(26,4)651376339(26,5)
(27,4)558898966(28,4)
(27,4)253924569(27,5)
(28,4)622324606(29,4)
(28,4)1737547592(28,5)
(29,4)2120760627(29,5)
(0,5)1370658084(1,5)
(0,5)1570191607(0,6)
(1,5)1334073394(2,5)
(1,5)1497851106(1,6)
(2,5)211382033(3,5)
(2,5)1538148768(2,6)
(3,5)743829743(4,5)
(3,5)1181840393(3,6)
(4,5)273944541(5,5)
(4,5)1714185295(4,6)
(5,5)142810815(6,5)
(5,5)1098253648(5,6)
(6,5)650056904(7,5)
(6,5)423466825(6,6)
(7,5)1629383733(8,5)
(7,5)1655720220(7,6)
(8,5)1740763626(9,5)
(8,5)1906749802(8,6)
(9,5)1703211216(10,5)
(9,5)706861181(9,6)
(10,5)1835242825(11,5)
(10,5)322056114(10,6)
(11,5)1599913316(12,5)
(11,5)1264168455(11,6)
(12,5)1002626179(13,5)
(12,5)339135516(12,6)
(13,5)898034482(14,5)
(13,5)1853837885(13,6)
(14,5)328678844(15,5)
(14,5)592690123(14,6)
(15,5)15398082(16,5)
(15,5)871311462(15,6)
(16,5)221678920(17,5)
(16,5)1699336928(16,6)
(17,5)1090002048(18,5)
(17,5)1349471477(17,6)
(18,5)383828222(19,5)
(18,5)433060953(18,6)
(19,5)2147246248(20,5)
(19,5)1833831791(19,6)
(20,5)784601792(21,5)
(20,5)657772763(20,6)
(21,5)1081239588(22,5)
(21,5)142573416(21,6)
(22,5)1798293636(23,5)
(22,5)1434658696(22,6)
(23,5)1193924850(24,5)
(23,5)563139673(23,6)
(24,5)1270000854(25,5)
(24,5)1391573615(24,6)
(25,5)1713629729(26,5)
(25,5)749652419(25,6)
(26,5)2013820874(27,5)
(26,5)957760031(26,6)
(27,5)1296895548(28,5)
(27,5)1166059397(27,6)
(28,5)872413635(29,5)
(28,5)868963405(28,6)
(29,5)47446382(29,6)
(0,6)1201092479(1,6)
(0,6)1461653528(0,7)
(1,6)1477051611(2,6)
(1,6)918757844(1,7)
(2,6)1140436765(3,6)
(2,6)752945759(2,7)
(3,6)1842947807(4,6)
(3,6)679039440(3,7)
(4,6)1062867662(5,6)
(4,6)1573497718(4,7)
(5,6)1573260319(6,6)
(5,6)1529295951(5,7)
(6,6)166414095(7,6)
(6,6)1720640425(6,7)
(7,6)654396365(8,6)
(7,6)1715833735(7,7)
(8,6)1366643723(9,6)
(8,6)1601072791(8,7)
(9,6)647513993(10,6)
(9,6)1217536038(9,7)
(10,6)340053245(11,6)
(10,6)610733690(10,7)
(11,6)176879771(12,6)
(11,6)1397166412(11,7)
(12,6)1263503638(13,6)
(12,6)1297813276(12,7)
(13,6)447225176(14,6)
(13,6)1342939169(13,7)
(14,6)67869156(15,6)
(14,6)2132467043(14,7)
(15,6)1446636924(16,6)
(15,6)494671559(15,7)
(16,6)1413429403(17,6)
(16,6)1268961635(16,7)
(17,6)2021907394(18,6)
(17,6)776204887(17,7)
(18,6)1455244327(19,6)
(18,6)406382520(18,7)
(19,6)1979880239(20,6)
(19,6)1717371553(19,7)
(20,6)1099183856(21,6)
(20,6)370628341(20,7)
(21,6)2091268766(22,6)
(21,6)1405656910(21,7)
(22,6)974006997(23,6)
(22,6)1265597951(22,7)
(23,6)719187094(24,6)
(23,6)598181483(23,7)
(24,6)1815717521(25,6)
(24,6)193167072(24,7)
(25,6)803900763(26,6)
(25,6)1366701088(25,7)
(26,6)616383852(27,6)
(26,6)8287118(26,7)
(27,6)1306100395(28,6)
(27,6)980780534(27,7)
(28,6)176236055(29,6)
(28,6)1879887491(28,7)
(29,6)1753325571(29,7)
(0,7)244105211(1,7)
(0,7)1864870886(0,8)
(1,7)1164024162(2,7)
(1,7)100513482(1,8)
(2,7)1513942886(3,7)
(2,7)1513066846(2,8)
(3,7)1387490592(4,7)
(3,7)1940229049(3,8)
(4,7)1247989728(5,7)
(4,7)1920325406(4,8)
(5,7)1752721997(6,7)
(5,7)957378498(5,8)
(6,7)2056562354(7,7)
(6,7)1618618069(6,8)
(7,7)1562403187(8,7)
(7,7)1010895259(7,8)
(8,7)1984902256(9,7)
(8,7)1174676658(8,8)
(9,7)1893863752(10,7)
(9,7)13101022(9,8)
(10,7)1828818544(11,7)
(10,7)30585681(10,8)
(11,7)834486444(12,7)
(11,7)1113081192(11,8)
(12,7)1729465045(13,7)
(12,7)1837105662(12,8)
(13,7)995722409(14,7)
(13,7)1815266978(13,8)
(14,7)1991503034(15,7)
(14,7)1461868888(14,8)
(15,7)1179256126(16,7)
(15,7)601564333(15,8)
(16,7)702077815(17,7)
(16,7)88124597(16,8)
(17,7)1601191444(18,7)
(17,7)195796641(17,8)
(18,7)2136025690(19,7)
(18,7)68537053(18,8)
(19,7)1988862460(20,7)
(19,7)841198388(19,8)
(20,7)1798576886(21,7)
(20,7)1236531771(20,8)
(21,7)707666192(22,7)
(21,7)1594100809(21,8)
(22,7)457512421(23,7)
(22,7)1707655593(22,8)
(23,7)734848603(24,7)
(23,7)122585732(23,8)
(24,7)135686754(25,7)
(24,7)294931029(24,8)
(25,7)325516710(26,7)
(25,7)481228707(25,8)
(26,7)1594309900(27,7)
(26,7)1964505298(26,8)
(27,7)1654127313(28,7)
(27,7)1160003154(27,8)
(28,7)827786485(29,7)
(28,7)1176291297(28,8)
(29,7)502366074(29,8)
(0,8)671805871(1,8)
(0,8)490676537(0,9)
(1,8)1669932663(2,8)
(1,8)1103930407(1,9)
(2,8)1806008223(3,8)
(2,8)759930468(2,9)
(3,8)213638264(4,8)
(3,8)1865729304(3,9)
(4,8)1854271347(5,8)
(4,8)1874545276(4,9)
(5,8)1715924088(6,8)
(5,8)1054836653(5,9)
(6,8)705929891(7,8)
(6,8)943319470(6,9)
(7,8)1650985662(8,8)
(7,8)1162541250(7,9)
(8,8)1620053671(9,8)
(8,8)266101836(8,9)
(9,8)1000950439(10,8)
(9,8)1773571394(9,9)
(10,8)1909258149(11,8)
(10,8)1914984700(10,9)
(11,8)93017763(12,8)
(11,8)1482179147(11,9)
(12,8)929005399(13,8)
(12,8)1726279799(12,9)
(13,8)1232923464(14,8)
(13,8)1253020917(13,9)
(14,8)2080807402(15,8)
(14,8)2105296696(14,9)
(15,8)448489585(16,8)
(15,8)1735289539(15,9)
(16,8)691736298(17,8)
(16,8)605129625(16,9)
(17,8)1365060094(18,8)
(17,8)2118422248(17,9)
(18,8)1836667905(19,8)
(18,8)350260873(18,9)
(19,8)77322502(20,8)
(19,8)1578698358(19,9)
(20,8)486051363(21,8)
(20,8)1543455604(20,9)
(21,8)339291426(22,8)
(21,8)1793246590(21,9)
(22,8)808304192(23,8)
(22,8)1191981255(22,9)
(23,8)1458083091(24,8)
(23,8)1990277088(23,9)
(24,8)1616364835(25,8)
(24,8)280874215(24,9)
(25,8)48375268(26,8)
(25,8)311549883(25,9)
(26,8)1793729030(27,8)
(26,8)1378139336(26,9)
(27,8)956935487(28,8)
(27,8)141393031(27,9)
(28,8)1394413948(29,8)
(28,8)575250781(28,9)
(29,8)42375304(29,9)
(0,9)1327737703(1,9)
(0,9)533063829(0,10)
(1,9)981553414(2,9)
(1,9)1777664843(1,10)
(2,9)321917493(3,9)
(2,9)1932867328(2,10)
(3,9)1150443774(4,9)
(3,9)952492014(3,10)
(4,9)641676271(5,9)
(4,9)672178367(4,10)
(5,9)749500869(6,9)
(5,9)581658485(5,10)
(6,9)1067709848(7,9)
(6,9)37648227(6,10)
(7,9)376939653(8,9)
(7,9)395263811(7,10)
(8,9)1203568004(9,9)
(8,9)112207455(8,10)
(9,9)1570290547(10,9)
(9,9)219733094(9,10)
(10,9)1836097929(11,9)
(10,9)1484442219(10,10)
(11,9)1532817487(12,9)
(11,9)1881840430(11,10)
(12,9)1528085812(13,9)
(12,9)1066753617(12,10)
(13,9)2023689104(14,9)
(13,9)1674210518(13,10)
(14,9)921140819(15,9)
(14,9)2103336593(14,10)
(15,9)488916774(16,9)
(15,9)2066064408(15,10)
(16,9)1696245603(17,9)
(16,9)101394874(16,10)
(17,9)2034262202(18,9)
(17,9)1470470188(17,10)
(18,9)275478554(19,9)
(18,9)2018163097(18,10)
(19,9)542857816(20,9)
(19,9)1037222329(19,10)
(20,9)1618880814(21,9)
(20,9)917154826(20,10)
(21,9)954803053(22,9)
(21,9)1292358685(21,10)
(22,9)1687622496(23,9)
(22,9)539107014(22,10)
(23,9)651314470(24,9)
(23,9)1331742707(23,10)
(24,9)1551475801(25,9)
(24,9)743706852(24,10)
(25,9)80665424(26,9)
(25,9)74121369(25,10)
(26,9)1955961799(27,9)
(26,9)1240090082(26,10)
(27,9)159360051(28,9)
(27,9)1613482911(27,10)
(28,9)1140209782(29,9)
(28,9)1336563963(28,10)
(29,9)35565507(29,10)
(0,10)2061350601(1,10)
(0,10)1292416908(0,11)
(1,10)1781333682(2,10)
(1,10)2101629916(1,11)
(2,10)1650391871(3,10)
(2,10)15261827(2,11)
(3,10)2049524029(4,10)
(3,10)1104320222(3,11)
(4,10)1379798776(5,10)
(4,10)1521071320(4,11)
(5,10)2063929136(6,10)
(5,10)939262710(5,11)
(6,10)410659876(7,10)
(6,10)149469954(6,11)
(7,10)1104273008(8,10)
(7,10)1208804173(7,11)
(8,10)748943022(9,10)
(8,10)949766891(8,11)
(9,10)1601081361(10,10)
(9,10)288532067(9,11)
(10,10)1840007868(11,10)
(10,10)1492649874(10,11)
(11,10)1573315298(12,10)
(11,10)1675202730(11,11)
(12,10)1483680881(13,10)
(12,10)932614302(12,11)
(13,10)1091974353(14,10)
(13,10)1039314562(13,11)
(14,10)32040696(15,10)
(14,10)672761196(14,11)
(15,10)1965178104(16,10)
(15,10)1127539860(15,11)
(16,10)1081686128(17,10)
(16,10)2093391297(16,11)
(17,10)2108653124(18,10)
(17,10)1599028138(17,11)
(18,10)555864712(19,10)
(18,10)584594352(18,11)
(19,10)2105665672(20,10)
(19,10)2010693505(19,11)
(20,10)802472568(21,10)
(20,10)1935663488(20,11)
(21,10)2085133443(22,10)
(21,10)2022111161(21,11)
(22,10)1083431686(23,10)
(22,10)1213132444(22,11)
(23,10)15415687(24,10)
(23,10)1041922803(23,11)
(24,10)1330454870(25,10)
(24,10)1832374708(24,11)
(25,10)1177540935(26,10)
(25,10)1616497048(25,11)
(26,10)1144216130(27,10)
(26,10)1022979090(26,11)
(27,10)1955593392(28,10)
(27,10)603372585(27,11)
(28,10)1642687147(29,10)
(28,10)480413363(28,11)
(29,10)900084097(29,11)
(0,11)1674727843(1,11)
(0,11)1153174559(0,12)
(1,11)970869015(2,11)
(1,11)2027623957(1,12)
(2,11)961826438(3,11)
(2,11)1620635492(2,12)
(3,11)1581804968(4,11)
(3,11)422413505(3,12)
(4,11)978278217(5,11)
(4,11)1546420790(4,12)
(5,11)1504602814(6,11)
(5,11)1445014826(5,12)
(6,11)100003746(7,11)
(6,11)766458058(6,12)
(7,11)704107853(8,11)
(7,11)1379230327(7,12)
(8,11)315178366(9,11)
(8,11)1313136190(8,12)
(9,11)1328551878(10,11)
(9,11)1746030656(9,12)
(10,11)929001878(11,11)
(10,11)69426(10,12)
(11,11)1177610361(12,11)
(11,11)797565278(11,12)
(12,11)1941781409(13,11)
(12,11)1951980968(12,12)
(13,11)1760090712(14,11)
(13,11)1780982947(13,12)
(14,11)1276186446(15,11)
(14,11)274711124(14,12)
(15,11)1427885684(16,11)
(15,11)512691161(15,12)
(16,11)392831470(17,11)
(16,11)803430642(16,12)
(17,11)276582486(18,11)
(17,11)251271051(17,12)
(18,11)673684557(19,11)
(18,11)1354657908(18,12)
(19,11)753595050(20,11)
(19,11)1858387455(19,12)
(20,11)1155918633(21,11)
(20,11)1651962774(20,12)
(21,11)270937184(22,11)
(21,11)110714217(21,12)
(22,11)1489944544(23,11)
(22,11)1255922379(22,12)
(23,11)421574921(24,11)
(23,11)975045037(23,12)
(24,11)573592045(25,11)
(24,11)1805122910(24,12)
(25,11)1805192337(26,11)
(25,11)1750126799(25,12)
(26,11)400208430(27,11)
(26,11)1502593923(26,12)
(27,11)1307091243(28,11)
(27,11)835319050(27,12)
(28,11)468818349(29,11)
(28,11)194506191(28,12)
(29,11)919698307(29,12)
(0,12)1745004796(1,12)
(0,12)469217315(0,13)
(1,12)1897102999(2,12)
(1,12)1432389468(1,13)
(2,12)1825220939(3,12)
(2,12)400951790(2,13)
(3,12)677534276(4,12)
(3,12)890403(3,13)
(4,12)674574960(5,12)
(4,12)1032395199(4,13)
(5,12)1785990250(6,12)
(5,12)388438083(5,13)
(6,12)1544356716(7,12)
(6,12)179054086(6,13)
(7,12)449991271(8,12)
(7,12)1896704467(7,13)
(8,12)1239165363(9,12)
(8,12)652795447(8,13)
(9,12)1074370369(10,12)
(9,12)1425036308(9,13)
(10,12)1998628354(11,12)
(10,12)896804626(10,13)
(11,12)554513315(12,12)
(11,12)677013520(11,13)
(12,12)1077221950(13,12)
(12,12)1353738629(12,13)
(13,12)513346225(14,12)
(13,12)1389832365(13,13)
(14,12)1858650715(15,12)
(14,12)1271728141(14,13)
(15,12)1740945457(16,12)
(15,12)1433044532(15,13)
(16,12)717950353(17,12)
(16,12)1456171863(16,13)
(17,12)1857123653(18,12)
(17,12)1490564808(17,13)
(18,12)1491455211(19,12)
(18,12)395687644(18,13)
(19,12)1428082843(20,12)
(19,12)387174281(19,13)
(20,12)775612365(21,12)
(20,12)18546523(20,13)
(21,12)197600610(22,12)
(21,12)1066589445(21,13)
(22,12)815810264(23,12)
(22,12)172485433(22,13)
(23,12)825280881(24,12)
(23,12)647591881(23,13)
(24,12)2072628189(25,12)
(24,12)2054975628(24,13)
(25,12)804296606(26,12)
(25,12)1899651250(25,13)
(26,12)429181122(27,12)
(26,12)1923772895(26,13)
(27,12)1130027877(28,12)
(27,12)1358809921(27,13)
(28,12)601158638(29,12)
(28,12)1506403073(28,13)
(29,12)1643374102(29,13)
(0,13)312325705(1,13)
(0,13)630647566(0,14)
(1,13)224109375(2,13)
(1,13)928934986(1,14)
(2,13)1646885339(3,13)
(2,13)1768497568(2,14)
(3,13)1478137573(4,13)
(3,13)1714674184(3,14)
(4,13)1058645747(5,13)
(4,13)2042572983(4,14)
(5,13)1323172179(6,13)
(5,13)1865311855(5,14)
(6,13)493440572(7,13)
(6,13)1077192271(6,14)
(7,13)1274792881(8,13)
(7,13)242277976(7,14)
(8,13)1058088241(9,13)
(8,13)665926005(8,14)
(9,13)1491206886(10,13)
(9,13)1922384762(9,14)
(10,13)1847529303(11,13)
(10,13)965580221(10,14)
(11,13)1769876827(12,13)
(11,13)1243374488(11,14)
(12,13)1672555611(13,13)
(12,13)1623818551(12,14)
(13,13)606362780(14,13)
(13,13)981203100(13,14)
(14,13)1582361738(15,13)
(14,13)1031475036(14,14)
(15,13)1662122602(16,13)
(15,13)102253234(15,14)
(16,13)1031188220(17,13)
(16,13)1894687444(16,14)
(17,13)1515701364(18,13)
(17,13)1886231978(17,14)
(18,13)1453422514(19,13)
(18,13)530589912(18,14)
(19,13)425679247(20,13)
(19,13)846355290(19,14)
(20,13)564183497(21,13)
(20,13)364584613(20,14)
(21,13)1441776884(22,13)
(21,13)1748851426(21,14)
(22,13)1991129403(23,13)
(22,13)1057624069(22,14)
(23,13)1723550074(24,13)
(23,13)569086117(23,14)
(24,13)343987231(25,13)
(24,13)901733996(24,14)
(25,13)1867314217(26,13)
(25,13)1067273313(25,14)
(26,13)163164153(27,13)
(26,13)44032887(26,14)
(27,13)1667851438(28,13)
(27,13)1489707396(27,14)
(28,13)323426848(29,13)
(28,13)1835719764(28,14)
(29,13)126730570(29,14)
(0,14)1905788586(1,14)
(0,14)719711152(0,15)
(1,14)234350107(2,14)
(1,14)228983804(1,15)
(2,14)1260172024(3,14)
(2,14)1652992382(2,15)
(3,14)1021210099(4,14)
(3,14)2120582085(3,15)
(4,14)1426520951(5,14)
(4,14)1790761936(4,15)
(5,14)68957536(6,14)
(5,14)1867565389(5,15)
(6,14)284265238(7,14)
(6,14)1791105564(6,15)
(7,14)1085398801(8,14)
(7,14)1817808962(7,15)
(8,14)1661454717(9,14)
(8,14)1341889307(8,15)
(9,14)917955733(10,14)
(9,14)1654484918(9,15)
(10,14)1998472150(11,14)
(10,14)415705065(10,15)
(11,14)135535634(12,14)
(11,14)1985229046(11,15)
(12,14)909552(13,14)
(12,14)2042505037(12,15)
(13,14)1562872827(14,14)
(13,14)1625243030(13,15)
(14,14)1948669878(15,14)
(14,14)1836629316(14,15)
(15,14)408856821(16,14)
(15,14)1689603397(15,15)
(16,14)1918587201(17,14)
(16,14)1706974817(16,15)
(17,14)1212483551(18,14)
(17,14)643206928(17,15)
(18,14)616305365(19,14)
(18,14)1031275577(18,15)
(19,14)674553866(20,14)
(19,14)86210002(19,15)
(20,14)1953775391(21,14)
(20,14)2042826316(20,15)
(21,14)1686448232(22,14)
(21,14)743511402(21,15)
(22,14)413836716(23,14)
(22,14)90556981(22,15)
(23,14)1432446288(24,14)
(23,14)624363385(23,15)
(24,14)131364656(25,14)
(24,14)2075291434(24,15)
(25,14)343512851(26,14)
(25,14)202918374(25,15)
(26,14)40663772(27,14)
(26,14)2129836806(26,15)
(27,14)2024858195(28,14)
(27,14)479048486(27,15)
(28,14)2104291516(29,14)
(28,14)41573324(28,15)
(29,14)1440247374(29,15)
(0,15)1905477747(1,15)
(0,15)1878202641(0,16)
(1,15)139575814(2,15)
(1,15)982367123(1,16)
(2,15)753470676(3,15)
(2,15)1464968916(2,16)
(3,15)529968819(4,15)
(3,15)782782742(3,16)
(4,15)1399088107(5,15)
(4,15)1784746253(4,16)
(5,15)311816471(6,15)
(5,15)616178822(5,16)
(6,15)422470565(7,15)
(6,15)1294430775(6,16)
(7,15)833395359(8,15)
(7,15)1055327873(7,16)
(8,15)1469164590(9,15)
(8,15)513027547(8,16)
(9,15)1945473835(10,15)
(9,15)1457758745(9,16)
(10,15)1589123401(11,15)
(10,15)1396972376(10,16)
(11,15)1740485227(12,15)
(11,15)908561(11,16)
(12,15)41572334(13,15)
(12,15)1571476559(12,16)
(13,15)1448851106(14,15)
(13,15)72050065(13,16)
(14,15)28857934(15,15)
(14,15)83145658(14,16)
(15,15)1961348299(16,15)
(15,15)741614832(15,16)
(16,15)1723981955(17,15)
(16,15)1934335681(16,16)
(17,15)1251820949(18,15)
(17,15)2100924113(17,16)
(18,15)736223207(19,15)
(18,15)329968983(18,16)
(19,15)2114715236(20,15)
(19,15)1781789768(19,16)
(20,15)250484942(21,15)
(20,15)2135311314(20,16)
(21,15)1282258441(22,15)
(21,15)279048060(21,16)
(22,15)1334375933(23,15)
(22,15)672955508(22,16)
(23,15)1185983055(24,15)
(23,15)2115653801(23,16)
(24,15)1425928898(25,15)
(24,15)656056875(24,16)
(25,15)2053029251(26,15)
(25,15)983973242(25,16)
(26,15)984881804(27,15)
(26,15)867568651(26,16)
(27,15)291561562(28,15)
(27,15)1646030831(27,16)
(28,15)1718080896(29,15)
(28,15)1026454138(28,16)
(29,15)1740412668(29,16)
(0,16)1746938830(1,16)
(0,16)1109599796(0,17)
(1,16)923464448(2,16)
(1,16)334543852(1,17)
(2,16)2058525807(3,16)
(2,16)1533790863(2,17)
(3,16)638128164(4,16)
(3,16)876904913(3,17)
(4,16)1613128121(5,16)
(4,16)241011142(4,17)
(5,16)208242730(6,16)
(5,16)272434285(5,17)
(6,16)522919227(7,16)
(6,16)1600955787(6,17)
(7,16)735730581(8,16)
(7,16)487290790(7,17)
(8,16)1821666724(9,16)
(8,16)1195874735(8,17)
(9,16)234374142(10,16)
(9,16)703900734(9,17)
(10,16)2129829632(11,16)
(10,16)330239951(10,17)
(11,16)235785555(12,16)
(11,16)1218347385(11,17)
(12,16)55745541(13,16)
(12,16)849914635(12,17)
(13,16)1141476197(14,16)
(13,16)1881816386(13,17)
(14,16)1452413634(15,16)
(14,16)1082199679(14,17)
(15,16)44315827(16,16)
(15,16)734405217(15,17)
(16,16)1068949069(17,16)
(16,16)1051868817(16,17)
(17,16)438176032(18,16)
(17,16)967780275(17,17)
(18,16)1844685189(19,16)
(18,16)979991228(18,17)
(19,16)1221002370(20,16)
(19,16)1076304197(19,17)
(20,16)1348738482(21,16)
(20,16)1310329662(20,17)
(21,16)763801801(22,16)
(21,16)1429245100(21,17)
(22,16)1916535891(23,16)
(22,16)1871657709(22,17)
(23,16)920048797(24,16)
(23,16)1499532382(23,17)
(24,16)55949468(25,16)
(24,16)1590718967(24,17)
(25,16)1920958918(26,16)
(25,16)1154422939(25,17)
(26,16)225286676(27,16)
(26,16)38295452(26,17)
(27,16)888210087(28,16)
(27,16)9260825(27,17)
(28,16)1891077211(29,16)
(28,16)281032217(28,17)
(29,16)2029686284(29,17)
(0,17)1196007198(1,17)
(0,17)1363231896(0,18)
(1,17)1407547724(2,17)
(1,17)616607853(1,18)
(2,17)1685556922(3,17)
(2,17)100392367(2,18)
(3,17)538568399(4,17)
(3,17)227844351(3,18)
(4,17)2072529540(5,17)
(4,17)518064502(4,18)
(5,17)1739066872(6,17)
(5,17)1614872596(5,18)
(6,17)816127430(7,17)
(6,17)1235375554(6,18)
(7,17)1999177356(8,17)
(7,17)1020828325(7,18)
(8,17)789880568(9,17)
(8,17)540301492(8,18)
(9,17)1460350289(10,17)
(9,17)1351226090(9,18)
(10,17)1407175559(11,17)
(10,17)233115887(10,18)
(11,17)6591157(12,17)
(11,17)467289580(11,18)
(12,17)692576257(13,17)
(12,17)1445471011(12,18)
(13,17)186197451(14,17)
(13,17)15851983(13,18)
(14,17)1906929194(15,17)
(14,17)973608474(14,18)
(15,17)189356723(16,17)
(15,17)68400087(15,18)
(16,17)685007941(17,17)
(16,17)955452744(16,18)
(17,17)1055845111(18,17)
(17,17)1596904447(17,18)
(18,17)1824748798(19,17)
(18,17)223081215(18,18)
(19,17)741145718(20,17)
(19,17)1594413511(19,18)
(20,17)1061802459(21,17)
(20,17)1749794691(20,18)
(21,17)837686597(22,17)
(21,17)332728942(21,18)
(22,17)1353557267(23,17)
(22,17)1877929890(22,18)
(23,17)270747734(24,17)
(23,17)689380305(23,18)
(24,17)2040606396(25,17)
(24,17)2143437835(24,18)
(25,17)229070074(26,17)
(25,17)1731098023(25,18)
(26,17)50903955(27,17)
(26,17)1300298307(26,18)
(27,17)598285670(28,17)
(27,17)235661232(27,18)
(28,17)251513215(29,17)
(28,17)743480212(28,18)
(29,17)784483121(29,18)
(0,18)10958761(1,18)
(0,18)1717088687(0,19)
(1,18)1906445410(2,18)
(1,18)852883209(1,19)
(2,18)1537891150(3,18)
(2,18)966411506(2,19)
(3,18)2022256617(4,18)
(3,18)1355866209(3,19)
(4,18)1033131359(5,18)
(4,18)1760972365(4,19)
(5,18)354634435(6,18)
(5,18)1469186480(5,19)
(6,18)383505292(7,18)
(6,18)635442402(6,19)
(7,18)1473129000(8,18)
(7,18)687363378(7,19)
(8,18)2040920645(9,18)
(8,18)113951534(8,19)
(9,18)384699268(10,18)
(9,18)15025657(9,19)
(10,18)2055632053(11,18)
(10,18)2036874833(10,19)
(11,18)118461259(12,18)
(11,18)2115797291(11,19)
(12,18)19217598(13,18)
(12,18)1208446712(12,19)
(13,18)1806732383(14,18)
(13,18)354122491(13,19)
(14,18)605635706(15,18)
(14,18)762697811(14,19)
(15,18)332302850(16,18)
(15,18)443731856(15,19)
(16,18)1296615065(17,18)
(16,18)616594468(16,19)
(17,18)1583005974(18,18)
(17,18)91264612(17,19)
(18,18)1447130821(19,18)
(18,18)687022567(18,19)
(19,18)300511285(20,18)
(19,18)1457778943(19,19)
(20,18)779481776(21,18)
(20,18)332778532(20,19)
(21,18)968220935(22,18)
(21,18)655145720(21,19)
(22,18)1342509098(23,18)
(22,18)1162987068(22,19)
(23,18)1276938602(24,18)
(23,18)293866287(23,19)
(24,18)308891944(25,18)
(24,18)1235946096(24,19)
(25,18)1125337281(26,18)
(25,18)1661637870(25,19)
(26,18)1629951513(27,18)
(26,18)217040350(26,19)
(27,18)1425487062(28,18)
(27,18)1243798540(27,19)
(28,18)1597921032(29,18)
(28,18)1649169111(28,19)
(29,18)1084735797(29,19)
(0,19)56073090(1,19)
(0,19)264383274(0,20)
(1,19)596686124(2,19)
(1,19)1528467654(1,20)
(2,19)677599071(3,19)
(2,19)672667558(2,20)
(3,19)108189884(4,19)
(3,19)687950736(3,20)
(4,19)2135081557(5,19)
(4,19)1364621639(4,20)
(5,19)1665132924(6,19)
(5,19)1565968828(5,20)
(6,19)197966956(7,19)
(6,19)320376442(6,20)
(7,19)1288597377(8,19)
(7,19)172794996(7,20)
(8,19)1515304095(9,19)
(8,19)1360954024(8,20)
(9,19)490408978(10,19)
(9,19)1582463664(9,20)
(10,19)1891355608(11,19)
(10,19)603766543(10,20)
(11,19)1729103824(12,19)
(11,19)4563200(11,20)
(12,19)1634514713(13,19)
(12,19)2108395958(12,20)
(13,19)1386399373(14,19)
(13,19)825418716(13,20)
(14,19)275856100(15,19)
(14,19)1136200176(14,20)
(15,19)1400583451(16,19)
(15,19)323651522(15,20)
(16,19)1852119176(17,19)
(16,19)331929191(16,20)
(17,19)1004596749(18,19)
(17,19)1997269575(17,20)
(18,19)537736664(19,19)
(18,19)382234600(18,20)
(19,19)1746856239(20,19)
(19,19)1112786634(19,20)
(20,19)531271814(21,19)
(20,19)525334573(20,20)
(21,19)845711015(22,19)
(21,19)1264505515(21,20)
(22,19)1437300511(23,19)
(22,19)729238770(22,20)
(23,19)2090192794(24,19)
(23,19)2134308392(23,20)
(24,19)1569288408(25,19)
(24,19)805120958(24,20)
(25,19)1408887501(26,19)
(25,19)433118124(25,20)
(26,19)437681324(27,19)
(26,19)1313160369(26,20)
(27,19)1274072679(28,19)
(27,19)990507677(27,20)
(28,19)1815926394(29,19)
(28,19)2072196037(28,20)
(29,19)512988404(29,20)
(0,20)2091782494(1,20)
(0,20)1060912565(0,21)
(1,20)314012368(2,20)
(1,20)836639927(1,21)
(2,20)541275455(3,20)
(2,20)276228037(2,21)
(3,20)1280824787(4,20)
(3,20)163798296(3,21)
(4,20)701534960(5,20)
(4,20)923510055(4,21)
(5,20)522882646(6,20)
(5,20)246127773(5,21)
(6,20)777399587(7,20)
(6,20)1226869533(6,21)
(7,20)2072580549(8,20)
(7,20)1787388161(7,21)
(8,20)1077205025(9,20)
(8,20)1506638357(8,21)
(9,20)1449347503(10,20)
(9,20)2059405293(9,21)
(10,20)1481210054(11,20)
(10,20)1882325983(10,21)
(11,20)1143729837(12,20)
(11,20)1882465627(11,21)
(12,20)172663303(13,20)
(12,20)646886775(12,21)
(13,20)1920959454(14,20)
(13,20)2134237514(13,21)
(14,20)1802680260(15,20)
(14,20)97375692(14,21)
(15,20)1158288257(16,20)
(15,20)286464211(15,21)
(16,20)1123104138(17,20)
(16,20)1746979107(16,21)
(17,20)2023207144(18,20)
(17,20)1472300626(17,21)
(18,20)1636098922(19,20)
(18,20)1664379593(18,21)
(19,20)440406001(20,20)
(19,20)1156548283(19,21)
(20,20)1402676056(21,20)
(20,20)190150234(20,21)
(21,20)1417019767(22,20)
(21,20)963288647(21,21)
(22,20)603193161(23,20)
(22,20)32591995(22,21)
(23,20)1539230352(24,20)
(23,20)1342116668(23,21)
(24,20)1254038314(25,20)
(24,20)1680398186(24,21)
(25,20)1415240521(26,20)
(25,20)841094207(25,21)
(26,20)576076186(27,20)
(26,20)587764720(26,21)
(27,20)1234651495(28,20)
(27,20)411486710(27,21)
(28,20)398240577(29,20)
(28,20)748739489(28,21)
(29,20)1008127301(29,21)
(0,21)53437189(1,21)
(0,21)846115181(0,22)
(1,21)2004403439(2,21)
(1,21)1294591512(1,22)
(2,21)270212002(3,21)
(2,21)1800416296(2,22)
(3,21)1676139793(4,21)
(3,21)1329220417(3,22)
(4,21)817835691(5,21)
(4,21)1934591596(4,22)
(5,21)227513949(6,21)
(5,21)685204428(5,22)
(6,21)2087880485(7,21)
(6,21)1007985925(6,22)
(7,21)277522044(8,21)
(7,21)1190802596(7,22)
(8,21)1793995757(9,21)
(8,21)2120472480(8,22)
(9,21)1512219185(10,21)
(9,21)1619638713(9,22)
(10,21)726193379(11,21)
(10,21)1326910295(10,22)
(11,21)594667169(12,21)
(11,21)205829744(11,22)
(12,21)781905931(13,21)
(12,21)1313958099(12,22)
(13,21)401125946(14,21)
(13,21)1006153879(13,22)
(14,21)1404394456(15,21)
(14,21)1530645420(14,22)
(15,21)229276954(16,21)
(15,21)1409253247(15,22)
(16,21)556361112(17,21)
(16,21)1457831646(16,22)
(17,21)1110764294(18,21)
(17,21)86196745(17,22)
(18,21)1415417162(19,21)
(18,21)826573114(18,22)
(19,21)613681062(20,21)
(19,21)639420439(19,22)
(20,21)1324624868(21,21)
(20,21)85769205(20,22)
(21,21)1093755130(22,21)
(21,21)841195011(21,22)
(22,21)2031997608(23,21)
(22,21)1265021705(22,22)
(23,21)1238010537(24,21)
(23,21)1371277174(23,22)
(24,21)843432239(25,21)
(24,21)1678509717(24,22)
(25,21)857936365(26,21)
(25,21)602746074(25,22)
(26,21)808575819(27,21)
(26,21)1569625618(26,22)
(27,21)736100069(28,21)
(27,21)1452603534(27,22)
(28,21)311273765(29,21)
(28,21)1590481750(28,22)
(29,21)1137226015(29,22)
(0,22)1715668222(1,22)
(0,22)973643522(0,23)
(1,22)1202920476(2,22)
(1,22)398995615(1,23)
(2,22)955356727(3,22)
(2,22)1026016220(2,23)
(3,22)2136780514(4,22)
(3,22)1289117221(3,23)
(4,22)557050735(5,22)
(4,22)1781929841(4,23)
(5,22)248127256(6,22)
(5,22)628717306(5,23)
(6,22)1953342174(7,22)
(6,22)642819940(6,23)
(7,22)1736575070(8,22)
(7,22)1089322267(7,23)
(8,22)973836227(9,22)
(8,22)1070880231(8,23)
(9,22)161407120(10,22)
(9,22)960368597(9,23)
(10,22)1803800836(11,22)
(10,22)504862297(10,23)
(11,22)1362798662(12,22)
(11,22)764153195(11,23)
(12,22)1572729014(13,22)
(12,22)1225942807(12,23)
(13,22)1962042876(14,22)
(13,22)667918548(13,23)
(14,22)979192313(15,22)
(14,22)1015727116(14,23)
(15,22)1989370638(16,22)
(15,22)951785244(15,23)
(16,22)1350780859(17,22)
(16,22)547376887(16,23)
(17,22)1573393107(18,22)
(17,22)1044807467(17,23)
(18,22)186441040(19,22)
(18,22)158653938(18,23)
(19,22)1940583779(20,22)
(19,22)1562689974(19,23)
(20,22)43923632(21,22)
(20,22)743491776(20,23)
(21,22)1386311716(22,22)
(21,22)41227387(21,23)
(22,22)1130549655(23,22)
(22,22)1997265806(22,23)
(23,22)920662389(24,22)
(23,22)975403139(23,23)
(24,22)1935771736(25,22)
(24,22)2104385882(24,23)
(25,22)461764531(26,22)
(25,22)1082069509(25,23)
(26,22)1846222704(27,22)
(26,22)1592088924(26,23)
(27,22)670548083(28,22)
(27,22)1824563193(27,23)
(28,22)344998093(29,22)
(28,22)1271468070(28,23)
(29,22)485107312(29,23)
(0,23)1324190407(1,23)
(0,23)139711538(0,24)
(1,23)2129082177(2,23)
(1,23)1436892556(1,24)
(2,23)640189767(3,23)
(2,23)1871567294(2,24)
(3,23)1297476754(4,23)
(3,23)1026405996(3,24)
(4,23)1212847036(5,23)
(4,23)798843705(4,24)
(5,23)591943836(6,23)
(5,23)712683080(5,24)
(6,23)756606712(7,23)
(6,23)1956338812(6,24)
(7,23)1195166881(8,23)
(7,23)633171224(7,24)
(8,23)1763720879(9,23)
(8,23)606388870(8,24)
(9,23)1527051259(10,23)
(9,23)23086372(9,24)
(10,23)1958858108(11,23)
(10,23)1720623113(10,24)
(11,23)34903997(12,23)
(11,23)461637120(11,24)
(12,23)160376177(13,23)
(12,23)1403463384(12,24)
(13,23)2074011468(14,23)
(13,23)1859467190(13,24)
(14,23)56981636(15,23)
(14,23)1431844247(14,24)
(15,23)1571555786(16,23)
(15,23)411635132(15,24)
(16,23)1848527688(17,23)
(16,23)1381172043(16,24)
(17,23)1105255689(18,23)
(17,23)1553154315(17,24)
(18,23)432076663(19,23)
(18,23)341233807(18,24)
(19,23)1140077512(20,23)
(19,23)255248795(19,24)
(20,23)967931875(21,23)
(20,23)1644923699(20,24)
(21,23)1453778864(22,23)
(21,23)1732021348(21,24)
(22,23)217708924(23,23)
(22,23)1724538587(22,24)
(23,23)183443809(24,23)
(23,23)501462097(23,24)
(24,23)524548469(25,23)
(24,23)1981429803(24,24)
(25,23)1554569269(26,23)
(25,23)1710495068(25,24)
(26,23)24648541(27,23)
(26,23)335922929(26,24)
(27,23)1739386313(28,23)
(27,23)1589473266(27,24)
(28,23)1301456808(29,23)
(28,23)185024718(28,24)
(29,23)1665914133(29,24)
(0,24)1358438444(1,24)
(0,24)1616868965(0,25)
(1,24)1040941103(2,24)
(1,24)2077549265(1,25)
(2,24)1778593305(3,24)
(2,24)592126839(2,25)
(3,24)1697382529(4,24)
(3,24)446611770(3,25)
(4,24)878688433(5,24)
(4,24)2119827112(4,25)
(5,24)1112420976(6,24)
(5,24)1952631324(5,25)
(6,24)773079552(7,24)
(6,24)376128485(6,25)
(7,24)1829907349(8,24)
(7,24)696958677(7,25)
(8,24)914667601(9,24)
(8,24)350134491(8,25)
(9,24)533578301(10,24)
(9,24)183885798(9,25)
(10,24)708434267(11,24)
(10,24)748613757(10,25)
(11,24)155699378(12,24)
(11,24)96589721(11,25)
(12,24)121238262(13,24)
(12,24)1044357196(12,25)
(13,24)636259861(14,24)
(13,24)1745172644(13,25)
(14,24)899145804(15,24)
(14,24)306262980(14,25)
(15,24)1923131946(16,24)
(15,24)154690347(15,25)
(16,24)84755964(17,24)
(16,24)110100601(16,25)
(17,24)702227440(18,24)
(17,24)816589401(17,25)
(18,24)1263201172(19,24)
(18,24)1863349270(18,25)
(19,24)1835692734(20,24)
(19,24)252126321(19,25)
(20,24)57273998(21,24)
(20,24)2141889605(20,25)
(21,24)370534442(22,24)
(21,24)800630063(21,25)
(22,24)1497588740(23,24)
(22,24)830353550(22,25)
(23,24)1180488041(24,24)
(23,24)52958143(23,25)
(24,24)236843941(25,24)
(24,24)264772693(24,25)
(25,24)1013386450(26,24)
(25,24)1714066342(25,25)
(26,24)1810656064(27,24)
(26,24)945278208(26,25)
(27,24)1989635404(28,24)
(27,24)1169085828(27,25)
(28,24)766774824(29,24)
(28,24)1931894326(28,25)
(29,24)478411618(29,25)
(0,25)1665920629(1,25)
(0,25)90673659(0,26)
(1,25)2013805605(2,25)
(1,25)633101965(1,26)
(2,25)717857929(3,25)
(2,25)1776021230(2,26)
(3,25)330765022(4,25)
(3,25)682911358(3,26)
(4,25)1946112530(5,25)
(4,25)433723551(4,26)
(5,25)121932638(6,25)
(5,25)582891344(5,26)
(6,25)640165342(7,25)
(6,25)1940518488(6,26)
(7,25)163569282(8,25)
(7,25)922562701(7,26)
(8,25)272667793(9,25)
(8,25)1470518892(8,26)
(9,25)503523285(10,25)
(9,25)216527426(9,26)
(10,25)453371367(11,25)
(10,25)537440486(10,26)
(11,25)1550826937(12,25)
(11,25)70105980(11,26)
(12,25)1880762044(13,25)
(12,25)1398649576(12,26)
(13,25)1240801332(14,25)
(13,25)572429117(13,26)
(14,25)1339203942(15,25)
(14,25)1665172722(14,26)
(15,25)1755846381(16,25)
(15,25)1719212950(15,26)
(16,25)204831267(17,25)
(16,25)857640923(16,26)
(17,25)486178505(18,25)
(17,25)1622168338(17,26)
(18,25)157596049(19,25)
(18,25)922689197(18,26)
(19,25)1356412748(20,25)
(19,25)816943527(19,26)
(20,25)1399834871(21,25)
(20,25)2103708579(20,26)
(21,25)1896743419(22,25)
(21,25)1478345386(21,26)
(22,25)253424439(23,25)
(22,25)2040000213(22,26)
(23,25)1363035457(24,25)
(23,25)2060312702(23,26)
(24,25)129356480(25,25)
(24,25)526092232(24,26)
(25,25)1063532719(26,25)
(25,25)1866558743(25,26)
(26,25)1936664723(27,25)
(26,25)582727847(26,26)
(27,25)1981377423(28,25)
(27,25)466876008(27,26)
(28,25)1039305125(29,25)
(28,25)1669943119(28,26)
(29,25)1074695108(29,26)
(0,26)231025419(1,26)
(0,26)1187632193(0,27)
(1,26)795994927(2,26)
(1,26)646424410(1,27)
(2,26)851255678(3,26)
(2,26)1088666342(2,27)
(3,26)1574844847(4,26)
(3,26)270679617(3,27)
(4,26)428275666(5,26)
(4,26)1773944875(4,27)
(5,26)982873975(6,26)
(5,26)244304727(5,27)
(6,26)1644139598(7,26)
(6,26)384500598(6,27)
(7,26)133760369(8,26)
(7,26)313735714(7,27)
(8,26)567160153(9,26)
(8,26)1536656164(8,27)
(9,26)752207973(10,26)
(9,26)46589423(9,27)
(10,26)175945903(11,26)
(10,26)1093252386(10,27)
(11,26)9301457(12,26)
(11,26)471283068(11,27)
(12,26)260464143(13,26)
(12,26)758673751(12,27)
(13,26)592567526(14,26)
(13,26)476177465(13,27)
(14,26)1515482590(15,26)
(14,26)1930407262(14,27)
(15,26)970555808(16,26)
(15,26)1667262634(15,27)
(16,26)166203397(17,26)
(16,26)1746508010(16,27)
(17,26)687690704(18,26)
(17,26)1766550735(17,27)
(18,26)2037230352(19,26)
(18,26)1017459075(18,27)
(19,26)643920302(20,26)
(19,26)115051904(19,27)
(20,26)359356631(21,26)
(20,26)318022371(20,27)
(21,26)702522969(22,26)
(21,26)1626794277(21,27)
(22,26)1940529991(23,26)
(22,26)2003496229(22,27)
(23,26)1392668745(24,26)
(23,26)836283338(23,27)
(24,26)882872762(25,26)
(24,26)360206497(24,27)
(25,26)1453458883(26,26)
(25,26)2144876719(25,27)
(26,26)468676139(27,26)
(26,26)1058818665(26,27)
(27,26)1817492416(28,26)
(27,26)1462760340(27,27)
(28,26)1938937805(29,26)
(28,26)729140283(28,27)
(29,26)262576295(29,27)
(0,27)1306936747(1,27)
(0,27)512063897(0,28)
(1,27)1482619705(2,27)
(1,27)1929838929(1,28)
(2,27)2096042326(3,27)
(2,27)905961109(2,28)
(3,27)1593651814(4,27)
(3,27)1101686792(3,28)
(4,27)991433497(5,27)
(4,27)966017753(4,28)
(5,27)1609938055(6,27)
(5,27)1708703718(5,28)
(6,27)2068060349(7,27)
(6,27)1309455868(6,28)
(7,27)2011978837(8,27)
(7,27)1089248685(7,28)
(8,27)882295028(9,27)
(8,27)1924072930(8,28)
(9,27)1169258028(10,27)
(9,27)700778527(9,28)
(10,27)1583651289(11,27)
(10,27)1242501525(10,28)
(11,27)548476760(12,27)
(11,27)1166651099(11,28)
(12,27)1635327238(13,27)
(12,27)494986307(12,28)
(13,27)164995075(14,27)
(13,27)2011237100(13,28)
(14,27)1802691257(15,27)
(14,27)216983873(14,28)
(15,27)729047771(16,27)
(15,27)427571370(15,28)
(16,27)209926652(17,27)
(16,27)962144357(16,28)
(17,27)1868105466(18,27)
(17,27)64183828(17,28)
(18,27)1165870621(19,27)
(18,27)158485330(18,28)
(19,27)1124503084(20,27)
(19,27)1314273632(19,28)
(20,27)875493702(21,27)
(20,27)9820470(20,28)
(21,27)1319276338(22,27)
(21,27)586957491(21,28)
(22,27)1676206176(23,27)
(22,27)796070403(22,28)
(23,27)572659686(24,27)
(23,27)1183771527(23,28)
(24,27)1884550054(25,27)
(24,27)411017557(24,28)
(25,27)1653519082(26,27)
(25,27)1741917714(25,28)
(26,27)761085165(27,27)
(26,27)1320717696(26,28)
(27,27)1815704003(28,27)
(27,27)54512195(27,28)
(28,27)2065749295(29,27)
(28,27)248928755(28,28)
(29,27)1980699078(29,28)
(0,28)1720956905(1,28)
(0,28)465912629(0,29)
(1,28)1194960400(2,28)
(1,28)260786801(1,29)
(2,28)470713453(3,28)
(2,28)535617614(2,29)
(3,28)256239432(4,28)
(3,28)1259144228(3,29)
(4,28)277531201(5,28)
(4,28)629198783(4,29)
(5,28)1753701867(6,28)
(5,28)1570513065(5,29)
(6,28)298523119(7,28)
(6,28)287351671(6,29)
(7,28)1606628009(8,28)
(7,28)193175711(7,29)
(8,28)1869381887(9,28)
(8,28)1094593523(8,29)
(9,28)1667253209(10,28)
(9,28)642915888(9,29)
(10,28)379982295(11,28)
(10,28)132915796(10,29)
(11,28)1786434879(12,28)
(11,28)1261687275(11,29)
(12,28)2022772440(13,28)
(12,28)1700699991(12,29)
(13,28)1368920346(14,28)
(13,28)1840947074(13,29)
(14,28)1759212721(15,28)
(14,28)124217547(14,29)
(15,28)590130176(16,28)
(15,28)1202135776(15,29)
(16,28)1462922577(17,28)
(16,28)1332685978(16,29)
(17,28)1868303592(18,28)
(17,28)1785090576(17,29)
(18,28)896751157(19,28)
(18,28)1933636030(18,29)
(19,28)415351166(20,28)
(19,28)2124543025(19,29)
(20,28)1547572442(21,28)
(20,28)1174282358(20,29)
(21,28)1461634030(22,28)
(21,28)21569385(21,29)
(22,28)214745096(23,28)
(22,28)1846095561(22,29)
(23,28)793205436(24,28)
(23,28)920778391(23,29)
(24,28)1563694280(25,28)
(24,28)2084126984(24,29)
(25,28)69559132(26,28)
(25,28)312974997(25,29)
(26,28)1574662272(27,28)
(26,28)1943676575(26,29)
(27,28)1496892918(28,28)
(27,28)1855994011(27,29)
(28,28)1549457437(29,28)
(28,28)1449951064(28,29)
(29,28)718329616(29,29)
(0,29)1574168612(1,29)
(1,29)1161186511(2,29)
(2,29)1920465392(3,29)
(3,29)16815140(4,29)
(4,29)346388841(5,29)
(5,29)1235904322(6,29)
(6,29)1801905717(7,29)
(7,29)67208786(8,29)
(8,29)1022056704(9,29)
(9,29)551173226(10,29)
(10,29)44268163(11,29)
(11,29)1437407870(12,29)
(12,29)1725455584(13,29)
(13,29)1591840605(14,29)
(14,29)1458977256(15,29)
(15,29)1039605966(16,29)
(16,29)1290452518(17,29)
(17,29)1673722352(18,29)
(18,29)1960384358(19,29)
(19,29)2083657955(20,29)
(20,29)1610365688(21,29)
(21,29)1376594990(22,29)
(22,29)249149304(23,29)
(23,29)1679924821(24,29)
(24,29)1172787917(25,29)
(25,29)1823811577(26,29)
(26,29)1388435184(27,29)
(27,29)522197187(28,29)
(28,29)1126278993(29,29)
