50 10
(0,0)2087126626(1,0)
(0,0)1177220057(0,1)
(1,0)542653442(2,0)
(1,0)708351959(1,1)
(2,0)1615938025(3,0)
(2,0)811084115(2,1)
(3,0)1449297885(4,0)
(3,0)615503814(3,1)
(4,0)757537093(5,0)
(4,0)270741611(4,1)
(5,0)1352355143(6,0)
(5,0)309577175(5,1)
(6,0)152526327(7,0)
(6,0)1376604910(6,1)
(7,0)183158772(8,0)
(7,0)1296856901(7,1)
(8,0)1053250594(9,0)
(8,0)1463767543(8,1)
(9,0)227783239(10,0)
(9,0)2067296771(9,1)
(10,0)585373693(11,0)
(10,0)789163735(10,1)
(11,0)1311039006(12,0)
(11,0)1415648985(11,1)
(12,0)273044490(13,0)
(12,0)489461291(12,1)
(13,0)1313233116(14,0)
(13,0)1287270533(13,1)
(14,0)937134762(15,0)
(14,0)1181863954(14,1)
(15,0)211600364(16,0)
(15,0)414325353(15,1)
(16,0)1122677312(17,0)
(16,0)876777740(16,1)
(17,0)1687861855(18,0)
(17,0)754253806(17,1)
(18,0)1369757620(19,0)
(18,0)591131690(18,1)
(19,0)861873301(20,0)
(19,0)989676093(19,1)
(20,0)1299253268(21,0)
(20,0)2127294714(20,1)
(21,0)1356415976(22,0)
(21,0)66744796(21,1)
(22,0)1363601697(23,0)
(22,0)1451779596(22,1)
(23,0)768063491(24,0)
(23,0)1539574749(23,1)
(24,0)1459387872(25,0)
(24,0)269368643(24,1)
(25,0)1058532378(26,0)
(25,0)995846731(25,1)
(26,0)264012068(27,0)
(26,0)2044761566(26,1)
(27,0)386739209(28,0)
(27,0)222087736(27,1)
(28,0)1509358269(29,0)
(28,0)537056558(28,1)
(29,0)1718920513(30,0)
(29,0)1699972326(29,1)
(30,0)2114297679(31,0)
(30,0)299009383(30,1)
(31,0)1175787124(32,0)
(31,0)1930520877(31,1)
(32,0)537291035(33,0)
(32,0)1089491344(32,1)
(33,0)1680623034(34,0)
(33,0)716165331(33,1)
(34,0)1705841424(35,0)
(34,0)1907048655(34,1)
(35,0)1886859721(36,0)
(35,0)395012687(35,1)
(36,0)461757483(37,0)
(36,0)857611045(36,1)
(37,0)161906993(38,0)
(37,0)1095792050(37,1)
(38,0)487883151(39,0)
(38,0)1825359180(38,1)
(39,0)2094727823(40,0)
(39,0)929970484(39,1)
(40,0)1925817215(41,0)
(40,0)1947271023(40,1)
(41,0)1844548941(42,0)
(41,0)1005776553(41,1)
(42,0)1227864289(43,0)
(42,0)42345636(42,1)
(43,0)579402194(44,0)
(43,0)83804503(43,1)
(44,0)1783776829(45,0)
(44,0)589738910(44,1)
(45,0)888748294(46,0)
(45,0)150839059(45,1)
(46,0)2081359936(47,0)
(46,0)1750590860(46,1)
(47,0)692598556(48,0)
(47,0)2064535418(47,1)
(48,0)633217101(49,0)
(48,0)471167323(48,1)
(49,0)225737942(49,1)
(0,1)191574878(1,1)
(0,1)230732331(0,2)
(1,1)2117592052(2,1)
(1,1)620750629(1,2)
(2,1)1082508112(3,1)
(2,1)1049185923(2,2)
(3,1)1211092916(4,1)
(3,1)1065900454(3,2)
(4,1)1553783605(5,1)
(4,1)760383644(4,2)
(5,1)707627819(6,1)
(5,1)2141063400(5,2)
(6,1)1919396968(7,1)
(6,1)1353570981(6,2)
(7,1)1050636274(8,1)
(7,1)1713404372(7,2)
(8,1)793785013(9,1)
(8,1)1961742604(8,2)
(9,1)393661150(10,1)
(9,1)1134440777(9,2)
(10,1)770733958(11,1)
(10,1)1383523924(10,2)
(11,1)124788570(12,1)
(11,1)544500210(11,2)
(12,1)478376498(13,1)
(12,1)373841171(12,2)
(13,1)1066439727(14,1)
(13,1)41840340(13,2)
(14,1)675057441(15,1)
(14,1)949543822(14,2)
(15,1)1180276153(16,1)
(15,1)1292177670(15,2)
(16,1)1912928299(17,1)
(16,1)866632319(16,2)
(17,1)1915818242(18,1)
(17,1)1150384557(17,2)
(18,1)68801364(19,1)
(18,1)847952764(18,2)
(19,1)1608336408(20,1)
(19,1)979427510(19,2)
(20,1)973007263(21,1)
(20,1)1622584969(20,2)
(21,1)828672302(22,1)
(21,1)168480580(21,2)
(22,1)1881884952(23,1)
(22,1)744920583(22,2)
(23,1)559179539(24,1)
(23,1)1879308577(23,2)
(24,1)866265706(25,1)
(24,1)528186318(24,2)
(25,1)1911710242(26,1)
(25,1)952840689(25,2)
(26,1)1497340899(27,1)
(26,1)1636999665(26,2)
(27,1)2010840836(28,1)
(27,1)2036498812(27,2)
(28,1)2078339152(29,1)
(28,1)1975717398(28,2)
(29,1)777777572(30,1)
(29,1)929796915(29,2)
(30,1)74490937(31,1)
(30,1)605912945(30,2)
(31,1)1472545265(32,1)
(31,1)1958053725(31,2)
(32,1)960954634(33,1)
(32,1)1987419237(32,2)
(33,1)687888353(34,1)
(33,1)1240879859(33,2)
(34,1)72823722(35,1)
(34,1)1029755998(34,2)
(35,1)504857320(36,1)
(35,1)148741113(35,2)
(36,1)317221693(37,1)
(36,1)1045830985(36,2)
(37,1)1790751568(38,1)
(37,1)1333529622(37,2)
(38,1)1065354551(39,1)
(38,1)51622998(38,2)
(39,1)579809316(40,1)
(39,1)202447459(39,2)
(40,1)1155288148(41,1)
(40,1)1931620258(40,2)
(41,1)1421136275(42,1)
(41,1)344035910(41,2)
(42,1)233051074(43,1)
(42,1)505145400(42,2)
(43,1)333379150(44,1)
(43,1)1284493463(43,2)
(44,1)66806730(45,1)
(44,1)163906578(44,2)
(45,1)769819523(46,1)
(45,1)1111156722(45,2)
(46,1)921726799(47,1)
(46,1)141297668(46,2)
(47,1)2128716905(48,1)
(47,1)94881140(47,2)
(48,1)1335761000(49,1)
(48,1)1882681433(48,2)
(49,1)669121610(49,2)
(0,2)1408584722(1,2)
(0,2)764953784(0,3)
(1,2)1269811104(2,2)
(1,2)817862723(1,3)
(2,2)1135084417(3,2)
(2,2)306932059(2,3)
(3,2)2097683627(4,2)
(3,2)455857078(3,3)
(4,2)1521211630(5,2)
(4,2)1186707415(4,3)
(5,2)1766516731(6,2)
(5,2)152647438(5,3)
(6,2)1307935586(7,2)
(6,2)1305348240(6,3)
(7,2)579000867(8,2)
(7,2)2110552641(7,3)
(8,2)196120067(9,2)
(8,2)1813080986(8,3)
(9,2)2146460136(10,2)
(9,2)1863494330(9,3)
(10,2)1930301060(11,2)
(10,2)360026645(10,3)
(11,2)1129846168(12,2)
(11,2)1110133210(11,3)
(12,2)2031860009(13,2)
(12,2)2071598728(12,3)
(13,2)2052831985(14,2)
(13,2)1224727309(13,3)
(14,2)413004661(15,2)
(14,2)1767057795(14,3)
(15,2)384527931(16,2)
(15,2)574469947(15,3)
(16,2)1392332671(17,2)
(16,2)1821589383(16,3)
(17,2)2128521442(18,2)
(17,2)1654339035(17,3)
(18,2)2110196113(19,2)
(18,2)379933440(18,3)
(19,2)1566640855(20,2)
(19,2)2078721421(19,3)
(20,2)83885211(21,2)
(20,2)1483924095(20,3)
(21,2)641788687(22,2)
(21,2)1185673938(21,3)
(22,2)1148742931(23,2)
(22,2)1391820797(22,3)
(23,2)1057418136(24,2)
(23,2)1220789554(23,3)
(24,2)936800236(25,2)
(24,2)1344862998(24,3)
(25,2)1704889643(26,2)
(25,2)1056394624(25,3)
(26,2)19044187(27,2)
(26,2)719617649(26,3)
(27,2)643732729(28,2)
(27,2)687252163(27,3)
(28,2)1911979472(29,2)
(28,2)2050904196(28,3)
(29,2)1670478343(30,2)
(29,2)549081067(29,3)
(30,2)1123551014(31,2)
(30,2)177500485(30,3)
(31,2)1999089868(32,2)
(31,2)2055006274(31,3)
(32,2)1561861661(33,2)
(32,2)368400037(32,3)
(33,2)748333477(34,2)
(33,2)1980127662(33,3)
(34,2)1911365435(35,2)
(34,2)1524574127(34,3)
(35,2)861014574(36,2)
(35,2)167490684(35,3)
(36,2)1353164622(37,2)
(36,2)1995250646(36,3)
(37,2)1239587796(38,2)
(37,2)1502803262(37,3)
(38,2)576109168(39,2)
(38,2)354423905(38,3)
(39,2)1699286903(40,2)
(39,2)149522284(39,3)
(40,2)1205916908(41,2)
(40,2)1512909405(40,3)
(41,2)85043406(42,2)
(41,2)1256692898(41,3)
(42,2)1943945062(43,2)
(42,2)1224961095(42,3)
(43,2)1128381644(44,2)
(43,2)728776135(43,3)
(44,2)1277857202(45,2)
(44,2)1708440886(44,3)
(45,2)1885941372(46,2)
(45,2)651376339(45,3)
(46,2)558898966(47,2)
(46,2)253924569(46,3)
(47,2)622324606(48,2)
(47,2)1737547592(47,3)
(48,2)1570191607(49,2)
(48,2)2120760627(48,3)
(49,2)1370658084(49,3)
(0,3)1334073394(1,3)
(0,3)1497851106(0,4)
(1,3)211382033(2,3)
(1,3)1538148768(1,4)
(2,3)743829743(3,3)
(2,3)1181840393(2,4)
(3,3)273944541(4,3)
(3,3)1714185295(3,4)
(4,3)142810815(5,3)
(4,3)1098253648(4,4)
(5,3)650056904(6,3)
(5,3)423466825(5,4)
(6,3)1629383733(7,3)
(6,3)1655720220(6,4)
(7,3)1740763626(8,3)
(7,3)1906749802(7,4)
(8,3)1703211216(9,3)
(8,3)706861181(8,4)
(9,3)1835242825(10,3)
(9,3)322056114(9,4)
(10,3)1599913316(11,3)
(10,3)1264168455(10,4)
(11,3)1002626179(12,3)
(11,3)339135516(11,4)
(12,3)898034482(13,3)
(12,3)1853837885(12,4)
(13,3)328678844(14,3)
(13,3)592690123(13,4)
(14,3)15398082(15,3)
(14,3)871311462(14,4)
(15,3)221678920(16,3)
(15,3)1699336928(15,4)
(16,3)1090002048(17,3)
(16,3)1349471477(16,4)
(17,3)383828222(18,3)
(17,3)433060953(17,4)
(18,3)2147246248(19,3)
(18,3)1833831791(18,4)
(19,3)784601792(20,3)
(19,3)657772763(19,4)
(20,3)1081239588(21,3)
(20,3)142573416(20,4)
(21,3)1798293636(22,3)
(21,3)1434658696(21,4)
(22,3)1193924850(23,3)
(22,3)563139673(22,4)
(23,3)1270000854(24,3)
(23,3)1391573615(23,4)
(24,3)1713629729(25,3)
(24,3)749652419(24,4)
(25,3)2013820874(26,3)
(25,3)957760031(25,4)
(26,3)1296895548(27,3)
(26,3)1166059397(26,4)
(27,3)872413635(28,3)
(27,3)868963405(27,4)
(28,3)1461653528(29,3)
(28,3)47446382(28,4)
(29,3)918757844(30,3)
(29,3)1201092479(29,4)
(30,3)752945759(31,3)
(30,3)1477051611(30,4)
(31,3)679039440(32,3)
(31,3)1140436765(31,4)
(32,3)1573497718(33,3)
(32,3)1842947807(32,4)
(33,3)1529295951(34,3)
(33,3)1062867662(33,4)
(34,3)1720640425(35,3)
(34,3)1573260319(34,4)
(35,3)1715833735(36,3)
(35,3)166414095(35,4)
(36,3)1601072791(37,3)
(36,3)654396365(36,4)
(37,3)1217536038(38,3)
(37,3)1366643723(37,4)
(38,3)610733690(39,3)
(38,3)647513993(38,4)
(39,3)1397166412(40,3)
(39,3)340053245(39,4)
(40,3)1297813276(41,3)
(40,3)176879771(40,4)
(41,3)1342939169(42,3)
(41,3)1263503638(41,4)
(42,3)2132467043(43,3)
(42,3)447225176(42,4)
(43,3)494671559(44,3)
(43,3)67869156(43,4)
(44,3)1268961635(45,3)
(44,3)1446636924(44,4)
(45,3)776204887(46,3)
(45,3)1413429403(45,4)
(46,3)406382520(47,3)
(46,3)2021907394(46,4)
(47,3)1717371553(48,3)
(47,3)1455244327(47,4)
(48,3)370628341(49,3)
(48,3)1979880239(48,4)
(49,3)1099183856(49,4)
(0,4)2091268766(1,4)
(0,4)1405656910(0,5)
(1,4)974006997(2,4)
(1,4)1265597951(1,5)
(2,4)719187094(3,4)
(2,4)598181483(2,5)
(3,4)1815717521(4,4)
(3,4)193167072(3,5)
(4,4)803900763(5,4)
(4,4)1366701088(4,5)
(5,4)616383852(6,4)
(5,4)8287118(5,5)
(6,4)1306100395(7,4)
(6,4)980780534(6,5)
(7,4)176236055(8,4)
(7,4)1879887491(7,5)
(8,4)1864870886(9,4)
(8,4)1753325571(8,5)
(9,4)100513482(10,4)
(9,4)244105211(9,5)
(10,4)1513066846(11,4)
(10,4)1164024162(10,5)
(11,4)1940229049(12,4)
(11,4)1513942886(11,5)
(12,4)1920325406(13,4)
(12,4)1387490592(12,5)
(13,4)957378498(14,4)
(13,4)1247989728(13,5)
(14,4)1618618069(15,4)
(14,4)1752721997(14,5)
(15,4)1010895259(16,4)
(15,4)2056562354(15,5)
(16,4)1174676658(17,4)
(16,4)1562403187(16,5)
(17,4)13101022(18,4)
(17,4)1984902256(17,5)
(18,4)30585681(19,4)
(18,4)1893863752(18,5)
(19,4)1113081192(20,4)
(19,4)1828818544(19,5)
(20,4)1837105662(21,4)
(20,4)834486444(20,5)
(21,4)1815266978(22,4)
(21,4)1729465045(21,5)
(22,4)1461868888(23,4)
(22,4)995722409(22,5)
(23,4)601564333(24,4)
(23,4)1991503034(23,5)
(24,4)88124597(25,4)
(24,4)1179256126(24,5)
(25,4)195796641(26,4)
(25,4)702077815(25,5)
(26,4)68537053(27,4)
(26,4)1601191444(26,5)
(27,4)841198388(28,4)
(27,4)2136025690(27,5)
(28,4)1236531771(29,4)
(28,4)1988862460(28,5)
(29,4)1594100809(30,4)
(29,4)1798576886(29,5)
(30,4)1707655593(31,4)
(30,4)707666192(30,5)
(31,4)122585732(32,4)
(31,4)457512421(31,5)
(32,4)294931029(33,4)
(32,4)734848603(32,5)
(33,4)481228707(34,4)
(33,4)135686754(33,5)
(34,4)1964505298(35,4)
(34,4)325516710(34,5)
(35,4)1160003154(36,4)
(35,4)1594309900(35,5)
(36,4)1176291297(37,4)
(36,4)1654127313(36,5)
(37,4)502366074(38,4)
(37,4)827786485(37,5)
(38,4)671805871(39,4)
(38,4)490676537(38,5)
(39,4)1669932663(40,4)
(39,4)1103930407(39,5)
(40,4)1806008223(41,4)
(40,4)759930468(40,5)
(41,4)213638264(42,4)
(41,4)1865729304(41,5)
(42,4)1854271347(43,4)
(42,4)1874545276(42,5)
(43,4)1715924088(44,4)
(43,4)1054836653(43,5)
(44,4)705929891(45,4)
(44,4)943319470(44,5)
(45,4)1650985662(46,4)
(45,4)1162541250(45,5)
(46,4)1620053671(47,4)
(46,4)266101836(46,5)
(47,4)1000950439(48,4)
(47,4)1773571394(47,5)
(48,4)1909258149(49,4)
(48,4)1914984700(48,5)
(49,4)1482179147(49,5)
(0,5)1726279799(1,5)
(0,5)93017763(0,6)
(1,5)1253020917(2,5)
(1,5)929005399(1,6)
(2,5)2105296696(3,5)
(2,5)1232923464(2,6)
(3,5)1735289539(4,5)
(3,5)2080807402(3,6)
(4,5)605129625(5,5)
(4,5)448489585(4,6)
(5,5)2118422248(6,5)
(5,5)691736298(5,6)
(6,5)350260873(7,5)
(6,5)1365060094(6,6)
(7,5)1578698358(8,5)
(7,5)1836667905(7,6)
(8,5)1543455604(9,5)
(8,5)77322502(8,6)
(9,5)1793246590(10,5)
(9,5)486051363(9,6)
(10,5)1191981255(11,5)
(10,5)339291426(10,6)
(11,5)1990277088(12,5)
(11,5)808304192(11,6)
(12,5)280874215(13,5)
(12,5)1458083091(12,6)
(13,5)311549883(14,5)
(13,5)1616364835(13,6)
(14,5)1378139336(15,5)
(14,5)48375268(14,6)
(15,5)141393031(16,5)
(15,5)1793729030(15,6)
(16,5)575250781(17,5)
(16,5)956935487(16,6)
(17,5)42375304(18,5)
(17,5)1394413948(17,6)
(18,5)1327737703(19,5)
(18,5)533063829(18,6)
(19,5)981553414(20,5)
(19,5)1777664843(19,6)
(20,5)321917493(21,5)
(20,5)1932867328(20,6)
(21,5)1150443774(22,5)
(21,5)952492014(21,6)
(22,5)641676271(23,5)
(22,5)672178367(22,6)
(23,5)749500869(24,5)
(23,5)581658485(23,6)
(24,5)1067709848(25,5)
(24,5)37648227(24,6)
(25,5)376939653(26,5)
(25,5)395263811(25,6)
(26,5)1203568004(27,5)
(26,5)112207455(26,6)
(27,5)1570290547(28,5)
(27,5)219733094(27,6)
(28,5)1836097929(29,5)
(28,5)1484442219(28,6)
(29,5)1532817487(30,5)
(29,5)1881840430(29,6)
(30,5)1528085812(31,5)
(30,5)1066753617(30,6)
(31,5)2023689104(32,5)
(31,5)1674210518(31,6)
(32,5)921140819(33,5)
(32,5)2103336593(32,6)
(33,5)488916774(34,5)
(33,5)2066064408(33,6)
(34,5)1696245603(35,5)
(34,5)101394874(34,6)
(35,5)2034262202(36,5)
(35,5)1470470188(35,6)
(36,5)275478554(37,5)
(36,5)2018163097(36,6)
(37,5)542857816(38,5)
(37,5)1037222329(37,6)
(38,5)1618880814(39,5)
(38,5)917154826(38,6)
(39,5)954803053(40,5)
(39,5)1292358685(39,6)
(40,5)1687622496(41,5)
(40,5)539107014(40,6)
(41,5)651314470(42,5)
(41,5)1331742707(41,6)
(42,5)1551475801(43,5)
(42,5)743706852(42,6)
(43,5)80665424(44,5)
(43,5)74121369(43,6)
(44,5)1955961799(45,5)
(44,5)1240090082(44,6)
(45,5)159360051(46,5)
(45,5)1613482911(45,6)
(46,5)1140209782(47,5)
(46,5)1336563963(46,6)
(47,5)1292416908(48,5)
(47,5)35565507(47,6)
(48,5)2101629916(49,5)
(48,5)2061350601(48,6)
(49,5)1781333682(49,6)
(0,6)1650391871(1,6)
(0,6)15261827(0,7)
(1,6)2049524029(2,6)
(1,6)1104320222(1,7)
(2,6)1379798776(3,6)
(2,6)1521071320(2,7)
(3,6)2063929136(4,6)
(3,6)939262710(3,7)
(4,6)410659876(5,6)
(4,6)149469954(4,7)
(5,6)1104273008(6,6)
(5,6)1208804173(5,7)
(6,6)748943022(7,6)
(6,6)949766891(6,7)
(7,6)1601081361(8,6)
(7,6)288532067(7,7)
(8,6)1840007868(9,6)
(8,6)1492649874(8,7)
(9,6)1573315298(10,6)
(9,6)1675202730(9,7)
(10,6)1483680881(11,6)
(10,6)932614302(10,7)
(11,6)1091974353(12,6)
(11,6)1039314562(11,7)
(12,6)32040696(13,6)
(12,6)672761196(12,7)
(13,6)1965178104(14,6)
(13,6)1127539860(13,7)
(14,6)1081686128(15,6)
(14,6)2093391297(14,7)
(15,6)2108653124(16,6)
(15,6)1599028138(15,7)
(16,6)555864712(17,6)
(16,6)584594352(16,7)
(17,6)2105665672(18,6)
(17,6)2010693505(17,7)
(18,6)802472568(19,6)
(18,6)1935663488(18,7)
(19,6)2085133443(20,6)
(19,6)2022111161(19,7)
(20,6)1083431686(21,6)
(20,6)1213132444(20,7)
(21,6)15415687(22,6)
(21,6)1041922803(21,7)
(22,6)1330454870(23,6)
(22,6)1832374708(22,7)
(23,6)1177540935(24,6)
(23,6)1616497048(23,7)
(24,6)1144216130(25,6)
(24,6)1022979090(24,7)
(25,6)1955593392(26,6)
(25,6)603372585(25,7)
(26,6)1642687147(27,6)
(26,6)480413363(26,7)
(27,6)1153174559(28,6)
(27,6)900084097(27,7)
(28,6)2027623957(29,6)
(28,6)1674727843(28,7)
(29,6)1620635492(30,6)
(29,6)970869015(29,7)
(30,6)422413505(31,6)
(30,6)961826438(30,7)
(31,6)1546420790(32,6)
(31,6)1581804968(31,7)
(32,6)1445014826(33,6)
(32,6)978278217(32,7)
(33,6)766458058(34,6)
(33,6)1504602814(33,7)
(34,6)1379230327(35,6)
(34,6)100003746(34,7)
(35,6)1313136190(36,6)
(35,6)704107853(35,7)
(36,6)1746030656(37,6)
(36,6)315178366(36,7)
(37,6)69426(38,6)
(37,6)1328551878(37,7)
(38,6)797565278(39,6)
(38,6)929001878(38,7)
(39,6)1951980968(40,6)
(39,6)1177610361(39,7)
(40,6)1780982947(41,6)
(40,6)1941781409(40,7)
(41,6)274711124(42,6)
(41,6)1760090712(41,7)
(42,6)512691161(43,6)
(42,6)1276186446(42,7)
(43,6)803430642(44,6)
(43,6)1427885684(43,7)
(44,6)251271051(45,6)
(44,6)392831470(44,7)
(45,6)1354657908(46,6)
(45,6)276582486(45,7)
(46,6)1858387455(47,6)
(46,6)673684557(46,7)
(47,6)1651962774(48,6)
(47,6)753595050(47,7)
(48,6)110714217(49,6)
(48,6)1155918633(48,7)
(49,6)270937184(49,7)
(0,7)1489944544(1,7)
(0,7)1255922379(0,8)
(1,7)421574921(2,7)
(1,7)975045037(1,8)
(2,7)573592045(3,7)
(2,7)1805122910(2,8)
(3,7)1805192337(4,7)
(3,7)1750126799(3,8)
(4,7)400208430(5,7)
(4,7)1502593923(4,8)
(5,7)1307091243(6,7)
(5,7)835319050(5,8)
(6,7)468818349(7,7)
(6,7)194506191(6,8)
(7,7)469217315(8,7)
(7,7)919698307(7,8)
(8,7)1432389468(9,7)
(8,7)1745004796(8,8)
(9,7)400951790(10,7)
(9,7)1897102999(9,8)
(10,7)890403(11,7)
(10,7)1825220939(10,8)
(11,7)1032395199(12,7)
(11,7)677534276(11,8)
(12,7)388438083(13,7)
(12,7)674574960(12,8)
(13,7)179054086(14,7)
(13,7)1785990250(13,8)
(14,7)1896704467(15,7)
(14,7)1544356716(14,8)
(15,7)652795447(16,7)
(15,7)449991271(15,8)
(16,7)1425036308(17,7)
(16,7)1239165363(16,8)
(17,7)896804626(18,7)
(17,7)1074370369(17,8)
(18,7)677013520(19,7)
(18,7)1998628354(18,8)
(19,7)1353738629(20,7)
(19,7)554513315(19,8)
(20,7)1389832365(21,7)
(20,7)1077221950(20,8)
(21,7)1271728141(22,7)
(21,7)513346225(21,8)
(22,7)1433044532(23,7)
(22,7)1858650715(22,8)
(23,7)1456171863(24,7)
(23,7)1740945457(23,8)
(24,7)1490564808(25,7)
(24,7)717950353(24,8)
(25,7)395687644(26,7)
(25,7)1857123653(25,8)
(26,7)387174281(27,7)
(26,7)1491455211(26,8)
(27,7)18546523(28,7)
(27,7)1428082843(27,8)
(28,7)1066589445(29,7)
(28,7)775612365(28,8)
(29,7)172485433(30,7)
(29,7)197600610(29,8)
(30,7)647591881(31,7)
(30,7)815810264(30,8)
(31,7)2054975628(32,7)
(31,7)825280881(31,8)
(32,7)1899651250(33,7)
(32,7)2072628189(32,8)
(33,7)1923772895(34,7)
(33,7)804296606(33,8)
(34,7)1358809921(35,7)
(34,7)429181122(34,8)
(35,7)1506403073(36,7)
(35,7)1130027877(35,8)
(36,7)1643374102(37,7)
(36,7)601158638(36,8)
(37,7)312325705(38,7)
(37,7)630647566(37,8)
(38,7)224109375(39,7)
(38,7)928934986(38,8)
(39,7)1646885339(40,7)
(39,7)1768497568(39,8)
(40,7)1478137573(41,7)
(40,7)1714674184(40,8)
(41,7)1058645747(42,7)
(41,7)2042572983(41,8)
(42,7)1323172179(43,7)
(42,7)1865311855(42,8)
(43,7)493440572(44,7)
(43,7)1077192271(43,8)
(44,7)1274792881(45,7)
(44,7)242277976(44,8)
(45,7)1058088241(46,7)
(45,7)665926005(45,8)
(46,7)1491206886(47,7)
(46,7)1922384762(46,8)
(47,7)1847529303(48,7)
(47,7)965580221(47,8)
(48,7)1769876827(49,7)
(48,7)1243374488(48,8)
(49,7)1623818551(49,8)
(0,8)981203100(1,8)
(0,8)1672555611(0,9)
(1,8)1031475036(2,8)
(1,8)606362780(1,9)
(2,8)102253234(3,8)
(2,8)1582361738(2,9)
(3,8)1894687444(4,8)
(3,8)1662122602(3,9)
(4,8)1886231978(5,8)
(4,8)1031188220(4,9)
(5,8)530589912(6,8)
(5,8)1515701364(5,9)
(6,8)846355290(7,8)
(6,8)1453422514(6,9)
(7,8)364584613(8,8)
(7,8)425679247(7,9)
(8,8)1748851426(9,8)
(8,8)564183497(8,9)
(9,8)1057624069(10,8)
(9,8)1441776884(9,9)
(10,8)569086117(11,8)
(10,8)1991129403(10,9)
(11,8)901733996(12,8)
(11,8)1723550074(11,9)
(12,8)1067273313(13,8)
(12,8)343987231(12,9)
(13,8)44032887(14,8)
(13,8)1867314217(13,9)
(14,8)1489707396(15,8)
(14,8)163164153(14,9)
(15,8)1835719764(16,8)
(15,8)1667851438(15,9)
(16,8)126730570(17,8)
(16,8)323426848(16,9)
(17,8)1905788586(18,8)
(17,8)719711152(17,9)
(18,8)234350107(19,8)
(18,8)228983804(18,9)
(19,8)1260172024(20,8)
(19,8)1652992382(19,9)
(20,8)1021210099(21,8)
(20,8)2120582085(20,9)
(21,8)1426520951(22,8)
(21,8)1790761936(21,9)
(22,8)68957536(23,8)
(22,8)1867565389(22,9)
(23,8)284265238(24,8)
(23,8)1791105564(23,9)
(24,8)1085398801(25,8)
(24,8)1817808962(24,9)
(25,8)1661454717(26,8)
(25,8)1341889307(25,9)
(26,8)917955733(27,8)
(26,8)1654484918(26,9)
(27,8)1998472150(28,8)
(27,8)415705065(27,9)
(28,8)135535634(29,8)
(28,8)1985229046(28,9)
(29,8)909552(30,8)
(29,8)2042505037(29,9)
(30,8)1562872827(31,8)
(30,8)1625243030(30,9)
(31,8)1948669878(32,8)
(31,8)1836629316(31,9)
(32,8)408856821(33,8)
(32,8)1689603397(32,9)
(33,8)1918587201(34,8)
(33,8)1706974817(33,9)
(34,8)1212483551(35,8)
(34,8)643206928(34,9)
(35,8)616305365(36,8)
(35,8)1031275577(35,9)
(36,8)674553866(37,8)
(36,8)86210002(36,9)
(37,8)1953775391(38,8)
(37,8)2042826316(37,9)
(38,8)1686448232(39,8)
(38,8)743511402(38,9)
(39,8)413836716(40,8)
(39,8)90556981(39,9)
(40,8)1432446288(41,8)
(40,8)624363385(40,9)
(41,8)131364656(42,8)
(41,8)2075291434(41,9)
(42,8)343512851(43,8)
(42,8)202918374(42,9)
(43,8)40663772(44,8)
(43,8)2129836806(43,9)
(44,8)2024858195(45,8)
(44,8)479048486(44,9)
(45,8)2104291516(46,8)
(45,8)41573324(45,9)
(46,8)1878202641(47,8)
(46,8)1440247374(46,9)
(47,8)982367123(48,8)
(47,8)1905477747(47,9)
(48,8)1464968916(49,8)
(48,8)139575814(48,9)
(49,8)753470676(49,9)
(0,9)782782742(1,9)
(1,9)529968819(2,9)
(2,9)1784746253(3,9)
(3,9)1399088107(4,9)
(4,9)616178822(5,9)
(5,9)311816471(6,9)
(6,9)1294430775(7,9)
(7,9)422470565(8,9)
(8,9)1055327873(9,9)
(9,9)833395359(10,9)
(10,9)513027547(11,9)
(11,9)1469164590(12,9)
(12,9)1457758745(13,9)
(13,9)1945473835(14,9)
(14,9)1396972376(15,9)
(15,9)1589123401(16,9)
(16,9)908561(17,9)
(17,9)1740485227(18,9)
(18,9)1571476559(19,9)
(19,9)41572334(20,9)
(20,9)72050065(21,9)
(21,9)1448851106(22,9)
(22,9)83145658(23,9)
(23,9)28857934(24,9)
(24,9)741614832(25,9)
(25,9)1961348299(26,9)
(26,9)1934335681(27,9)
(27,9)1723981955(28,9)
(28,9)2100924113(29,9)
(29,9)1251820949(30,9)
(30,9)329968983(31,9)
(31,9)736223207(32,9)
(32,9)1781789768(33,9)
(33,9)2114715236(34,9)
(34,9)2135311314(35,9)
(35,9)250484942(36,9)
(36,9)279048060(37,9)
(37,9)1282258441(38,9)
(38,9)672955508(39,9)
(39,9)1334375933(40,9)
(40,9)2115653801(41,9)
(41,9)1185983055(42,9)
(42,9)656056875(43,9)
(43,9)1425928898(44,9)
(44,9)983973242(45,9)
(45,9)2053029251(46,9)
(46,9)867568651(47,9)
(47,9)984881804(48,9)
(48,9)1646030831(49,9)
