10 200
(0,0)2087126626(1,0)
(0,0)1177220057(0,1)
(1,0)542653442(2,0)
(1,0)708351959(1,1)
(2,0)1615938025(3,0)
(2,0)811084115(2,1)
(3,0)1449297885(4,0)
(3,0)615503814(3,1)
(4,0)757537093(5,0)
(4,0)270741611(4,1)
(5,0)1352355143(6,0)
(5,0)309577175(5,1)
(6,0)152526327(7,0)
(6,0)1376604910(6,1)
(7,0)183158772(8,0)
(7,0)1296856901(7,1)
(8,0)1053250594(9,0)
(8,0)1463767543(8,1)
(9,0)2067296771(9,1)
(0,1)789163735(1,1)
(0,1)227783239(0,2)
(1,1)1415648985(2,1)
(1,1)585373693(1,2)
(2,1)489461291(3,1)
(2,1)1311039006(2,2)
(3,1)1287270533(4,1)
(3,1)273044490(3,2)
(4,1)1181863954(5,1)
(4,1)1313233116(4,2)
(5,1)414325353(6,1)
(5,1)937134762(5,2)
(6,1)876777740(7,1)
(6,1)211600364(6,2)
(7,1)754253806(8,1)
(7,1)1122677312(7,2)
(8,1)591131690(9,1)
(8,1)1687861855(8,2)
(9,1)1369757620(9,2)
(0,2)861873301(1,2)
(0,2)989676093(0,3)
(1,2)1299253268(2,2)
(1,2)2127294714(1,3)
(2,2)1356415976(3,2)
(2,2)66744796(2,3)
(3,2)1363601697(4,2)
(3,2)1451779596(3,3)
(4,2)768063491(5,2)
(4,2)1539574749(4,3)
(5,2)1459387872(6,2)
(5,2)269368643(5,3)
(6,2)1058532378(7,2)
(6,2)995846731(6,3)
(7,2)264012068(8,2)
(7,2)2044761566(7,3)
(8,2)386739209(9,2)
(8,2)222087736(8,3)
(9,2)537056558(9,3)
(0,3)1699972326(1,3)
(0,3)1509358269(0,4)
(1,3)299009383(2,3)
(1,3)1718920513(1,4)
(2,3)1930520877(3,3)
(2,3)2114297679(2,4)
(3,3)1089491344(4,3)
(3,3)1175787124(3,4)
(4,3)716165331(5,3)
(4,3)537291035(4,4)
(5,3)1907048655(6,3)
(5,3)1680623034(5,4)
(6,3)395012687(7,3)
(6,3)1705841424(6,4)
(7,3)857611045(8,3)
(7,3)1886859721(7,4)
(8,3)1095792050(9,3)
(8,3)461757483(8,4)
(9,3)161906993(9,4)
(0,4)487883151(1,4)
(0,4)1825359180(0,5)
(1,4)2094727823(2,4)
(1,4)929970484(1,5)
(2,4)1925817215(3,4)
(2,4)1947271023(2,5)
(3,4)1844548941(4,4)
(3,4)1005776553(3,5)
(4,4)1227864289(5,4)
(4,4)42345636(4,5)
(5,4)579402194(6,4)
(5,4)83804503(5,5)
(6,4)1783776829(7,4)
(6,4)589738910(6,5)
(7,4)888748294(8,4)
(7,4)150839059(7,5)
(8,4)2081359936(9,4)
(8,4)1750590860(8,5)
(9,4)2064535418(9,5)
(0,5)471167323(1,5)
(0,5)692598556(0,6)
(1,5)225737942(2,5)
(1,5)633217101(1,6)
(2,5)191574878(3,5)
(2,5)230732331(2,6)
(3,5)2117592052(4,5)
(3,5)620750629(3,6)
(4,5)1082508112(5,5)
(4,5)1049185923(4,6)
(5,5)1211092916(6,5)
(5,5)1065900454(5,6)
(6,5)1553783605(7,5)
(6,5)760383644(6,6)
(7,5)707627819(8,5)
(7,5)2141063400(7,6)
(8,5)1919396968(9,5)
(8,5)1353570981(8,6)
(9,5)1713404372(9,6)
(0,6)1961742604(1,6)
(0,6)1050636274(0,7)
(1,6)1134440777(2,6)
(1,6)793785013(1,7)
(2,6)1383523924(3,6)
(2,6)393661150(2,7)
(3,6)544500210(4,6)
(3,6)770733958(3,7)
(4,6)373841171(5,6)
(4,6)124788570(4,7)
(5,6)41840340(6,6)
(5,6)478376498(5,7)
(6,6)949543822(7,6)
(6,6)1066439727(6,7)
(7,6)1292177670(8,6)
(7,6)675057441(7,7)
(8,6)866632319(9,6)
(8,6)1180276153(8,7)
(9,6)1912928299(9,7)
(0,7)1915818242(1,7)
(0,7)1150384557(0,8)
(1,7)68801364(2,7)
(1,7)847952764(1,8)
(2,7)1608336408(3,7)
(2,7)979427510(2,8)
(3,7)973007263(4,7)
(3,7)1622584969(3,8)
(4,7)828672302(5,7)
(4,7)168480580(4,8)
(5,7)1881884952(6,7)
(5,7)744920583(5,8)
(6,7)559179539(7,7)
(6,7)1879308577(6,8)
(7,7)866265706(8,7)
(7,7)528186318(7,8)
(8,7)1911710242(9,7)
(8,7)952840689(8,8)
(9,7)1636999665(9,8)
(0,8)2036498812(1,8)
(0,8)1497340899(0,9)
(1,8)1975717398(2,8)
(1,8)2010840836(1,9)
(2,8)929796915(3,8)
(2,8)2078339152(2,9)
(3,8)605912945(4,8)
(3,8)777777572(3,9)
(4,8)1958053725(5,8)
(4,8)74490937(4,9)
(5,8)1987419237(6,8)
(5,8)1472545265(5,9)
(6,8)1240879859(7,8)
(6,8)960954634(6,9)
(7,8)1029755998(8,8)
(7,8)687888353(7,9)
(8,8)148741113(9,8)
(8,8)72823722(8,9)
(9,8)504857320(9,9)
(0,9)317221693(1,9)
(0,9)1045830985(0,10)
(1,9)1790751568(2,9)
(1,9)1333529622(1,10)
(2,9)1065354551(3,9)
(2,9)51622998(2,10)
(3,9)579809316(4,9)
(3,9)202447459(3,10)
(4,9)1155288148(5,9)
(4,9)1931620258(4,10)
(5,9)1421136275(6,9)
(5,9)344035910(5,10)
(6,9)233051074(7,9)
(6,9)505145400(6,10)
(7,9)333379150(8,9)
(7,9)1284493463(7,10)
(8,9)66806730(9,9)
(8,9)163906578(8,10)
(9,9)1111156722(9,10)
(0,10)141297668(1,10)
(0,10)769819523(0,11)
(1,10)94881140(2,10)
(1,10)921726799(1,11)
(2,10)1882681433(3,10)
(2,10)2128716905(2,11)
(3,10)669121610(4,10)
(3,10)1335761000(3,11)
(4,10)1408584722(5,10)
(4,10)764953784(4,11)
(5,10)1269811104(6,10)
(5,10)817862723(5,11)
(6,10)1135084417(7,10)
(6,10)306932059(6,11)
(7,10)2097683627(8,10)
(7,10)455857078(7,11)
(8,10)1521211630(9,10)
(8,10)1186707415(8,11)
(9,10)152647438(9,11)
(0,11)1305348240(1,11)
(0,11)1766516731(0,12)
(1,11)2110552641(2,11)
(1,11)1307935586(1,12)
(2,11)1813080986(3,11)
(2,11)579000867(2,12)
(3,11)1863494330(4,11)
(3,11)196120067(3,12)
(4,11)360026645(5,11)
(4,11)2146460136(4,12)
(5,11)1110133210(6,11)
(5,11)1930301060(5,12)
(6,11)2071598728(7,11)
(6,11)1129846168(6,12)
(7,11)1224727309(8,11)
(7,11)2031860009(7,12)
(8,11)1767057795(9,11)
(8,11)2052831985(8,12)
(9,11)413004661(9,12)
(0,12)384527931(1,12)
(0,12)574469947(0,13)
(1,12)1392332671(2,12)
(1,12)1821589383(1,13)
(2,12)2128521442(3,12)
(2,12)1654339035(2,13)
(3,12)2110196113(4,12)
(3,12)379933440(3,13)
(4,12)1566640855(5,12)
(4,12)2078721421(4,13)
(5,12)83885211(6,12)
(5,12)1483924095(5,13)
(6,12)641788687(7,12)
(6,12)1185673938(6,13)
(7,12)1148742931(8,12)
(7,12)1391820797(7,13)
(8,12)1057418136(9,12)
(8,12)1220789554(8,13)
(9,12)1344862998(9,13)
(0,13)1056394624(1,13)
(0,13)936800236(0,14)
(1,13)719617649(2,13)
(1,13)1704889643(1,14)
(2,13)687252163(3,13)
(2,13)19044187(2,14)
(3,13)2050904196(4,13)
(3,13)643732729(3,14)
(4,13)549081067(5,13)
(4,13)1911979472(4,14)
(5,13)177500485(6,13)
(5,13)1670478343(5,14)
(6,13)2055006274(7,13)
(6,13)1123551014(6,14)
(7,13)368400037(8,13)
(7,13)1999089868(7,14)
(8,13)1980127662(9,13)
(8,13)1561861661(8,14)
(9,13)748333477(9,14)
(0,14)1911365435(1,14)
(0,14)1524574127(0,15)
(1,14)861014574(2,14)
(1,14)167490684(1,15)
(2,14)1353164622(3,14)
(2,14)1995250646(2,15)
(3,14)1239587796(4,14)
(3,14)1502803262(3,15)
(4,14)576109168(5,14)
(4,14)354423905(4,15)
(5,14)1699286903(6,14)
(5,14)149522284(5,15)
(6,14)1205916908(7,14)
(6,14)1512909405(6,15)
(7,14)85043406(8,14)
(7,14)1256692898(7,15)
(8,14)1943945062(9,14)
(8,14)1224961095(8,15)
(9,14)728776135(9,15)
(0,15)1708440886(1,15)
(0,15)1128381644(0,16)
(1,15)651376339(2,15)
(1,15)1277857202(1,16)
(2,15)253924569(3,15)
(2,15)1885941372(2,16)
(3,15)1737547592(4,15)
(3,15)558898966(3,16)
(4,15)2120760627(5,15)
(4,15)622324606(4,16)
(5,15)1370658084(6,15)
(5,15)1570191607(5,16)
(6,15)1334073394(7,15)
(6,15)1497851106(6,16)
(7,15)211382033(8,15)
(7,15)1538148768(7,16)
(8,15)743829743(9,15)
(8,15)1181840393(8,16)
(9,15)1714185295(9,16)
(0,16)1098253648(1,16)
(0,16)273944541(0,17)
(1,16)423466825(2,16)
(1,16)142810815(1,17)
(2,16)1655720220(3,16)
(2,16)650056904(2,17)
(3,16)1906749802(4,16)
(3,16)1629383733(3,17)
(4,16)706861181(5,16)
(4,16)1740763626(4,17)
(5,16)322056114(6,16)
(5,16)1703211216(5,17)
(6,16)1264168455(7,16)
(6,16)1835242825(6,17)
(7,16)339135516(8,16)
(7,16)1599913316(7,17)
(8,16)1853837885(9,16)
(8,16)1002626179(8,17)
(9,16)898034482(9,17)
(0,17)328678844(1,17)
(0,17)592690123(0,18)
(1,17)15398082(2,17)
(1,17)871311462(1,18)
(2,17)221678920(3,17)
(2,17)1699336928(2,18)
(3,17)1090002048(4,17)
(3,17)1349471477(3,18)
(4,17)383828222(5,17)
(4,17)433060953(4,18)
(5,17)2147246248(6,17)
(5,17)1833831791(5,18)
(6,17)784601792(7,17)
(6,17)657772763(6,18)
(7,17)1081239588(8,17)
(7,17)142573416(7,18)
(8,17)1798293636(9,17)
(8,17)1434658696(8,18)
(9,17)563139673(9,18)
(0,18)1391573615(1,18)
(0,18)1193924850(0,19)
(1,18)749652419(2,18)
(1,18)1270000854(1,19)
(2,18)957760031(3,18)
(2,18)1713629729(2,19)
(3,18)1166059397(4,18)
(3,18)2013820874(3,19)
(4,18)868963405(5,18)
(4,18)1296895548(4,19)
(5,18)47446382(6,18)
(5,18)872413635(5,19)
(6,18)1201092479(7,18)
(6,18)1461653528(6,19)
(7,18)1477051611(8,18)
(7,18)918757844(7,19)
(8,18)1140436765(9,18)
(8,18)752945759(8,19)
(9,18)679039440(9,19)
(0,19)1573497718(1,19)
(0,19)1842947807(0,20)
(1,19)1529295951(2,19)
(1,19)1062867662(1,20)
(2,19)1720640425(3,19)
(2,19)1573260319(2,20)
(3,19)1715833735(4,19)
(3,19)166414095(3,20)
(4,19)1601072791(5,19)
(4,19)654396365(4,20)
(5,19)1217536038(6,19)
(5,19)1366643723(5,20)
(6,19)610733690(7,19)
(6,19)647513993(6,20)
(7,19)1397166412(8,19)
(7,19)340053245(7,20)
(8,19)1297813276(9,19)
(8,19)176879771(8,20)
(9,19)1263503638(9,20)
(0,20)447225176(1,20)
(0,20)1342939169(0,21)
(1,20)67869156(2,20)
(1,20)2132467043(1,21)
(2,20)1446636924(3,20)
(2,20)494671559(2,21)
(3,20)1413429403(4,20)
(3,20)1268961635(3,21)
(4,20)2021907394(5,20)
(4,20)776204887(4,21)
(5,20)1455244327(6,20)
(5,20)406382520(5,21)
(6,20)1979880239(7,20)
(6,20)1717371553(6,21)
(7,20)1099183856(8,20)
(7,20)370628341(7,21)
(8,20)2091268766(9,20)
(8,20)1405656910(8,21)
(9,20)1265597951(9,21)
(0,21)598181483(1,21)
(0,21)974006997(0,22)
(1,21)193167072(2,21)
(1,21)719187094(1,22)
(2,21)1366701088(3,21)
(2,21)1815717521(2,22)
(3,21)8287118(4,21)
(3,21)803900763(3,22)
(4,21)980780534(5,21)
(4,21)616383852(4,22)
(5,21)1879887491(6,21)
(5,21)1306100395(5,22)
(6,21)1753325571(7,21)
(6,21)176236055(6,22)
(7,21)244105211(8,21)
(7,21)1864870886(7,22)
(8,21)1164024162(9,21)
(8,21)100513482(8,22)
(9,21)1513066846(9,22)
(0,22)1940229049(1,22)
(0,22)1513942886(0,23)
(1,22)1920325406(2,22)
(1,22)1387490592(1,23)
(2,22)957378498(3,22)
(2,22)1247989728(2,23)
(3,22)1618618069(4,22)
(3,22)1752721997(3,23)
(4,22)1010895259(5,22)
(4,22)2056562354(4,23)
(5,22)1174676658(6,22)
(5,22)1562403187(5,23)
(6,22)13101022(7,22)
(6,22)1984902256(6,23)
(7,22)30585681(8,22)
(7,22)1893863752(7,23)
(8,22)1113081192(9,22)
(8,22)1828818544(8,23)
(9,22)834486444(9,23)
(0,23)1729465045(1,23)
(0,23)1837105662(0,24)
(1,23)995722409(2,23)
(1,23)1815266978(1,24)
(2,23)1991503034(3,23)
(2,23)1461868888(2,24)
(3,23)1179256126(4,23)
(3,23)601564333(3,24)
(4,23)702077815(5,23)
(4,23)88124597(4,24)
(5,23)1601191444(6,23)
(5,23)195796641(5,24)
(6,23)2136025690(7,23)
(6,23)68537053(6,24)
(7,23)1988862460(8,23)
(7,23)841198388(7,24)
(8,23)1798576886(9,23)
(8,23)1236531771(8,24)
(9,23)1594100809(9,24)
(0,24)1707655593(1,24)
(0,24)707666192(0,25)
(1,24)122585732(2,24)
(1,24)457512421(1,25)
(2,24)294931029(3,24)
(2,24)734848603(2,25)
(3,24)481228707(4,24)
(3,24)135686754(3,25)
(4,24)1964505298(5,24)
(4,24)325516710(4,25)
(5,24)1160003154(6,24)
(5,24)1594309900(5,25)
(6,24)1176291297(7,24)
(6,24)1654127313(6,25)
(7,24)502366074(8,24)
(7,24)827786485(7,25)
(8,24)671805871(9,24)
(8,24)490676537(8,25)
(9,24)1103930407(9,25)
(0,25)759930468(1,25)
(0,25)1669932663(0,26)
(1,25)1865729304(2,25)
(1,25)1806008223(1,26)
(2,25)1874545276(3,25)
(2,25)213638264(2,26)
(3,25)1054836653(4,25)
(3,25)1854271347(3,26)
(4,25)943319470(5,25)
(4,25)1715924088(4,26)
(5,25)1162541250(6,25)
(5,25)705929891(5,26)
(6,25)266101836(7,25)
(6,25)1650985662(6,26)
(7,25)1773571394(8,25)
(7,25)1620053671(7,26)
(8,25)1914984700(9,25)
(8,25)1000950439(8,26)
(9,25)1909258149(9,26)
(0,26)93017763(1,26)
(0,26)1482179147(0,27)
(1,26)929005399(2,26)
(1,26)1726279799(1,27)
(2,26)1232923464(3,26)
(2,26)1253020917(2,27)
(3,26)2080807402(4,26)
(3,26)2105296696(3,27)
(4,26)448489585(5,26)
(4,26)1735289539(4,27)
(5,26)691736298(6,26)
(5,26)605129625(5,27)
(6,26)1365060094(7,26)
(6,26)2118422248(6,27)
(7,26)1836667905(8,26)
(7,26)350260873(7,27)
(8,26)77322502(9,26)
(8,26)1578698358(8,27)
(9,26)1543455604(9,27)
(0,27)1793246590(1,27)
(0,27)486051363(0,28)
(1,27)1191981255(2,27)
(1,27)339291426(1,28)
(2,27)1990277088(3,27)
(2,27)808304192(2,28)
(3,27)280874215(4,27)
(3,27)1458083091(3,28)
(4,27)311549883(5,27)
(4,27)1616364835(4,28)
(5,27)1378139336(6,27)
(5,27)48375268(5,28)
(6,27)141393031(7,27)
(6,27)1793729030(6,28)
(7,27)575250781(8,27)
(7,27)956935487(7,28)
(8,27)42375304(9,27)
(8,27)1394413948(8,28)
(9,27)533063829(9,28)
(0,28)1777664843(1,28)
(0,28)1327737703(0,29)
(1,28)1932867328(2,28)
(1,28)981553414(1,29)
(2,28)952492014(3,28)
(2,28)321917493(2,29)
(3,28)672178367(4,28)
(3,28)1150443774(3,29)
(4,28)581658485(5,28)
(4,28)641676271(4,29)
(5,28)37648227(6,28)
(5,28)749500869(5,29)
(6,28)395263811(7,28)
(6,28)1067709848(6,29)
(7,28)112207455(8,28)
(7,28)376939653(7,29)
(8,28)219733094(9,28)
(8,28)1203568004(8,29)
(9,28)1570290547(9,29)
(0,29)1836097929(1,29)
(0,29)1484442219(0,30)
(1,29)1532817487(2,29)
(1,29)1881840430(1,30)
(2,29)1528085812(3,29)
(2,29)1066753617(2,30)
(3,29)2023689104(4,29)
(3,29)1674210518(3,30)
(4,29)921140819(5,29)
(4,29)2103336593(4,30)
(5,29)488916774(6,29)
(5,29)2066064408(5,30)
(6,29)1696245603(7,29)
(6,29)101394874(6,30)
(7,29)2034262202(8,29)
(7,29)1470470188(7,30)
(8,29)275478554(9,29)
(8,29)2018163097(8,30)
(9,29)1037222329(9,30)
(0,30)917154826(1,30)
(0,30)542857816(0,31)
(1,30)1292358685(2,30)
(1,30)1618880814(1,31)
(2,30)539107014(3,30)
(2,30)954803053(2,31)
(3,30)1331742707(4,30)
(3,30)1687622496(3,31)
(4,30)743706852(5,30)
(4,30)651314470(4,31)
(5,30)74121369(6,30)
(5,30)1551475801(5,31)
(6,30)1240090082(7,30)
(6,30)80665424(6,31)
(7,30)1613482911(8,30)
(7,30)1955961799(7,31)
(8,30)1336563963(9,30)
(8,30)159360051(8,31)
(9,30)1140209782(9,31)
(0,31)1292416908(1,31)
(0,31)35565507(0,32)
(1,31)2101629916(2,31)
(1,31)2061350601(1,32)
(2,31)15261827(3,31)
(2,31)1781333682(2,32)
(3,31)1104320222(4,31)
(3,31)1650391871(3,32)
(4,31)1521071320(5,31)
(4,31)2049524029(4,32)
(5,31)939262710(6,31)
(5,31)1379798776(5,32)
(6,31)149469954(7,31)
(6,31)2063929136(6,32)
(7,31)1208804173(8,31)
(7,31)410659876(7,32)
(8,31)949766891(9,31)
(8,31)1104273008(8,32)
(9,31)748943022(9,32)
(0,32)1601081361(1,32)
(0,32)288532067(0,33)
(1,32)1840007868(2,32)
(1,32)1492649874(1,33)
(2,32)1573315298(3,32)
(2,32)1675202730(2,33)
(3,32)1483680881(4,32)
(3,32)932614302(3,33)
(4,32)1091974353(5,32)
(4,32)1039314562(4,33)
(5,32)32040696(6,32)
(5,32)672761196(5,33)
(6,32)1965178104(7,32)
(6,32)1127539860(6,33)
(7,32)1081686128(8,32)
(7,32)2093391297(7,33)
(8,32)2108653124(9,32)
(8,32)1599028138(8,33)
(9,32)584594352(9,33)
(0,33)2010693505(1,33)
(0,33)555864712(0,34)
(1,33)1935663488(2,33)
(1,33)2105665672(1,34)
(2,33)2022111161(3,33)
(2,33)802472568(2,34)
(3,33)1213132444(4,33)
(3,33)2085133443(3,34)
(4,33)1041922803(5,33)
(4,33)1083431686(4,34)
(5,33)1832374708(6,33)
(5,33)15415687(5,34)
(6,33)1616497048(7,33)
(6,33)1330454870(6,34)
(7,33)1022979090(8,33)
(7,33)1177540935(7,34)
(8,33)603372585(9,33)
(8,33)1144216130(8,34)
(9,33)1955593392(9,34)
(0,34)1642687147(1,34)
(0,34)480413363(0,35)
(1,34)1153174559(2,34)
(1,34)900084097(1,35)
(2,34)2027623957(3,34)
(2,34)1674727843(2,35)
(3,34)1620635492(4,34)
(3,34)970869015(3,35)
(4,34)422413505(5,34)
(4,34)961826438(4,35)
(5,34)1546420790(6,34)
(5,34)1581804968(5,35)
(6,34)1445014826(7,34)
(6,34)978278217(6,35)
(7,34)766458058(8,34)
(7,34)1504602814(7,35)
(8,34)1379230327(9,34)
(8,34)100003746(8,35)
(9,34)704107853(9,35)
(0,35)315178366(1,35)
(0,35)1313136190(0,36)
(1,35)1328551878(2,35)
(1,35)1746030656(1,36)
(2,35)929001878(3,35)
(2,35)69426(2,36)
(3,35)1177610361(4,35)
(3,35)797565278(3,36)
(4,35)1941781409(5,35)
(4,35)1951980968(4,36)
(5,35)1760090712(6,35)
(5,35)1780982947(5,36)
(6,35)1276186446(7,35)
(6,35)274711124(6,36)
(7,35)1427885684(8,35)
(7,35)512691161(7,36)
(8,35)392831470(9,35)
(8,35)803430642(8,36)
(9,35)251271051(9,36)
(0,36)1354657908(1,36)
(0,36)276582486(0,37)
(1,36)1858387455(2,36)
(1,36)673684557(1,37)
(2,36)1651962774(3,36)
(2,36)753595050(2,37)
(3,36)110714217(4,36)
(3,36)1155918633(3,37)
(4,36)1255922379(5,36)
(4,36)270937184(4,37)
(5,36)975045037(6,36)
(5,36)1489944544(5,37)
(6,36)1805122910(7,36)
(6,36)421574921(6,37)
(7,36)1750126799(8,36)
(7,36)573592045(7,37)
(8,36)1502593923(9,36)
(8,36)1805192337(8,37)
(9,36)400208430(9,37)
(0,37)1307091243(1,37)
(0,37)835319050(0,38)
(1,37)468818349(2,37)
(1,37)194506191(1,38)
(2,37)469217315(3,37)
(2,37)919698307(2,38)
(3,37)1432389468(4,37)
(3,37)1745004796(3,38)
(4,37)400951790(5,37)
(4,37)1897102999(4,38)
(5,37)890403(6,37)
(5,37)1825220939(5,38)
(6,37)1032395199(7,37)
(6,37)677534276(6,38)
(7,37)388438083(8,37)
(7,37)674574960(7,38)
(8,37)179054086(9,37)
(8,37)1785990250(8,38)
(9,37)1544356716(9,38)
(0,38)449991271(1,38)
(0,38)1896704467(0,39)
(1,38)1239165363(2,38)
(1,38)652795447(1,39)
(2,38)1074370369(3,38)
(2,38)1425036308(2,39)
(3,38)1998628354(4,38)
(3,38)896804626(3,39)
(4,38)554513315(5,38)
(4,38)677013520(4,39)
(5,38)1077221950(6,38)
(5,38)1353738629(5,39)
(6,38)513346225(7,38)
(6,38)1389832365(6,39)
(7,38)1858650715(8,38)
(7,38)1271728141(7,39)
(8,38)1740945457(9,38)
(8,38)1433044532(8,39)
(9,38)1456171863(9,39)
(0,39)1490564808(1,39)
(0,39)717950353(0,40)
(1,39)395687644(2,39)
(1,39)1857123653(1,40)
(2,39)387174281(3,39)
(2,39)1491455211(2,40)
(3,39)18546523(4,39)
(3,39)1428082843(3,40)
(4,39)1066589445(5,39)
(4,39)775612365(4,40)
(5,39)172485433(6,39)
(5,39)197600610(5,40)
(6,39)647591881(7,39)
(6,39)815810264(6,40)
(7,39)2054975628(8,39)
(7,39)825280881(7,40)
(8,39)1899651250(9,39)
(8,39)2072628189(8,40)
(9,39)804296606(9,40)
(0,40)429181122(1,40)
(0,40)1923772895(0,41)
(1,40)1130027877(2,40)
(1,40)1358809921(1,41)
(2,40)601158638(3,40)
(2,40)1506403073(2,41)
(3,40)630647566(4,40)
(3,40)1643374102(3,41)
(4,40)928934986(5,40)
(4,40)312325705(4,41)
(5,40)1768497568(6,40)
(5,40)224109375(5,41)
(6,40)1714674184(7,40)
(6,40)1646885339(6,41)
(7,40)2042572983(8,40)
(7,40)1478137573(7,41)
(8,40)1865311855(9,40)
(8,40)1058645747(8,41)
(9,40)1323172179(9,41)
(0,41)493440572(1,41)
(0,41)1077192271(0,42)
(1,41)1274792881(2,41)
(1,41)242277976(1,42)
(2,41)1058088241(3,41)
(2,41)665926005(2,42)
(3,41)1491206886(4,41)
(3,41)1922384762(3,42)
(4,41)1847529303(5,41)
(4,41)965580221(4,42)
(5,41)1769876827(6,41)
(5,41)1243374488(5,42)
(6,41)1672555611(7,41)
(6,41)1623818551(6,42)
(7,41)606362780(8,41)
(7,41)981203100(7,42)
(8,41)1582361738(9,41)
(8,41)1031475036(8,42)
(9,41)102253234(9,42)
(0,42)1894687444(1,42)
(0,42)1662122602(0,43)
(1,42)1886231978(2,42)
(1,42)1031188220(1,43)
(2,42)530589912(3,42)
(2,42)1515701364(2,43)
(3,42)846355290(4,42)
(3,42)1453422514(3,43)
(4,42)364584613(5,42)
(4,42)425679247(4,43)
(5,42)1748851426(6,42)
(5,42)564183497(5,43)
(6,42)1057624069(7,42)
(6,42)1441776884(6,43)
(7,42)569086117(8,42)
(7,42)1991129403(7,43)
(8,42)901733996(9,42)
(8,42)1723550074(8,43)
(9,42)343987231(9,43)
(0,43)1867314217(1,43)
(0,43)1067273313(0,44)
(1,43)163164153(2,43)
(1,43)44032887(1,44)
(2,43)1667851438(3,43)
(2,43)1489707396(2,44)
(3,43)323426848(4,43)
(3,43)1835719764(3,44)
(4,43)719711152(5,43)
(4,43)126730570(4,44)
(5,43)228983804(6,43)
(5,43)1905788586(5,44)
(6,43)1652992382(7,43)
(6,43)234350107(6,44)
(7,43)2120582085(8,43)
(7,43)1260172024(7,44)
(8,43)1790761936(9,43)
(8,43)1021210099(8,44)
(9,43)1426520951(9,44)
(0,44)68957536(1,44)
(0,44)1867565389(0,45)
(1,44)284265238(2,44)
(1,44)1791105564(1,45)
(2,44)1085398801(3,44)
(2,44)1817808962(2,45)
(3,44)1661454717(4,44)
(3,44)1341889307(3,45)
(4,44)917955733(5,44)
(4,44)1654484918(4,45)
(5,44)1998472150(6,44)
(5,44)415705065(5,45)
(6,44)135535634(7,44)
(6,44)1985229046(6,45)
(7,44)909552(8,44)
(7,44)2042505037(7,45)
(8,44)1562872827(9,44)
(8,44)1625243030(8,45)
(9,44)1836629316(9,45)
(0,45)1689603397(1,45)
(0,45)1948669878(0,46)
(1,45)1706974817(2,45)
(1,45)408856821(1,46)
(2,45)643206928(3,45)
(2,45)1918587201(2,46)
(3,45)1031275577(4,45)
(3,45)1212483551(3,46)
(4,45)86210002(5,45)
(4,45)616305365(4,46)
(5,45)2042826316(6,45)
(5,45)674553866(5,46)
(6,45)743511402(7,45)
(6,45)1953775391(6,46)
(7,45)90556981(8,45)
(7,45)1686448232(7,46)
(8,45)624363385(9,45)
(8,45)413836716(8,46)
(9,45)1432446288(9,46)
(0,46)131364656(1,46)
(0,46)2075291434(0,47)
(1,46)343512851(2,46)
(1,46)202918374(1,47)
(2,46)40663772(3,46)
(2,46)2129836806(2,47)
(3,46)2024858195(4,46)
(3,46)479048486(3,47)
(4,46)2104291516(5,46)
(4,46)41573324(4,47)
(5,46)1878202641(6,46)
(5,46)1440247374(5,47)
(6,46)982367123(7,46)
(6,46)1905477747(6,47)
(7,46)1464968916(8,46)
(7,46)139575814(7,47)
(8,46)782782742(9,46)
(8,46)753470676(8,47)
(9,46)529968819(9,47)
(0,47)1399088107(1,47)
(0,47)1784746253(0,48)
(1,47)311816471(2,47)
(1,47)616178822(1,48)
(2,47)422470565(3,47)
(2,47)1294430775(2,48)
(3,47)833395359(4,47)
(3,47)1055327873(3,48)
(4,47)1469164590(5,47)
(4,47)513027547(4,48)
(5,47)1945473835(6,47)
(5,47)1457758745(5,48)
(6,47)1589123401(7,47)
(6,47)1396972376(6,48)
(7,47)1740485227(8,47)
(7,47)908561(7,48)
(8,47)41572334(9,47)
(8,47)1571476559(8,48)
(9,47)72050065(9,48)
(0,48)83145658(1,48)
(0,48)1448851106(0,49)
(1,48)741614832(2,48)
(1,48)28857934(1,49)
(2,48)1934335681(3,48)
(2,48)1961348299(2,49)
(3,48)2100924113(4,48)
(3,48)1723981955(3,49)
(4,48)329968983(5,48)
(4,48)1251820949(4,49)
(5,48)1781789768(6,48)
(5,48)736223207(5,49)
(6,48)2135311314(7,48)
(6,48)2114715236(6,49)
(7,48)279048060(8,48)
(7,48)250484942(7,49)
(8,48)672955508(9,48)
(8,48)1282258441(8,49)
(9,48)1334375933(9,49)
(0,49)1185983055(1,49)
(0,49)2115653801(0,50)
(1,49)1425928898(2,49)
(1,49)656056875(1,50)
(2,49)2053029251(3,49)
(2,49)983973242(2,50)
(3,49)984881804(4,49)
(3,49)867568651(3,50)
(4,49)291561562(5,49)
(4,49)1646030831(4,50)
(5,49)1718080896(6,49)
(5,49)1026454138(5,50)
(6,49)1109599796(7,49)
(6,49)1740412668(6,50)
(7,49)334543852(8,49)
(7,49)1746938830(7,50)
(8,49)1533790863(9,49)
(8,49)923464448(8,50)
(9,49)2058525807(9,50)
(0,50)638128164(1,50)
(0,50)876904913(0,51)
(1,50)1613128121(2,50)
(1,50)241011142(1,51)
(2,50)208242730(3,50)
(2,50)272434285(2,51)
(3,50)522919227(4,50)
(3,50)1600955787(3,51)
(4,50)735730581(5,50)
(4,50)487290790(4,51)
(5,50)1821666724(6,50)
(5,50)1195874735(5,51)
(6,50)234374142(7,50)
(6,50)703900734(6,51)
(7,50)2129829632(8,50)
(7,50)330239951(7,51)
(8,50)235785555(9,50)
(8,50)1218347385(8,51)
(9,50)849914635(9,51)
(0,51)1881816386(1,51)
(0,51)55745541(0,52)
(1,51)1082199679(2,51)
(1,51)1141476197(1,52)
(2,51)734405217(3,51)
(2,51)1452413634(2,52)
(3,51)1051868817(4,51)
(3,51)44315827(3,52)
(4,51)967780275(5,51)
(4,51)1068949069(4,52)
(5,51)979991228(6,51)
(5,51)438176032(5,52)
(6,51)1076304197(7,51)
(6,51)1844685189(6,52)
(7,51)1310329662(8,51)
(7,51)1221002370(7,52)
(8,51)1429245100(9,51)
(8,51)1348738482(8,52)
(9,51)763801801(9,52)
(0,52)1916535891(1,52)
(0,52)1871657709(0,53)
(1,52)920048797(2,52)
(1,52)1499532382(1,53)
(2,52)55949468(3,52)
(2,52)1590718967(2,53)
(3,52)1920958918(4,52)
(3,52)1154422939(3,53)
(4,52)225286676(5,52)
(4,52)38295452(4,53)
(5,52)888210087(6,52)
(5,52)9260825(5,53)
(6,52)1891077211(7,52)
(6,52)281032217(6,53)
(7,52)1363231896(8,52)
(7,52)2029686284(7,53)
(8,52)616607853(9,52)
(8,52)1196007198(8,53)
(9,52)1407547724(9,53)
(0,53)1685556922(1,53)
(0,53)100392367(0,54)
(1,53)538568399(2,53)
(1,53)227844351(1,54)
(2,53)2072529540(3,53)
(2,53)518064502(2,54)
(3,53)1739066872(4,53)
(3,53)1614872596(3,54)
(4,53)816127430(5,53)
(4,53)1235375554(4,54)
(5,53)1999177356(6,53)
(5,53)1020828325(5,54)
(6,53)789880568(7,53)
(6,53)540301492(6,54)
(7,53)1460350289(8,53)
(7,53)1351226090(7,54)
(8,53)1407175559(9,53)
(8,53)233115887(8,54)
(9,53)467289580(9,54)
(0,54)1445471011(1,54)
(0,54)6591157(0,55)
(1,54)15851983(2,54)
(1,54)692576257(1,55)
(2,54)973608474(3,54)
(2,54)186197451(2,55)
(3,54)68400087(4,54)
(3,54)1906929194(3,55)
(4,54)955452744(5,54)
(4,54)189356723(4,55)
(5,54)1596904447(6,54)
(5,54)685007941(5,55)
(6,54)223081215(7,54)
(6,54)1055845111(6,55)
(7,54)1594413511(8,54)
(7,54)1824748798(7,55)
(8,54)1749794691(9,54)
(8,54)741145718(8,55)
(9,54)1061802459(9,55)
(0,55)837686597(1,55)
(0,55)332728942(0,56)
(1,55)1353557267(2,55)
(1,55)1877929890(1,56)
(2,55)270747734(3,55)
(2,55)689380305(2,56)
(3,55)2040606396(4,55)
(3,55)2143437835(3,56)
(4,55)229070074(5,55)
(4,55)1731098023(4,56)
(5,55)50903955(6,55)
(5,55)1300298307(5,56)
(6,55)598285670(7,55)
(6,55)235661232(6,56)
(7,55)251513215(8,55)
(7,55)743480212(7,56)
(8,55)1717088687(9,55)
(8,55)784483121(8,56)
(9,55)10958761(9,56)
(0,56)1906445410(1,56)
(0,56)852883209(0,57)
(1,56)1537891150(2,56)
(1,56)966411506(1,57)
(2,56)2022256617(3,56)
(2,56)1355866209(2,57)
(3,56)1033131359(4,56)
(3,56)1760972365(3,57)
(4,56)354634435(5,56)
(4,56)1469186480(4,57)
(5,56)383505292(6,56)
(5,56)635442402(5,57)
(6,56)1473129000(7,56)
(6,56)687363378(6,57)
(7,56)2040920645(8,56)
(7,56)113951534(7,57)
(8,56)384699268(9,56)
(8,56)15025657(8,57)
(9,56)2036874833(9,57)
(0,57)2115797291(1,57)
(0,57)2055632053(0,58)
(1,57)1208446712(2,57)
(1,57)118461259(1,58)
(2,57)354122491(3,57)
(2,57)19217598(2,58)
(3,57)762697811(4,57)
(3,57)1806732383(3,58)
(4,57)443731856(5,57)
(4,57)605635706(4,58)
(5,57)616594468(6,57)
(5,57)332302850(5,58)
(6,57)91264612(7,57)
(6,57)1296615065(6,58)
(7,57)687022567(8,57)
(7,57)1583005974(7,58)
(8,57)1457778943(9,57)
(8,57)1447130821(8,58)
(9,57)300511285(9,58)
(0,58)779481776(1,58)
(0,58)332778532(0,59)
(1,58)968220935(2,58)
(1,58)655145720(1,59)
(2,58)1342509098(3,58)
(2,58)1162987068(2,59)
(3,58)1276938602(4,58)
(3,58)293866287(3,59)
(4,58)308891944(5,58)
(4,58)1235946096(4,59)
(5,58)1125337281(6,58)
(5,58)1661637870(5,59)
(6,58)1629951513(7,58)
(6,58)217040350(6,59)
(7,58)1425487062(8,58)
(7,58)1243798540(7,59)
(8,58)1597921032(9,58)
(8,58)1649169111(8,59)
(9,58)1084735797(9,59)
(0,59)56073090(1,59)
(0,59)264383274(0,60)
(1,59)596686124(2,59)
(1,59)1528467654(1,60)
(2,59)677599071(3,59)
(2,59)672667558(2,60)
(3,59)108189884(4,59)
(3,59)687950736(3,60)
(4,59)2135081557(5,59)
(4,59)1364621639(4,60)
(5,59)1665132924(6,59)
(5,59)1565968828(5,60)
(6,59)197966956(7,59)
(6,59)320376442(6,60)
(7,59)1288597377(8,59)
(7,59)172794996(7,60)
(8,59)1515304095(9,59)
(8,59)1360954024(8,60)
(9,59)1582463664(9,60)
(0,60)603766543(1,60)
(0,60)490408978(0,61)
(1,60)4563200(2,60)
(1,60)1891355608(1,61)
(2,60)2108395958(3,60)
(2,60)1729103824(2,61)
(3,60)825418716(4,60)
(3,60)1634514713(3,61)
(4,60)1136200176(5,60)
(4,60)1386399373(4,61)
(5,60)323651522(6,60)
(5,60)275856100(5,61)
(6,60)331929191(7,60)
(6,60)1400583451(6,61)
(7,60)1997269575(8,60)
(7,60)1852119176(7,61)
(8,60)382234600(9,60)
(8,60)1004596749(8,61)
(9,60)537736664(9,61)
(0,61)1746856239(1,61)
(0,61)1112786634(0,62)
(1,61)531271814(2,61)
(1,61)525334573(1,62)
(2,61)845711015(3,61)
(2,61)1264505515(2,62)
(3,61)1437300511(4,61)
(3,61)729238770(3,62)
(4,61)2090192794(5,61)
(4,61)2134308392(4,62)
(5,61)1569288408(6,61)
(5,61)805120958(5,62)
(6,61)1408887501(7,61)
(6,61)433118124(6,62)
(7,61)437681324(8,61)
(7,61)1313160369(7,62)
(8,61)1274072679(9,61)
(8,61)990507677(8,62)
(9,61)2072196037(9,62)
(0,62)512988404(1,62)
(0,62)1815926394(0,63)
(1,62)2091782494(2,62)
(1,62)1060912565(1,63)
(2,62)314012368(3,62)
(2,62)836639927(2,63)
(3,62)541275455(4,62)
(3,62)276228037(3,63)
(4,62)1280824787(5,62)
(4,62)163798296(4,63)
(5,62)701534960(6,62)
(5,62)923510055(5,63)
(6,62)522882646(7,62)
(6,62)246127773(6,63)
(7,62)777399587(8,62)
(7,62)1226869533(7,63)
(8,62)2072580549(9,62)
(8,62)1787388161(8,63)
(9,62)1506638357(9,63)
(0,63)2059405293(1,63)
(0,63)1077205025(0,64)
(1,63)1882325983(2,63)
(1,63)1449347503(1,64)
(2,63)1882465627(3,63)
(2,63)1481210054(2,64)
(3,63)646886775(4,63)
(3,63)1143729837(3,64)
(4,63)2134237514(5,63)
(4,63)172663303(4,64)
(5,63)97375692(6,63)
(5,63)1920959454(5,64)
(6,63)286464211(7,63)
(6,63)1802680260(6,64)
(7,63)1746979107(8,63)
(7,63)1158288257(7,64)
(8,63)1472300626(9,63)
(8,63)1123104138(8,64)
(9,63)2023207144(9,64)
(0,64)1636098922(1,64)
(0,64)1664379593(0,65)
(1,64)440406001(2,64)
(1,64)1156548283(1,65)
(2,64)1402676056(3,64)
(2,64)190150234(2,65)
(3,64)1417019767(4,64)
(3,64)963288647(3,65)
(4,64)603193161(5,64)
(4,64)32591995(4,65)
(5,64)1539230352(6,64)
(5,64)1342116668(5,65)
(6,64)1254038314(7,64)
(6,64)1680398186(6,65)
(7,64)1415240521(8,64)
(7,64)841094207(7,65)
(8,64)576076186(9,64)
(8,64)587764720(8,65)
(9,64)411486710(9,65)
(0,65)748739489(1,65)
(0,65)1234651495(0,66)
(1,65)1008127301(2,65)
(1,65)398240577(1,66)
(2,65)53437189(3,65)
(2,65)846115181(2,66)
(3,65)2004403439(4,65)
(3,65)1294591512(3,66)
(4,65)270212002(5,65)
(4,65)1800416296(4,66)
(5,65)1676139793(6,65)
(5,65)1329220417(5,66)
(6,65)817835691(7,65)
(6,65)1934591596(6,66)
(7,65)227513949(8,65)
(7,65)685204428(7,66)
(8,65)2087880485(9,65)
(8,65)1007985925(8,66)
(9,65)1190802596(9,66)
(0,66)2120472480(1,66)
(0,66)277522044(0,67)
(1,66)1619638713(2,66)
(1,66)1793995757(1,67)
(2,66)1326910295(3,66)
(2,66)1512219185(2,67)
(3,66)205829744(4,66)
(3,66)726193379(3,67)
(4,66)1313958099(5,66)
(4,66)594667169(4,67)
(5,66)1006153879(6,66)
(5,66)781905931(5,67)
(6,66)1530645420(7,66)
(6,66)401125946(6,67)
(7,66)1409253247(8,66)
(7,66)1404394456(7,67)
(8,66)1457831646(9,66)
(8,66)229276954(8,67)
(9,66)556361112(9,67)
(0,67)1110764294(1,67)
(0,67)86196745(0,68)
(1,67)1415417162(2,67)
(1,67)826573114(1,68)
(2,67)613681062(3,67)
(2,67)639420439(2,68)
(3,67)1324624868(4,67)
(3,67)85769205(3,68)
(4,67)1093755130(5,67)
(4,67)841195011(4,68)
(5,67)2031997608(6,67)
(5,67)1265021705(5,68)
(6,67)1238010537(7,67)
(6,67)1371277174(6,68)
(7,67)843432239(8,67)
(7,67)1678509717(7,68)
(8,67)857936365(9,67)
(8,67)602746074(8,68)
(9,67)1569625618(9,68)
(0,68)1452603534(1,68)
(0,68)808575819(0,69)
(1,68)1590481750(2,68)
(1,68)736100069(1,69)
(2,68)1137226015(3,68)
(2,68)311273765(2,69)
(3,68)1715668222(4,68)
(3,68)973643522(3,69)
(4,68)1202920476(5,68)
(4,68)398995615(4,69)
(5,68)955356727(6,68)
(5,68)1026016220(5,69)
(6,68)2136780514(7,68)
(6,68)1289117221(6,69)
(7,68)557050735(8,68)
(7,68)1781929841(7,69)
(8,68)248127256(9,68)
(8,68)628717306(8,69)
(9,68)642819940(9,69)
(0,69)1089322267(1,69)
(0,69)1953342174(0,70)
(1,69)1070880231(2,69)
(1,69)1736575070(1,70)
(2,69)960368597(3,69)
(2,69)973836227(2,70)
(3,69)504862297(4,69)
(3,69)161407120(3,70)
(4,69)764153195(5,69)
(4,69)1803800836(4,70)
(5,69)1225942807(6,69)
(5,69)1362798662(5,70)
(6,69)667918548(7,69)
(6,69)1572729014(6,70)
(7,69)1015727116(8,69)
(7,69)1962042876(7,70)
(8,69)951785244(9,69)
(8,69)979192313(8,70)
(9,69)1989370638(9,70)
(0,70)1350780859(1,70)
(0,70)547376887(0,71)
(1,70)1573393107(2,70)
(1,70)1044807467(1,71)
(2,70)186441040(3,70)
(2,70)158653938(2,71)
(3,70)1940583779(4,70)
(3,70)1562689974(3,71)
(4,70)43923632(5,70)
(4,70)743491776(4,71)
(5,70)1386311716(6,70)
(5,70)41227387(5,71)
(6,70)1130549655(7,70)
(6,70)1997265806(6,71)
(7,70)920662389(8,70)
(7,70)975403139(7,71)
(8,70)1935771736(9,70)
(8,70)2104385882(8,71)
(9,70)1082069509(9,71)
(0,71)1592088924(1,71)
(0,71)461764531(0,72)
(1,71)1824563193(2,71)
(1,71)1846222704(1,72)
(2,71)1271468070(3,71)
(2,71)670548083(2,72)
(3,71)485107312(4,71)
(3,71)344998093(3,72)
(4,71)1324190407(5,71)
(4,71)139711538(4,72)
(5,71)2129082177(6,71)
(5,71)1436892556(5,72)
(6,71)640189767(7,71)
(6,71)1871567294(6,72)
(7,71)1297476754(8,71)
(7,71)1026405996(7,72)
(8,71)1212847036(9,71)
(8,71)798843705(8,72)
(9,71)712683080(9,72)
(0,72)1956338812(1,72)
(0,72)591943836(0,73)
(1,72)633171224(2,72)
(1,72)756606712(1,73)
(2,72)606388870(3,72)
(2,72)1195166881(2,73)
(3,72)23086372(4,72)
(3,72)1763720879(3,73)
(4,72)1720623113(5,72)
(4,72)1527051259(4,73)
(5,72)461637120(6,72)
(5,72)1958858108(5,73)
(6,72)1403463384(7,72)
(6,72)34903997(6,73)
(7,72)1859467190(8,72)
(7,72)160376177(7,73)
(8,72)1431844247(9,72)
(8,72)2074011468(8,73)
(9,72)56981636(9,73)
(0,73)1571555786(1,73)
(0,73)411635132(0,74)
(1,73)1848527688(2,73)
(1,73)1381172043(1,74)
(2,73)1105255689(3,73)
(2,73)1553154315(2,74)
(3,73)432076663(4,73)
(3,73)341233807(3,74)
(4,73)1140077512(5,73)
(4,73)255248795(4,74)
(5,73)967931875(6,73)
(5,73)1644923699(5,74)
(6,73)1453778864(7,73)
(6,73)1732021348(6,74)
(7,73)217708924(8,73)
(7,73)1724538587(7,74)
(8,73)183443809(9,73)
(8,73)501462097(8,74)
(9,73)1981429803(9,74)
(0,74)1710495068(1,74)
(0,74)524548469(0,75)
(1,74)335922929(2,74)
(1,74)1554569269(1,75)
(2,74)1589473266(3,74)
(2,74)24648541(2,75)
(3,74)185024718(4,74)
(3,74)1739386313(3,75)
(4,74)1665914133(5,74)
(4,74)1301456808(4,75)
(5,74)1358438444(6,74)
(5,74)1616868965(5,75)
(6,74)1040941103(7,74)
(6,74)2077549265(6,75)
(7,74)1778593305(8,74)
(7,74)592126839(7,75)
(8,74)1697382529(9,74)
(8,74)446611770(8,75)
(9,74)2119827112(9,75)
(0,75)1952631324(1,75)
(0,75)878688433(0,76)
(1,75)376128485(2,75)
(1,75)1112420976(1,76)
(2,75)696958677(3,75)
(2,75)773079552(2,76)
(3,75)350134491(4,75)
(3,75)1829907349(3,76)
(4,75)183885798(5,75)
(4,75)914667601(4,76)
(5,75)748613757(6,75)
(5,75)533578301(5,76)
(6,75)96589721(7,75)
(6,75)708434267(6,76)
(7,75)1044357196(8,75)
(7,75)155699378(7,76)
(8,75)1745172644(9,75)
(8,75)121238262(8,76)
(9,75)636259861(9,76)
(0,76)899145804(1,76)
(0,76)306262980(0,77)
(1,76)1923131946(2,76)
(1,76)154690347(1,77)
(2,76)84755964(3,76)
(2,76)110100601(2,77)
(3,76)702227440(4,76)
(3,76)816589401(3,77)
(4,76)1263201172(5,76)
(4,76)1863349270(4,77)
(5,76)1835692734(6,76)
(5,76)252126321(5,77)
(6,76)57273998(7,76)
(6,76)2141889605(6,77)
(7,76)370534442(8,76)
(7,76)800630063(7,77)
(8,76)1497588740(9,76)
(8,76)830353550(8,77)
(9,76)52958143(9,77)
(0,77)264772693(1,77)
(0,77)1180488041(0,78)
(1,77)1714066342(2,77)
(1,77)236843941(1,78)
(2,77)945278208(3,77)
(2,77)1013386450(2,78)
(3,77)1169085828(4,77)
(3,77)1810656064(3,78)
(4,77)1931894326(5,77)
(4,77)1989635404(4,78)
(5,77)478411618(6,77)
(5,77)766774824(5,78)
(6,77)1665920629(7,77)
(6,77)90673659(6,78)
(7,77)2013805605(8,77)
(7,77)633101965(7,78)
(8,77)717857929(9,77)
(8,77)1776021230(8,78)
(9,77)682911358(9,78)
(0,78)433723551(1,78)
(0,78)330765022(0,79)
(1,78)582891344(2,78)
(1,78)1946112530(1,79)
(2,78)1940518488(3,78)
(2,78)121932638(2,79)
(3,78)922562701(4,78)
(3,78)640165342(3,79)
(4,78)1470518892(5,78)
(4,78)163569282(4,79)
(5,78)216527426(6,78)
(5,78)272667793(5,79)
(6,78)537440486(7,78)
(6,78)503523285(6,79)
(7,78)70105980(8,78)
(7,78)453371367(7,79)
(8,78)1398649576(9,78)
(8,78)1550826937(8,79)
(9,78)1880762044(9,79)
(0,79)1240801332(1,79)
(0,79)572429117(0,80)
(1,79)1339203942(2,79)
(1,79)1665172722(1,80)
(2,79)1755846381(3,79)
(2,79)1719212950(2,80)
(3,79)204831267(4,79)
(3,79)857640923(3,80)
(4,79)486178505(5,79)
(4,79)1622168338(4,80)
(5,79)157596049(6,79)
(5,79)922689197(5,80)
(6,79)1356412748(7,79)
(6,79)816943527(6,80)
(7,79)1399834871(8,79)
(7,79)2103708579(7,80)
(8,79)1896743419(9,79)
(8,79)1478345386(8,80)
(9,79)2040000213(9,80)
(0,80)2060312702(1,80)
(0,80)253424439(0,81)
(1,80)526092232(2,80)
(1,80)1363035457(1,81)
(2,80)1866558743(3,80)
(2,80)129356480(2,81)
(3,80)582727847(4,80)
(3,80)1063532719(3,81)
(4,80)466876008(5,80)
(4,80)1936664723(4,81)
(5,80)1669943119(6,80)
(5,80)1981377423(5,81)
(6,80)1074695108(7,80)
(6,80)1039305125(6,81)
(7,80)231025419(8,80)
(7,80)1187632193(7,81)
(8,80)795994927(9,80)
(8,80)646424410(8,81)
(9,80)1088666342(9,81)
(0,81)270679617(1,81)
(0,81)851255678(0,82)
(1,81)1773944875(2,81)
(1,81)1574844847(1,82)
(2,81)244304727(3,81)
(2,81)428275666(2,82)
(3,81)384500598(4,81)
(3,81)982873975(3,82)
(4,81)313735714(5,81)
(4,81)1644139598(4,82)
(5,81)1536656164(6,81)
(5,81)133760369(5,82)
(6,81)46589423(7,81)
(6,81)567160153(6,82)
(7,81)1093252386(8,81)
(7,81)752207973(7,82)
(8,81)471283068(9,81)
(8,81)175945903(8,82)
(9,81)9301457(9,82)
(0,82)260464143(1,82)
(0,82)758673751(0,83)
(1,82)592567526(2,82)
(1,82)476177465(1,83)
(2,82)1515482590(3,82)
(2,82)1930407262(2,83)
(3,82)970555808(4,82)
(3,82)1667262634(3,83)
(4,82)166203397(5,82)
(4,82)1746508010(4,83)
(5,82)687690704(6,82)
(5,82)1766550735(5,83)
(6,82)2037230352(7,82)
(6,82)1017459075(6,83)
(7,82)643920302(8,82)
(7,82)115051904(7,83)
(8,82)359356631(9,82)
(8,82)318022371(8,83)
(9,82)1626794277(9,83)
(0,83)2003496229(1,83)
(0,83)702522969(0,84)
(1,83)836283338(2,83)
(1,83)1940529991(1,84)
(2,83)360206497(3,83)
(2,83)1392668745(2,84)
(3,83)2144876719(4,83)
(3,83)882872762(3,84)
(4,83)1058818665(5,83)
(4,83)1453458883(4,84)
(5,83)1462760340(6,83)
(5,83)468676139(5,84)
(6,83)729140283(7,83)
(6,83)1817492416(6,84)
(7,83)262576295(8,83)
(7,83)1938937805(7,84)
(8,83)1306936747(9,83)
(8,83)512063897(8,84)
(9,83)1929838929(9,84)
(0,84)905961109(1,84)
(0,84)1482619705(0,85)
(1,84)1101686792(2,84)
(1,84)2096042326(1,85)
(2,84)966017753(3,84)
(2,84)1593651814(2,85)
(3,84)1708703718(4,84)
(3,84)991433497(3,85)
(4,84)1309455868(5,84)
(4,84)1609938055(4,85)
(5,84)1089248685(6,84)
(5,84)2068060349(5,85)
(6,84)1924072930(7,84)
(6,84)2011978837(6,85)
(7,84)700778527(8,84)
(7,84)882295028(7,85)
(8,84)1242501525(9,84)
(8,84)1169258028(8,85)
(9,84)1583651289(9,85)
(0,85)548476760(1,85)
(0,85)1166651099(0,86)
(1,85)1635327238(2,85)
(1,85)494986307(1,86)
(2,85)164995075(3,85)
(2,85)2011237100(2,86)
(3,85)1802691257(4,85)
(3,85)216983873(3,86)
(4,85)729047771(5,85)
(4,85)427571370(4,86)
(5,85)209926652(6,85)
(5,85)962144357(5,86)
(6,85)1868105466(7,85)
(6,85)64183828(6,86)
(7,85)1165870621(8,85)
(7,85)158485330(7,86)
(8,85)1124503084(9,85)
(8,85)1314273632(8,86)
(9,85)9820470(9,86)
(0,86)586957491(1,86)
(0,86)875493702(0,87)
(1,86)796070403(2,86)
(1,86)1319276338(1,87)
(2,86)1183771527(3,86)
(2,86)1676206176(2,87)
(3,86)411017557(4,86)
(3,86)572659686(3,87)
(4,86)1741917714(5,86)
(4,86)1884550054(4,87)
(5,86)1320717696(6,86)
(5,86)1653519082(5,87)
(6,86)54512195(7,86)
(6,86)761085165(6,87)
(7,86)248928755(8,86)
(7,86)1815704003(7,87)
(8,86)1980699078(9,86)
(8,86)2065749295(8,87)
(9,86)465912629(9,87)
(0,87)260786801(1,87)
(0,87)1720956905(0,88)
(1,87)535617614(2,87)
(1,87)1194960400(1,88)
(2,87)1259144228(3,87)
(2,87)470713453(2,88)
(3,87)629198783(4,87)
(3,87)256239432(3,88)
(4,87)1570513065(5,87)
(4,87)277531201(4,88)
(5,87)287351671(6,87)
(5,87)1753701867(5,88)
(6,87)193175711(7,87)
(6,87)298523119(6,88)
(7,87)1094593523(8,87)
(7,87)1606628009(7,88)
(8,87)642915888(9,87)
(8,87)1869381887(8,88)
(9,87)1667253209(9,88)
(0,88)379982295(1,88)
(0,88)132915796(0,89)
(1,88)1786434879(2,88)
(1,88)1261687275(1,89)
(2,88)2022772440(3,88)
(2,88)1700699991(2,89)
(3,88)1368920346(4,88)
(3,88)1840947074(3,89)
(4,88)1759212721(5,88)
(4,88)124217547(4,89)
(5,88)590130176(6,88)
(5,88)1202135776(5,89)
(6,88)1462922577(7,88)
(6,88)1332685978(6,89)
(7,88)1868303592(8,88)
(7,88)1785090576(7,89)
(8,88)896751157(9,88)
(8,88)1933636030(8,89)
(9,88)2124543025(9,89)
(0,89)1174282358(1,89)
(0,89)415351166(0,90)
(1,89)21569385(2,89)
(1,89)1547572442(1,90)
(2,89)1846095561(3,89)
(2,89)1461634030(2,90)
(3,89)920778391(4,89)
(3,89)214745096(3,90)
(4,89)2084126984(5,89)
(4,89)793205436(4,90)
(5,89)312974997(6,89)
(5,89)1563694280(5,90)
(6,89)1943676575(7,89)
(6,89)69559132(6,90)
(7,89)1855994011(8,89)
(7,89)1574662272(7,90)
(8,89)1449951064(9,89)
(8,89)1496892918(8,90)
(9,89)1549457437(9,90)
(0,90)1574168612(1,90)
(0,90)718329616(0,91)
(1,90)1920465392(2,90)
(1,90)1161186511(1,91)
(2,90)346388841(3,90)
(2,90)16815140(2,91)
(3,90)1801905717(4,90)
(3,90)1235904322(3,91)
(4,90)1022056704(5,90)
(4,90)67208786(4,91)
(5,90)44268163(6,90)
(5,90)551173226(5,91)
(6,90)1725455584(7,90)
(6,90)1437407870(6,91)
(7,90)1458977256(8,90)
(7,90)1591840605(7,91)
(8,90)1290452518(9,90)
(8,90)1039605966(8,91)
(9,90)1673722352(9,91)
(0,91)2083657955(1,91)
(0,91)1960384358(0,92)
(1,91)1376594990(2,91)
(1,91)1610365688(1,92)
(2,91)1679924821(3,91)
(2,91)249149304(2,92)
(3,91)1823811577(4,91)
(3,91)1172787917(3,92)
(4,91)522197187(5,91)
(4,91)1388435184(4,92)
(5,91)790408974(6,91)
(5,91)1126278993(5,92)
(6,91)552963957(7,91)
(6,91)1240526803(6,92)
(7,91)1013508547(8,91)
(7,91)1951595485(7,92)
(8,91)150500678(9,91)
(8,91)569779098(8,92)
(9,91)101929221(9,92)
(0,92)217709464(1,92)
(0,92)224201167(0,93)
(1,92)775374393(2,92)
(1,92)1123985926(1,93)
(2,92)413910148(3,92)
(2,92)261977627(2,93)
(3,92)1853818232(4,92)
(3,92)353346329(3,93)
(4,92)1392952296(5,92)
(4,92)1872887404(4,93)
(5,92)1399126109(6,92)
(5,92)996787103(5,93)
(6,92)932961410(7,92)
(6,92)1205853006(6,93)
(7,92)434964348(8,92)
(7,92)862008149(7,93)
(8,92)394449322(9,92)
(8,92)1182110714(8,93)
(9,92)1607752265(9,93)
(0,93)1782884507(1,93)
(0,93)858438643(0,94)
(1,93)1984717637(2,93)
(1,93)2129949452(1,94)
(2,93)1222992607(3,93)
(2,93)425809833(2,94)
(3,93)229921670(4,93)
(3,93)390197946(3,94)
(4,93)959977044(5,93)
(4,93)89017506(4,94)
(5,93)190946728(6,93)
(5,93)380422348(5,94)
(6,93)598131813(7,93)
(6,93)1184178211(6,94)
(7,93)1959552604(8,93)
(7,93)1314932654(7,94)
(8,93)1728842802(9,93)
(8,93)860109440(8,94)
(9,93)165415286(9,94)
(0,94)1454246559(1,94)
(0,94)566444025(0,95)
(1,94)1563231128(2,94)
(1,94)1558367582(1,95)
(2,94)616736940(3,94)
(2,94)705889020(2,95)
(3,94)1567897169(4,94)
(3,94)348708890(3,95)
(4,94)1530819604(5,94)
(4,94)1051701288(4,95)
(5,94)511969905(6,94)
(5,94)1962346492(5,95)
(6,94)1597747351(7,94)
(6,94)241774600(6,95)
(7,94)79008589(8,94)
(7,94)494435709(7,95)
(8,94)1717428316(9,94)
(8,94)2023557184(8,95)
(9,94)469206535(9,95)
(0,95)1806445822(1,95)
(0,95)105995206(0,96)
(1,95)486417554(2,95)
(1,95)1429183580(1,96)
(2,95)465878143(3,95)
(2,95)1997392550(2,96)
(3,95)1164841556(4,95)
(3,95)1084549367(3,96)
(4,95)1944658808(5,95)
(4,95)277947100(4,96)
(5,95)443362386(6,95)
(5,95)746200711(5,96)
(6,95)52963622(7,95)
(6,95)363619185(6,96)
(7,95)1926850313(8,95)
(7,95)2001729968(7,96)
(8,95)470983260(9,95)
(8,95)758852642(8,96)
(9,95)128075555(9,96)
(0,96)1522684548(1,96)
(0,96)179266163(0,97)
(1,96)2141612655(2,96)
(1,96)1658895159(1,97)
(2,96)1900669759(3,96)
(2,96)2034654453(2,97)
(3,96)381606514(4,96)
(3,96)1591876358(3,97)
(4,96)1467949894(5,96)
(4,96)1979678348(4,97)
(5,96)301401236(6,96)
(5,96)2099034830(5,97)
(6,96)1757997004(7,96)
(6,96)1573945100(6,97)
(7,96)2060362655(8,96)
(7,96)1730584816(7,97)
(8,96)48979311(9,96)
(8,96)1607905907(8,97)
(9,96)997428374(9,97)
(0,97)326926411(1,97)
(0,97)625263815(0,98)
(1,97)1371464526(2,97)
(1,97)794603534(1,98)
(2,97)1158222719(3,97)
(2,97)770288797(2,98)
(3,97)624535117(4,97)
(3,97)1424428148(3,98)
(4,97)35797142(5,97)
(4,97)937589384(4,98)
(5,97)1065664939(6,97)
(5,97)1095518377(5,98)
(6,97)470719277(7,97)
(6,97)215063306(6,98)
(7,97)209192313(8,97)
(7,97)577076451(7,98)
(8,97)330262562(9,97)
(8,97)357890082(8,98)
(9,97)1801068672(9,98)
(0,98)162457263(1,98)
(0,98)739496596(0,99)
(1,98)691047778(2,98)
(1,98)1121534918(1,99)
(2,98)547996371(3,98)
(2,98)463858499(2,99)
(3,98)46959667(4,98)
(3,98)301561135(3,99)
(4,98)1909467042(5,98)
(4,98)460875378(4,99)
(5,98)1458303752(6,98)
(5,98)95938978(5,99)
(6,98)422865390(7,98)
(6,98)387247209(6,99)
(7,98)1758711736(8,98)
(7,98)105423639(7,99)
(8,98)1263646358(9,98)
(8,98)1193154187(8,99)
(9,98)1035656236(9,99)
(0,99)53752095(1,99)
(0,99)1817689305(0,100)
(1,99)765724034(2,99)
(1,99)1071453379(1,100)
(2,99)1286516685(3,99)
(2,99)1119417034(2,100)
(3,99)1696493485(4,99)
(3,99)1236443312(3,100)
(4,99)1594333394(5,99)
(4,99)1495708998(4,100)
(5,99)1149294022(6,99)
(5,99)2026756048(5,100)
(6,99)41729663(7,99)
(6,99)186346343(6,100)
(7,99)877394121(8,99)
(7,99)123345293(7,100)
(8,99)671341664(9,99)
(8,99)505588162(8,100)
(9,99)1178955256(9,100)
(0,100)1132217042(1,100)
(0,100)552547829(0,101)
(1,100)648486807(2,100)
(1,100)940938650(1,101)
(2,100)1328185860(3,100)
(2,100)443037146(2,101)
(3,100)548460785(4,100)
(3,100)1071352197(3,101)
(4,100)117022737(5,100)
(4,100)939413948(4,101)
(5,100)1975070184(6,100)
(5,100)1812107144(5,101)
(6,100)1865859239(7,100)
(6,100)1934712042(6,101)
(7,100)552952428(8,100)
(7,100)899039915(7,101)
(8,100)38072952(9,100)
(8,100)837792625(8,101)
(9,100)1789395740(9,101)
(0,101)1533781951(1,101)
(0,101)386802463(0,102)
(1,101)266074863(2,101)
(1,101)1236245487(1,102)
(2,101)1422591830(3,101)
(2,101)535592325(2,102)
(3,101)658937618(4,101)
(3,101)307804526(3,102)
(4,101)813392688(5,101)
(4,101)152502303(4,102)
(5,101)1331457560(6,101)
(5,101)1330279282(5,102)
(6,101)315012676(7,101)
(6,101)1365940517(6,102)
(7,101)2014427324(8,101)
(7,101)124912562(7,102)
(8,101)1453098422(9,101)
(8,101)758049823(8,102)
(9,101)938295874(9,102)
(0,102)245028722(1,102)
(0,102)1306510608(0,103)
(1,102)971134104(2,102)
(1,102)1055318611(1,103)
(2,102)842547005(3,102)
(2,102)72615259(2,103)
(3,102)971655174(4,102)
(3,102)689509695(3,103)
(4,102)1527302321(5,102)
(4,102)1395499433(4,103)
(5,102)1037411526(6,102)
(5,102)1009728127(5,103)
(6,102)396026430(7,102)
(6,102)1914104784(6,103)
(7,102)32695999(8,102)
(7,102)126173365(7,103)
(8,102)1548765195(9,102)
(8,102)931618755(8,103)
(9,102)340500525(9,103)
(0,103)1701267498(1,103)
(0,103)1590556374(0,104)
(1,103)773352008(2,103)
(1,103)1153893213(1,104)
(2,103)372350082(3,103)
(2,103)885241410(2,104)
(3,103)1010153973(4,103)
(3,103)1088364685(3,104)
(4,103)1846414508(5,103)
(4,103)239293758(4,104)
(5,103)1177589632(6,103)
(5,103)315768747(5,104)
(6,103)560797470(7,103)
(6,103)1005441468(6,104)
(7,103)1976575573(8,103)
(7,103)85424595(7,104)
(8,103)927971600(9,103)
(8,103)633412729(8,104)
(9,103)518601620(9,104)
(0,104)175987386(1,104)
(0,104)1605067903(0,105)
(1,104)467312382(2,104)
(1,104)2045903941(1,105)
(2,104)1812525077(3,104)
(2,104)1213398912(2,105)
(3,104)1339572277(4,104)
(3,104)863338812(3,105)
(4,104)1794957568(5,104)
(4,104)1845221076(4,105)
(5,104)38237953(6,104)
(5,104)740853824(5,105)
(6,104)294637674(7,104)
(6,104)1238030294(6,105)
(7,104)2011382302(8,104)
(7,104)1192131166(7,105)
(8,104)1564481248(9,104)
(8,104)1179879085(8,105)
(9,104)952263339(9,105)
(0,105)1803775007(1,105)
(0,105)42549410(0,106)
(1,105)358318157(2,105)
(1,105)651194199(1,106)
(2,105)1656635668(3,105)
(2,105)833880991(2,106)
(3,105)919305587(4,105)
(3,105)919115627(3,106)
(4,105)1552528356(5,105)
(4,105)1485727593(4,106)
(5,105)2004329213(6,105)
(5,105)1847277187(5,106)
(6,105)2023264573(7,105)
(6,105)1010112612(6,106)
(7,105)1477424994(8,105)
(7,105)1902749507(7,106)
(8,105)1567790936(9,105)
(8,105)1089179837(8,106)
(9,105)193280159(9,106)
(0,106)1265528365(1,106)
(0,106)281268466(0,107)
(1,106)1022122290(2,106)
(1,106)1988237727(1,107)
(2,106)1078784373(3,106)
(2,106)1303766318(2,107)
(3,106)348413837(4,106)
(3,106)1316759965(3,107)
(4,106)349155402(5,106)
(4,106)942683027(4,107)
(5,106)1894946367(6,106)
(5,106)1912895085(5,107)
(6,106)1569186444(7,106)
(6,106)391704812(6,107)
(7,106)750022969(8,106)
(7,106)398656918(7,107)
(8,106)2055292586(9,106)
(8,106)255583788(8,107)
(9,106)1669138597(9,107)
(0,107)1393536531(1,107)
(0,107)1174889375(0,108)
(1,107)874682914(2,107)
(1,107)1074183305(1,108)
(2,107)2084295917(3,107)
(2,107)1250382097(2,108)
(3,107)1005647956(4,107)
(3,107)750463840(3,108)
(4,107)1839643677(5,107)
(4,107)1414237264(4,108)
(5,107)1607517423(6,107)
(5,107)425955244(5,108)
(6,107)1691483609(7,107)
(6,107)2120912144(6,108)
(7,107)995550786(8,107)
(7,107)1448271502(7,108)
(8,107)379572227(9,107)
(8,107)847766280(8,108)
(9,107)164827103(9,108)
(0,108)1322255254(1,108)
(0,108)1196180117(0,109)
(1,108)961591554(2,108)
(1,108)513982505(1,109)
(2,108)905687317(3,108)
(2,108)1069717973(2,109)
(3,108)1468374892(4,108)
(3,108)383294351(3,109)
(4,108)638878139(5,108)
(4,108)1655710287(4,109)
(5,108)1177365236(6,108)
(5,108)1376183830(5,109)
(6,108)622236714(7,108)
(6,108)1813767514(6,109)
(7,108)540966780(8,108)
(7,108)104064893(7,109)
(8,108)40877163(9,108)
(8,108)1872618811(8,109)
(9,108)1291430620(9,109)
(0,109)1455114427(1,109)
(0,109)730783119(0,110)
(1,109)1156738363(2,109)
(1,109)983590650(1,110)
(2,109)957019146(3,109)
(2,109)915148202(2,110)
(3,109)215936056(4,109)
(3,109)700738325(3,110)
(4,109)1548504605(5,109)
(4,109)1952569932(4,110)
(5,109)2117397036(6,109)
(5,109)595508283(5,110)
(6,109)1917763537(7,109)
(6,109)597201074(6,110)
(7,109)1558792628(8,109)
(7,109)483895893(7,110)
(8,109)1389583211(9,109)
(8,109)839997863(8,110)
(9,109)1942086979(9,110)
(0,110)897809850(1,110)
(0,110)160889107(0,111)
(1,110)1537072937(2,110)
(1,110)433481470(1,111)
(2,110)99765336(3,110)
(2,110)2075175086(2,111)
(3,110)31756331(4,110)
(3,110)11826003(3,111)
(4,110)1884444814(5,110)
(4,110)640732117(4,111)
(5,110)1932162737(6,110)
(5,110)72633494(5,111)
(6,110)1527747921(7,110)
(6,110)467744285(6,111)
(7,110)1624482649(8,110)
(7,110)768269739(7,111)
(8,110)1725288885(9,110)
(8,110)295412475(8,111)
(9,110)177737326(9,111)
(0,111)1530375170(1,111)
(0,111)511348531(0,112)
(1,111)1106856814(2,111)
(1,111)1726241931(1,112)
(2,111)175959357(3,111)
(2,111)1500288558(2,112)
(3,111)1984184451(4,111)
(3,111)877136704(3,112)
(4,111)1717134567(5,111)
(4,111)1734751985(4,112)
(5,111)1529355317(6,111)
(5,111)1226284014(5,112)
(6,111)2124093864(7,111)
(6,111)1878023674(6,112)
(7,111)1267612963(8,111)
(7,111)1962836787(7,112)
(8,111)2062602124(9,111)
(8,111)2051785302(8,112)
(9,111)1279438967(9,112)
(0,112)555850593(1,112)
(0,112)2083541634(0,113)
(1,112)8691480(2,112)
(1,112)1016400133(1,113)
(2,112)1484144419(3,112)
(2,112)340529682(2,113)
(3,112)1108799422(4,112)
(3,112)1536439402(3,113)
(4,112)1831851877(5,112)
(4,112)961143420(4,113)
(5,112)1138880746(6,112)
(5,112)686604659(5,113)
(6,112)69496181(7,112)
(6,112)195716761(6,113)
(7,112)1302573575(8,112)
(7,112)717639029(7,113)
(8,112)893598386(9,112)
(8,112)1569784739(8,113)
(9,112)32226631(9,113)
(0,113)480866723(1,113)
(0,113)1406485543(0,114)
(1,113)485285909(2,113)
(1,113)1749361198(1,114)
(2,113)1479901224(3,113)
(2,113)2010222040(2,114)
(3,113)1825575180(4,113)
(3,113)461896126(3,114)
(4,113)366197780(5,113)
(4,113)600030540(4,114)
(5,113)1879469507(6,113)
(5,113)1740693656(5,114)
(6,113)149060601(7,113)
(6,113)302255766(6,114)
(7,113)310947247(8,113)
(7,113)748385992(7,114)
(8,113)85046763(9,113)
(8,113)489590283(8,114)
(9,113)1847386649(9,114)
(0,114)1046190183(1,114)
(0,114)1598389705(0,115)
(1,114)137510717(2,114)
(1,114)1531754878(1,115)
(2,114)1727471639(3,114)
(2,114)37587281(2,115)
(3,114)755226310(4,114)
(3,114)207006898(3,115)
(4,114)1776791638(5,114)
(4,114)882561567(4,115)
(5,114)914788198(6,114)
(5,114)1648824696(5,115)
(6,114)2129691420(7,114)
(6,114)1035793533(6,115)
(7,114)1521079442(8,114)
(7,114)516665749(7,115)
(8,114)1996566973(9,114)
(8,114)1992429812(8,115)
(9,114)1982975568(9,115)
(0,115)449113865(1,115)
(0,115)1670521344(0,116)
(1,115)1263731352(2,115)
(1,115)201689701(1,116)
(2,115)503945467(3,115)
(2,115)181099724(2,116)
(3,115)929485717(4,115)
(3,115)1412791953(3,116)
(4,115)1902382237(5,115)
(4,115)814892714(4,116)
(5,115)514795715(6,115)
(5,115)1014532480(5,116)
(6,115)2060722664(7,115)
(6,115)1353288294(6,116)
(7,115)1490799011(8,115)
(7,115)2046550594(7,116)
(8,115)1626538585(9,115)
(8,115)2098309945(8,116)
(9,115)1697805910(9,116)
(0,116)361616504(1,116)
(0,116)706052608(0,117)
(1,116)207393656(2,116)
(1,116)1327113900(1,117)
(2,116)215423785(3,116)
(2,116)1276404703(2,117)
(3,116)1793070452(4,116)
(3,116)189601428(3,117)
(4,116)34547593(5,116)
(4,116)1736503227(4,117)
(5,116)1571995148(6,116)
(5,116)1642153777(5,117)
(6,116)2091267643(7,116)
(6,116)1705068937(6,117)
(7,116)821316642(8,116)
(7,116)1773684849(7,117)
(8,116)130146668(9,116)
(8,116)124883719(8,117)
(9,116)86624947(9,117)
(0,117)945039383(1,117)
(0,117)1054369436(0,118)
(1,117)2068901917(2,117)
(1,117)1989007184(1,118)
(2,117)1194811831(3,117)
(2,117)1459835098(2,118)
(3,117)1358902044(4,117)
(3,117)1982140933(3,118)
(4,117)1932967230(5,117)
(4,117)538127194(4,118)
(5,117)88449456(6,117)
(5,117)837956982(5,118)
(6,117)1199573486(7,117)
(6,117)491536190(6,118)
(7,117)698929847(8,117)
(7,117)1415563356(7,118)
(8,117)1630987141(9,117)
(8,117)328494541(8,118)
(9,117)888531275(9,118)
(0,118)1220006721(1,118)
(0,118)2121564993(0,119)
(1,118)1616235123(2,118)
(1,118)923078868(1,119)
(2,118)480664158(3,118)
(2,118)644518221(2,119)
(3,118)270719422(4,118)
(3,118)1560019118(3,119)
(4,118)1684902837(5,118)
(4,118)1301980800(4,119)
(5,118)1388605747(6,118)
(5,118)400866090(5,119)
(6,118)1345905473(7,118)
(6,118)591788626(6,119)
(7,118)513206895(8,118)
(7,118)1230129284(7,119)
(8,118)277457467(9,118)
(8,118)658256924(8,119)
(9,118)347864180(9,119)
(0,119)815584661(1,119)
(0,119)2017158968(0,120)
(1,119)707632302(2,119)
(1,119)133347762(1,120)
(2,119)624883953(3,119)
(2,119)904034118(2,120)
(3,119)172113826(4,119)
(3,119)1907205789(3,120)
(4,119)88216682(5,119)
(4,119)1323813800(4,120)
(5,119)64861427(6,119)
(5,119)1803100968(5,120)
(6,119)875624041(7,119)
(6,119)62298028(6,120)
(7,119)1678533151(8,119)
(7,119)987940296(7,120)
(8,119)1468604454(9,119)
(8,119)1520142262(8,120)
(9,119)1091068621(9,120)
(0,120)623101606(1,120)
(0,120)1790861684(0,121)
(1,120)44244126(2,120)
(1,120)628487810(1,121)
(2,120)1220276436(3,120)
(2,120)2011707353(2,121)
(3,120)1094352989(4,120)
(3,120)1390149600(3,121)
(4,120)2048406524(5,120)
(4,120)1733483331(4,121)
(5,120)2081347511(6,120)
(5,120)1371810456(5,121)
(6,120)39911470(7,120)
(6,120)1918081844(6,121)
(7,120)478230499(8,120)
(7,120)67211626(7,121)
(8,120)692095579(9,120)
(8,120)943945588(8,121)
(9,120)237952640(9,121)
(0,121)2015909379(1,121)
(0,121)1116059414(0,122)
(1,121)771676734(2,121)
(1,121)326169322(1,122)
(2,121)388467350(3,121)
(2,121)2080770806(2,122)
(3,121)921227454(4,121)
(3,121)1647300775(3,122)
(4,121)1019959389(5,121)
(4,121)2067000501(4,122)
(5,121)1010585474(6,121)
(5,121)242348260(5,122)
(6,121)865449866(7,121)
(6,121)663337425(6,122)
(7,121)707581552(8,121)
(7,121)1639073285(7,122)
(8,121)711866073(9,121)
(8,121)729673572(8,122)
(9,121)2097731152(9,122)
(0,122)297865757(1,122)
(0,122)1824026561(0,123)
(1,122)1048353370(2,122)
(1,122)1998654028(1,123)
(2,122)1769252224(3,122)
(2,122)231729620(2,123)
(3,122)298941246(4,122)
(3,122)1088264840(3,123)
(4,122)2032210428(5,122)
(4,122)99999075(4,123)
(5,122)337951715(6,122)
(5,122)991036825(5,123)
(6,122)859462556(7,122)
(6,122)1000786194(6,123)
(7,122)1772462929(8,122)
(7,122)664121038(7,123)
(8,122)1052588388(9,122)
(8,122)792749715(8,123)
(9,122)1272280056(9,123)
(0,123)972105242(1,123)
(0,123)1713977169(0,124)
(1,123)1956325430(2,123)
(1,123)144755798(1,124)
(2,123)808093223(3,123)
(2,123)1982690716(2,124)
(3,123)1474280353(4,123)
(3,123)674291648(3,124)
(4,123)1403965220(5,123)
(4,123)1515674775(4,124)
(5,123)1465922279(6,123)
(5,123)38662779(5,124)
(6,123)336528536(7,123)
(6,123)1080508134(6,124)
(7,123)2128861504(8,123)
(7,123)1317092659(7,124)
(8,123)938861236(9,123)
(8,123)568258156(8,124)
(9,123)1069642696(9,124)
(0,124)1038860311(1,124)
(0,124)867199403(0,125)
(1,124)1858236228(2,124)
(1,124)954369476(1,125)
(2,124)1955155670(3,124)
(2,124)1376812027(2,125)
(3,124)2040933065(4,124)
(3,124)570215137(3,125)
(4,124)1362964852(5,124)
(4,124)1580134951(4,125)
(5,124)704931360(6,124)
(5,124)946037805(5,125)
(6,124)1918143047(7,124)
(6,124)929458373(6,125)
(7,124)738300155(8,124)
(7,124)849687158(7,125)
(8,124)1657780381(9,124)
(8,124)1753350116(8,125)
(9,124)1412591804(9,125)
(0,125)1025971509(1,125)
(0,125)1080146821(0,126)
(1,125)1118809600(2,125)
(1,125)669073376(1,126)
(2,125)1749581510(3,125)
(2,125)344410140(2,126)
(3,125)1661502800(4,125)
(3,125)1455338136(3,126)
(4,125)2023596293(5,125)
(4,125)1730959366(4,126)
(5,125)653118414(6,125)
(5,125)452880388(5,126)
(6,125)1491740699(7,125)
(6,125)743312048(6,126)
(7,125)454064628(8,125)
(7,125)1607487890(7,126)
(8,125)1415159913(9,125)
(8,125)721069078(8,126)
(9,125)1024279765(9,126)
(0,126)847811216(1,126)
(0,126)614518495(0,127)
(1,126)1560556301(2,126)
(1,126)239760969(1,127)
(2,126)1169219343(3,126)
(2,126)1552742576(2,127)
(3,126)254946086(4,126)
(3,126)1331215700(3,127)
(4,126)937082168(5,126)
(4,126)1907519498(4,127)
(5,126)1172627654(6,126)
(5,126)1912726468(5,127)
(6,126)791214329(7,126)
(6,126)2017228990(6,127)
(7,126)988554942(8,126)
(7,126)1841701031(7,127)
(8,126)1443798893(9,126)
(8,126)1135624469(8,127)
(9,126)296409431(9,127)
(0,127)1027274612(1,127)
(0,127)649643621(0,128)
(1,127)1102524009(2,127)
(1,127)172522076(1,128)
(2,127)915834124(3,127)
(2,127)1680393026(2,128)
(3,127)1140397269(4,127)
(3,127)446781061(3,128)
(4,127)1167850139(5,127)
(4,127)1369898752(4,128)
(5,127)246694870(6,127)
(5,127)408073534(5,128)
(6,127)1255884750(7,127)
(6,127)1782368635(6,128)
(7,127)1195441288(8,127)
(7,127)486455839(7,128)
(8,127)1655675182(9,127)
(8,127)661143679(8,128)
(9,127)379173340(9,128)
(0,128)1415711033(1,128)
(0,128)916089765(0,129)
(1,128)681332585(2,128)
(1,128)1316255509(1,129)
(2,128)1186000851(3,128)
(2,128)440855039(2,129)
(3,128)135072422(4,128)
(3,128)1472546914(3,129)
(4,128)460687736(5,128)
(4,128)27072145(4,129)
(5,128)323481576(6,128)
(5,128)1578871316(5,129)
(6,128)458662280(7,128)
(6,128)1110331357(6,129)
(7,128)65371719(8,128)
(7,128)496003652(7,129)
(8,128)1411837776(9,128)
(8,128)2139055306(8,129)
(9,128)512152780(9,129)
(0,129)634252881(1,129)
(0,129)1131968927(0,130)
(1,129)1540042461(2,129)
(1,129)1680002919(1,130)
(2,129)1314887906(3,129)
(2,129)880947751(2,130)
(3,129)1367403590(4,129)
(3,129)648443564(3,130)
(4,129)1309587243(5,129)
(4,129)362845546(4,130)
(5,129)742018887(6,129)
(5,129)875595125(5,130)
(6,129)143822510(7,129)
(6,129)78193360(6,130)
(7,129)759525946(8,129)
(7,129)2058274396(7,130)
(8,129)1096791599(9,129)
(8,129)584677549(8,130)
(9,129)84589212(9,130)
(0,130)1123863744(1,130)
(0,130)719749972(0,131)
(1,130)151137640(2,130)
(1,130)545276948(1,131)
(2,130)1655608306(3,130)
(2,130)1447345321(2,131)
(3,130)1943348973(4,130)
(3,130)609799920(3,131)
(4,130)601371578(5,130)
(4,130)1720980025(4,131)
(5,130)85649157(6,130)
(5,130)1207703102(5,131)
(6,130)1841955983(7,130)
(6,130)1733340506(6,131)
(7,130)1125899319(8,130)
(7,130)1765652076(7,131)
(8,130)933056335(9,130)
(8,130)575420086(8,131)
(9,130)1774342883(9,131)
(0,131)1295901881(1,131)
(0,131)1942823676(0,132)
(1,131)670935153(2,131)
(1,131)936446478(1,132)
(2,131)1014639839(3,131)
(2,131)2037920768(2,132)
(3,131)1948711516(4,131)
(3,131)814757663(3,132)
(4,131)1399435213(5,131)
(4,131)1774165785(4,132)
(5,131)1858754997(6,131)
(5,131)898019467(5,132)
(6,131)2021883212(7,131)
(6,131)2119185185(6,132)
(7,131)122839177(8,131)
(7,131)256548298(7,132)
(8,131)1912156604(9,131)
(8,131)1321744885(8,132)
(9,131)732639097(9,132)
(0,132)1485652981(1,132)
(0,132)1117610210(0,133)
(1,132)177829664(2,132)
(1,132)1334010675(1,133)
(2,132)919867533(3,132)
(2,132)1571302138(2,133)
(3,132)1189470566(4,132)
(3,132)2019785647(3,133)
(4,132)447722085(5,132)
(4,132)2045766853(4,133)
(5,132)1672626088(6,132)
(5,132)2122526901(5,133)
(6,132)1270945135(7,132)
(6,132)243062114(6,133)
(7,132)913997267(8,132)
(7,132)461588919(7,133)
(8,132)1476228758(9,132)
(8,132)1161382255(8,133)
(9,132)1728754931(9,133)
(0,133)1102910895(1,133)
(0,133)962610124(0,134)
(1,133)1860629591(2,133)
(1,133)980706496(1,134)
(2,133)952408033(3,133)
(2,133)814182244(2,134)
(3,133)1070730542(4,133)
(3,133)1735029155(3,134)
(4,133)909290392(5,133)
(4,133)1075247210(4,134)
(5,133)1807886307(6,133)
(5,133)835403498(5,134)
(6,133)173572831(7,133)
(6,133)2026900603(6,134)
(7,133)57246619(8,133)
(7,133)994413334(7,134)
(8,133)1914280868(9,133)
(8,133)1744874969(8,134)
(9,133)2077032267(9,134)
(0,134)1812564073(1,134)
(0,134)786861888(0,135)
(1,134)761905141(2,134)
(1,134)377270704(1,135)
(2,134)620332818(3,134)
(2,134)1337706513(2,135)
(3,134)1799295432(4,134)
(3,134)2032850276(3,135)
(4,134)1046748884(5,134)
(4,134)1534330086(4,135)
(5,134)1115601369(6,134)
(5,134)1128040542(5,135)
(6,134)83467789(7,134)
(6,134)2009359008(6,135)
(7,134)1722504951(8,134)
(7,134)2096307865(7,135)
(8,134)901232250(9,134)
(8,134)897650034(8,135)
(9,134)1310050459(9,135)
(0,135)1976479460(1,135)
(0,135)1968380576(0,136)
(1,135)656300427(2,135)
(1,135)71857203(1,136)
(2,135)2098757806(3,135)
(2,135)1636882119(2,136)
(3,135)483811805(4,135)
(3,135)829873258(3,136)
(4,135)427264580(5,135)
(4,135)8520778(4,136)
(5,135)2085553045(6,135)
(5,135)250609025(5,136)
(6,135)2063173098(7,135)
(6,135)1214126468(6,136)
(7,135)1976031609(8,135)
(7,135)315340101(7,136)
(8,135)935672920(9,135)
(8,135)1253395964(8,136)
(9,135)1861398238(9,136)
(0,136)322519358(1,136)
(0,136)905207748(0,137)
(1,136)2033248291(2,136)
(1,136)760663474(1,137)
(2,136)622538834(3,136)
(2,136)1438120727(2,137)
(3,136)1386944944(4,136)
(3,136)2116716080(3,137)
(4,136)866882466(5,136)
(4,136)197560137(4,137)
(5,136)1507610596(6,136)
(5,136)140693546(5,137)
(6,136)2117173006(7,136)
(6,136)687779395(6,137)
(7,136)1344079822(8,136)
(7,136)1579467800(7,137)
(8,136)1530741958(9,136)
(8,136)1606571477(8,137)
(9,136)26469432(9,137)
(0,137)1539262736(1,137)
(0,137)2090383282(0,138)
(1,137)193508660(2,137)
(1,137)453734012(1,138)
(2,137)1667860480(3,137)
(2,137)1477332133(2,138)
(3,137)1792672235(4,137)
(3,137)109198110(3,138)
(4,137)1362594074(5,137)
(4,137)1496408442(4,138)
(5,137)1210323032(6,137)
(5,137)580861507(5,138)
(6,137)903380865(7,137)
(6,137)120318175(6,138)
(7,137)6082818(8,137)
(7,137)1970986506(7,138)
(8,137)446041692(9,137)
(8,137)194017944(8,138)
(9,137)2122798898(9,138)
(0,138)643601829(1,138)
(0,138)1580962888(0,139)
(1,138)1721656434(2,138)
(1,138)842197717(1,139)
(2,138)1529977112(3,138)
(2,138)3728778(2,139)
(3,138)1583196578(4,138)
(3,138)1691345792(3,139)
(4,138)1150433621(5,138)
(4,138)726573286(4,139)
(5,138)753042718(6,138)
(5,138)966454888(5,139)
(6,138)358233977(7,138)
(6,138)1093333255(6,139)
(7,138)1286841915(8,138)
(7,138)1206776731(7,139)
(8,138)727153563(9,138)
(8,138)1835566110(8,139)
(9,138)1396040026(9,139)
(0,139)76078357(1,139)
(0,139)1480754697(0,140)
(1,139)2061616204(2,139)
(1,139)611150452(1,140)
(2,139)731468627(3,139)
(2,139)1286401389(2,140)
(3,139)1109904247(4,139)
(3,139)817513421(3,140)
(4,139)1011531365(5,139)
(4,139)737551445(4,140)
(5,139)712866696(6,139)
(5,139)1555945939(5,140)
(6,139)52064121(7,139)
(6,139)445010605(6,140)
(7,139)19183391(8,139)
(7,139)1555064413(7,140)
(8,139)937557877(9,139)
(8,139)55792899(8,140)
(9,139)1710529183(9,140)
(0,140)1664131163(1,140)
(0,140)1638989477(0,141)
(1,140)457960717(2,140)
(1,140)713479156(1,141)
(2,140)1806812412(3,140)
(2,140)269690233(2,141)
(3,140)1476466964(4,140)
(3,140)816194694(3,141)
(4,140)504277157(5,140)
(4,140)946170679(4,141)
(5,140)194727057(6,140)
(5,140)56136880(5,141)
(6,140)132215237(7,140)
(6,140)1985031854(6,141)
(7,140)1899164411(8,140)
(7,140)805877510(7,141)
(8,140)1537346137(9,140)
(8,140)1418616627(8,141)
(9,140)569194184(9,141)
(0,141)127413935(1,141)
(0,141)381037226(0,142)
(1,141)1936983166(2,141)
(1,141)1580725550(1,142)
(2,141)2025736155(3,141)
(2,141)840280631(2,142)
(3,141)247861396(4,141)
(3,141)1989047287(3,142)
(4,141)2044840186(5,141)
(4,141)2044919547(4,142)
(5,141)1607965082(6,141)
(5,141)1185419273(5,142)
(6,141)702066788(7,141)
(6,141)1536346015(6,142)
(7,141)1994306732(8,141)
(7,141)173960591(7,142)
(8,141)1980773003(9,141)
(8,141)971757021(8,142)
(9,141)663017779(9,142)
(0,142)779460034(1,142)
(0,142)300740338(0,143)
(1,142)356877218(2,142)
(1,142)1167294936(1,143)
(2,142)1004843142(3,142)
(2,142)974187092(2,143)
(3,142)1780064602(4,142)
(3,142)489092455(3,143)
(4,142)1907709082(5,142)
(4,142)756523905(4,143)
(5,142)1325718090(6,142)
(5,142)1169927091(5,143)
(6,142)1297341026(7,142)
(6,142)141262661(6,143)
(7,142)2078245827(8,142)
(7,142)758959992(7,143)
(8,142)637212499(9,142)
(8,142)2137621657(8,143)
(9,142)1919809466(9,143)
(0,143)534648398(1,143)
(0,143)237999405(0,144)
(1,143)1423418678(2,143)
(1,143)1817166004(1,144)
(2,143)1206028371(3,143)
(2,143)2142613481(2,144)
(3,143)169090424(4,143)
(3,143)2125485466(3,144)
(4,143)949758840(5,143)
(4,143)1052851455(4,144)
(5,143)1715869234(6,143)
(5,143)2379779(5,144)
(6,143)781839813(7,143)
(6,143)1250499178(6,144)
(7,143)1607376396(8,143)
(7,143)735680522(7,144)
(8,143)1740523665(9,143)
(8,143)1756026905(8,144)
(9,143)2096468851(9,144)
(0,144)349563922(1,144)
(0,144)1388607859(0,145)
(1,144)411051303(2,144)
(1,144)1856694286(1,145)
(2,144)1997956947(3,144)
(2,144)1675282012(2,145)
(3,144)286758356(4,144)
(3,144)1708392329(3,145)
(4,144)1698530339(5,144)
(4,144)1928719126(4,145)
(5,144)1701044944(6,144)
(5,144)923970856(5,145)
(6,144)1458619254(7,144)
(6,144)1936529744(6,145)
(7,144)1212464775(8,144)
(7,144)1370727300(7,145)
(8,144)429272023(9,144)
(8,144)1453749087(8,145)
(9,144)1190466593(9,145)
(0,145)1482123478(1,145)
(0,145)1622839511(0,146)
(1,145)1625219290(2,145)
(1,145)2140225433(1,146)
(2,145)1243240963(3,145)
(2,145)1050509065(2,146)
(3,145)1786189587(4,145)
(3,145)259575456(3,146)
(4,145)2015602361(5,145)
(4,145)703133711(4,146)
(5,145)652118915(6,145)
(5,145)1379229604(5,146)
(6,145)1728793527(7,145)
(6,145)1256726573(6,146)
(7,145)1667777876(8,145)
(7,145)361329553(7,146)
(8,145)211802852(9,145)
(8,145)1256591891(8,146)
(9,145)1228686557(9,146)
(0,146)2140521978(1,146)
(0,146)1543350248(0,147)
(1,146)319837456(2,146)
(1,146)779733248(1,147)
(2,146)568779345(3,146)
(2,146)1694083274(2,147)
(3,146)917326926(4,146)
(3,146)1778456710(3,147)
(4,146)1084722150(5,146)
(4,146)1781244120(4,147)
(5,146)824227065(6,146)
(5,146)1346598949(5,147)
(6,146)681238779(7,146)
(6,146)560078013(6,147)
(7,146)37813656(8,146)
(7,146)816968851(7,147)
(8,146)2060209814(9,146)
(8,146)1731747844(8,147)
(9,146)297389112(9,147)
(0,147)615859878(1,147)
(0,147)1370453784(0,148)
(1,147)602199740(2,147)
(1,147)165507825(1,148)
(2,147)1422234398(3,147)
(2,147)1267978793(2,148)
(3,147)1629308346(4,147)
(3,147)183509619(3,148)
(4,147)1440101511(5,147)
(4,147)942528626(4,148)
(5,147)23731536(6,147)
(5,147)1841111198(5,148)
(6,147)1834149528(7,147)
(6,147)835968111(6,148)
(7,147)1155805567(8,147)
(7,147)803464784(7,148)
(8,147)1372244129(9,147)
(8,147)1380749154(8,148)
(9,147)786778629(9,148)
(0,148)1006004601(1,148)
(0,148)150592432(0,149)
(1,148)1497191381(2,148)
(1,148)1871500779(1,149)
(2,148)284095145(3,148)
(2,148)1830231667(2,149)
(3,148)499716870(4,148)
(3,148)30946512(3,149)
(4,148)1762694357(5,148)
(4,148)321908801(4,149)
(5,148)619297913(6,148)
(5,148)412443036(5,149)
(6,148)1028302914(7,148)
(6,148)985664493(6,149)
(7,148)1587864233(8,148)
(7,148)784805738(7,149)
(8,148)59556489(9,148)
(8,148)148798059(8,149)
(9,148)1771373853(9,149)
(0,149)1002085115(1,149)
(0,149)1778106405(0,150)
(1,149)1471733955(2,149)
(1,149)1063991716(1,150)
(2,149)1899959827(3,149)
(2,149)1025816651(2,150)
(3,149)1829281436(4,149)
(3,149)1158399835(3,150)
(4,149)391665341(5,149)
(4,149)908281746(4,150)
(5,149)1695060375(6,149)
(5,149)1054041917(5,150)
(6,149)2060046519(7,149)
(6,149)542257773(6,150)
(7,149)2039449154(8,149)
(7,149)1419077507(7,150)
(8,149)1703172652(9,149)
(8,149)1742794538(8,150)
(9,149)2070395667(9,150)
(0,150)2025081453(1,150)
(0,150)95027760(0,151)
(1,150)507470796(2,150)
(1,150)1685606376(1,151)
(2,150)523787221(3,150)
(2,150)496895718(2,151)
(3,150)1281701456(4,150)
(3,150)1535773711(3,151)
(4,150)1684571770(5,150)
(4,150)2111651454(4,151)
(5,150)1735541659(6,150)
(5,150)1341257945(5,151)
(6,150)195859413(7,150)
(6,150)1315194528(6,151)
(7,150)639444835(8,150)
(7,150)652049727(7,151)
(8,150)404525906(9,150)
(8,150)1221676064(8,151)
(9,150)1797844671(9,151)
(0,151)1312807652(1,151)
(0,151)903473852(0,152)
(1,151)1957515770(2,151)
(1,151)42026364(1,152)
(2,151)584284138(3,151)
(2,151)860384380(2,152)
(3,151)131978239(4,151)
(3,151)1870078641(3,152)
(4,151)1465389531(5,151)
(4,151)476249644(4,152)
(5,151)399161663(6,151)
(5,151)1835150891(5,152)
(6,151)1712748696(7,151)
(6,151)1560417291(6,152)
(7,151)2067888087(8,151)
(7,151)2084768039(7,152)
(8,151)461071612(9,151)
(8,151)62160766(8,152)
(9,151)1456178150(9,152)
(0,152)425239419(1,152)
(0,152)1343862222(0,153)
(1,152)537636520(2,152)
(1,152)993266273(1,153)
(2,152)160977153(3,152)
(2,152)13297430(2,153)
(3,152)665347158(4,152)
(3,152)733495933(3,153)
(4,152)1955171997(5,152)
(4,152)800421988(4,153)
(5,152)450783011(6,152)
(5,152)1069873064(5,153)
(6,152)235197069(7,152)
(6,152)711162202(6,153)
(7,152)521194324(8,152)
(7,152)492809376(7,153)
(8,152)1077093514(9,152)
(8,152)1095581449(8,153)
(9,152)243789317(9,153)
(0,153)1553343158(1,153)
(0,153)1227559688(0,154)
(1,153)915226931(2,153)
(1,153)1709178848(1,154)
(2,153)1122112491(3,153)
(2,153)1952504822(2,154)
(3,153)1889789213(4,153)
(3,153)480491979(3,154)
(4,153)542652745(5,153)
(4,153)1042516930(4,154)
(5,153)351211433(6,153)
(5,153)203377178(5,154)
(6,153)628616597(7,153)
(6,153)1886514967(6,154)
(7,153)276667839(8,153)
(7,153)1344477706(7,154)
(8,153)1505454859(9,153)
(8,153)641914027(8,154)
(9,153)1010163772(9,154)
(0,154)158393199(1,154)
(0,154)1307261185(0,155)
(1,154)229650602(2,154)
(1,154)817852122(1,155)
(2,154)1529014324(3,154)
(2,154)609176211(2,155)
(3,154)1101985587(4,154)
(3,154)464847671(3,155)
(4,154)1560429120(5,154)
(4,154)2050208648(4,155)
(5,154)146514317(6,154)
(5,154)31595453(5,155)
(6,154)1584938611(7,154)
(6,154)640505160(6,155)
(7,154)1555732091(8,154)
(7,154)1855693165(7,155)
(8,154)830322008(9,154)
(8,154)1389959785(8,155)
(9,154)2036224070(9,155)
(0,155)1872838938(1,155)
(0,155)1132265351(0,156)
(1,155)1335642529(2,155)
(1,155)431393167(1,156)
(2,155)170424486(3,155)
(2,155)76566723(2,156)
(3,155)1421044429(4,155)
(3,155)1964259126(3,156)
(4,155)458689505(5,155)
(4,155)447092326(4,156)
(5,155)1457256098(6,155)
(5,155)779015640(5,156)
(6,155)937408840(7,155)
(6,155)1765950691(6,156)
(7,155)1995601293(8,155)
(7,155)127624572(7,156)
(8,155)1656638896(9,155)
(8,155)1546585051(8,156)
(9,155)312965316(9,156)
(0,156)1559363896(1,156)
(0,156)501086990(0,157)
(1,156)532682443(2,156)
(1,156)1873394436(1,157)
(2,156)366415948(3,156)
(2,156)1705878213(2,157)
(3,156)1414087730(4,156)
(3,156)2117621054(3,157)
(4,156)1360097192(5,156)
(4,156)1922148039(4,157)
(5,156)1810888461(6,156)
(5,156)96926090(5,157)
(6,156)1969765029(7,156)
(6,156)344878895(6,157)
(7,156)1680521424(8,156)
(7,156)94797980(7,157)
(8,156)265222466(9,156)
(8,156)2046331752(8,157)
(9,156)1497296902(9,157)
(0,157)712314792(1,157)
(0,157)1319892534(0,158)
(1,157)2098908174(2,157)
(1,157)1955986407(1,158)
(2,157)1574453450(3,157)
(2,157)22087243(2,158)
(3,157)149711815(4,157)
(3,157)888833366(3,158)
(4,157)287934769(5,157)
(4,157)1422571095(4,158)
(5,157)1735536411(6,157)
(5,157)1806350712(5,158)
(6,157)1218230960(7,157)
(6,157)789021759(6,158)
(7,157)1321704202(8,157)
(7,157)1461447199(7,158)
(8,157)1827863147(9,157)
(8,157)776625526(8,158)
(9,157)1291841609(9,158)
(0,158)1602527538(1,158)
(0,158)43229608(0,159)
(1,158)140155699(2,158)
(1,158)504455153(1,159)
(2,158)849334048(3,158)
(2,158)1265932351(2,159)
(3,158)1360730331(4,158)
(3,158)2109920728(3,159)
(4,158)2008768832(5,158)
(4,158)382371824(4,159)
(5,158)1879668726(6,158)
(5,158)1625952798(5,159)
(6,158)190783942(7,158)
(6,158)1181177718(6,159)
(7,158)1132602245(8,158)
(7,158)1688171485(7,159)
(8,158)1115141288(9,158)
(8,158)212871185(8,159)
(9,158)2021435611(9,159)
(0,159)390228735(1,159)
(0,159)362583001(0,160)
(1,159)21450065(2,159)
(1,159)161886733(1,160)
(2,159)950908492(3,159)
(2,159)2125765147(2,160)
(3,159)1439728698(4,159)
(3,159)1239681025(3,160)
(4,159)2016306551(5,159)
(4,159)125129047(4,160)
(5,159)1416970656(6,159)
(5,159)1120108198(5,160)
(6,159)575152088(7,159)
(6,159)2059536160(6,160)
(7,159)52208211(8,159)
(7,159)1921425809(7,160)
(8,159)623276209(9,159)
(8,159)1841084440(8,160)
(9,159)14645291(9,160)
(0,160)1005648033(1,160)
(0,160)1054331123(0,161)
(1,160)532800273(2,160)
(1,160)2023414123(1,161)
(2,160)1057108194(3,160)
(2,160)737833111(2,161)
(3,160)278520948(4,160)
(3,160)723584216(3,161)
(4,160)936455401(5,160)
(4,160)42226791(4,161)
(5,160)2063662402(6,160)
(5,160)1393662236(5,161)
(6,160)1783890972(7,160)
(6,160)1299038402(6,161)
(7,160)1320488467(8,160)
(7,160)78065487(7,161)
(8,160)1028973980(9,160)
(8,160)1762172471(8,161)
(9,160)412685845(9,161)
(0,161)1154103027(1,161)
(0,161)1054417521(0,162)
(1,161)27042071(2,161)
(1,161)281508748(1,162)
(2,161)193561260(3,161)
(2,161)423590035(2,162)
(3,161)197532196(4,161)
(3,161)602194160(3,162)
(4,161)295794952(5,161)
(4,161)245769471(4,162)
(5,161)260414762(6,161)
(5,161)820808405(5,162)
(6,161)1826456438(7,161)
(6,161)1350126075(6,162)
(7,161)1882926349(8,161)
(7,161)136345238(7,162)
(8,161)1193453432(9,161)
(8,161)416805901(8,162)
(9,161)459026917(9,162)
(0,162)1235680223(1,162)
(0,162)695326849(0,163)
(1,162)2088989086(2,162)
(1,162)1395482318(1,163)
(2,162)547037073(3,162)
(2,162)1151858977(2,163)
(3,162)1229924465(4,162)
(3,162)1725396410(3,163)
(4,162)1340085233(5,162)
(4,162)1867525540(4,163)
(5,162)132727737(6,162)
(5,162)111414797(5,163)
(6,162)1265517824(7,162)
(6,162)247019106(6,163)
(7,162)274061178(8,162)
(7,162)414236486(7,163)
(8,162)607797746(9,162)
(8,162)1689107859(8,163)
(9,162)876255338(9,163)
(0,163)853567218(1,163)
(0,163)1886640055(0,164)
(1,163)559964812(2,163)
(1,163)1172050290(1,164)
(2,163)374692717(3,163)
(2,163)1113981980(2,164)
(3,163)1250327218(4,163)
(3,163)238937602(3,164)
(4,163)655743503(5,163)
(4,163)110135418(4,164)
(5,163)569162335(6,163)
(5,163)296297002(5,164)
(6,163)1531977225(7,163)
(6,163)1351070352(6,164)
(7,163)1292575790(8,163)
(7,163)1964644654(7,164)
(8,163)364198079(9,163)
(8,163)536352555(8,164)
(9,163)870488552(9,164)
(0,164)84239971(1,164)
(0,164)1766277020(0,165)
(1,164)1877691817(2,164)
(1,164)63090137(1,165)
(2,164)310109244(3,164)
(2,164)216967709(2,165)
(3,164)631204195(4,164)
(3,164)995725993(3,165)
(4,164)537350204(5,164)
(4,164)584170422(4,165)
(5,164)1460425760(6,164)
(5,164)1239001941(5,165)
(6,164)2092569159(7,164)
(6,164)276506611(6,165)
(7,164)836471423(8,164)
(7,164)484992402(7,165)
(8,164)859685119(9,164)
(8,164)1059067492(8,165)
(9,164)1075409025(9,165)
(0,165)969820538(1,165)
(0,165)161911062(0,166)
(1,165)458208065(2,165)
(1,165)1731152528(1,166)
(2,165)934739232(3,165)
(2,165)1538982873(2,166)
(3,165)1356143879(4,165)
(3,165)1990185290(3,166)
(4,165)379054197(5,165)
(4,165)79831375(4,166)
(5,165)950319927(6,165)
(5,165)1720341958(5,166)
(6,165)1804581930(7,165)
(6,165)2145331217(6,166)
(7,165)1875539386(8,165)
(7,165)1013410065(7,166)
(8,165)1323519309(9,165)
(8,165)2021549639(8,166)
(9,165)723781731(9,166)
(0,166)1907689731(1,166)
(0,166)505270186(0,167)
(1,166)1744272127(2,166)
(1,166)1261131935(1,167)
(2,166)1537638546(3,166)
(2,166)1220631843(2,167)
(3,166)1705624245(4,166)
(3,166)1689357639(3,167)
(4,166)600941483(5,166)
(4,166)226626321(4,167)
(5,166)1302035346(6,166)
(5,166)417825716(5,167)
(6,166)1387646254(7,166)
(6,166)762852545(6,167)
(7,166)1221060610(8,166)
(7,166)885704226(7,167)
(8,166)1820443459(9,166)
(8,166)779145480(8,167)
(9,166)1063762253(9,167)
(0,167)1900274834(1,167)
(0,167)2135289359(0,168)
(1,167)1708147670(2,167)
(1,167)1442816450(1,168)
(2,167)1440664020(3,167)
(2,167)703111113(2,168)
(3,167)1716521178(4,167)
(3,167)1365245952(3,168)
(4,167)1239311943(5,167)
(4,167)1168719758(4,168)
(5,167)1892501490(6,167)
(5,167)892556839(5,168)
(6,167)652762922(7,167)
(6,167)1744582129(6,168)
(7,167)1341370608(8,167)
(7,167)1006149777(7,168)
(8,167)396304676(9,167)
(8,167)1873394765(8,168)
(9,167)883244599(9,168)
(0,168)622930997(1,168)
(0,168)1431535362(0,169)
(1,168)1849361079(2,168)
(1,168)1484186082(1,169)
(2,168)99554980(3,168)
(2,168)1924966344(2,169)
(3,168)663186922(4,168)
(3,168)1089523685(3,169)
(4,168)1868669165(5,168)
(4,168)1320615590(4,169)
(5,168)236894195(6,168)
(5,168)336146733(5,169)
(6,168)88937919(7,168)
(6,168)1856474877(6,169)
(7,168)1417138899(8,168)
(7,168)1679710646(7,169)
(8,168)972891018(9,168)
(8,168)792049033(8,169)
(9,168)634901203(9,169)
(0,169)2141610776(1,169)
(0,169)361086563(0,170)
(1,169)1253643403(2,169)
(1,169)1874213146(1,170)
(2,169)1471311627(3,169)
(2,169)1886628618(2,170)
(3,169)745294748(4,169)
(3,169)1906406325(3,170)
(4,169)1632317443(5,169)
(4,169)665198587(4,170)
(5,169)1548443187(6,169)
(5,169)1141599424(5,170)
(6,169)1764530421(7,169)
(6,169)916369157(6,170)
(7,169)618246588(8,169)
(7,169)885145621(7,170)
(8,169)984700601(9,169)
(8,169)1542013117(8,170)
(9,169)1707770274(9,170)
(0,170)157832544(1,170)
(0,170)57716392(0,171)
(1,170)393863125(2,170)
(1,170)1428955791(1,171)
(2,170)1137947020(3,170)
(2,170)394726739(2,171)
(3,170)2074437385(4,170)
(3,170)482801045(3,171)
(4,170)1274850078(5,170)
(4,170)407602271(4,171)
(5,170)1042503474(6,170)
(5,170)899844755(5,171)
(6,170)893971884(7,170)
(6,170)1635936641(6,171)
(7,170)742096396(8,170)
(7,170)769232972(7,171)
(8,170)93060951(9,170)
(8,170)633116854(8,171)
(9,170)501019074(9,171)
(0,171)758259539(1,171)
(0,171)1378411602(0,172)
(1,171)372527378(2,171)
(1,171)2133336517(1,172)
(2,171)902222026(3,171)
(2,171)159219078(2,172)
(3,171)1044364699(4,171)
(3,171)2137057800(3,172)
(4,171)1531587269(5,171)
(4,171)1520468615(4,172)
(5,171)1080755241(6,171)
(5,171)2029065301(5,172)
(6,171)39414197(7,171)
(6,171)1589303661(6,172)
(7,171)1983166787(8,171)
(7,171)362227384(7,172)
(8,171)1500174405(9,171)
(8,171)434140936(8,172)
(9,171)318484184(9,172)
(0,172)1907776676(1,172)
(0,172)361094674(0,173)
(1,172)1260939429(2,172)
(1,172)1593334262(1,173)
(2,172)1081787255(3,172)
(2,172)802796503(2,173)
(3,172)1572029475(4,172)
(3,172)7427665(3,173)
(4,172)640544520(5,172)
(4,172)1823883652(4,173)
(5,172)177419078(6,172)
(5,172)1665090427(5,173)
(6,172)275866318(7,172)
(6,172)2018956122(6,173)
(7,172)243999853(8,172)
(7,172)163271947(7,173)
(8,172)1065493973(9,172)
(8,172)435085396(8,173)
(9,172)233574005(9,173)
(0,173)438478940(1,173)
(0,173)1479450095(0,174)
(1,173)1361031748(2,173)
(1,173)1765161274(1,174)
(2,173)1206981288(3,173)
(2,173)1519234181(2,174)
(3,173)1881461566(4,173)
(3,173)1400445945(3,174)
(4,173)1834586882(5,173)
(4,173)1042664427(4,174)
(5,173)1361148611(6,173)
(5,173)1234152323(5,174)
(6,173)994445351(7,173)
(6,173)48197908(6,174)
(7,173)1309137337(8,173)
(7,173)806999225(7,174)
(8,173)1888786480(9,173)
(8,173)1797241854(8,174)
(9,173)1316565003(9,174)
(0,174)1565186484(1,174)
(0,174)1221787682(0,175)
(1,174)739394461(2,174)
(1,174)1957109523(1,175)
(2,174)1828581997(3,174)
(2,174)1742605562(2,175)
(3,174)1905877509(4,174)
(3,174)1015260779(3,175)
(4,174)1450346175(5,174)
(4,174)2072581850(4,175)
(5,174)158672207(6,174)
(5,174)823887835(5,175)
(6,174)1262366775(7,174)
(6,174)782312622(6,175)
(7,174)2143344371(8,174)
(7,174)1923833482(7,175)
(8,174)983331122(9,174)
(8,174)634117309(8,175)
(9,174)1396306668(9,175)
(0,175)2025995549(1,175)
(0,175)368095227(0,176)
(1,175)1602247550(2,175)
(1,175)1083409902(1,176)
(2,175)1131607810(3,175)
(2,175)1239660512(2,176)
(3,175)2046659737(4,175)
(3,175)449209253(3,176)
(4,175)98967460(5,175)
(4,175)293261500(4,176)
(5,175)1609826503(6,175)
(5,175)1787962569(5,176)
(6,175)1205665406(7,175)
(6,175)1320755142(6,176)
(7,175)2060149603(8,175)
(7,175)1419452378(7,176)
(8,175)1100550727(9,175)
(8,175)800787320(8,176)
(9,175)927926734(9,176)
(0,176)1025648930(1,176)
(0,176)559181182(0,177)
(1,176)1383069017(2,176)
(1,176)230789261(1,177)
(2,176)1013101883(3,176)
(2,176)1184321137(2,177)
(3,176)960670971(4,176)
(3,176)497952144(3,177)
(4,176)1132069453(5,176)
(4,176)1008962606(4,177)
(5,176)257785627(6,176)
(5,176)1944002093(5,177)
(6,176)1822513994(7,176)
(6,176)1500164680(6,177)
(7,176)954928582(8,176)
(7,176)1341195529(7,177)
(8,176)325319692(9,176)
(8,176)914690858(8,177)
(9,176)1404137836(9,177)
(0,177)618581192(1,177)
(0,177)813866947(0,178)
(1,177)454345869(2,177)
(1,177)1503105296(1,178)
(2,177)676376790(3,177)
(2,177)80924047(2,178)
(3,177)1500376425(4,177)
(3,177)1660011275(3,178)
(4,177)313314947(5,177)
(4,177)589042745(4,178)
(5,177)1516969479(6,177)
(5,177)453443504(5,178)
(6,177)1479092434(7,177)
(6,177)872496129(6,178)
(7,177)108081498(8,177)
(7,177)1747758740(7,178)
(8,177)613376975(9,177)
(8,177)515929924(8,178)
(9,177)606033643(9,178)
(0,178)1622339582(1,178)
(0,178)1476600895(0,179)
(1,178)1273119341(2,178)
(1,178)1738103096(1,179)
(2,178)1090784129(3,178)
(2,178)1880125209(2,179)
(3,178)1073837090(4,178)
(3,178)948149687(3,179)
(4,178)1862840546(5,178)
(4,178)2045712711(4,179)
(5,178)1302366899(6,178)
(5,178)1399156782(5,179)
(6,178)2017737974(7,178)
(6,178)529223845(6,179)
(7,178)983569714(8,178)
(7,178)657988547(7,179)
(8,178)1334365337(9,178)
(8,178)2098662021(8,179)
(9,178)496097341(9,179)
(0,179)1923408082(1,179)
(0,179)1451554798(0,180)
(1,179)1904998303(2,179)
(1,179)809412289(1,180)
(2,179)1681908418(3,179)
(2,179)1292893913(2,180)
(3,179)893169005(4,179)
(3,179)1236607089(3,180)
(4,179)1752537013(5,179)
(4,179)1789989917(4,180)
(5,179)248539912(6,179)
(5,179)1506545981(5,180)
(6,179)981401915(7,179)
(6,179)1081654261(6,180)
(7,179)207289954(8,179)
(7,179)1986643008(7,180)
(8,179)929943489(9,179)
(8,179)714043476(8,180)
(9,179)1155439641(9,180)
(0,180)828172553(1,180)
(0,180)1787880566(0,181)
(1,180)1039553701(2,180)
(1,180)870796539(1,181)
(2,180)1400020385(3,180)
(2,180)2130539452(2,181)
(3,180)641044352(4,180)
(3,180)909808027(3,181)
(4,180)860986401(5,180)
(4,180)236106451(4,181)
(5,180)732203793(6,180)
(5,180)1975409689(5,181)
(6,180)1751334124(7,180)
(6,180)165057551(6,181)
(7,180)2070055854(8,180)
(7,180)1541616082(7,181)
(8,180)1076040852(9,180)
(8,180)896744389(8,181)
(9,180)1159179296(9,181)
(0,181)718547121(1,181)
(0,181)1789913395(0,182)
(1,181)1148975728(2,181)
(1,181)764232661(1,182)
(2,181)1845886922(3,181)
(2,181)967087033(2,182)
(3,181)806246394(4,181)
(3,181)2130377643(3,182)
(4,181)696937471(5,181)
(4,181)2053176876(4,182)
(5,181)1061132870(6,181)
(5,181)1736189883(5,182)
(6,181)416878788(7,181)
(6,181)337334389(6,182)
(7,181)1376888090(8,181)
(7,181)1931929409(7,182)
(8,181)1184466146(9,181)
(8,181)399934593(8,182)
(9,181)139212470(9,182)
(0,182)1420572598(1,182)
(0,182)1040978945(0,183)
(1,182)868904986(2,182)
(1,182)1000198871(1,183)
(2,182)1165256422(3,182)
(2,182)5292743(2,183)
(3,182)1546908825(4,182)
(3,182)472755462(3,183)
(4,182)1369499852(5,182)
(4,182)1087828629(4,183)
(5,182)99524277(6,182)
(5,182)475466029(5,183)
(6,182)1194013151(7,182)
(6,182)1011929599(6,183)
(7,182)13421679(8,182)
(7,182)863756938(7,183)
(8,182)562160213(9,182)
(8,182)13616536(8,183)
(9,182)2143799322(9,183)
(0,183)467853441(1,183)
(0,183)819862930(0,184)
(1,183)408569166(2,183)
(1,183)693253145(1,184)
(2,183)1030587534(3,183)
(2,183)1528986311(2,184)
(3,183)1313432073(4,183)
(3,183)825447954(3,184)
(4,183)1225382547(5,183)
(4,183)259991977(4,184)
(5,183)399204447(6,183)
(5,183)350414571(5,184)
(6,183)1770987169(7,183)
(6,183)118877844(6,184)
(7,183)987782831(8,183)
(7,183)1399403318(7,184)
(8,183)417176092(9,183)
(8,183)1776279912(8,184)
(9,183)1460538293(9,184)
(0,184)1505004721(1,184)
(0,184)1175705089(0,185)
(1,184)1651171119(2,184)
(1,184)682554497(1,185)
(2,184)1694484096(3,184)
(2,184)1604528998(2,185)
(3,184)320802289(4,184)
(3,184)697700622(3,185)
(4,184)711317158(5,184)
(4,184)1707905775(4,185)
(5,184)1704221449(6,184)
(5,184)882962502(5,185)
(6,184)1350815943(7,184)
(6,184)1531180089(6,185)
(7,184)1939749255(8,184)
(7,184)249990946(7,185)
(8,184)1280578481(9,184)
(8,184)732318607(8,185)
(9,184)617713561(9,185)
(0,185)1540570458(1,185)
(0,185)2045750680(0,186)
(1,185)248681603(2,185)
(1,185)1843096109(1,186)
(2,185)1961973953(3,185)
(2,185)1939774905(2,186)
(3,185)1191694575(4,185)
(3,185)2019668773(3,186)
(4,185)1648465037(5,185)
(4,185)802273136(4,186)
(5,185)115327782(6,185)
(5,185)1608870667(5,186)
(6,185)966391741(7,185)
(6,185)676686479(6,186)
(7,185)180373950(8,185)
(7,185)797882279(7,186)
(8,185)344882728(9,185)
(8,185)423437091(8,186)
(9,185)878074572(9,186)
(0,186)2052788503(1,186)
(0,186)744239380(0,187)
(1,186)1627201882(2,186)
(1,186)1589391730(1,187)
(2,186)973088171(3,186)
(2,186)1609526305(2,187)
(3,186)1859517251(4,186)
(3,186)830534178(3,187)
(4,186)1562852785(5,186)
(4,186)765353778(4,187)
(5,186)1383067340(6,186)
(5,186)992612084(5,187)
(6,186)385698894(7,186)
(6,186)1461119817(6,187)
(7,186)1709801420(8,186)
(7,186)1078679801(7,187)
(8,186)893170106(9,186)
(8,186)177990151(8,187)
(9,186)1581986545(9,187)
(0,187)1695443243(1,187)
(0,187)1369684726(0,188)
(1,187)831071746(2,187)
(1,187)1082967935(1,188)
(2,187)1759654414(3,187)
(2,187)1810771025(2,188)
(3,187)461169656(4,187)
(3,187)1797463487(3,188)
(4,187)73416930(5,187)
(4,187)1940028364(4,188)
(5,187)670619288(6,187)
(5,187)806052384(5,188)
(6,187)711357240(7,187)
(6,187)817656311(6,188)
(7,187)297374545(8,187)
(7,187)112527370(7,188)
(8,187)1085615542(9,187)
(8,187)173399897(8,188)
(9,187)1127908723(9,188)
(0,188)1850969320(1,188)
(0,188)2032917148(0,189)
(1,188)878045585(2,188)
(1,188)543277860(1,189)
(2,188)2004397677(3,188)
(2,188)1086553012(2,189)
(3,188)17749165(4,188)
(3,188)1263744479(3,189)
(4,188)1441734631(5,188)
(4,188)1566715450(4,189)
(5,188)1001218347(6,188)
(5,188)910919272(5,189)
(6,188)458878867(7,188)
(6,188)663935709(6,189)
(7,188)1495007455(8,188)
(7,188)2084186282(7,189)
(8,188)1696357048(9,188)
(8,188)122166244(8,189)
(9,188)1144987294(9,189)
(0,189)1488901764(1,189)
(0,189)583335900(0,190)
(1,189)1389388285(2,189)
(1,189)1218404225(1,190)
(2,189)2036060536(3,189)
(2,189)12037404(2,190)
(3,189)124564775(4,189)
(3,189)2100745525(3,190)
(4,189)126661774(5,189)
(4,189)185951433(4,190)
(5,189)1313860157(6,189)
(5,189)1210180317(5,190)
(6,189)913665989(7,189)
(6,189)12095274(6,190)
(7,189)890140859(8,189)
(7,189)1857138017(7,190)
(8,189)1714052047(9,189)
(8,189)2000219002(8,190)
(9,189)6401691(9,190)
(0,190)1133283849(1,190)
(0,190)2017968167(0,191)
(1,190)781403791(2,190)
(1,190)1448136322(1,191)
(2,190)2112072031(3,190)
(2,190)2134502196(2,191)
(3,190)2071204831(4,190)
(3,190)1240282658(3,191)
(4,190)1362448902(5,190)
(4,190)1459595839(4,191)
(5,190)457099485(6,190)
(5,190)1620078231(5,191)
(6,190)961496348(7,190)
(6,190)1945784803(6,191)
(7,190)1187689440(8,190)
(7,190)1675503710(7,191)
(8,190)1564080598(9,190)
(8,190)973533752(8,191)
(9,190)1140951317(9,191)
(0,191)1750032032(1,191)
(0,191)1098098527(0,192)
(1,191)160795196(2,191)
(1,191)1267613091(1,192)
(2,191)1279708365(3,191)
(2,191)916408541(2,192)
(3,191)626062910(4,191)
(3,191)1074461186(3,192)
(4,191)927196540(5,191)
(4,191)22365577(4,192)
(5,191)28767268(6,191)
(5,191)192631309(5,192)
(6,191)1325915158(7,191)
(6,191)797681059(6,192)
(7,191)1579084851(8,191)
(7,191)1476903590(7,192)
(8,191)1441491973(9,191)
(8,191)1312933707(8,192)
(9,191)671883861(9,192)
(0,192)753604164(1,192)
(0,192)1236654890(0,193)
(1,192)709249473(2,192)
(1,192)2034332764(1,193)
(2,192)1832633919(3,192)
(2,192)1210703650(2,193)
(3,192)738723712(4,192)
(3,192)1670745821(3,193)
(4,192)496795926(5,192)
(4,192)872839711(4,193)
(5,192)2013791028(6,192)
(5,192)155320663(5,193)
(6,192)1905352695(7,192)
(6,192)1594894453(6,193)
(7,192)1755689650(8,192)
(7,192)1133920471(7,193)
(8,192)266145188(9,192)
(8,192)674277588(8,193)
(9,192)682667188(9,193)
(0,193)288510765(1,193)
(0,193)1300340498(0,194)
(1,193)1492971808(2,193)
(1,193)1609863728(1,194)
(2,193)260061139(3,193)
(2,193)317278033(2,194)
(3,193)1794181623(4,193)
(3,193)671403318(3,194)
(4,193)1984337025(5,193)
(4,193)1839145990(4,194)
(5,193)363546204(6,193)
(5,193)1088189949(5,194)
(6,193)1841794113(7,193)
(6,193)1073508267(6,194)
(7,193)1782757741(8,193)
(7,193)250395320(7,194)
(8,193)2083029239(9,193)
(8,193)905014115(8,194)
(9,193)1306019914(9,194)
(0,194)808385302(1,194)
(0,194)1643737828(0,195)
(1,194)1799058491(2,194)
(1,194)1802815840(1,195)
(2,194)1250226646(3,194)
(2,194)674692682(2,195)
(3,194)1808613153(4,194)
(3,194)1556927538(3,195)
(4,194)83721478(5,194)
(4,194)858432648(4,195)
(5,194)1541099836(6,194)
(5,194)2074758341(5,195)
(6,194)215785459(7,194)
(6,194)1384061976(6,195)
(7,194)729550136(8,194)
(7,194)1003479916(7,195)
(8,194)1263541055(9,194)
(8,194)533063492(8,195)
(9,194)1400953455(9,195)
(0,195)955203398(1,195)
(0,195)179761468(0,196)
(1,195)1267951417(2,195)
(1,195)1237806832(1,196)
(2,195)163831452(3,195)
(2,195)1318749602(2,196)
(3,195)1569144922(4,195)
(3,195)962261882(3,196)
(4,195)1867275998(5,195)
(4,195)1946589193(4,196)
(5,195)1105125459(6,195)
(5,195)1504690513(5,196)
(6,195)165592167(7,195)
(6,195)1363530178(6,196)
(7,195)1015105021(8,195)
(7,195)760457652(7,196)
(8,195)2010684298(9,195)
(8,195)840284849(8,196)
(9,195)424548911(9,196)
(0,196)721633298(1,196)
(0,196)501414354(0,197)
(1,196)428689047(2,196)
(1,196)508270389(1,197)
(2,196)1892332365(3,196)
(2,196)115249486(2,197)
(3,196)1118729402(4,196)
(3,196)644474506(3,197)
(4,196)1177537999(5,196)
(4,196)474398854(4,197)
(5,196)1875352309(6,196)
(5,196)234786809(5,197)
(6,196)1189990207(7,196)
(6,196)1357299467(6,197)
(7,196)477767236(8,196)
(7,196)965675493(7,197)
(8,196)1129506945(9,196)
(8,196)361256161(8,197)
(9,196)1440029118(9,197)
(0,197)928612490(1,197)
(0,197)1930401083(0,198)
(1,197)1287607948(2,197)
(1,197)1159821468(1,198)
(2,197)375867998(3,197)
(2,197)2033737950(2,198)
(3,197)646711954(4,197)
(3,197)1453200115(3,198)
(4,197)146001316(5,197)
(4,197)1390973019(4,198)
(5,197)1815521930(6,197)
(5,197)509912604(5,198)
(6,197)1231545902(7,197)
(6,197)647415670(6,198)
(7,197)1076104718(8,197)
(7,197)176308671(7,198)
(8,197)2068641037(9,197)
(8,197)1346795388(8,198)
(9,197)1720579224(9,198)
(0,198)395556243(1,198)
(0,198)318041142(0,199)
(1,198)552827951(2,198)
(1,198)750633575(1,199)
(2,198)2107933042(3,198)
(2,198)123424904(2,199)
(3,198)1089100397(4,198)
(3,198)1742818159(3,199)
(4,198)2104074320(5,198)
(4,198)438216630(4,199)
(5,198)1878245749(6,198)
(5,198)71123695(5,199)
(6,198)999736185(7,198)
(6,198)1886991756(6,199)
(7,198)1027116056(8,198)
(7,198)890583569(7,199)
(8,198)1266451568(9,198)
(8,198)885990487(8,199)
(9,198)332832524(9,199)
(0,199)1532702441(1,199)
(1,199)509940939(2,199)
(2,199)478833840(3,199)
(3,199)2042615045(4,199)
(4,199)177979222(5,199)
(5,199)1126249511(6,199)
(6,199)1126677299(7,199)
(7,199)354287893(8,199)
(8,199)54870581(9,199)
