50 37
(0,0)2087126626(1,0)
(0,0)1177220057(0,1)
(1,0)542653442(2,0)
(1,0)708351959(1,1)
(2,0)1615938025(3,0)
(2,0)811084115(2,1)
(3,0)1449297885(4,0)
(3,0)615503814(3,1)
(4,0)757537093(5,0)
(4,0)270741611(4,1)
(5,0)1352355143(6,0)
(5,0)309577175(5,1)
(6,0)152526327(7,0)
(6,0)1376604910(6,1)
(7,0)183158772(8,0)
(7,0)1296856901(7,1)
(8,0)1053250594(9,0)
(8,0)1463767543(8,1)
(9,0)227783239(10,0)
(9,0)2067296771(9,1)
(10,0)585373693(11,0)
(10,0)789163735(10,1)
(11,0)1311039006(12,0)
(11,0)1415648985(11,1)
(12,0)273044490(13,0)
(12,0)489461291(12,1)
(13,0)1313233116(14,0)
(13,0)1287270533(13,1)
(14,0)937134762(15,0)
(14,0)1181863954(14,1)
(15,0)211600364(16,0)
(15,0)414325353(15,1)
(16,0)1122677312(17,0)
(16,0)876777740(16,1)
(17,0)1687861855(18,0)
(17,0)754253806(17,1)
(18,0)1369757620(19,0)
(18,0)591131690(18,1)
(19,0)861873301(20,0)
(19,0)989676093(19,1)
(20,0)1299253268(21,0)
(20,0)2127294714(20,1)
(21,0)1356415976(22,0)
(21,0)66744796(21,1)
(22,0)1363601697(23,0)
(22,0)1451779596(22,1)
(23,0)768063491(24,0)
(23,0)1539574749(23,1)
(24,0)1459387872(25,0)
(24,0)269368643(24,1)
(25,0)1058532378(26,0)
(25,0)995846731(25,1)
(26,0)264012068(27,0)
(26,0)2044761566(26,1)
(27,0)386739209(28,0)
(27,0)222087736(27,1)
(28,0)1509358269(29,0)
(28,0)537056558(28,1)
(29,0)1718920513(30,0)
(29,0)1699972326(29,1)
(30,0)2114297679(31,0)
(30,0)299009383(30,1)
(31,0)1175787124(32,0)
(31,0)1930520877(31,1)
(32,0)537291035(33,0)
(32,0)1089491344(32,1)
(33,0)1680623034(34,0)
(33,0)716165331(33,1)
(34,0)1705841424(35,0)
(34,0)1907048655(34,1)
(35,0)1886859721(36,0)
(35,0)395012687(35,1)
(36,0)461757483(37,0)
(36,0)857611045(36,1)
(37,0)161906993(38,0)
(37,0)1095792050(37,1)
(38,0)487883151(39,0)
(38,0)1825359180(38,1)
(39,0)2094727823(40,0)
(39,0)929970484(39,1)
(40,0)1925817215(41,0)
(40,0)1947271023(40,1)
(41,0)1844548941(42,0)
(41,0)1005776553(41,1)
(42,0)1227864289(43,0)
(42,0)42345636(42,1)
(43,0)579402194(44,0)
(43,0)83804503(43,1)
(44,0)1783776829(45,0)
(44,0)589738910(44,1)
(45,0)888748294(46,0)
(45,0)150839059(45,1)
(46,0)2081359936(47,0)
(46,0)1750590860(46,1)
(47,0)692598556(48,0)
(47,0)2064535418(47,1)
(48,0)633217101(49,0)
(48,0)471167323(48,1)
(49,0)225737942(49,1)
(0,1)191574878(1,1)
(0,1)230732331(0,2)
(1,1)2117592052(2,1)
(1,1)620750629(1,2)
(2,1)1082508112(3,1)
(2,1)1049185923(2,2)
(3,1)1211092916(4,1)
(3,1)1065900454(3,2)
(4,1)1553783605(5,1)
(4,1)760383644(4,2)
(5,1)707627819(6,1)
(5,1)2141063400(5,2)
(6,1)1919396968(7,1)
(6,1)1353570981(6,2)
(7,1)1050636274(8,1)
(7,1)1713404372(7,2)
(8,1)793785013(9,1)
(8,1)1961742604(8,2)
(9,1)393661150(10,1)
(9,1)1134440777(9,2)
(10,1)770733958(11,1)
(10,1)1383523924(10,2)
(11,1)124788570(12,1)
(11,1)544500210(11,2)
(12,1)478376498(13,1)
(12,1)373841171(12,2)
(13,1)1066439727(14,1)
(13,1)41840340(13,2)
(14,1)675057441(15,1)
(14,1)949543822(14,2)
(15,1)1180276153(16,1)
(15,1)1292177670(15,2)
(16,1)1912928299(17,1)
(16,1)866632319(16,2)
(17,1)1915818242(18,1)
(17,1)1150384557(17,2)
(18,1)68801364(19,1)
(18,1)847952764(18,2)
(19,1)1608336408(20,1)
(19,1)979427510(19,2)
(20,1)973007263(21,1)
(20,1)1622584969(20,2)
(21,1)828672302(22,1)
(21,1)168480580(21,2)
(22,1)1881884952(23,1)
(22,1)744920583(22,2)
(23,1)559179539(24,1)
(23,1)1879308577(23,2)
(24,1)866265706(25,1)
(24,1)528186318(24,2)
(25,1)1911710242(26,1)
(25,1)952840689(25,2)
(26,1)1497340899(27,1)
(26,1)1636999665(26,2)
(27,1)2010840836(28,1)
(27,1)2036498812(27,2)
(28,1)2078339152(29,1)
(28,1)1975717398(28,2)
(29,1)777777572(30,1)
(29,1)929796915(29,2)
(30,1)74490937(31,1)
(30,1)605912945(30,2)
(31,1)1472545265(32,1)
(31,1)1958053725(31,2)
(32,1)960954634(33,1)
(32,1)1987419237(32,2)
(33,1)687888353(34,1)
(33,1)1240879859(33,2)
(34,1)72823722(35,1)
(34,1)1029755998(34,2)
(35,1)504857320(36,1)
(35,1)148741113(35,2)
(36,1)317221693(37,1)
(36,1)1045830985(36,2)
(37,1)1790751568(38,1)
(37,1)1333529622(37,2)
(38,1)1065354551(39,1)
(38,1)51622998(38,2)
(39,1)579809316(40,1)
(39,1)202447459(39,2)
(40,1)1155288148(41,1)
(40,1)1931620258(40,2)
(41,1)1421136275(42,1)
(41,1)344035910(41,2)
(42,1)233051074(43,1)
(42,1)505145400(42,2)
(43,1)333379150(44,1)
(43,1)1284493463(43,2)
(44,1)66806730(45,1)
(44,1)163906578(44,2)
(45,1)769819523(46,1)
(45,1)1111156722(45,2)
(46,1)921726799(47,1)
(46,1)141297668(46,2)
(47,1)2128716905(48,1)
(47,1)94881140(47,2)
(48,1)1335761000(49,1)
(48,1)1882681433(48,2)
(49,1)669121610(49,2)
(0,2)1408584722(1,2)
(0,2)764953784(0,3)
(1,2)1269811104(2,2)
(1,2)817862723(1,3)
(2,2)1135084417(3,2)
(2,2)306932059(2,3)
(3,2)2097683627(4,2)
(3,2)455857078(3,3)
(4,2)1521211630(5,2)
(4,2)1186707415(4,3)
(5,2)1766516731(6,2)
(5,2)152647438(5,3)
(6,2)1307935586(7,2)
(6,2)1305348240(6,3)
(7,2)579000867(8,2)
(7,2)2110552641(7,3)
(8,2)196120067(9,2)
(8,2)1813080986(8,3)
(9,2)2146460136(10,2)
(9,2)1863494330(9,3)
(10,2)1930301060(11,2)
(10,2)360026645(10,3)
(11,2)1129846168(12,2)
(11,2)1110133210(11,3)
(12,2)2031860009(13,2)
(12,2)2071598728(12,3)
(13,2)2052831985(14,2)
(13,2)1224727309(13,3)
(14,2)413004661(15,2)
(14,2)1767057795(14,3)
(15,2)384527931(16,2)
(15,2)574469947(15,3)
(16,2)1392332671(17,2)
(16,2)1821589383(16,3)
(17,2)2128521442(18,2)
(17,2)1654339035(17,3)
(18,2)2110196113(19,2)
(18,2)379933440(18,3)
(19,2)1566640855(20,2)
(19,2)2078721421(19,3)
(20,2)83885211(21,2)
(20,2)1483924095(20,3)
(21,2)641788687(22,2)
(21,2)1185673938(21,3)
(22,2)1148742931(23,2)
(22,2)1391820797(22,3)
(23,2)1057418136(24,2)
(23,2)1220789554(23,3)
(24,2)936800236(25,2)
(24,2)1344862998(24,3)
(25,2)1704889643(26,2)
(25,2)1056394624(25,3)
(26,2)19044187(27,2)
(26,2)719617649(26,3)
(27,2)643732729(28,2)
(27,2)687252163(27,3)
(28,2)1911979472(29,2)
(28,2)2050904196(28,3)
(29,2)1670478343(30,2)
(29,2)549081067(29,3)
(30,2)1123551014(31,2)
(30,2)177500485(30,3)
(31,2)1999089868(32,2)
(31,2)2055006274(31,3)
(32,2)1561861661(33,2)
(32,2)368400037(32,3)
(33,2)748333477(34,2)
(33,2)1980127662(33,3)
(34,2)1911365435(35,2)
(34,2)1524574127(34,3)
(35,2)861014574(36,2)
(35,2)167490684(35,3)
(36,2)1353164622(37,2)
(36,2)1995250646(36,3)
(37,2)1239587796(38,2)
(37,2)1502803262(37,3)
(38,2)576109168(39,2)
(38,2)354423905(38,3)
(39,2)1699286903(40,2)
(39,2)149522284(39,3)
(40,2)1205916908(41,2)
(40,2)1512909405(40,3)
(41,2)85043406(42,2)
(41,2)1256692898(41,3)
(42,2)1943945062(43,2)
(42,2)1224961095(42,3)
(43,2)1128381644(44,2)
(43,2)728776135(43,3)
(44,2)1277857202(45,2)
(44,2)1708440886(44,3)
(45,2)1885941372(46,2)
(45,2)651376339(45,3)
(46,2)558898966(47,2)
(46,2)253924569(46,3)
(47,2)622324606(48,2)
(47,2)1737547592(47,3)
(48,2)1570191607(49,2)
(48,2)2120760627(48,3)
(49,2)1370658084(49,3)
(0,3)1334073394(1,3)
(0,3)1497851106(0,4)
(1,3)211382033(2,3)
(1,3)1538148768(1,4)
(2,3)743829743(3,3)
(2,3)1181840393(2,4)
(3,3)273944541(4,3)
(3,3)1714185295(3,4)
(4,3)142810815(5,3)
(4,3)1098253648(4,4)
(5,3)650056904(6,3)
(5,3)423466825(5,4)
(6,3)1629383733(7,3)
(6,3)1655720220(6,4)
(7,3)1740763626(8,3)
(7,3)1906749802(7,4)
(8,3)1703211216(9,3)
(8,3)706861181(8,4)
(9,3)1835242825(10,3)
(9,3)322056114(9,4)
(10,3)1599913316(11,3)
(10,3)1264168455(10,4)
(11,3)1002626179(12,3)
(11,3)339135516(11,4)
(12,3)898034482(13,3)
(12,3)1853837885(12,4)
(13,3)328678844(14,3)
(13,3)592690123(13,4)
(14,3)15398082(15,3)
(14,3)871311462(14,4)
(15,3)221678920(16,3)
(15,3)1699336928(15,4)
(16,3)1090002048(17,3)
(16,3)1349471477(16,4)
(17,3)383828222(18,3)
(17,3)433060953(17,4)
(18,3)2147246248(19,3)
(18,3)1833831791(18,4)
(19,3)784601792(20,3)
(19,3)657772763(19,4)
(20,3)1081239588(21,3)
(20,3)142573416(20,4)
(21,3)1798293636(22,3)
(21,3)1434658696(21,4)
(22,3)1193924850(23,3)
(22,3)563139673(22,4)
(23,3)1270000854(24,3)
(23,3)1391573615(23,4)
(24,3)1713629729(25,3)
(24,3)749652419(24,4)
(25,3)2013820874(26,3)
(25,3)957760031(25,4)
(26,3)1296895548(27,3)
(26,3)1166059397(26,4)
(27,3)872413635(28,3)
(27,3)868963405(27,4)
(28,3)1461653528(29,3)
(28,3)47446382(28,4)
(29,3)918757844(30,3)
(29,3)1201092479(29,4)
(30,3)752945759(31,3)
(30,3)1477051611(30,4)
(31,3)679039440(32,3)
(31,3)1140436765(31,4)
(32,3)1573497718(33,3)
(32,3)1842947807(32,4)
(33,3)1529295951(34,3)
(33,3)1062867662(33,4)
(34,3)1720640425(35,3)
(34,3)1573260319(34,4)
(35,3)1715833735(36,3)
(35,3)166414095(35,4)
(36,3)1601072791(37,3)
(36,3)654396365(36,4)
(37,3)1217536038(38,3)
(37,3)1366643723(37,4)
(38,3)610733690(39,3)
(38,3)647513993(38,4)
(39,3)1397166412(40,3)
(39,3)340053245(39,4)
(40,3)1297813276(41,3)
(40,3)176879771(40,4)
(41,3)1342939169(42,3)
(41,3)1263503638(41,4)
(42,3)2132467043(43,3)
(42,3)447225176(42,4)
(43,3)494671559(44,3)
(43,3)67869156(43,4)
(44,3)1268961635(45,3)
(44,3)1446636924(44,4)
(45,3)776204887(46,3)
(45,3)1413429403(45,4)
(46,3)406382520(47,3)
(46,3)2021907394(46,4)
(47,3)1717371553(48,3)
(47,3)1455244327(47,4)
(48,3)370628341(49,3)
(48,3)1979880239(48,4)
(49,3)1099183856(49,4)
(0,4)2091268766(1,4)
(0,4)1405656910(0,5)
(1,4)974006997(2,4)
(1,4)1265597951(1,5)
(2,4)719187094(3,4)
(2,4)598181483(2,5)
(3,4)1815717521(4,4)
(3,4)193167072(3,5)
(4,4)803900763(5,4)
(4,4)1366701088(4,5)
(5,4)616383852(6,4)
(5,4)8287118(5,5)
(6,4)1306100395(7,4)
(6,4)980780534(6,5)
(7,4)176236055(8,4)
(7,4)1879887491(7,5)
(8,4)1864870886(9,4)
(8,4)1753325571(8,5)
(9,4)100513482(10,4)
(9,4)244105211(9,5)
(10,4)1513066846(11,4)
(10,4)1164024162(10,5)
(11,4)1940229049(12,4)
(11,4)1513942886(11,5)
(12,4)1920325406(13,4)
(12,4)1387490592(12,5)
(13,4)957378498(14,4)
(13,4)1247989728(13,5)
(14,4)1618618069(15,4)
(14,4)1752721997(14,5)
(15,4)1010895259(16,4)
(15,4)2056562354(15,5)
(16,4)1174676658(17,4)
(16,4)1562403187(16,5)
(17,4)13101022(18,4)
(17,4)1984902256(17,5)
(18,4)30585681(19,4)
(18,4)1893863752(18,5)
(19,4)1113081192(20,4)
(19,4)1828818544(19,5)
(20,4)1837105662(21,4)
(20,4)834486444(20,5)
(21,4)1815266978(22,4)
(21,4)1729465045(21,5)
(22,4)1461868888(23,4)
(22,4)995722409(22,5)
(23,4)601564333(24,4)
(23,4)1991503034(23,5)
(24,4)88124597(25,4)
(24,4)1179256126(24,5)
(25,4)195796641(26,4)
(25,4)702077815(25,5)
(26,4)68537053(27,4)
(26,4)1601191444(26,5)
(27,4)841198388(28,4)
(27,4)2136025690(27,5)
(28,4)1236531771(29,4)
(28,4)1988862460(28,5)
(29,4)1594100809(30,4)
(29,4)1798576886(29,5)
(30,4)1707655593(31,4)
(30,4)707666192(30,5)
(31,4)122585732(32,4)
(31,4)457512421(31,5)
(32,4)294931029(33,4)
(32,4)734848603(32,5)
(33,4)481228707(34,4)
(33,4)135686754(33,5)
(34,4)1964505298(35,4)
(34,4)325516710(34,5)
(35,4)1160003154(36,4)
(35,4)1594309900(35,5)
(36,4)1176291297(37,4)
(36,4)1654127313(36,5)
(37,4)502366074(38,4)
(37,4)827786485(37,5)
(38,4)671805871(39,4)
(38,4)490676537(38,5)
(39,4)1669932663(40,4)
(39,4)1103930407(39,5)
(40,4)1806008223(41,4)
(40,4)759930468(40,5)
(41,4)213638264(42,4)
(41,4)1865729304(41,5)
(42,4)1854271347(43,4)
(42,4)1874545276(42,5)
(43,4)1715924088(44,4)
(43,4)1054836653(43,5)
(44,4)705929891(45,4)
(44,4)943319470(44,5)
(45,4)1650985662(46,4)
(45,4)1162541250(45,5)
(46,4)1620053671(47,4)
(46,4)266101836(46,5)
(47,4)1000950439(48,4)
(47,4)1773571394(47,5)
(48,4)1909258149(49,4)
(48,4)1914984700(48,5)
(49,4)1482179147(49,5)
(0,5)1726279799(1,5)
(0,5)93017763(0,6)
(1,5)1253020917(2,5)
(1,5)929005399(1,6)
(2,5)2105296696(3,5)
(2,5)1232923464(2,6)
(3,5)1735289539(4,5)
(3,5)2080807402(3,6)
(4,5)605129625(5,5)
(4,5)448489585(4,6)
(5,5)2118422248(6,5)
(5,5)691736298(5,6)
(6,5)350260873(7,5)
(6,5)1365060094(6,6)
(7,5)1578698358(8,5)
(7,5)1836667905(7,6)
(8,5)1543455604(9,5)
(8,5)77322502(8,6)
(9,5)1793246590(10,5)
(9,5)486051363(9,6)
(10,5)1191981255(11,5)
(10,5)339291426(10,6)
(11,5)1990277088(12,5)
(11,5)808304192(11,6)
(12,5)280874215(13,5)
(12,5)1458083091(12,6)
(13,5)311549883(14,5)
(13,5)1616364835(13,6)
(14,5)1378139336(15,5)
(14,5)48375268(14,6)
(15,5)141393031(16,5)
(15,5)1793729030(15,6)
(16,5)575250781(17,5)
(16,5)956935487(16,6)
(17,5)42375304(18,5)
(17,5)1394413948(17,6)
(18,5)1327737703(19,5)
(18,5)533063829(18,6)
(19,5)981553414(20,5)
(19,5)1777664843(19,6)
(20,5)321917493(21,5)
(20,5)1932867328(20,6)
(21,5)1150443774(22,5)
(21,5)952492014(21,6)
(22,5)641676271(23,5)
(22,5)672178367(22,6)
(23,5)749500869(24,5)
(23,5)581658485(23,6)
(24,5)1067709848(25,5)
(24,5)37648227(24,6)
(25,5)376939653(26,5)
(25,5)395263811(25,6)
(26,5)1203568004(27,5)
(26,5)112207455(26,6)
(27,5)1570290547(28,5)
(27,5)219733094(27,6)
(28,5)1836097929(29,5)
(28,5)1484442219(28,6)
(29,5)1532817487(30,5)
(29,5)1881840430(29,6)
(30,5)1528085812(31,5)
(30,5)1066753617(30,6)
(31,5)2023689104(32,5)
(31,5)1674210518(31,6)
(32,5)921140819(33,5)
(32,5)2103336593(32,6)
(33,5)488916774(34,5)
(33,5)2066064408(33,6)
(34,5)1696245603(35,5)
(34,5)101394874(34,6)
(35,5)2034262202(36,5)
(35,5)1470470188(35,6)
(36,5)275478554(37,5)
(36,5)2018163097(36,6)
(37,5)542857816(38,5)
(37,5)1037222329(37,6)
(38,5)1618880814(39,5)
(38,5)917154826(38,6)
(39,5)954803053(40,5)
(39,5)1292358685(39,6)
(40,5)1687622496(41,5)
(40,5)539107014(40,6)
(41,5)651314470(42,5)
(41,5)1331742707(41,6)
(42,5)1551475801(43,5)
(42,5)743706852(42,6)
(43,5)80665424(44,5)
(43,5)74121369(43,6)
(44,5)1955961799(45,5)
(44,5)1240090082(44,6)
(45,5)159360051(46,5)
(45,5)1613482911(45,6)
(46,5)1140209782(47,5)
(46,5)1336563963(46,6)
(47,5)1292416908(48,5)
(47,5)35565507(47,6)
(48,5)2101629916(49,5)
(48,5)2061350601(48,6)
(49,5)1781333682(49,6)
(0,6)1650391871(1,6)
(0,6)15261827(0,7)
(1,6)2049524029(2,6)
(1,6)1104320222(1,7)
(2,6)1379798776(3,6)
(2,6)1521071320(2,7)
(3,6)2063929136(4,6)
(3,6)939262710(3,7)
(4,6)410659876(5,6)
(4,6)149469954(4,7)
(5,6)1104273008(6,6)
(5,6)1208804173(5,7)
(6,6)748943022(7,6)
(6,6)949766891(6,7)
(7,6)1601081361(8,6)
(7,6)288532067(7,7)
(8,6)1840007868(9,6)
(8,6)1492649874(8,7)
(9,6)1573315298(10,6)
(9,6)1675202730(9,7)
(10,6)1483680881(11,6)
(10,6)932614302(10,7)
(11,6)1091974353(12,6)
(11,6)1039314562(11,7)
(12,6)32040696(13,6)
(12,6)672761196(12,7)
(13,6)1965178104(14,6)
(13,6)1127539860(13,7)
(14,6)1081686128(15,6)
(14,6)2093391297(14,7)
(15,6)2108653124(16,6)
(15,6)1599028138(15,7)
(16,6)555864712(17,6)
(16,6)584594352(16,7)
(17,6)2105665672(18,6)
(17,6)2010693505(17,7)
(18,6)802472568(19,6)
(18,6)1935663488(18,7)
(19,6)2085133443(20,6)
(19,6)2022111161(19,7)
(20,6)1083431686(21,6)
(20,6)1213132444(20,7)
(21,6)15415687(22,6)
(21,6)1041922803(21,7)
(22,6)1330454870(23,6)
(22,6)1832374708(22,7)
(23,6)1177540935(24,6)
(23,6)1616497048(23,7)
(24,6)1144216130(25,6)
(24,6)1022979090(24,7)
(25,6)1955593392(26,6)
(25,6)603372585(25,7)
(26,6)1642687147(27,6)
(26,6)480413363(26,7)
(27,6)1153174559(28,6)
(27,6)900084097(27,7)
(28,6)2027623957(29,6)
(28,6)1674727843(28,7)
(29,6)1620635492(30,6)
(29,6)970869015(29,7)
(30,6)422413505(31,6)
(30,6)961826438(30,7)
(31,6)1546420790(32,6)
(31,6)1581804968(31,7)
(32,6)1445014826(33,6)
(32,6)978278217(32,7)
(33,6)766458058(34,6)
(33,6)1504602814(33,7)
(34,6)1379230327(35,6)
(34,6)100003746(34,7)
(35,6)1313136190(36,6)
(35,6)704107853(35,7)
(36,6)1746030656(37,6)
(36,6)315178366(36,7)
(37,6)69426(38,6)
(37,6)1328551878(37,7)
(38,6)797565278(39,6)
(38,6)929001878(38,7)
(39,6)1951980968(40,6)
(39,6)1177610361(39,7)
(40,6)1780982947(41,6)
(40,6)1941781409(40,7)
(41,6)274711124(42,6)
(41,6)1760090712(41,7)
(42,6)512691161(43,6)
(42,6)1276186446(42,7)
(43,6)803430642(44,6)
(43,6)1427885684(43,7)
(44,6)251271051(45,6)
(44,6)392831470(44,7)
(45,6)1354657908(46,6)
(45,6)276582486(45,7)
(46,6)1858387455(47,6)
(46,6)673684557(46,7)
(47,6)1651962774(48,6)
(47,6)753595050(47,7)
(48,6)110714217(49,6)
(48,6)1155918633(48,7)
(49,6)270937184(49,7)
(0,7)1489944544(1,7)
(0,7)1255922379(0,8)
(1,7)421574921(2,7)
(1,7)975045037(1,8)
(2,7)573592045(3,7)
(2,7)1805122910(2,8)
(3,7)1805192337(4,7)
(3,7)1750126799(3,8)
(4,7)400208430(5,7)
(4,7)1502593923(4,8)
(5,7)1307091243(6,7)
(5,7)835319050(5,8)
(6,7)468818349(7,7)
(6,7)194506191(6,8)
(7,7)469217315(8,7)
(7,7)919698307(7,8)
(8,7)1432389468(9,7)
(8,7)1745004796(8,8)
(9,7)400951790(10,7)
(9,7)1897102999(9,8)
(10,7)890403(11,7)
(10,7)1825220939(10,8)
(11,7)1032395199(12,7)
(11,7)677534276(11,8)
(12,7)388438083(13,7)
(12,7)674574960(12,8)
(13,7)179054086(14,7)
(13,7)1785990250(13,8)
(14,7)1896704467(15,7)
(14,7)1544356716(14,8)
(15,7)652795447(16,7)
(15,7)449991271(15,8)
(16,7)1425036308(17,7)
(16,7)1239165363(16,8)
(17,7)896804626(18,7)
(17,7)1074370369(17,8)
(18,7)677013520(19,7)
(18,7)1998628354(18,8)
(19,7)1353738629(20,7)
(19,7)554513315(19,8)
(20,7)1389832365(21,7)
(20,7)1077221950(20,8)
(21,7)1271728141(22,7)
(21,7)513346225(21,8)
(22,7)1433044532(23,7)
(22,7)1858650715(22,8)
(23,7)1456171863(24,7)
(23,7)1740945457(23,8)
(24,7)1490564808(25,7)
(24,7)717950353(24,8)
(25,7)395687644(26,7)
(25,7)1857123653(25,8)
(26,7)387174281(27,7)
(26,7)1491455211(26,8)
(27,7)18546523(28,7)
(27,7)1428082843(27,8)
(28,7)1066589445(29,7)
(28,7)775612365(28,8)
(29,7)172485433(30,7)
(29,7)197600610(29,8)
(30,7)647591881(31,7)
(30,7)815810264(30,8)
(31,7)2054975628(32,7)
(31,7)825280881(31,8)
(32,7)1899651250(33,7)
(32,7)2072628189(32,8)
(33,7)1923772895(34,7)
(33,7)804296606(33,8)
(34,7)1358809921(35,7)
(34,7)429181122(34,8)
(35,7)1506403073(36,7)
(35,7)1130027877(35,8)
(36,7)1643374102(37,7)
(36,7)601158638(36,8)
(37,7)312325705(38,7)
(37,7)630647566(37,8)
(38,7)224109375(39,7)
(38,7)928934986(38,8)
(39,7)1646885339(40,7)
(39,7)1768497568(39,8)
(40,7)1478137573(41,7)
(40,7)1714674184(40,8)
(41,7)1058645747(42,7)
(41,7)2042572983(41,8)
(42,7)1323172179(43,7)
(42,7)1865311855(42,8)
(43,7)493440572(44,7)
(43,7)1077192271(43,8)
(44,7)1274792881(45,7)
(44,7)242277976(44,8)
(45,7)1058088241(46,7)
(45,7)665926005(45,8)
(46,7)1491206886(47,7)
(46,7)1922384762(46,8)
(47,7)1847529303(48,7)
(47,7)965580221(47,8)
(48,7)1769876827(49,7)
(48,7)1243374488(48,8)
(49,7)1623818551(49,8)
(0,8)981203100(1,8)
(0,8)1672555611(0,9)
(1,8)1031475036(2,8)
(1,8)606362780(1,9)
(2,8)102253234(3,8)
(2,8)1582361738(2,9)
(3,8)1894687444(4,8)
(3,8)1662122602(3,9)
(4,8)1886231978(5,8)
(4,8)1031188220(4,9)
(5,8)530589912(6,8)
(5,8)1515701364(5,9)
(6,8)846355290(7,8)
(6,8)1453422514(6,9)
(7,8)364584613(8,8)
(7,8)425679247(7,9)
(8,8)1748851426(9,8)
(8,8)564183497(8,9)
(9,8)1057624069(10,8)
(9,8)1441776884(9,9)
(10,8)569086117(11,8)
(10,8)1991129403(10,9)
(11,8)901733996(12,8)
(11,8)1723550074(11,9)
(12,8)1067273313(13,8)
(12,8)343987231(12,9)
(13,8)44032887(14,8)
(13,8)1867314217(13,9)
(14,8)1489707396(15,8)
(14,8)163164153(14,9)
(15,8)1835719764(16,8)
(15,8)1667851438(15,9)
(16,8)126730570(17,8)
(16,8)323426848(16,9)
(17,8)1905788586(18,8)
(17,8)719711152(17,9)
(18,8)234350107(19,8)
(18,8)228983804(18,9)
(19,8)1260172024(20,8)
(19,8)1652992382(19,9)
(20,8)1021210099(21,8)
(20,8)2120582085(20,9)
(21,8)1426520951(22,8)
(21,8)1790761936(21,9)
(22,8)68957536(23,8)
(22,8)1867565389(22,9)
(23,8)284265238(24,8)
(23,8)1791105564(23,9)
(24,8)1085398801(25,8)
(24,8)1817808962(24,9)
(25,8)1661454717(26,8)
(25,8)1341889307(25,9)
(26,8)917955733(27,8)
(26,8)1654484918(26,9)
(27,8)1998472150(28,8)
(27,8)415705065(27,9)
(28,8)135535634(29,8)
(28,8)1985229046(28,9)
(29,8)909552(30,8)
(29,8)2042505037(29,9)
(30,8)1562872827(31,8)
(30,8)1625243030(30,9)
(31,8)1948669878(32,8)
(31,8)1836629316(31,9)
(32,8)408856821(33,8)
(32,8)1689603397(32,9)
(33,8)1918587201(34,8)
(33,8)1706974817(33,9)
(34,8)1212483551(35,8)
(34,8)643206928(34,9)
(35,8)616305365(36,8)
(35,8)1031275577(35,9)
(36,8)674553866(37,8)
(36,8)86210002(36,9)
(37,8)1953775391(38,8)
(37,8)2042826316(37,9)
(38,8)1686448232(39,8)
(38,8)743511402(38,9)
(39,8)413836716(40,8)
(39,8)90556981(39,9)
(40,8)1432446288(41,8)
(40,8)624363385(40,9)
(41,8)131364656(42,8)
(41,8)2075291434(41,9)
(42,8)343512851(43,8)
(42,8)202918374(42,9)
(43,8)40663772(44,8)
(43,8)2129836806(43,9)
(44,8)2024858195(45,8)
(44,8)479048486(44,9)
(45,8)2104291516(46,8)
(45,8)41573324(45,9)
(46,8)1878202641(47,8)
(46,8)1440247374(46,9)
(47,8)982367123(48,8)
(47,8)1905477747(47,9)
(48,8)1464968916(49,8)
(48,8)139575814(48,9)
(49,8)753470676(49,9)
(0,9)529968819(1,9)
(0,9)782782742(0,10)
(1,9)1399088107(2,9)
(1,9)1784746253(1,10)
(2,9)311816471(3,9)
(2,9)616178822(2,10)
(3,9)422470565(4,9)
(3,9)1294430775(3,10)
(4,9)833395359(5,9)
(4,9)1055327873(4,10)
(5,9)1469164590(6,9)
(5,9)513027547(5,10)
(6,9)1945473835(7,9)
(6,9)1457758745(6,10)
(7,9)1589123401(8,9)
(7,9)1396972376(7,10)
(8,9)1740485227(9,9)
(8,9)908561(8,10)
(9,9)41572334(10,9)
(9,9)1571476559(9,10)
(10,9)1448851106(11,9)
(10,9)72050065(10,10)
(11,9)28857934(12,9)
(11,9)83145658(11,10)
(12,9)1961348299(13,9)
(12,9)741614832(12,10)
(13,9)1723981955(14,9)
(13,9)1934335681(13,10)
(14,9)1251820949(15,9)
(14,9)2100924113(14,10)
(15,9)736223207(16,9)
(15,9)329968983(15,10)
(16,9)2114715236(17,9)
(16,9)1781789768(16,10)
(17,9)250484942(18,9)
(17,9)2135311314(17,10)
(18,9)1282258441(19,9)
(18,9)279048060(18,10)
(19,9)1334375933(20,9)
(19,9)672955508(19,10)
(20,9)1185983055(21,9)
(20,9)2115653801(20,10)
(21,9)1425928898(22,9)
(21,9)656056875(21,10)
(22,9)2053029251(23,9)
(22,9)983973242(22,10)
(23,9)984881804(24,9)
(23,9)867568651(23,10)
(24,9)291561562(25,9)
(24,9)1646030831(24,10)
(25,9)1718080896(26,9)
(25,9)1026454138(25,10)
(26,9)1109599796(27,9)
(26,9)1740412668(26,10)
(27,9)334543852(28,9)
(27,9)1746938830(27,10)
(28,9)1533790863(29,9)
(28,9)923464448(28,10)
(29,9)876904913(30,9)
(29,9)2058525807(29,10)
(30,9)241011142(31,9)
(30,9)638128164(30,10)
(31,9)272434285(32,9)
(31,9)1613128121(31,10)
(32,9)1600955787(33,9)
(32,9)208242730(32,10)
(33,9)487290790(34,9)
(33,9)522919227(33,10)
(34,9)1195874735(35,9)
(34,9)735730581(34,10)
(35,9)703900734(36,9)
(35,9)1821666724(35,10)
(36,9)330239951(37,9)
(36,9)234374142(36,10)
(37,9)1218347385(38,9)
(37,9)2129829632(37,10)
(38,9)849914635(39,9)
(38,9)235785555(38,10)
(39,9)1881816386(40,9)
(39,9)55745541(39,10)
(40,9)1082199679(41,9)
(40,9)1141476197(40,10)
(41,9)734405217(42,9)
(41,9)1452413634(41,10)
(42,9)1051868817(43,9)
(42,9)44315827(42,10)
(43,9)967780275(44,9)
(43,9)1068949069(43,10)
(44,9)979991228(45,9)
(44,9)438176032(44,10)
(45,9)1076304197(46,9)
(45,9)1844685189(45,10)
(46,9)1310329662(47,9)
(46,9)1221002370(46,10)
(47,9)1429245100(48,9)
(47,9)1348738482(47,10)
(48,9)1871657709(49,9)
(48,9)763801801(48,10)
(49,9)1916535891(49,10)
(0,10)920048797(1,10)
(0,10)1499532382(0,11)
(1,10)55949468(2,10)
(1,10)1590718967(1,11)
(2,10)1920958918(3,10)
(2,10)1154422939(2,11)
(3,10)225286676(4,10)
(3,10)38295452(3,11)
(4,10)888210087(5,10)
(4,10)9260825(4,11)
(5,10)1891077211(6,10)
(5,10)281032217(5,11)
(6,10)1363231896(7,10)
(6,10)2029686284(6,11)
(7,10)616607853(8,10)
(7,10)1196007198(7,11)
(8,10)100392367(9,10)
(8,10)1407547724(8,11)
(9,10)227844351(10,10)
(9,10)1685556922(9,11)
(10,10)518064502(11,10)
(10,10)538568399(10,11)
(11,10)1614872596(12,10)
(11,10)2072529540(11,11)
(12,10)1235375554(13,10)
(12,10)1739066872(12,11)
(13,10)1020828325(14,10)
(13,10)816127430(13,11)
(14,10)540301492(15,10)
(14,10)1999177356(14,11)
(15,10)1351226090(16,10)
(15,10)789880568(15,11)
(16,10)233115887(17,10)
(16,10)1460350289(16,11)
(17,10)467289580(18,10)
(17,10)1407175559(17,11)
(18,10)1445471011(19,10)
(18,10)6591157(18,11)
(19,10)15851983(20,10)
(19,10)692576257(19,11)
(20,10)973608474(21,10)
(20,10)186197451(20,11)
(21,10)68400087(22,10)
(21,10)1906929194(21,11)
(22,10)955452744(23,10)
(22,10)189356723(22,11)
(23,10)1596904447(24,10)
(23,10)685007941(23,11)
(24,10)223081215(25,10)
(24,10)1055845111(24,11)
(25,10)1594413511(26,10)
(25,10)1824748798(25,11)
(26,10)1749794691(27,10)
(26,10)741145718(26,11)
(27,10)332728942(28,10)
(27,10)1061802459(27,11)
(28,10)1877929890(29,10)
(28,10)837686597(28,11)
(29,10)689380305(30,10)
(29,10)1353557267(29,11)
(30,10)2143437835(31,10)
(30,10)270747734(30,11)
(31,10)1731098023(32,10)
(31,10)2040606396(31,11)
(32,10)1300298307(33,10)
(32,10)229070074(32,11)
(33,10)235661232(34,10)
(33,10)50903955(33,11)
(34,10)743480212(35,10)
(34,10)598285670(34,11)
(35,10)784483121(36,10)
(35,10)251513215(35,11)
(36,10)10958761(37,10)
(36,10)1717088687(36,11)
(37,10)1906445410(38,10)
(37,10)852883209(37,11)
(38,10)1537891150(39,10)
(38,10)966411506(38,11)
(39,10)2022256617(40,10)
(39,10)1355866209(39,11)
(40,10)1033131359(41,10)
(40,10)1760972365(40,11)
(41,10)354634435(42,10)
(41,10)1469186480(41,11)
(42,10)383505292(43,10)
(42,10)635442402(42,11)
(43,10)1473129000(44,10)
(43,10)687363378(43,11)
(44,10)2040920645(45,10)
(44,10)113951534(44,11)
(45,10)384699268(46,10)
(45,10)15025657(45,11)
(46,10)2055632053(47,10)
(46,10)2036874833(46,11)
(47,10)118461259(48,10)
(47,10)2115797291(47,11)
(48,10)19217598(49,10)
(48,10)1208446712(48,11)
(49,10)354122491(49,11)
(0,11)762697811(1,11)
(0,11)1806732383(0,12)
(1,11)443731856(2,11)
(1,11)605635706(1,12)
(2,11)616594468(3,11)
(2,11)332302850(2,12)
(3,11)91264612(4,11)
(3,11)1296615065(3,12)
(4,11)687022567(5,11)
(4,11)1583005974(4,12)
(5,11)1457778943(6,11)
(5,11)1447130821(5,12)
(6,11)332778532(7,11)
(6,11)300511285(6,12)
(7,11)655145720(8,11)
(7,11)779481776(7,12)
(8,11)1162987068(9,11)
(8,11)968220935(8,12)
(9,11)293866287(10,11)
(9,11)1342509098(9,12)
(10,11)1235946096(11,11)
(10,11)1276938602(10,12)
(11,11)1661637870(12,11)
(11,11)308891944(11,12)
(12,11)217040350(13,11)
(12,11)1125337281(12,12)
(13,11)1243798540(14,11)
(13,11)1629951513(13,12)
(14,11)1649169111(15,11)
(14,11)1425487062(14,12)
(15,11)1084735797(16,11)
(15,11)1597921032(15,12)
(16,11)56073090(17,11)
(16,11)264383274(16,12)
(17,11)596686124(18,11)
(17,11)1528467654(17,12)
(18,11)677599071(19,11)
(18,11)672667558(18,12)
(19,11)108189884(20,11)
(19,11)687950736(19,12)
(20,11)2135081557(21,11)
(20,11)1364621639(20,12)
(21,11)1665132924(22,11)
(21,11)1565968828(21,12)
(22,11)197966956(23,11)
(22,11)320376442(22,12)
(23,11)1288597377(24,11)
(23,11)172794996(23,12)
(24,11)1515304095(25,11)
(24,11)1360954024(24,12)
(25,11)490408978(26,11)
(25,11)1582463664(25,12)
(26,11)1891355608(27,11)
(26,11)603766543(26,12)
(27,11)1729103824(28,11)
(27,11)4563200(27,12)
(28,11)1634514713(29,11)
(28,11)2108395958(28,12)
(29,11)1386399373(30,11)
(29,11)825418716(29,12)
(30,11)275856100(31,11)
(30,11)1136200176(30,12)
(31,11)1400583451(32,11)
(31,11)323651522(31,12)
(32,11)1852119176(33,11)
(32,11)331929191(32,12)
(33,11)1004596749(34,11)
(33,11)1997269575(33,12)
(34,11)537736664(35,11)
(34,11)382234600(34,12)
(35,11)1746856239(36,11)
(35,11)1112786634(35,12)
(36,11)531271814(37,11)
(36,11)525334573(36,12)
(37,11)845711015(38,11)
(37,11)1264505515(37,12)
(38,11)1437300511(39,11)
(38,11)729238770(38,12)
(39,11)2090192794(40,11)
(39,11)2134308392(39,12)
(40,11)1569288408(41,11)
(40,11)805120958(40,12)
(41,11)1408887501(42,11)
(41,11)433118124(41,12)
(42,11)437681324(43,11)
(42,11)1313160369(42,12)
(43,11)1274072679(44,11)
(43,11)990507677(43,12)
(44,11)1815926394(45,11)
(44,11)2072196037(44,12)
(45,11)1060912565(46,11)
(45,11)512988404(45,12)
(46,11)836639927(47,11)
(46,11)2091782494(46,12)
(47,11)276228037(48,11)
(47,11)314012368(47,12)
(48,11)163798296(49,11)
(48,11)541275455(48,12)
(49,11)1280824787(49,12)
(0,12)701534960(1,12)
(0,12)923510055(0,13)
(1,12)522882646(2,12)
(1,12)246127773(1,13)
(2,12)777399587(3,12)
(2,12)1226869533(2,13)
(3,12)2072580549(4,12)
(3,12)1787388161(3,13)
(4,12)1077205025(5,12)
(4,12)1506638357(4,13)
(5,12)1449347503(6,12)
(5,12)2059405293(5,13)
(6,12)1481210054(7,12)
(6,12)1882325983(6,13)
(7,12)1143729837(8,12)
(7,12)1882465627(7,13)
(8,12)172663303(9,12)
(8,12)646886775(8,13)
(9,12)1920959454(10,12)
(9,12)2134237514(9,13)
(10,12)1802680260(11,12)
(10,12)97375692(10,13)
(11,12)1158288257(12,12)
(11,12)286464211(11,13)
(12,12)1123104138(13,12)
(12,12)1746979107(12,13)
(13,12)2023207144(14,12)
(13,12)1472300626(13,13)
(14,12)1636098922(15,12)
(14,12)1664379593(14,13)
(15,12)440406001(16,12)
(15,12)1156548283(15,13)
(16,12)1402676056(17,12)
(16,12)190150234(16,13)
(17,12)1417019767(18,12)
(17,12)963288647(17,13)
(18,12)603193161(19,12)
(18,12)32591995(18,13)
(19,12)1539230352(20,12)
(19,12)1342116668(19,13)
(20,12)1254038314(21,12)
(20,12)1680398186(20,13)
(21,12)1415240521(22,12)
(21,12)841094207(21,13)
(22,12)576076186(23,12)
(22,12)587764720(22,13)
(23,12)1234651495(24,12)
(23,12)411486710(23,13)
(24,12)398240577(25,12)
(24,12)748739489(24,13)
(25,12)846115181(26,12)
(25,12)1008127301(25,13)
(26,12)1294591512(27,12)
(26,12)53437189(26,13)
(27,12)1800416296(28,12)
(27,12)2004403439(27,13)
(28,12)1329220417(29,12)
(28,12)270212002(28,13)
(29,12)1934591596(30,12)
(29,12)1676139793(29,13)
(30,12)685204428(31,12)
(30,12)817835691(30,13)
(31,12)1007985925(32,12)
(31,12)227513949(31,13)
(32,12)1190802596(33,12)
(32,12)2087880485(32,13)
(33,12)2120472480(34,12)
(33,12)277522044(33,13)
(34,12)1619638713(35,12)
(34,12)1793995757(34,13)
(35,12)1326910295(36,12)
(35,12)1512219185(35,13)
(36,12)205829744(37,12)
(36,12)726193379(36,13)
(37,12)1313958099(38,12)
(37,12)594667169(37,13)
(38,12)1006153879(39,12)
(38,12)781905931(38,13)
(39,12)1530645420(40,12)
(39,12)401125946(39,13)
(40,12)1409253247(41,12)
(40,12)1404394456(40,13)
(41,12)1457831646(42,12)
(41,12)229276954(41,13)
(42,12)86196745(43,12)
(42,12)556361112(42,13)
(43,12)826573114(44,12)
(43,12)1110764294(43,13)
(44,12)639420439(45,12)
(44,12)1415417162(44,13)
(45,12)85769205(46,12)
(45,12)613681062(45,13)
(46,12)841195011(47,12)
(46,12)1324624868(46,13)
(47,12)1265021705(48,12)
(47,12)1093755130(47,13)
(48,12)1371277174(49,12)
(48,12)2031997608(48,13)
(49,12)1238010537(49,13)
(0,13)843432239(1,13)
(0,13)1678509717(0,14)
(1,13)857936365(2,13)
(1,13)602746074(1,14)
(2,13)808575819(3,13)
(2,13)1569625618(2,14)
(3,13)736100069(4,13)
(3,13)1452603534(3,14)
(4,13)311273765(5,13)
(4,13)1590481750(4,14)
(5,13)973643522(6,13)
(5,13)1137226015(5,14)
(6,13)398995615(7,13)
(6,13)1715668222(6,14)
(7,13)1026016220(8,13)
(7,13)1202920476(7,14)
(8,13)1289117221(9,13)
(8,13)955356727(8,14)
(9,13)1781929841(10,13)
(9,13)2136780514(9,14)
(10,13)628717306(11,13)
(10,13)557050735(10,14)
(11,13)642819940(12,13)
(11,13)248127256(11,14)
(12,13)1089322267(13,13)
(12,13)1953342174(12,14)
(13,13)1070880231(14,13)
(13,13)1736575070(13,14)
(14,13)960368597(15,13)
(14,13)973836227(14,14)
(15,13)504862297(16,13)
(15,13)161407120(15,14)
(16,13)764153195(17,13)
(16,13)1803800836(16,14)
(17,13)1225942807(18,13)
(17,13)1362798662(17,14)
(18,13)667918548(19,13)
(18,13)1572729014(18,14)
(19,13)1015727116(20,13)
(19,13)1962042876(19,14)
(20,13)951785244(21,13)
(20,13)979192313(20,14)
(21,13)547376887(22,13)
(21,13)1989370638(21,14)
(22,13)1044807467(23,13)
(22,13)1350780859(22,14)
(23,13)158653938(24,13)
(23,13)1573393107(23,14)
(24,13)1562689974(25,13)
(24,13)186441040(24,14)
(25,13)743491776(26,13)
(25,13)1940583779(25,14)
(26,13)41227387(27,13)
(26,13)43923632(26,14)
(27,13)1997265806(28,13)
(27,13)1386311716(27,14)
(28,13)975403139(29,13)
(28,13)1130549655(28,14)
(29,13)2104385882(30,13)
(29,13)920662389(29,14)
(30,13)1082069509(31,13)
(30,13)1935771736(30,14)
(31,13)1592088924(32,13)
(31,13)461764531(31,14)
(32,13)1824563193(33,13)
(32,13)1846222704(32,14)
(33,13)1271468070(34,13)
(33,13)670548083(33,14)
(34,13)485107312(35,13)
(34,13)344998093(34,14)
(35,13)1324190407(36,13)
(35,13)139711538(35,14)
(36,13)2129082177(37,13)
(36,13)1436892556(36,14)
(37,13)640189767(38,13)
(37,13)1871567294(37,14)
(38,13)1297476754(39,13)
(38,13)1026405996(38,14)
(39,13)1212847036(40,13)
(39,13)798843705(39,14)
(40,13)591943836(41,13)
(40,13)712683080(40,14)
(41,13)756606712(42,13)
(41,13)1956338812(41,14)
(42,13)1195166881(43,13)
(42,13)633171224(42,14)
(43,13)1763720879(44,13)
(43,13)606388870(43,14)
(44,13)1527051259(45,13)
(44,13)23086372(44,14)
(45,13)1958858108(46,13)
(45,13)1720623113(45,14)
(46,13)34903997(47,13)
(46,13)461637120(46,14)
(47,13)160376177(48,13)
(47,13)1403463384(47,14)
(48,13)2074011468(49,13)
(48,13)1859467190(48,14)
(49,13)1431844247(49,14)
(0,14)411635132(1,14)
(0,14)56981636(0,15)
(1,14)1381172043(2,14)
(1,14)1571555786(1,15)
(2,14)1553154315(3,14)
(2,14)1848527688(2,15)
(3,14)341233807(4,14)
(3,14)1105255689(3,15)
(4,14)255248795(5,14)
(4,14)432076663(4,15)
(5,14)1644923699(6,14)
(5,14)1140077512(5,15)
(6,14)1732021348(7,14)
(6,14)967931875(6,15)
(7,14)1724538587(8,14)
(7,14)1453778864(7,15)
(8,14)501462097(9,14)
(8,14)217708924(8,15)
(9,14)1981429803(10,14)
(9,14)183443809(9,15)
(10,14)1710495068(11,14)
(10,14)524548469(10,15)
(11,14)335922929(12,14)
(11,14)1554569269(11,15)
(12,14)1589473266(13,14)
(12,14)24648541(12,15)
(13,14)185024718(14,14)
(13,14)1739386313(13,15)
(14,14)1665914133(15,14)
(14,14)1301456808(14,15)
(15,14)1358438444(16,14)
(15,14)1616868965(15,15)
(16,14)1040941103(17,14)
(16,14)2077549265(16,15)
(17,14)1778593305(18,14)
(17,14)592126839(17,15)
(18,14)1697382529(19,14)
(18,14)446611770(18,15)
(19,14)878688433(20,14)
(19,14)2119827112(19,15)
(20,14)1112420976(21,14)
(20,14)1952631324(20,15)
(21,14)773079552(22,14)
(21,14)376128485(21,15)
(22,14)1829907349(23,14)
(22,14)696958677(22,15)
(23,14)914667601(24,14)
(23,14)350134491(23,15)
(24,14)533578301(25,14)
(24,14)183885798(24,15)
(25,14)708434267(26,14)
(25,14)748613757(25,15)
(26,14)155699378(27,14)
(26,14)96589721(26,15)
(27,14)121238262(28,14)
(27,14)1044357196(27,15)
(28,14)636259861(29,14)
(28,14)1745172644(28,15)
(29,14)899145804(30,14)
(29,14)306262980(29,15)
(30,14)1923131946(31,14)
(30,14)154690347(30,15)
(31,14)84755964(32,14)
(31,14)110100601(31,15)
(32,14)702227440(33,14)
(32,14)816589401(32,15)
(33,14)1263201172(34,14)
(33,14)1863349270(33,15)
(34,14)1835692734(35,14)
(34,14)252126321(34,15)
(35,14)57273998(36,14)
(35,14)2141889605(35,15)
(36,14)370534442(37,14)
(36,14)800630063(36,15)
(37,14)1497588740(38,14)
(37,14)830353550(37,15)
(38,14)1180488041(39,14)
(38,14)52958143(38,15)
(39,14)236843941(40,14)
(39,14)264772693(39,15)
(40,14)1013386450(41,14)
(40,14)1714066342(40,15)
(41,14)1810656064(42,14)
(41,14)945278208(41,15)
(42,14)1989635404(43,14)
(42,14)1169085828(42,15)
(43,14)766774824(44,14)
(43,14)1931894326(43,15)
(44,14)90673659(45,14)
(44,14)478411618(44,15)
(45,14)633101965(46,14)
(45,14)1665920629(45,15)
(46,14)1776021230(47,14)
(46,14)2013805605(46,15)
(47,14)682911358(48,14)
(47,14)717857929(47,15)
(48,14)433723551(49,14)
(48,14)330765022(48,15)
(49,14)1946112530(49,15)
(0,15)121932638(1,15)
(0,15)582891344(0,16)
(1,15)640165342(2,15)
(1,15)1940518488(1,16)
(2,15)163569282(3,15)
(2,15)922562701(2,16)
(3,15)272667793(4,15)
(3,15)1470518892(3,16)
(4,15)503523285(5,15)
(4,15)216527426(4,16)
(5,15)453371367(6,15)
(5,15)537440486(5,16)
(6,15)1550826937(7,15)
(6,15)70105980(6,16)
(7,15)1880762044(8,15)
(7,15)1398649576(7,16)
(8,15)1240801332(9,15)
(8,15)572429117(8,16)
(9,15)1339203942(10,15)
(9,15)1665172722(9,16)
(10,15)1755846381(11,15)
(10,15)1719212950(10,16)
(11,15)204831267(12,15)
(11,15)857640923(11,16)
(12,15)486178505(13,15)
(12,15)1622168338(12,16)
(13,15)157596049(14,15)
(13,15)922689197(13,16)
(14,15)1356412748(15,15)
(14,15)816943527(14,16)
(15,15)1399834871(16,15)
(15,15)2103708579(15,16)
(16,15)1896743419(17,15)
(16,15)1478345386(16,16)
(17,15)253424439(18,15)
(17,15)2040000213(17,16)
(18,15)1363035457(19,15)
(18,15)2060312702(18,16)
(19,15)129356480(20,15)
(19,15)526092232(19,16)
(20,15)1063532719(21,15)
(20,15)1866558743(20,16)
(21,15)1936664723(22,15)
(21,15)582727847(21,16)
(22,15)1981377423(23,15)
(22,15)466876008(22,16)
(23,15)1039305125(24,15)
(23,15)1669943119(23,16)
(24,15)1187632193(25,15)
(24,15)1074695108(24,16)
(25,15)646424410(26,15)
(25,15)231025419(25,16)
(26,15)1088666342(27,15)
(26,15)795994927(26,16)
(27,15)270679617(28,15)
(27,15)851255678(27,16)
(28,15)1773944875(29,15)
(28,15)1574844847(28,16)
(29,15)244304727(30,15)
(29,15)428275666(29,16)
(30,15)384500598(31,15)
(30,15)982873975(30,16)
(31,15)313735714(32,15)
(31,15)1644139598(31,16)
(32,15)1536656164(33,15)
(32,15)133760369(32,16)
(33,15)46589423(34,15)
(33,15)567160153(33,16)
(34,15)1093252386(35,15)
(34,15)752207973(34,16)
(35,15)471283068(36,15)
(35,15)175945903(35,16)
(36,15)758673751(37,15)
(36,15)9301457(36,16)
(37,15)476177465(38,15)
(37,15)260464143(37,16)
(38,15)1930407262(39,15)
(38,15)592567526(38,16)
(39,15)1667262634(40,15)
(39,15)1515482590(39,16)
(40,15)1746508010(41,15)
(40,15)970555808(40,16)
(41,15)1766550735(42,15)
(41,15)166203397(41,16)
(42,15)1017459075(43,15)
(42,15)687690704(42,16)
(43,15)115051904(44,15)
(43,15)2037230352(43,16)
(44,15)318022371(45,15)
(44,15)643920302(44,16)
(45,15)1626794277(46,15)
(45,15)359356631(45,16)
(46,15)2003496229(47,15)
(46,15)702522969(46,16)
(47,15)836283338(48,15)
(47,15)1940529991(47,16)
(48,15)360206497(49,15)
(48,15)1392668745(48,16)
(49,15)882872762(49,16)
(0,16)1453458883(1,16)
(0,16)2144876719(0,17)
(1,16)468676139(2,16)
(1,16)1058818665(1,17)
(2,16)1817492416(3,16)
(2,16)1462760340(2,17)
(3,16)1938937805(4,16)
(3,16)729140283(3,17)
(4,16)512063897(5,16)
(4,16)262576295(4,17)
(5,16)1929838929(6,16)
(5,16)1306936747(5,17)
(6,16)905961109(7,16)
(6,16)1482619705(6,17)
(7,16)1101686792(8,16)
(7,16)2096042326(7,17)
(8,16)966017753(9,16)
(8,16)1593651814(8,17)
(9,16)1708703718(10,16)
(9,16)991433497(9,17)
(10,16)1309455868(11,16)
(10,16)1609938055(10,17)
(11,16)1089248685(12,16)
(11,16)2068060349(11,17)
(12,16)1924072930(13,16)
(12,16)2011978837(12,17)
(13,16)700778527(14,16)
(13,16)882295028(13,17)
(14,16)1242501525(15,16)
(14,16)1169258028(14,17)
(15,16)1166651099(16,16)
(15,16)1583651289(15,17)
(16,16)494986307(17,16)
(16,16)548476760(16,17)
(17,16)2011237100(18,16)
(17,16)1635327238(17,17)
(18,16)216983873(19,16)
(18,16)164995075(18,17)
(19,16)427571370(20,16)
(19,16)1802691257(19,17)
(20,16)962144357(21,16)
(20,16)729047771(20,17)
(21,16)64183828(22,16)
(21,16)209926652(21,17)
(22,16)158485330(23,16)
(22,16)1868105466(22,17)
(23,16)1314273632(24,16)
(23,16)1165870621(23,17)
(24,16)9820470(25,16)
(24,16)1124503084(24,17)
(25,16)586957491(26,16)
(25,16)875493702(25,17)
(26,16)796070403(27,16)
(26,16)1319276338(26,17)
(27,16)1183771527(28,16)
(27,16)1676206176(27,17)
(28,16)411017557(29,16)
(28,16)572659686(28,17)
(29,16)1741917714(30,16)
(29,16)1884550054(29,17)
(30,16)1320717696(31,16)
(30,16)1653519082(30,17)
(31,16)54512195(32,16)
(31,16)761085165(31,17)
(32,16)248928755(33,16)
(32,16)1815704003(32,17)
(33,16)1980699078(34,16)
(33,16)2065749295(33,17)
(34,16)1720956905(35,16)
(34,16)465912629(34,17)
(35,16)1194960400(36,16)
(35,16)260786801(35,17)
(36,16)470713453(37,16)
(36,16)535617614(36,17)
(37,16)256239432(38,16)
(37,16)1259144228(37,17)
(38,16)277531201(39,16)
(38,16)629198783(38,17)
(39,16)1753701867(40,16)
(39,16)1570513065(39,17)
(40,16)298523119(41,16)
(40,16)287351671(40,17)
(41,16)1606628009(42,16)
(41,16)193175711(41,17)
(42,16)1869381887(43,16)
(42,16)1094593523(42,17)
(43,16)1667253209(44,16)
(43,16)642915888(43,17)
(44,16)379982295(45,16)
(44,16)132915796(44,17)
(45,16)1786434879(46,16)
(45,16)1261687275(45,17)
(46,16)2022772440(47,16)
(46,16)1700699991(46,17)
(47,16)1368920346(48,16)
(47,16)1840947074(47,17)
(48,16)1759212721(49,16)
(48,16)124217547(48,17)
(49,16)1202135776(49,17)
(0,17)1332685978(1,17)
(0,17)590130176(0,18)
(1,17)1785090576(2,17)
(1,17)1462922577(1,18)
(2,17)1933636030(3,17)
(2,17)1868303592(2,18)
(3,17)2124543025(4,17)
(3,17)896751157(3,18)
(4,17)1174282358(5,17)
(4,17)415351166(4,18)
(5,17)21569385(6,17)
(5,17)1547572442(5,18)
(6,17)1846095561(7,17)
(6,17)1461634030(6,18)
(7,17)920778391(8,17)
(7,17)214745096(7,18)
(8,17)2084126984(9,17)
(8,17)793205436(8,18)
(9,17)312974997(10,17)
(9,17)1563694280(9,18)
(10,17)1943676575(11,17)
(10,17)69559132(10,18)
(11,17)1855994011(12,17)
(11,17)1574662272(11,18)
(12,17)1449951064(13,17)
(12,17)1496892918(12,18)
(13,17)718329616(14,17)
(13,17)1549457437(13,18)
(14,17)1161186511(15,17)
(14,17)1574168612(14,18)
(15,17)16815140(16,17)
(15,17)1920465392(15,18)
(16,17)1235904322(17,17)
(16,17)346388841(16,18)
(17,17)67208786(18,17)
(17,17)1801905717(17,18)
(18,17)551173226(19,17)
(18,17)1022056704(18,18)
(19,17)1437407870(20,17)
(19,17)44268163(19,18)
(20,17)1591840605(21,17)
(20,17)1725455584(20,18)
(21,17)1039605966(22,17)
(21,17)1458977256(21,18)
(22,17)1673722352(23,17)
(22,17)1290452518(22,18)
(23,17)2083657955(24,17)
(23,17)1960384358(23,18)
(24,17)1376594990(25,17)
(24,17)1610365688(24,18)
(25,17)1679924821(26,17)
(25,17)249149304(25,18)
(26,17)1823811577(27,17)
(26,17)1172787917(26,18)
(27,17)522197187(28,17)
(27,17)1388435184(27,18)
(28,17)790408974(29,17)
(28,17)1126278993(28,18)
(29,17)552963957(30,17)
(29,17)1240526803(29,18)
(30,17)1013508547(31,17)
(30,17)1951595485(30,18)
(31,17)150500678(32,17)
(31,17)569779098(31,18)
(32,17)224201167(33,17)
(32,17)101929221(32,18)
(33,17)1123985926(34,17)
(33,17)217709464(33,18)
(34,17)261977627(35,17)
(34,17)775374393(34,18)
(35,17)353346329(36,17)
(35,17)413910148(35,18)
(36,17)1872887404(37,17)
(36,17)1853818232(36,18)
(37,17)996787103(38,17)
(37,17)1392952296(37,18)
(38,17)1205853006(39,17)
(38,17)1399126109(38,18)
(39,17)862008149(40,17)
(39,17)932961410(39,18)
(40,17)1182110714(41,17)
(40,17)434964348(40,18)
(41,17)1607752265(42,17)
(41,17)394449322(41,18)
(42,17)1782884507(43,17)
(42,17)858438643(42,18)
(43,17)1984717637(44,17)
(43,17)2129949452(43,18)
(44,17)1222992607(45,17)
(44,17)425809833(44,18)
(45,17)229921670(46,17)
(45,17)390197946(45,18)
(46,17)959977044(47,17)
(46,17)89017506(46,18)
(47,17)190946728(48,17)
(47,17)380422348(47,18)
(48,17)598131813(49,17)
(48,17)1184178211(48,18)
(49,17)1314932654(49,18)
(0,18)860109440(1,18)
(0,18)1959552604(0,19)
(1,18)165415286(2,18)
(1,18)1728842802(1,19)
(2,18)1454246559(3,18)
(2,18)566444025(2,19)
(3,18)1563231128(4,18)
(3,18)1558367582(3,19)
(4,18)616736940(5,18)
(4,18)705889020(4,19)
(5,18)1567897169(6,18)
(5,18)348708890(5,19)
(6,18)1530819604(7,18)
(6,18)1051701288(6,19)
(7,18)511969905(8,18)
(7,18)1962346492(7,19)
(8,18)1597747351(9,18)
(8,18)241774600(8,19)
(9,18)79008589(10,18)
(9,18)494435709(9,19)
(10,18)1717428316(11,18)
(10,18)2023557184(10,19)
(11,18)105995206(12,18)
(11,18)469206535(11,19)
(12,18)1429183580(13,18)
(12,18)1806445822(12,19)
(13,18)1997392550(14,18)
(13,18)486417554(13,19)
(14,18)1084549367(15,18)
(14,18)465878143(14,19)
(15,18)277947100(16,18)
(15,18)1164841556(15,19)
(16,18)746200711(17,18)
(16,18)1944658808(16,19)
(17,18)363619185(18,18)
(17,18)443362386(17,19)
(18,18)2001729968(19,18)
(18,18)52963622(18,19)
(19,18)758852642(20,18)
(19,18)1926850313(19,19)
(20,18)128075555(21,18)
(20,18)470983260(20,19)
(21,18)1522684548(22,18)
(21,18)179266163(21,19)
(22,18)2141612655(23,18)
(22,18)1658895159(22,19)
(23,18)1900669759(24,18)
(23,18)2034654453(23,19)
(24,18)381606514(25,18)
(24,18)1591876358(24,19)
(25,18)1467949894(26,18)
(25,18)1979678348(25,19)
(26,18)301401236(27,18)
(26,18)2099034830(26,19)
(27,18)1757997004(28,18)
(27,18)1573945100(27,19)
(28,18)2060362655(29,18)
(28,18)1730584816(28,19)
(29,18)48979311(30,18)
(29,18)1607905907(29,19)
(30,18)625263815(31,18)
(30,18)997428374(30,19)
(31,18)794603534(32,18)
(31,18)326926411(31,19)
(32,18)770288797(33,18)
(32,18)1371464526(32,19)
(33,18)1424428148(34,18)
(33,18)1158222719(33,19)
(34,18)937589384(35,18)
(34,18)624535117(34,19)
(35,18)1095518377(36,18)
(35,18)35797142(35,19)
(36,18)215063306(37,18)
(36,18)1065664939(36,19)
(37,18)577076451(38,18)
(37,18)470719277(37,19)
(38,18)357890082(39,18)
(38,18)209192313(38,19)
(39,18)1801068672(40,18)
(39,18)330262562(39,19)
(40,18)162457263(41,18)
(40,18)739496596(40,19)
(41,18)691047778(42,18)
(41,18)1121534918(41,19)
(42,18)547996371(43,18)
(42,18)463858499(42,19)
(43,18)46959667(44,18)
(43,18)301561135(43,19)
(44,18)1909467042(45,18)
(44,18)460875378(44,19)
(45,18)1458303752(46,18)
(45,18)95938978(45,19)
(46,18)422865390(47,18)
(46,18)387247209(46,19)
(47,18)1758711736(48,18)
(47,18)105423639(47,19)
(48,18)1263646358(49,18)
(48,18)1193154187(48,19)
(49,18)1035656236(49,19)
(0,19)53752095(1,19)
(0,19)1817689305(0,20)
(1,19)765724034(2,19)
(1,19)1071453379(1,20)
(2,19)1286516685(3,19)
(2,19)1119417034(2,20)
(3,19)1696493485(4,19)
(3,19)1236443312(3,20)
(4,19)1594333394(5,19)
(4,19)1495708998(4,20)
(5,19)1149294022(6,19)
(5,19)2026756048(5,20)
(6,19)41729663(7,19)
(6,19)186346343(6,20)
(7,19)877394121(8,19)
(7,19)123345293(7,20)
(8,19)671341664(9,19)
(8,19)505588162(8,20)
(9,19)552547829(10,19)
(9,19)1178955256(9,20)
(10,19)940938650(11,19)
(10,19)1132217042(10,20)
(11,19)443037146(12,19)
(11,19)648486807(11,20)
(12,19)1071352197(13,19)
(12,19)1328185860(12,20)
(13,19)939413948(14,19)
(13,19)548460785(13,20)
(14,19)1812107144(15,19)
(14,19)117022737(14,20)
(15,19)1934712042(16,19)
(15,19)1975070184(15,20)
(16,19)899039915(17,19)
(16,19)1865859239(16,20)
(17,19)837792625(18,19)
(17,19)552952428(17,20)
(18,19)1789395740(19,19)
(18,19)38072952(18,20)
(19,19)1533781951(20,19)
(19,19)386802463(19,20)
(20,19)266074863(21,19)
(20,19)1236245487(20,20)
(21,19)1422591830(22,19)
(21,19)535592325(21,20)
(22,19)658937618(23,19)
(22,19)307804526(22,20)
(23,19)813392688(24,19)
(23,19)152502303(23,20)
(24,19)1331457560(25,19)
(24,19)1330279282(24,20)
(25,19)315012676(26,19)
(25,19)1365940517(25,20)
(26,19)2014427324(27,19)
(26,19)124912562(26,20)
(27,19)1453098422(28,19)
(27,19)758049823(27,20)
(28,19)1306510608(29,19)
(28,19)938295874(28,20)
(29,19)1055318611(30,19)
(29,19)245028722(29,20)
(30,19)72615259(31,19)
(30,19)971134104(30,20)
(31,19)689509695(32,19)
(31,19)842547005(31,20)
(32,19)1395499433(33,19)
(32,19)971655174(32,20)
(33,19)1009728127(34,19)
(33,19)1527302321(33,20)
(34,19)1914104784(35,19)
(34,19)1037411526(34,20)
(35,19)126173365(36,19)
(35,19)396026430(35,20)
(36,19)931618755(37,19)
(36,19)32695999(36,20)
(37,19)340500525(38,19)
(37,19)1548765195(37,20)
(38,19)1701267498(39,19)
(38,19)1590556374(38,20)
(39,19)773352008(40,19)
(39,19)1153893213(39,20)
(40,19)372350082(41,19)
(40,19)885241410(40,20)
(41,19)1010153973(42,19)
(41,19)1088364685(41,20)
(42,19)1846414508(43,19)
(42,19)239293758(42,20)
(43,19)1177589632(44,19)
(43,19)315768747(43,20)
(44,19)560797470(45,19)
(44,19)1005441468(44,20)
(45,19)1976575573(46,19)
(45,19)85424595(45,20)
(46,19)927971600(47,19)
(46,19)633412729(46,20)
(47,19)1605067903(48,19)
(47,19)518601620(47,20)
(48,19)2045903941(49,19)
(48,19)175987386(48,20)
(49,19)467312382(49,20)
(0,20)1812525077(1,20)
(0,20)1213398912(0,21)
(1,20)1339572277(2,20)
(1,20)863338812(1,21)
(2,20)1794957568(3,20)
(2,20)1845221076(2,21)
(3,20)38237953(4,20)
(3,20)740853824(3,21)
(4,20)294637674(5,20)
(4,20)1238030294(4,21)
(5,20)2011382302(6,20)
(5,20)1192131166(5,21)
(6,20)1564481248(7,20)
(6,20)1179879085(6,21)
(7,20)42549410(8,20)
(7,20)952263339(7,21)
(8,20)651194199(9,20)
(8,20)1803775007(8,21)
(9,20)833880991(10,20)
(9,20)358318157(9,21)
(10,20)919115627(11,20)
(10,20)1656635668(10,21)
(11,20)1485727593(12,20)
(11,20)919305587(11,21)
(12,20)1847277187(13,20)
(12,20)1552528356(12,21)
(13,20)1010112612(14,20)
(13,20)2004329213(13,21)
(14,20)1902749507(15,20)
(14,20)2023264573(14,21)
(15,20)1089179837(16,20)
(15,20)1477424994(15,21)
(16,20)193280159(17,20)
(16,20)1567790936(16,21)
(17,20)1265528365(18,20)
(17,20)281268466(17,21)
(18,20)1022122290(19,20)
(18,20)1988237727(18,21)
(19,20)1078784373(20,20)
(19,20)1303766318(19,21)
(20,20)348413837(21,20)
(20,20)1316759965(20,21)
(21,20)349155402(22,20)
(21,20)942683027(21,21)
(22,20)1894946367(23,20)
(22,20)1912895085(22,21)
(23,20)1569186444(24,20)
(23,20)391704812(23,21)
(24,20)750022969(25,20)
(24,20)398656918(24,21)
(25,20)2055292586(26,20)
(25,20)255583788(25,21)
(26,20)1174889375(27,20)
(26,20)1669138597(26,21)
(27,20)1074183305(28,20)
(27,20)1393536531(27,21)
(28,20)1250382097(29,20)
(28,20)874682914(28,21)
(29,20)750463840(30,20)
(29,20)2084295917(29,21)
(30,20)1414237264(31,20)
(30,20)1005647956(30,21)
(31,20)425955244(32,20)
(31,20)1839643677(31,21)
(32,20)2120912144(33,20)
(32,20)1607517423(32,21)
(33,20)1448271502(34,20)
(33,20)1691483609(33,21)
(34,20)847766280(35,20)
(34,20)995550786(34,21)
(35,20)164827103(36,20)
(35,20)379572227(35,21)
(36,20)1322255254(37,20)
(36,20)1196180117(36,21)
(37,20)961591554(38,20)
(37,20)513982505(37,21)
(38,20)905687317(39,20)
(38,20)1069717973(38,21)
(39,20)1468374892(40,20)
(39,20)383294351(39,21)
(40,20)638878139(41,20)
(40,20)1655710287(40,21)
(41,20)1177365236(42,20)
(41,20)1376183830(41,21)
(42,20)622236714(43,20)
(42,20)1813767514(42,21)
(43,20)540966780(44,20)
(43,20)104064893(43,21)
(44,20)40877163(45,20)
(44,20)1872618811(44,21)
(45,20)730783119(46,20)
(45,20)1291430620(45,21)
(46,20)983590650(47,20)
(46,20)1455114427(46,21)
(47,20)915148202(48,20)
(47,20)1156738363(47,21)
(48,20)700738325(49,20)
(48,20)957019146(48,21)
(49,20)215936056(49,21)
(0,21)1548504605(1,21)
(0,21)1952569932(0,22)
(1,21)2117397036(2,21)
(1,21)595508283(1,22)
(2,21)1917763537(3,21)
(2,21)597201074(2,22)
(3,21)1558792628(4,21)
(3,21)483895893(3,22)
(4,21)1389583211(5,21)
(4,21)839997863(4,22)
(5,21)160889107(6,21)
(5,21)1942086979(5,22)
(6,21)433481470(7,21)
(6,21)897809850(6,22)
(7,21)2075175086(8,21)
(7,21)1537072937(7,22)
(8,21)11826003(9,21)
(8,21)99765336(8,22)
(9,21)640732117(10,21)
(9,21)31756331(9,22)
(10,21)72633494(11,21)
(10,21)1884444814(10,22)
(11,21)467744285(12,21)
(11,21)1932162737(11,22)
(12,21)768269739(13,21)
(12,21)1527747921(12,22)
(13,21)295412475(14,21)
(13,21)1624482649(13,22)
(14,21)177737326(15,21)
(14,21)1725288885(14,22)
(15,21)1530375170(16,21)
(15,21)511348531(15,22)
(16,21)1106856814(17,21)
(16,21)1726241931(16,22)
(17,21)175959357(18,21)
(17,21)1500288558(17,22)
(18,21)1984184451(19,21)
(18,21)877136704(18,22)
(19,21)1717134567(20,21)
(19,21)1734751985(19,22)
(20,21)1529355317(21,21)
(20,21)1226284014(20,22)
(21,21)2124093864(22,21)
(21,21)1878023674(21,22)
(22,21)1267612963(23,21)
(22,21)1962836787(22,22)
(23,21)2062602124(24,21)
(23,21)2051785302(23,22)
(24,21)2083541634(25,21)
(24,21)1279438967(24,22)
(25,21)1016400133(26,21)
(25,21)555850593(25,22)
(26,21)340529682(27,21)
(26,21)8691480(26,22)
(27,21)1536439402(28,21)
(27,21)1484144419(27,22)
(28,21)961143420(29,21)
(28,21)1108799422(28,22)
(29,21)686604659(30,21)
(29,21)1831851877(29,22)
(30,21)195716761(31,21)
(30,21)1138880746(30,22)
(31,21)717639029(32,21)
(31,21)69496181(31,22)
(32,21)1569784739(33,21)
(32,21)1302573575(32,22)
(33,21)32226631(34,21)
(33,21)893598386(33,22)
(34,21)480866723(35,21)
(34,21)1406485543(34,22)
(35,21)485285909(36,21)
(35,21)1749361198(35,22)
(36,21)1479901224(37,21)
(36,21)2010222040(36,22)
(37,21)1825575180(38,21)
(37,21)461896126(37,22)
(38,21)366197780(39,21)
(38,21)600030540(38,22)
(39,21)1879469507(40,21)
(39,21)1740693656(39,22)
(40,21)149060601(41,21)
(40,21)302255766(40,22)
(41,21)310947247(42,21)
(41,21)748385992(41,22)
(42,21)85046763(43,21)
(42,21)489590283(42,22)
(43,21)1598389705(44,21)
(43,21)1847386649(43,22)
(44,21)1531754878(45,21)
(44,21)1046190183(44,22)
(45,21)37587281(46,21)
(45,21)137510717(45,22)
(46,21)207006898(47,21)
(46,21)1727471639(46,22)
(47,21)882561567(48,21)
(47,21)755226310(47,22)
(48,21)1648824696(49,21)
(48,21)1776791638(48,22)
(49,21)914788198(49,22)
(0,22)2129691420(1,22)
(0,22)1035793533(0,23)
(1,22)1521079442(2,22)
(1,22)516665749(1,23)
(2,22)1996566973(3,22)
(2,22)1992429812(2,23)
(3,22)1670521344(4,22)
(3,22)1982975568(3,23)
(4,22)201689701(5,22)
(4,22)449113865(4,23)
(5,22)181099724(6,22)
(5,22)1263731352(5,23)
(6,22)1412791953(7,22)
(6,22)503945467(6,23)
(7,22)814892714(8,22)
(7,22)929485717(7,23)
(8,22)1014532480(9,22)
(8,22)1902382237(8,23)
(9,22)1353288294(10,22)
(9,22)514795715(9,23)
(10,22)2046550594(11,22)
(10,22)2060722664(10,23)
(11,22)2098309945(12,22)
(11,22)1490799011(11,23)
(12,22)1697805910(13,22)
(12,22)1626538585(12,23)
(13,22)361616504(14,22)
(13,22)706052608(13,23)
(14,22)207393656(15,22)
(14,22)1327113900(14,23)
(15,22)215423785(16,22)
(15,22)1276404703(15,23)
(16,22)1793070452(17,22)
(16,22)189601428(16,23)
(17,22)34547593(18,22)
(17,22)1736503227(17,23)
(18,22)1571995148(19,22)
(18,22)1642153777(18,23)
(19,22)2091267643(20,22)
(19,22)1705068937(19,23)
(20,22)821316642(21,22)
(20,22)1773684849(20,23)
(21,22)130146668(22,22)
(21,22)124883719(21,23)
(22,22)1054369436(23,22)
(22,22)86624947(22,23)
(23,22)1989007184(24,22)
(23,22)945039383(23,23)
(24,22)1459835098(25,22)
(24,22)2068901917(24,23)
(25,22)1982140933(26,22)
(25,22)1194811831(25,23)
(26,22)538127194(27,22)
(26,22)1358902044(26,23)
(27,22)837956982(28,22)
(27,22)1932967230(27,23)
(28,22)491536190(29,22)
(28,22)88449456(28,23)
(29,22)1415563356(30,22)
(29,22)1199573486(29,23)
(30,22)328494541(31,22)
(30,22)698929847(30,23)
(31,22)888531275(32,22)
(31,22)1630987141(31,23)
(32,22)1220006721(33,22)
(32,22)2121564993(32,23)
(33,22)1616235123(34,22)
(33,22)923078868(33,23)
(34,22)480664158(35,22)
(34,22)644518221(34,23)
(35,22)270719422(36,22)
(35,22)1560019118(35,23)
(36,22)1684902837(37,22)
(36,22)1301980800(36,23)
(37,22)1388605747(38,22)
(37,22)400866090(37,23)
(38,22)1345905473(39,22)
(38,22)591788626(38,23)
(39,22)513206895(40,22)
(39,22)1230129284(39,23)
(40,22)277457467(41,22)
(40,22)658256924(40,23)
(41,22)2017158968(42,22)
(41,22)347864180(41,23)
(42,22)133347762(43,22)
(42,22)815584661(42,23)
(43,22)904034118(44,22)
(43,22)707632302(43,23)
(44,22)1907205789(45,22)
(44,22)624883953(44,23)
(45,22)1323813800(46,22)
(45,22)172113826(45,23)
(46,22)1803100968(47,22)
(46,22)88216682(46,23)
(47,22)62298028(48,22)
(47,22)64861427(47,23)
(48,22)987940296(49,22)
(48,22)875624041(48,23)
(49,22)1678533151(49,23)
(0,23)1468604454(1,23)
(0,23)1520142262(0,24)
(1,23)1790861684(2,23)
(1,23)1091068621(1,24)
(2,23)628487810(3,23)
(2,23)623101606(2,24)
(3,23)2011707353(4,23)
(3,23)44244126(3,24)
(4,23)1390149600(5,23)
(4,23)1220276436(4,24)
(5,23)1733483331(6,23)
(5,23)1094352989(5,24)
(6,23)1371810456(7,23)
(6,23)2048406524(6,24)
(7,23)1918081844(8,23)
(7,23)2081347511(7,24)
(8,23)67211626(9,23)
(8,23)39911470(8,24)
(9,23)943945588(10,23)
(9,23)478230499(9,24)
(10,23)237952640(11,23)
(10,23)692095579(10,24)
(11,23)2015909379(12,23)
(11,23)1116059414(11,24)
(12,23)771676734(13,23)
(12,23)326169322(12,24)
(13,23)388467350(14,23)
(13,23)2080770806(13,24)
(14,23)921227454(15,23)
(14,23)1647300775(14,24)
(15,23)1019959389(16,23)
(15,23)2067000501(15,24)
(16,23)1010585474(17,23)
(16,23)242348260(16,24)
(17,23)865449866(18,23)
(17,23)663337425(17,24)
(18,23)707581552(19,23)
(18,23)1639073285(18,24)
(19,23)711866073(20,23)
(19,23)729673572(19,24)
(20,23)1824026561(21,23)
(20,23)2097731152(20,24)
(21,23)1998654028(22,23)
(21,23)297865757(21,24)
(22,23)231729620(23,23)
(22,23)1048353370(22,24)
(23,23)1088264840(24,23)
(23,23)1769252224(23,24)
(24,23)99999075(25,23)
(24,23)298941246(24,24)
(25,23)991036825(26,23)
(25,23)2032210428(25,24)
(26,23)1000786194(27,23)
(26,23)337951715(26,24)
(27,23)664121038(28,23)
(27,23)859462556(27,24)
(28,23)792749715(29,23)
(28,23)1772462929(28,24)
(29,23)1272280056(30,23)
(29,23)1052588388(29,24)
(30,23)972105242(31,23)
(30,23)1713977169(30,24)
(31,23)1956325430(32,23)
(31,23)144755798(31,24)
(32,23)808093223(33,23)
(32,23)1982690716(32,24)
(33,23)1474280353(34,23)
(33,23)674291648(33,24)
(34,23)1403965220(35,23)
(34,23)1515674775(34,24)
(35,23)1465922279(36,23)
(35,23)38662779(35,24)
(36,23)336528536(37,23)
(36,23)1080508134(36,24)
(37,23)2128861504(38,23)
(37,23)1317092659(37,24)
(38,23)938861236(39,23)
(38,23)568258156(38,24)
(39,23)867199403(40,23)
(39,23)1069642696(39,24)
(40,23)954369476(41,23)
(40,23)1038860311(40,24)
(41,23)1376812027(42,23)
(41,23)1858236228(41,24)
(42,23)570215137(43,23)
(42,23)1955155670(42,24)
(43,23)1580134951(44,23)
(43,23)2040933065(43,24)
(44,23)946037805(45,23)
(44,23)1362964852(44,24)
(45,23)929458373(46,23)
(45,23)704931360(45,24)
(46,23)849687158(47,23)
(46,23)1918143047(46,24)
(47,23)1753350116(48,23)
(47,23)738300155(47,24)
(48,23)1412591804(49,23)
(48,23)1657780381(48,24)
(49,23)1080146821(49,24)
(0,24)669073376(1,24)
(0,24)1025971509(0,25)
(1,24)344410140(2,24)
(1,24)1118809600(1,25)
(2,24)1455338136(3,24)
(2,24)1749581510(2,25)
(3,24)1730959366(4,24)
(3,24)1661502800(3,25)
(4,24)452880388(5,24)
(4,24)2023596293(4,25)
(5,24)743312048(6,24)
(5,24)653118414(5,25)
(6,24)1607487890(7,24)
(6,24)1491740699(6,25)
(7,24)721069078(8,24)
(7,24)454064628(7,25)
(8,24)1024279765(9,24)
(8,24)1415159913(8,25)
(9,24)847811216(10,24)
(9,24)614518495(9,25)
(10,24)1560556301(11,24)
(10,24)239760969(10,25)
(11,24)1169219343(12,24)
(11,24)1552742576(11,25)
(12,24)254946086(13,24)
(12,24)1331215700(12,25)
(13,24)937082168(14,24)
(13,24)1907519498(13,25)
(14,24)1172627654(15,24)
(14,24)1912726468(14,25)
(15,24)791214329(16,24)
(15,24)2017228990(15,25)
(16,24)988554942(17,24)
(16,24)1841701031(16,25)
(17,24)1443798893(18,24)
(17,24)1135624469(17,25)
(18,24)649643621(19,24)
(18,24)296409431(18,25)
(19,24)172522076(20,24)
(19,24)1027274612(19,25)
(20,24)1680393026(21,24)
(20,24)1102524009(20,25)
(21,24)446781061(22,24)
(21,24)915834124(21,25)
(22,24)1369898752(23,24)
(22,24)1140397269(22,25)
(23,24)408073534(24,24)
(23,24)1167850139(23,25)
(24,24)1782368635(25,24)
(24,24)246694870(24,25)
(25,24)486455839(26,24)
(25,24)1255884750(25,25)
(26,24)661143679(27,24)
(26,24)1195441288(26,25)
(27,24)379173340(28,24)
(27,24)1655675182(27,25)
(28,24)1415711033(29,24)
(28,24)916089765(28,25)
(29,24)681332585(30,24)
(29,24)1316255509(29,25)
(30,24)1186000851(31,24)
(30,24)440855039(30,25)
(31,24)135072422(32,24)
(31,24)1472546914(31,25)
(32,24)460687736(33,24)
(32,24)27072145(32,25)
(33,24)323481576(34,24)
(33,24)1578871316(33,25)
(34,24)458662280(35,24)
(34,24)1110331357(34,25)
(35,24)65371719(36,24)
(35,24)496003652(35,25)
(36,24)1411837776(37,24)
(36,24)2139055306(36,25)
(37,24)1131968927(38,24)
(37,24)512152780(37,25)
(38,24)1680002919(39,24)
(38,24)634252881(38,25)
(39,24)880947751(40,24)
(39,24)1540042461(39,25)
(40,24)648443564(41,24)
(40,24)1314887906(40,25)
(41,24)362845546(42,24)
(41,24)1367403590(41,25)
(42,24)875595125(43,24)
(42,24)1309587243(42,25)
(43,24)78193360(44,24)
(43,24)742018887(43,25)
(44,24)2058274396(45,24)
(44,24)143822510(44,25)
(45,24)584677549(46,24)
(45,24)759525946(45,25)
(46,24)84589212(47,24)
(46,24)1096791599(46,25)
(47,24)1123863744(48,24)
(47,24)719749972(47,25)
(48,24)151137640(49,24)
(48,24)545276948(48,25)
(49,24)1447345321(49,25)
(0,25)609799920(1,25)
(0,25)1655608306(0,26)
(1,25)1720980025(2,25)
(1,25)1943348973(1,26)
(2,25)1207703102(3,25)
(2,25)601371578(2,26)
(3,25)1733340506(4,25)
(3,25)85649157(3,26)
(4,25)1765652076(5,25)
(4,25)1841955983(4,26)
(5,25)575420086(6,25)
(5,25)1125899319(5,26)
(6,25)1774342883(7,25)
(6,25)933056335(6,26)
(7,25)1295901881(8,25)
(7,25)1942823676(7,26)
(8,25)670935153(9,25)
(8,25)936446478(8,26)
(9,25)1014639839(10,25)
(9,25)2037920768(9,26)
(10,25)1948711516(11,25)
(10,25)814757663(10,26)
(11,25)1399435213(12,25)
(11,25)1774165785(11,26)
(12,25)1858754997(13,25)
(12,25)898019467(12,26)
(13,25)2021883212(14,25)
(13,25)2119185185(13,26)
(14,25)122839177(15,25)
(14,25)256548298(14,26)
(15,25)1912156604(16,25)
(15,25)1321744885(15,26)
(16,25)1117610210(17,25)
(16,25)732639097(16,26)
(17,25)1334010675(18,25)
(17,25)1485652981(17,26)
(18,25)1571302138(19,25)
(18,25)177829664(18,26)
(19,25)2019785647(20,25)
(19,25)919867533(19,26)
(20,25)2045766853(21,25)
(20,25)1189470566(20,26)
(21,25)2122526901(22,25)
(21,25)447722085(21,26)
(22,25)243062114(23,25)
(22,25)1672626088(22,26)
(23,25)461588919(24,25)
(23,25)1270945135(23,26)
(24,25)1161382255(25,25)
(24,25)913997267(24,26)
(25,25)1728754931(26,25)
(25,25)1476228758(25,26)
(26,25)1102910895(27,25)
(26,25)962610124(26,26)
(27,25)1860629591(28,25)
(27,25)980706496(27,26)
(28,25)952408033(29,25)
(28,25)814182244(28,26)
(29,25)1070730542(30,25)
(29,25)1735029155(29,26)
(30,25)909290392(31,25)
(30,25)1075247210(30,26)
(31,25)1807886307(32,25)
(31,25)835403498(31,26)
(32,25)173572831(33,25)
(32,25)2026900603(32,26)
(33,25)57246619(34,25)
(33,25)994413334(33,26)
(34,25)1914280868(35,25)
(34,25)1744874969(34,26)
(35,25)786861888(36,25)
(35,25)2077032267(35,26)
(36,25)377270704(37,25)
(36,25)1812564073(36,26)
(37,25)1337706513(38,25)
(37,25)761905141(37,26)
(38,25)2032850276(39,25)
(38,25)620332818(38,26)
(39,25)1534330086(40,25)
(39,25)1799295432(39,26)
(40,25)1128040542(41,25)
(40,25)1046748884(40,26)
(41,25)2009359008(42,25)
(41,25)1115601369(41,26)
(42,25)2096307865(43,25)
(42,25)83467789(42,26)
(43,25)897650034(44,25)
(43,25)1722504951(43,26)
(44,25)1310050459(45,25)
(44,25)901232250(44,26)
(45,25)1976479460(46,25)
(45,25)1968380576(45,26)
(46,25)656300427(47,25)
(46,25)71857203(46,26)
(47,25)2098757806(48,25)
(47,25)1636882119(47,26)
(48,25)483811805(49,25)
(48,25)829873258(48,26)
(49,25)8520778(49,26)
(0,26)250609025(1,26)
(0,26)427264580(0,27)
(1,26)1214126468(2,26)
(1,26)2085553045(1,27)
(2,26)315340101(3,26)
(2,26)2063173098(2,27)
(3,26)1253395964(4,26)
(3,26)1976031609(3,27)
(4,26)1861398238(5,26)
(4,26)935672920(4,27)
(5,26)322519358(6,26)
(5,26)905207748(5,27)
(6,26)2033248291(7,26)
(6,26)760663474(6,27)
(7,26)622538834(8,26)
(7,26)1438120727(7,27)
(8,26)1386944944(9,26)
(8,26)2116716080(8,27)
(9,26)866882466(10,26)
(9,26)197560137(9,27)
(10,26)1507610596(11,26)
(10,26)140693546(10,27)
(11,26)2117173006(12,26)
(11,26)687779395(11,27)
(12,26)1344079822(13,26)
(12,26)1579467800(12,27)
(13,26)1530741958(14,26)
(13,26)1606571477(13,27)
(14,26)2090383282(15,26)
(14,26)26469432(14,27)
(15,26)453734012(16,26)
(15,26)1539262736(15,27)
(16,26)1477332133(17,26)
(16,26)193508660(16,27)
(17,26)109198110(18,26)
(17,26)1667860480(17,27)
(18,26)1496408442(19,26)
(18,26)1792672235(18,27)
(19,26)580861507(20,26)
(19,26)1362594074(19,27)
(20,26)120318175(21,26)
(20,26)1210323032(20,27)
(21,26)1970986506(22,26)
(21,26)903380865(21,27)
(22,26)194017944(23,26)
(22,26)6082818(22,27)
(23,26)2122798898(24,26)
(23,26)446041692(23,27)
(24,26)643601829(25,26)
(24,26)1580962888(24,27)
(25,26)1721656434(26,26)
(25,26)842197717(25,27)
(26,26)1529977112(27,26)
(26,26)3728778(26,27)
(27,26)1583196578(28,26)
(27,26)1691345792(27,27)
(28,26)1150433621(29,26)
(28,26)726573286(28,27)
(29,26)753042718(30,26)
(29,26)966454888(29,27)
(30,26)358233977(31,26)
(30,26)1093333255(30,27)
(31,26)1286841915(32,26)
(31,26)1206776731(31,27)
(32,26)727153563(33,26)
(32,26)1835566110(32,27)
(33,26)1480754697(34,26)
(33,26)1396040026(33,27)
(34,26)611150452(35,26)
(34,26)76078357(34,27)
(35,26)1286401389(36,26)
(35,26)2061616204(35,27)
(36,26)817513421(37,26)
(36,26)731468627(36,27)
(37,26)737551445(38,26)
(37,26)1109904247(37,27)
(38,26)1555945939(39,26)
(38,26)1011531365(38,27)
(39,26)445010605(40,26)
(39,26)712866696(39,27)
(40,26)1555064413(41,26)
(40,26)52064121(40,27)
(41,26)55792899(42,26)
(41,26)19183391(41,27)
(42,26)1710529183(43,26)
(42,26)937557877(42,27)
(43,26)1664131163(44,26)
(43,26)1638989477(43,27)
(44,26)457960717(45,26)
(44,26)713479156(44,27)
(45,26)1806812412(46,26)
(45,26)269690233(45,27)
(46,26)1476466964(47,26)
(46,26)816194694(46,27)
(47,26)504277157(48,26)
(47,26)946170679(47,27)
(48,26)194727057(49,26)
(48,26)56136880(48,27)
(49,26)1985031854(49,27)
(0,27)805877510(1,27)
(0,27)132215237(0,28)
(1,27)1418616627(2,27)
(1,27)1899164411(1,28)
(2,27)569194184(3,27)
(2,27)1537346137(2,28)
(3,27)127413935(4,27)
(3,27)381037226(3,28)
(4,27)1936983166(5,27)
(4,27)1580725550(4,28)
(5,27)2025736155(6,27)
(5,27)840280631(5,28)
(6,27)247861396(7,27)
(6,27)1989047287(6,28)
(7,27)2044840186(8,27)
(7,27)2044919547(7,28)
(8,27)1607965082(9,27)
(8,27)1185419273(8,28)
(9,27)702066788(10,27)
(9,27)1536346015(9,28)
(10,27)1994306732(11,27)
(10,27)173960591(10,28)
(11,27)1980773003(12,27)
(11,27)971757021(11,28)
(12,27)300740338(13,27)
(12,27)663017779(12,28)
(13,27)1167294936(14,27)
(13,27)779460034(13,28)
(14,27)974187092(15,27)
(14,27)356877218(14,28)
(15,27)489092455(16,27)
(15,27)1004843142(15,28)
(16,27)756523905(17,27)
(16,27)1780064602(16,28)
(17,27)1169927091(18,27)
(17,27)1907709082(17,28)
(18,27)141262661(19,27)
(18,27)1325718090(18,28)
(19,27)758959992(20,27)
(19,27)1297341026(19,28)
(20,27)2137621657(21,27)
(20,27)2078245827(20,28)
(21,27)1919809466(22,27)
(21,27)637212499(21,28)
(22,27)534648398(23,27)
(22,27)237999405(22,28)
(23,27)1423418678(24,27)
(23,27)1817166004(23,28)
(24,27)1206028371(25,27)
(24,27)2142613481(24,28)
(25,27)169090424(26,27)
(25,27)2125485466(25,28)
(26,27)949758840(27,27)
(26,27)1052851455(26,28)
(27,27)1715869234(28,27)
(27,27)2379779(27,28)
(28,27)781839813(29,27)
(28,27)1250499178(28,28)
(29,27)1607376396(30,27)
(29,27)735680522(29,28)
(30,27)1740523665(31,27)
(30,27)1756026905(30,28)
(31,27)1388607859(32,27)
(31,27)2096468851(31,28)
(32,27)1856694286(33,27)
(32,27)349563922(32,28)
(33,27)1675282012(34,27)
(33,27)411051303(33,28)
(34,27)1708392329(35,27)
(34,27)1997956947(34,28)
(35,27)1928719126(36,27)
(35,27)286758356(35,28)
(36,27)923970856(37,27)
(36,27)1698530339(36,28)
(37,27)1936529744(38,27)
(37,27)1701044944(37,28)
(38,27)1370727300(39,27)
(38,27)1458619254(38,28)
(39,27)1453749087(40,27)
(39,27)1212464775(39,28)
(40,27)1190466593(41,27)
(40,27)429272023(40,28)
(41,27)1482123478(42,27)
(41,27)1622839511(41,28)
(42,27)1625219290(43,27)
(42,27)2140225433(42,28)
(43,27)1243240963(44,27)
(43,27)1050509065(43,28)
(44,27)1786189587(45,27)
(44,27)259575456(44,28)
(45,27)2015602361(46,27)
(45,27)703133711(45,28)
(46,27)652118915(47,27)
(46,27)1379229604(46,28)
(47,27)1728793527(48,27)
(47,27)1256726573(47,28)
(48,27)1667777876(49,27)
(48,27)361329553(48,28)
(49,27)1256591891(49,28)
(0,28)1228686557(1,28)
(0,28)211802852(0,29)
(1,28)2140521978(2,28)
(1,28)1543350248(1,29)
(2,28)319837456(3,28)
(2,28)779733248(2,29)
(3,28)568779345(4,28)
(3,28)1694083274(3,29)
(4,28)917326926(5,28)
(4,28)1778456710(4,29)
(5,28)1084722150(6,28)
(5,28)1781244120(5,29)
(6,28)824227065(7,28)
(6,28)1346598949(6,29)
(7,28)681238779(8,28)
(7,28)560078013(7,29)
(8,28)37813656(9,28)
(8,28)816968851(8,29)
(9,28)2060209814(10,28)
(9,28)1731747844(9,29)
(10,28)1370453784(11,28)
(10,28)297389112(10,29)
(11,28)165507825(12,28)
(11,28)615859878(11,29)
(12,28)1267978793(13,28)
(12,28)602199740(12,29)
(13,28)183509619(14,28)
(13,28)1422234398(13,29)
(14,28)942528626(15,28)
(14,28)1629308346(14,29)
(15,28)1841111198(16,28)
(15,28)1440101511(15,29)
(16,28)835968111(17,28)
(16,28)23731536(16,29)
(17,28)803464784(18,28)
(17,28)1834149528(17,29)
(18,28)1380749154(19,28)
(18,28)1155805567(18,29)
(19,28)786778629(20,28)
(19,28)1372244129(19,29)
(20,28)1006004601(21,28)
(20,28)150592432(20,29)
(21,28)1497191381(22,28)
(21,28)1871500779(21,29)
(22,28)284095145(23,28)
(22,28)1830231667(22,29)
(23,28)499716870(24,28)
(23,28)30946512(23,29)
(24,28)1762694357(25,28)
(24,28)321908801(24,29)
(25,28)619297913(26,28)
(25,28)412443036(25,29)
(26,28)1028302914(27,28)
(26,28)985664493(26,29)
(27,28)1587864233(28,28)
(27,28)784805738(27,29)
(28,28)59556489(29,28)
(28,28)148798059(28,29)
(29,28)1778106405(30,28)
(29,28)1771373853(29,29)
(30,28)1063991716(31,28)
(30,28)1002085115(30,29)
(31,28)1025816651(32,28)
(31,28)1471733955(31,29)
(32,28)1158399835(33,28)
(32,28)1899959827(32,29)
(33,28)908281746(34,28)
(33,28)1829281436(33,29)
(34,28)1054041917(35,28)
(34,28)391665341(34,29)
(35,28)542257773(36,28)
(35,28)1695060375(35,29)
(36,28)1419077507(37,28)
(36,28)2060046519(36,29)
(37,28)1742794538(38,28)
(37,28)2039449154(37,29)
(38,28)2070395667(39,28)
(38,28)1703172652(38,29)
(39,28)2025081453(40,28)
(39,28)95027760(39,29)
(40,28)507470796(41,28)
(40,28)1685606376(40,29)
(41,28)523787221(42,28)
(41,28)496895718(41,29)
(42,28)1281701456(43,28)
(42,28)1535773711(42,29)
(43,28)1684571770(44,28)
(43,28)2111651454(43,29)
(44,28)1735541659(45,28)
(44,28)1341257945(44,29)
(45,28)195859413(46,28)
(45,28)1315194528(45,29)
(46,28)639444835(47,28)
(46,28)652049727(46,29)
(47,28)404525906(48,28)
(47,28)1221676064(47,29)
(48,28)903473852(49,28)
(48,28)1797844671(48,29)
(49,28)1312807652(49,29)
(0,29)1957515770(1,29)
(0,29)42026364(0,30)
(1,29)584284138(2,29)
(1,29)860384380(1,30)
(2,29)131978239(3,29)
(2,29)1870078641(2,30)
(3,29)1465389531(4,29)
(3,29)476249644(3,30)
(4,29)399161663(5,29)
(4,29)1835150891(4,30)
(5,29)1712748696(6,29)
(5,29)1560417291(5,30)
(6,29)2067888087(7,29)
(6,29)2084768039(6,30)
(7,29)461071612(8,29)
(7,29)62160766(7,30)
(8,29)1343862222(9,29)
(8,29)1456178150(8,30)
(9,29)993266273(10,29)
(9,29)425239419(9,30)
(10,29)13297430(11,29)
(10,29)537636520(10,30)
(11,29)733495933(12,29)
(11,29)160977153(11,30)
(12,29)800421988(13,29)
(12,29)665347158(12,30)
(13,29)1069873064(14,29)
(13,29)1955171997(13,30)
(14,29)711162202(15,29)
(14,29)450783011(14,30)
(15,29)492809376(16,29)
(15,29)235197069(15,30)
(16,29)1095581449(17,29)
(16,29)521194324(16,30)
(17,29)243789317(18,29)
(17,29)1077093514(17,30)
(18,29)1553343158(19,29)
(18,29)1227559688(18,30)
(19,29)915226931(20,29)
(19,29)1709178848(19,30)
(20,29)1122112491(21,29)
(20,29)1952504822(20,30)
(21,29)1889789213(22,29)
(21,29)480491979(21,30)
(22,29)542652745(23,29)
(22,29)1042516930(22,30)
(23,29)351211433(24,29)
(23,29)203377178(23,30)
(24,29)628616597(25,29)
(24,29)1886514967(24,30)
(25,29)276667839(26,29)
(25,29)1344477706(25,30)
(26,29)1505454859(27,29)
(26,29)641914027(26,30)
(27,29)1307261185(28,29)
(27,29)1010163772(27,30)
(28,29)817852122(29,29)
(28,29)158393199(28,30)
(29,29)609176211(30,29)
(29,29)229650602(29,30)
(30,29)464847671(31,29)
(30,29)1529014324(30,30)
(31,29)2050208648(32,29)
(31,29)1101985587(31,30)
(32,29)31595453(33,29)
(32,29)1560429120(32,30)
(33,29)640505160(34,29)
(33,29)146514317(33,30)
(34,29)1855693165(35,29)
(34,29)1584938611(34,30)
(35,29)1389959785(36,29)
(35,29)1555732091(35,30)
(36,29)2036224070(37,29)
(36,29)830322008(36,30)
(37,29)1872838938(38,29)
(37,29)1132265351(37,30)
(38,29)1335642529(39,29)
(38,29)431393167(38,30)
(39,29)170424486(40,29)
(39,29)76566723(39,30)
(40,29)1421044429(41,29)
(40,29)1964259126(40,30)
(41,29)458689505(42,29)
(41,29)447092326(41,30)
(42,29)1457256098(43,29)
(42,29)779015640(42,30)
(43,29)937408840(44,29)
(43,29)1765950691(43,30)
(44,29)1995601293(45,29)
(44,29)127624572(44,30)
(45,29)1656638896(46,29)
(45,29)1546585051(45,30)
(46,29)501086990(47,29)
(46,29)312965316(46,30)
(47,29)1873394436(48,29)
(47,29)1559363896(47,30)
(48,29)1705878213(49,29)
(48,29)532682443(48,30)
(49,29)366415948(49,30)
(0,30)1414087730(1,30)
(0,30)2117621054(0,31)
(1,30)1360097192(2,30)
(1,30)1922148039(1,31)
(2,30)1810888461(3,30)
(2,30)96926090(2,31)
(3,30)1969765029(4,30)
(3,30)344878895(3,31)
(4,30)1680521424(5,30)
(4,30)94797980(4,31)
(5,30)265222466(6,30)
(5,30)2046331752(5,31)
(6,30)1319892534(7,30)
(6,30)1497296902(6,31)
(7,30)1955986407(8,30)
(7,30)712314792(7,31)
(8,30)22087243(9,30)
(8,30)2098908174(8,31)
(9,30)888833366(10,30)
(9,30)1574453450(9,31)
(10,30)1422571095(11,30)
(10,30)149711815(10,31)
(11,30)1806350712(12,30)
(11,30)287934769(11,31)
(12,30)789021759(13,30)
(12,30)1735536411(12,31)
(13,30)1461447199(14,30)
(13,30)1218230960(13,31)
(14,30)776625526(15,30)
(14,30)1321704202(14,31)
(15,30)1291841609(16,30)
(15,30)1827863147(15,31)
(16,30)1602527538(17,30)
(16,30)43229608(16,31)
(17,30)140155699(18,30)
(17,30)504455153(17,31)
(18,30)849334048(19,30)
(18,30)1265932351(18,31)
(19,30)1360730331(20,30)
(19,30)2109920728(19,31)
(20,30)2008768832(21,30)
(20,30)382371824(20,31)
(21,30)1879668726(22,30)
(21,30)1625952798(21,31)
(22,30)190783942(23,30)
(22,30)1181177718(22,31)
(23,30)1132602245(24,30)
(23,30)1688171485(23,31)
(24,30)1115141288(25,30)
(24,30)212871185(24,31)
(25,30)362583001(26,30)
(25,30)2021435611(25,31)
(26,30)161886733(27,30)
(26,30)390228735(26,31)
(27,30)2125765147(28,30)
(27,30)21450065(27,31)
(28,30)1239681025(29,30)
(28,30)950908492(28,31)
(29,30)125129047(30,30)
(29,30)1439728698(29,31)
(30,30)1120108198(31,30)
(30,30)2016306551(30,31)
(31,30)2059536160(32,30)
(31,30)1416970656(31,31)
(32,30)1921425809(33,30)
(32,30)575152088(32,31)
(33,30)1841084440(34,30)
(33,30)52208211(33,31)
(34,30)14645291(35,30)
(34,30)623276209(34,31)
(35,30)1005648033(36,30)
(35,30)1054331123(35,31)
(36,30)532800273(37,30)
(36,30)2023414123(36,31)
(37,30)1057108194(38,30)
(37,30)737833111(37,31)
(38,30)278520948(39,30)
(38,30)723584216(38,31)
(39,30)936455401(40,30)
(39,30)42226791(39,31)
(40,30)2063662402(41,30)
(40,30)1393662236(40,31)
(41,30)1783890972(42,30)
(41,30)1299038402(41,31)
(42,30)1320488467(43,30)
(42,30)78065487(42,31)
(43,30)1028973980(44,30)
(43,30)1762172471(43,31)
(44,30)1054417521(45,30)
(44,30)412685845(44,31)
(45,30)281508748(46,30)
(45,30)1154103027(45,31)
(46,30)423590035(47,30)
(46,30)27042071(46,31)
(47,30)602194160(48,30)
(47,30)193561260(47,31)
(48,30)245769471(49,30)
(48,30)197532196(48,31)
(49,30)295794952(49,31)
(0,31)260414762(1,31)
(0,31)820808405(0,32)
(1,31)1826456438(2,31)
(1,31)1350126075(1,32)
(2,31)1882926349(3,31)
(2,31)136345238(2,32)
(3,31)1193453432(4,31)
(3,31)416805901(3,32)
(4,31)695326849(5,31)
(4,31)459026917(4,32)
(5,31)1395482318(6,31)
(5,31)1235680223(5,32)
(6,31)1151858977(7,31)
(6,31)2088989086(6,32)
(7,31)1725396410(8,31)
(7,31)547037073(7,32)
(8,31)1867525540(9,31)
(8,31)1229924465(8,32)
(9,31)111414797(10,31)
(9,31)1340085233(9,32)
(10,31)247019106(11,31)
(10,31)132727737(10,32)
(11,31)414236486(12,31)
(11,31)1265517824(11,32)
(12,31)1689107859(13,31)
(12,31)274061178(12,32)
(13,31)876255338(14,31)
(13,31)607797746(13,32)
(14,31)853567218(15,31)
(14,31)1886640055(14,32)
(15,31)559964812(16,31)
(15,31)1172050290(15,32)
(16,31)374692717(17,31)
(16,31)1113981980(16,32)
(17,31)1250327218(18,31)
(17,31)238937602(17,32)
(18,31)655743503(19,31)
(18,31)110135418(18,32)
(19,31)569162335(20,31)
(19,31)296297002(19,32)
(20,31)1531977225(21,31)
(20,31)1351070352(20,32)
(21,31)1292575790(22,31)
(21,31)1964644654(21,32)
(22,31)364198079(23,31)
(22,31)536352555(22,32)
(23,31)1766277020(24,31)
(23,31)870488552(23,32)
(24,31)63090137(25,31)
(24,31)84239971(24,32)
(25,31)216967709(26,31)
(25,31)1877691817(25,32)
(26,31)995725993(27,31)
(26,31)310109244(26,32)
(27,31)584170422(28,31)
(27,31)631204195(27,32)
(28,31)1239001941(29,31)
(28,31)537350204(28,32)
(29,31)276506611(30,31)
(29,31)1460425760(29,32)
(30,31)484992402(31,31)
(30,31)2092569159(30,32)
(31,31)1059067492(32,31)
(31,31)836471423(31,32)
(32,31)1075409025(33,31)
(32,31)859685119(32,32)
(33,31)969820538(34,31)
(33,31)161911062(33,32)
(34,31)458208065(35,31)
(34,31)1731152528(34,32)
(35,31)934739232(36,31)
(35,31)1538982873(35,32)
(36,31)1356143879(37,31)
(36,31)1990185290(36,32)
(37,31)379054197(38,31)
(37,31)79831375(37,32)
(38,31)950319927(39,31)
(38,31)1720341958(38,32)
(39,31)1804581930(40,31)
(39,31)2145331217(39,32)
(40,31)1875539386(41,31)
(40,31)1013410065(40,32)
(41,31)1323519309(42,31)
(41,31)2021549639(41,32)
(42,31)505270186(43,31)
(42,31)723781731(42,32)
(43,31)1261131935(44,31)
(43,31)1907689731(43,32)
(44,31)1220631843(45,31)
(44,31)1744272127(44,32)
(45,31)1689357639(46,31)
(45,31)1537638546(45,32)
(46,31)226626321(47,31)
(46,31)1705624245(46,32)
(47,31)417825716(48,31)
(47,31)600941483(47,32)
(48,31)762852545(49,31)
(48,31)1302035346(48,32)
(49,31)1387646254(49,32)
(0,32)1221060610(1,32)
(0,32)885704226(0,33)
(1,32)1820443459(2,32)
(1,32)779145480(1,33)
(2,32)2135289359(3,32)
(2,32)1063762253(2,33)
(3,32)1442816450(4,32)
(3,32)1900274834(3,33)
(4,32)703111113(5,32)
(4,32)1708147670(4,33)
(5,32)1365245952(6,32)
(5,32)1440664020(5,33)
(6,32)1168719758(7,32)
(6,32)1716521178(6,33)
(7,32)892556839(8,32)
(7,32)1239311943(7,33)
(8,32)1744582129(9,32)
(8,32)1892501490(8,33)
(9,32)1006149777(10,32)
(9,32)652762922(9,33)
(10,32)1873394765(11,32)
(10,32)1341370608(10,33)
(11,32)883244599(12,32)
(11,32)396304676(11,33)
(12,32)622930997(13,32)
(12,32)1431535362(12,33)
(13,32)1849361079(14,32)
(13,32)1484186082(13,33)
(14,32)99554980(15,32)
(14,32)1924966344(14,33)
(15,32)663186922(16,32)
(15,32)1089523685(15,33)
(16,32)1868669165(17,32)
(16,32)1320615590(16,33)
(17,32)236894195(18,32)
(17,32)336146733(17,33)
(18,32)88937919(19,32)
(18,32)1856474877(18,33)
(19,32)1417138899(20,32)
(19,32)1679710646(19,33)
(20,32)972891018(21,32)
(20,32)792049033(20,33)
(21,32)361086563(22,32)
(21,32)634901203(21,33)
(22,32)1874213146(23,32)
(22,32)2141610776(22,33)
(23,32)1886628618(24,32)
(23,32)1253643403(23,33)
(24,32)1906406325(25,32)
(24,32)1471311627(24,33)
(25,32)665198587(26,32)
(25,32)745294748(25,33)
(26,32)1141599424(27,32)
(26,32)1632317443(26,33)
(27,32)916369157(28,32)
(27,32)1548443187(27,33)
(28,32)885145621(29,32)
(28,32)1764530421(28,33)
(29,32)1542013117(30,32)
(29,32)618246588(29,33)
(30,32)1707770274(31,32)
(30,32)984700601(30,33)
(31,32)157832544(32,32)
(31,32)57716392(31,33)
(32,32)393863125(33,32)
(32,32)1428955791(32,33)
(33,32)1137947020(34,32)
(33,32)394726739(33,33)
(34,32)2074437385(35,32)
(34,32)482801045(34,33)
(35,32)1274850078(36,32)
(35,32)407602271(35,33)
(36,32)1042503474(37,32)
(36,32)899844755(36,33)
(37,32)893971884(38,32)
(37,32)1635936641(37,33)
(38,32)742096396(39,32)
(38,32)769232972(38,33)
(39,32)93060951(40,32)
(39,32)633116854(39,33)
(40,32)1378411602(41,32)
(40,32)501019074(40,33)
(41,32)2133336517(42,32)
(41,32)758259539(41,33)
(42,32)159219078(43,32)
(42,32)372527378(42,33)
(43,32)2137057800(44,32)
(43,32)902222026(43,33)
(44,32)1520468615(45,32)
(44,32)1044364699(44,33)
(45,32)2029065301(46,32)
(45,32)1531587269(45,33)
(46,32)1589303661(47,32)
(46,32)1080755241(46,33)
(47,32)362227384(48,32)
(47,32)39414197(47,33)
(48,32)434140936(49,32)
(48,32)1983166787(48,33)
(49,32)1500174405(49,33)
(0,33)361094674(1,33)
(0,33)318484184(0,34)
(1,33)1593334262(2,33)
(1,33)1907776676(1,34)
(2,33)802796503(3,33)
(2,33)1260939429(2,34)
(3,33)7427665(4,33)
(3,33)1081787255(3,34)
(4,33)1823883652(5,33)
(4,33)1572029475(4,34)
(5,33)1665090427(6,33)
(5,33)640544520(5,34)
(6,33)2018956122(7,33)
(6,33)177419078(6,34)
(7,33)163271947(8,33)
(7,33)275866318(7,34)
(8,33)435085396(9,33)
(8,33)243999853(8,34)
(9,33)233574005(10,33)
(9,33)1065493973(9,34)
(10,33)438478940(11,33)
(10,33)1479450095(10,34)
(11,33)1361031748(12,33)
(11,33)1765161274(11,34)
(12,33)1206981288(13,33)
(12,33)1519234181(12,34)
(13,33)1881461566(14,33)
(13,33)1400445945(13,34)
(14,33)1834586882(15,33)
(14,33)1042664427(14,34)
(15,33)1361148611(16,33)
(15,33)1234152323(15,34)
(16,33)994445351(17,33)
(16,33)48197908(16,34)
(17,33)1309137337(18,33)
(17,33)806999225(17,34)
(18,33)1888786480(19,33)
(18,33)1797241854(18,34)
(19,33)1221787682(20,33)
(19,33)1316565003(19,34)
(20,33)1957109523(21,33)
(20,33)1565186484(20,34)
(21,33)1742605562(22,33)
(21,33)739394461(21,34)
(22,33)1015260779(23,33)
(22,33)1828581997(22,34)
(23,33)2072581850(24,33)
(23,33)1905877509(23,34)
(24,33)823887835(25,33)
(24,33)1450346175(24,34)
(25,33)782312622(26,33)
(25,33)158672207(25,34)
(26,33)1923833482(27,33)
(26,33)1262366775(26,34)
(27,33)634117309(28,33)
(27,33)2143344371(27,34)
(28,33)1396306668(29,33)
(28,33)983331122(28,34)
(29,33)2025995549(30,33)
(29,33)368095227(29,34)
(30,33)1602247550(31,33)
(30,33)1083409902(30,34)
(31,33)1131607810(32,33)
(31,33)1239660512(31,34)
(32,33)2046659737(33,33)
(32,33)449209253(32,34)
(33,33)98967460(34,33)
(33,33)293261500(33,34)
(34,33)1609826503(35,33)
(34,33)1787962569(34,34)
(35,33)1205665406(36,33)
(35,33)1320755142(35,34)
(36,33)2060149603(37,33)
(36,33)1419452378(36,34)
(37,33)1100550727(38,33)
(37,33)800787320(37,34)
(38,33)559181182(39,33)
(38,33)927926734(38,34)
(39,33)230789261(40,33)
(39,33)1025648930(39,34)
(40,33)1184321137(41,33)
(40,33)1383069017(40,34)
(41,33)497952144(42,33)
(41,33)1013101883(41,34)
(42,33)1008962606(43,33)
(42,33)960670971(42,34)
(43,33)1944002093(44,33)
(43,33)1132069453(43,34)
(44,33)1500164680(45,33)
(44,33)257785627(44,34)
(45,33)1341195529(46,33)
(45,33)1822513994(45,34)
(46,33)914690858(47,33)
(46,33)954928582(46,34)
(47,33)1404137836(48,33)
(47,33)325319692(47,34)
(48,33)618581192(49,33)
(48,33)813866947(48,34)
(49,33)1503105296(49,34)
(0,34)80924047(1,34)
(0,34)454345869(0,35)
(1,34)1660011275(2,34)
(1,34)676376790(1,35)
(2,34)589042745(3,34)
(2,34)1500376425(2,35)
(3,34)453443504(4,34)
(3,34)313314947(3,35)
(4,34)872496129(5,34)
(4,34)1516969479(4,35)
(5,34)1747758740(6,34)
(5,34)1479092434(5,35)
(6,34)515929924(7,34)
(6,34)108081498(6,35)
(7,34)606033643(8,34)
(7,34)613376975(7,35)
(8,34)1622339582(9,34)
(8,34)1476600895(8,35)
(9,34)1273119341(10,34)
(9,34)1738103096(9,35)
(10,34)1090784129(11,34)
(10,34)1880125209(10,35)
(11,34)1073837090(12,34)
(11,34)948149687(11,35)
(12,34)1862840546(13,34)
(12,34)2045712711(12,35)
(13,34)1302366899(14,34)
(13,34)1399156782(13,35)
(14,34)2017737974(15,34)
(14,34)529223845(14,35)
(15,34)983569714(16,34)
(15,34)657988547(15,35)
(16,34)1334365337(17,34)
(16,34)2098662021(16,35)
(17,34)1451554798(18,34)
(17,34)496097341(17,35)
(18,34)809412289(19,34)
(18,34)1923408082(18,35)
(19,34)1292893913(20,34)
(19,34)1904998303(19,35)
(20,34)1236607089(21,34)
(20,34)1681908418(20,35)
(21,34)1789989917(22,34)
(21,34)893169005(21,35)
(22,34)1506545981(23,34)
(22,34)1752537013(22,35)
(23,34)1081654261(24,34)
(23,34)248539912(23,35)
(24,34)1986643008(25,34)
(24,34)981401915(24,35)
(25,34)714043476(26,34)
(25,34)207289954(25,35)
(26,34)1155439641(27,34)
(26,34)929943489(26,35)
(27,34)828172553(28,34)
(27,34)1787880566(27,35)
(28,34)1039553701(29,34)
(28,34)870796539(28,35)
(29,34)1400020385(30,34)
(29,34)2130539452(29,35)
(30,34)641044352(31,34)
(30,34)909808027(30,35)
(31,34)860986401(32,34)
(31,34)236106451(31,35)
(32,34)732203793(33,34)
(32,34)1975409689(32,35)
(33,34)1751334124(34,34)
(33,34)165057551(33,35)
(34,34)2070055854(35,34)
(34,34)1541616082(34,35)
(35,34)1076040852(36,34)
(35,34)896744389(35,35)
(36,34)1789913395(37,34)
(36,34)1159179296(36,35)
(37,34)764232661(38,34)
(37,34)718547121(37,35)
(38,34)967087033(39,34)
(38,34)1148975728(38,35)
(39,34)2130377643(40,34)
(39,34)1845886922(39,35)
(40,34)2053176876(41,34)
(40,34)806246394(40,35)
(41,34)1736189883(42,34)
(41,34)696937471(41,35)
(42,34)337334389(43,34)
(42,34)1061132870(42,35)
(43,34)1931929409(44,34)
(43,34)416878788(43,35)
(44,34)399934593(45,34)
(44,34)1376888090(44,35)
(45,34)139212470(46,34)
(45,34)1184466146(45,35)
(46,34)1420572598(47,34)
(46,34)1040978945(46,35)
(47,34)868904986(48,34)
(47,34)1000198871(47,35)
(48,34)1165256422(49,34)
(48,34)5292743(48,35)
(49,34)472755462(49,35)
(0,35)1087828629(1,35)
(0,35)1546908825(0,36)
(1,35)475466029(2,35)
(1,35)1369499852(1,36)
(2,35)1011929599(3,35)
(2,35)99524277(2,36)
(3,35)863756938(4,35)
(3,35)1194013151(3,36)
(4,35)13616536(5,35)
(4,35)13421679(4,36)
(5,35)2143799322(6,35)
(5,35)562160213(5,36)
(6,35)467853441(7,35)
(6,35)819862930(6,36)
(7,35)408569166(8,35)
(7,35)693253145(7,36)
(8,35)1030587534(9,35)
(8,35)1528986311(8,36)
(9,35)1313432073(10,35)
(9,35)825447954(9,36)
(10,35)1225382547(11,35)
(10,35)259991977(10,36)
(11,35)399204447(12,35)
(11,35)350414571(11,36)
(12,35)1770987169(13,35)
(12,35)118877844(12,36)
(13,35)987782831(14,35)
(13,35)1399403318(13,36)
(14,35)417176092(15,35)
(14,35)1776279912(14,36)
(15,35)1175705089(16,35)
(15,35)1460538293(15,36)
(16,35)682554497(17,35)
(16,35)1505004721(16,36)
(17,35)1604528998(18,35)
(17,35)1651171119(17,36)
(18,35)697700622(19,35)
(18,35)1694484096(18,36)
(19,35)1707905775(20,35)
(19,35)320802289(19,36)
(20,35)882962502(21,35)
(20,35)711317158(20,36)
(21,35)1531180089(22,35)
(21,35)1704221449(21,36)
(22,35)249990946(23,35)
(22,35)1350815943(22,36)
(23,35)732318607(24,35)
(23,35)1939749255(23,36)
(24,35)617713561(25,35)
(24,35)1280578481(24,36)
(25,35)1540570458(26,35)
(25,35)2045750680(25,36)
(26,35)248681603(27,35)
(26,35)1843096109(26,36)
(27,35)1961973953(28,35)
(27,35)1939774905(27,36)
(28,35)1191694575(29,35)
(28,35)2019668773(28,36)
(29,35)1648465037(30,35)
(29,35)802273136(29,36)
(30,35)115327782(31,35)
(30,35)1608870667(30,36)
(31,35)966391741(32,35)
(31,35)676686479(31,36)
(32,35)180373950(33,35)
(32,35)797882279(32,36)
(33,35)344882728(34,35)
(33,35)423437091(33,36)
(34,35)744239380(35,35)
(34,35)878074572(34,36)
(35,35)1589391730(36,35)
(35,35)2052788503(35,36)
(36,35)1609526305(37,35)
(36,35)1627201882(36,36)
(37,35)830534178(38,35)
(37,35)973088171(37,36)
(38,35)765353778(39,35)
(38,35)1859517251(38,36)
(39,35)992612084(40,35)
(39,35)1562852785(39,36)
(40,35)1461119817(41,35)
(40,35)1383067340(40,36)
(41,35)1078679801(42,35)
(41,35)385698894(41,36)
(42,35)177990151(43,35)
(42,35)1709801420(42,36)
(43,35)1581986545(44,35)
(43,35)893170106(43,36)
(44,35)1695443243(45,35)
(44,35)1369684726(44,36)
(45,35)831071746(46,35)
(45,35)1082967935(45,36)
(46,35)1759654414(47,35)
(46,35)1810771025(46,36)
(47,35)461169656(48,35)
(47,35)1797463487(47,36)
(48,35)73416930(49,35)
(48,35)1940028364(48,36)
(49,35)806052384(49,36)
(0,36)670619288(1,36)
(1,36)817656311(2,36)
(2,36)711357240(3,36)
(3,36)112527370(4,36)
(4,36)297374545(5,36)
(5,36)173399897(6,36)
(6,36)1085615542(7,36)
(7,36)1127908723(8,36)
(8,36)2032917148(9,36)
(9,36)1850969320(10,36)
(10,36)543277860(11,36)
(11,36)878045585(12,36)
(12,36)1086553012(13,36)
(13,36)2004397677(14,36)
(14,36)1263744479(15,36)
(15,36)17749165(16,36)
(16,36)1566715450(17,36)
(17,36)1441734631(18,36)
(18,36)910919272(19,36)
(19,36)1001218347(20,36)
(20,36)663935709(21,36)
(21,36)458878867(22,36)
(22,36)2084186282(23,36)
(23,36)1495007455(24,36)
(24,36)122166244(25,36)
(25,36)1696357048(26,36)
(26,36)1144987294(27,36)
(27,36)583335900(28,36)
(28,36)1488901764(29,36)
(29,36)1218404225(30,36)
(30,36)1389388285(31,36)
(31,36)12037404(32,36)
(32,36)2036060536(33,36)
(33,36)2100745525(34,36)
(34,36)124564775(35,36)
(35,36)185951433(36,36)
(36,36)126661774(37,36)
(37,36)1210180317(38,36)
(38,36)1313860157(39,36)
(39,36)12095274(40,36)
(40,36)913665989(41,36)
(41,36)1857138017(42,36)
(42,36)890140859(43,36)
(43,36)2000219002(44,36)
(44,36)1714052047(45,36)
(45,36)6401691(46,36)
(46,36)2017968167(47,36)
(47,36)1133283849(48,36)
(48,36)1448136322(49,36)
