100 5
(0,0)2087126626(1,0)
(0,0)1177220057(0,1)
(1,0)542653442(2,0)
(1,0)708351959(1,1)
(2,0)1615938025(3,0)
(2,0)811084115(2,1)
(3,0)1449297885(4,0)
(3,0)615503814(3,1)
(4,0)757537093(5,0)
(4,0)270741611(4,1)
(5,0)1352355143(6,0)
(5,0)309577175(5,1)
(6,0)152526327(7,0)
(6,0)1376604910(6,1)
(7,0)183158772(8,0)
(7,0)1296856901(7,1)
(8,0)1053250594(9,0)
(8,0)1463767543(8,1)
(9,0)227783239(10,0)
(9,0)2067296771(9,1)
(10,0)585373693(11,0)
(10,0)789163735(10,1)
(11,0)1311039006(12,0)
(11,0)1415648985(11,1)
(12,0)273044490(13,0)
(12,0)489461291(12,1)
(13,0)1313233116(14,0)
(13,0)1287270533(13,1)
(14,0)937134762(15,0)
(14,0)1181863954(14,1)
(15,0)211600364(16,0)
(15,0)414325353(15,1)
(16,0)1122677312(17,0)
(16,0)876777740(16,1)
(17,0)1687861855(18,0)
(17,0)754253806(17,1)
(18,0)1369757620(19,0)
(18,0)591131690(18,1)
(19,0)861873301(20,0)
(19,0)989676093(19,1)
(20,0)1299253268(21,0)
(20,0)2127294714(20,1)
(21,0)1356415976(22,0)
(21,0)66744796(21,1)
(22,0)1363601697(23,0)
(22,0)1451779596(22,1)
(23,0)768063491(24,0)
(23,0)1539574749(23,1)
(24,0)1459387872(25,0)
(24,0)269368643(24,1)
(25,0)1058532378(26,0)
(25,0)995846731(25,1)
(26,0)264012068(27,0)
(26,0)2044761566(26,1)
(27,0)386739209(28,0)
(27,0)222087736(27,1)
(28,0)1509358269(29,0)
(28,0)537056558(28,1)
(29,0)1718920513(30,0)
(29,0)1699972326(29,1)
(30,0)2114297679(31,0)
(30,0)299009383(30,1)
(31,0)1175787124(32,0)
(31,0)1930520877(31,1)
(32,0)537291035(33,0)
(32,0)1089491344(32,1)
(33,0)1680623034(34,0)
(33,0)716165331(33,1)
(34,0)1705841424(35,0)
(34,0)1907048655(34,1)
(35,0)1886859721(36,0)
(35,0)395012687(35,1)
(36,0)461757483(37,0)
(36,0)857611045(36,1)
(37,0)161906993(38,0)
(37,0)1095792050(37,1)
(38,0)487883151(39,0)
(38,0)1825359180(38,1)
(39,0)2094727823(40,0)
(39,0)929970484(39,1)
(40,0)1925817215(41,0)
(40,0)1947271023(40,1)
(41,0)1844548941(42,0)
(41,0)1005776553(41,1)
(42,0)1227864289(43,0)
(42,0)42345636(42,1)
(43,0)579402194(44,0)
(43,0)83804503(43,1)
(44,0)1783776829(45,0)
(44,0)589738910(44,1)
(45,0)888748294(46,0)
(45,0)150839059(45,1)
(46,0)2081359936(47,0)
(46,0)1750590860(46,1)
(47,0)692598556(48,0)
(47,0)2064535418(47,1)
(48,0)633217101(49,0)
(48,0)471167323(48,1)
(49,0)230732331(50,0)
(49,0)225737942(49,1)
(50,0)620750629(51,0)
(50,0)191574878(50,1)
(51,0)1049185923(52,0)
(51,0)2117592052(51,1)
(52,0)1065900454(53,0)
(52,0)1082508112(52,1)
(53,0)760383644(54,0)
(53,0)1211092916(53,1)
(54,0)2141063400(55,0)
(54,0)1553783605(54,1)
(55,0)1353570981(56,0)
(55,0)707627819(55,1)
(56,0)1713404372(57,0)
(56,0)1919396968(56,1)
(57,0)1961742604(58,0)
(57,0)1050636274(57,1)
(58,0)1134440777(59,0)
(58,0)793785013(58,1)
(59,0)1383523924(60,0)
(59,0)393661150(59,1)
(60,0)544500210(61,0)
(60,0)770733958(60,1)
(61,0)373841171(62,0)
(61,0)124788570(61,1)
(62,0)41840340(63,0)
(62,0)478376498(62,1)
(63,0)949543822(64,0)
(63,0)1066439727(63,1)
(64,0)1292177670(65,0)
(64,0)675057441(64,1)
(65,0)866632319(66,0)
(65,0)1180276153(65,1)
(66,0)1150384557(67,0)
(66,0)1912928299(66,1)
(67,0)847952764(68,0)
(67,0)1915818242(67,1)
(68,0)979427510(69,0)
(68,0)68801364(68,1)
(69,0)1622584969(70,0)
(69,0)1608336408(69,1)
(70,0)168480580(71,0)
(70,0)973007263(70,1)
(71,0)744920583(72,0)
(71,0)828672302(71,1)
(72,0)1879308577(73,0)
(72,0)1881884952(72,1)
(73,0)528186318(74,0)
(73,0)559179539(73,1)
(74,0)952840689(75,0)
(74,0)866265706(74,1)
(75,0)1636999665(76,0)
(75,0)1911710242(75,1)
(76,0)2036498812(77,0)
(76,0)1497340899(76,1)
(77,0)1975717398(78,0)
(77,0)2010840836(77,1)
(78,0)929796915(79,0)
(78,0)2078339152(78,1)
(79,0)605912945(80,0)
(79,0)777777572(79,1)
(80,0)1958053725(81,0)
(80,0)74490937(80,1)
(81,0)1987419237(82,0)
(81,0)1472545265(81,1)
(82,0)1240879859(83,0)
(82,0)960954634(82,1)
(83,0)1029755998(84,0)
(83,0)687888353(83,1)
(84,0)148741113(85,0)
(84,0)72823722(84,1)
(85,0)1045830985(86,0)
(85,0)504857320(85,1)
(86,0)1333529622(87,0)
(86,0)317221693(86,1)
(87,0)51622998(88,0)
(87,0)1790751568(87,1)
(88,0)202447459(89,0)
(88,0)1065354551(88,1)
(89,0)1931620258(90,0)
(89,0)579809316(89,1)
(90,0)344035910(91,0)
(90,0)1155288148(90,1)
(91,0)505145400(92,0)
(91,0)1421136275(91,1)
(92,0)1284493463(93,0)
(92,0)233051074(92,1)
(93,0)163906578(94,0)
(93,0)333379150(93,1)
(94,0)1111156722(95,0)
(94,0)66806730(94,1)
(95,0)141297668(96,0)
(95,0)769819523(95,1)
(96,0)94881140(97,0)
(96,0)921726799(96,1)
(97,0)1882681433(98,0)
(97,0)2128716905(97,1)
(98,0)669121610(99,0)
(98,0)1335761000(98,1)
(99,0)764953784(99,1)
(0,1)817862723(1,1)
(0,1)1408584722(0,2)
(1,1)306932059(2,1)
(1,1)1269811104(1,2)
(2,1)455857078(3,1)
(2,1)1135084417(2,2)
(3,1)1186707415(4,1)
(3,1)2097683627(3,2)
(4,1)152647438(5,1)
(4,1)1521211630(4,2)
(5,1)1305348240(6,1)
(5,1)1766516731(5,2)
(6,1)2110552641(7,1)
(6,1)1307935586(6,2)
(7,1)1813080986(8,1)
(7,1)579000867(7,2)
(8,1)1863494330(9,1)
(8,1)196120067(8,2)
(9,1)360026645(10,1)
(9,1)2146460136(9,2)
(10,1)1110133210(11,1)
(10,1)1930301060(10,2)
(11,1)2071598728(12,1)
(11,1)1129846168(11,2)
(12,1)1224727309(13,1)
(12,1)2031860009(12,2)
(13,1)1767057795(14,1)
(13,1)2052831985(13,2)
(14,1)574469947(15,1)
(14,1)413004661(14,2)
(15,1)1821589383(16,1)
(15,1)384527931(15,2)
(16,1)1654339035(17,1)
(16,1)1392332671(16,2)
(17,1)379933440(18,1)
(17,1)2128521442(17,2)
(18,1)2078721421(19,1)
(18,1)2110196113(18,2)
(19,1)1483924095(20,1)
(19,1)1566640855(19,2)
(20,1)1185673938(21,1)
(20,1)83885211(20,2)
(21,1)1391820797(22,1)
(21,1)641788687(21,2)
(22,1)1220789554(23,1)
(22,1)1148742931(22,2)
(23,1)1344862998(24,1)
(23,1)1057418136(23,2)
(24,1)1056394624(25,1)
(24,1)936800236(24,2)
(25,1)719617649(26,1)
(25,1)1704889643(25,2)
(26,1)687252163(27,1)
(26,1)19044187(26,2)
(27,1)2050904196(28,1)
(27,1)643732729(27,2)
(28,1)549081067(29,1)
(28,1)1911979472(28,2)
(29,1)177500485(30,1)
(29,1)1670478343(29,2)
(30,1)2055006274(31,1)
(30,1)1123551014(30,2)
(31,1)368400037(32,1)
(31,1)1999089868(31,2)
(32,1)1980127662(33,1)
(32,1)1561861661(32,2)
(33,1)1524574127(34,1)
(33,1)748333477(33,2)
(34,1)167490684(35,1)
(34,1)1911365435(34,2)
(35,1)1995250646(36,1)
(35,1)861014574(35,2)
(36,1)1502803262(37,1)
(36,1)1353164622(36,2)
(37,1)354423905(38,1)
(37,1)1239587796(37,2)
(38,1)149522284(39,1)
(38,1)576109168(38,2)
(39,1)1512909405(40,1)
(39,1)1699286903(39,2)
(40,1)1256692898(41,1)
(40,1)1205916908(40,2)
(41,1)1224961095(42,1)
(41,1)85043406(41,2)
(42,1)728776135(43,1)
(42,1)1943945062(42,2)
(43,1)1708440886(44,1)
(43,1)1128381644(43,2)
(44,1)651376339(45,1)
(44,1)1277857202(44,2)
(45,1)253924569(46,1)
(45,1)1885941372(45,2)
(46,1)1737547592(47,1)
(46,1)558898966(46,2)
(47,1)2120760627(48,1)
(47,1)622324606(47,2)
(48,1)1370658084(49,1)
(48,1)1570191607(48,2)
(49,1)1334073394(50,1)
(49,1)1497851106(49,2)
(50,1)211382033(51,1)
(50,1)1538148768(50,2)
(51,1)743829743(52,1)
(51,1)1181840393(51,2)
(52,1)273944541(53,1)
(52,1)1714185295(52,2)
(53,1)142810815(54,1)
(53,1)1098253648(53,2)
(54,1)650056904(55,1)
(54,1)423466825(54,2)
(55,1)1629383733(56,1)
(55,1)1655720220(55,2)
(56,1)1740763626(57,1)
(56,1)1906749802(56,2)
(57,1)1703211216(58,1)
(57,1)706861181(57,2)
(58,1)1835242825(59,1)
(58,1)322056114(58,2)
(59,1)1599913316(60,1)
(59,1)1264168455(59,2)
(60,1)1002626179(61,1)
(60,1)339135516(60,2)
(61,1)898034482(62,1)
(61,1)1853837885(61,2)
(62,1)328678844(63,1)
(62,1)592690123(62,2)
(63,1)15398082(64,1)
(63,1)871311462(63,2)
(64,1)221678920(65,1)
(64,1)1699336928(64,2)
(65,1)1090002048(66,1)
(65,1)1349471477(65,2)
(66,1)383828222(67,1)
(66,1)433060953(66,2)
(67,1)2147246248(68,1)
(67,1)1833831791(67,2)
(68,1)784601792(69,1)
(68,1)657772763(68,2)
(69,1)1081239588(70,1)
(69,1)142573416(69,2)
(70,1)1798293636(71,1)
(70,1)1434658696(70,2)
(71,1)1193924850(72,1)
(71,1)563139673(71,2)
(72,1)1270000854(73,1)
(72,1)1391573615(72,2)
(73,1)1713629729(74,1)
(73,1)749652419(73,2)
(74,1)2013820874(75,1)
(74,1)957760031(74,2)
(75,1)1296895548(76,1)
(75,1)1166059397(75,2)
(76,1)872413635(77,1)
(76,1)868963405(76,2)
(77,1)1461653528(78,1)
(77,1)47446382(77,2)
(78,1)918757844(79,1)
(78,1)1201092479(78,2)
(79,1)752945759(80,1)
(79,1)1477051611(79,2)
(80,1)679039440(81,1)
(80,1)1140436765(80,2)
(81,1)1573497718(82,1)
(81,1)1842947807(81,2)
(82,1)1529295951(83,1)
(82,1)1062867662(82,2)
(83,1)1720640425(84,1)
(83,1)1573260319(83,2)
(84,1)1715833735(85,1)
(84,1)166414095(84,2)
(85,1)1601072791(86,1)
(85,1)654396365(85,2)
(86,1)1217536038(87,1)
(86,1)1366643723(86,2)
(87,1)610733690(88,1)
(87,1)647513993(87,2)
(88,1)1397166412(89,1)
(88,1)340053245(88,2)
(89,1)1297813276(90,1)
(89,1)176879771(89,2)
(90,1)1342939169(91,1)
(90,1)1263503638(90,2)
(91,1)2132467043(92,1)
(91,1)447225176(91,2)
(92,1)494671559(93,1)
(92,1)67869156(92,2)
(93,1)1268961635(94,1)
(93,1)1446636924(93,2)
(94,1)776204887(95,1)
(94,1)1413429403(94,2)
(95,1)406382520(96,1)
(95,1)2021907394(95,2)
(96,1)1717371553(97,1)
(96,1)1455244327(96,2)
(97,1)370628341(98,1)
(97,1)1979880239(97,2)
(98,1)1405656910(99,1)
(98,1)1099183856(98,2)
(99,1)2091268766(99,2)
(0,2)974006997(1,2)
(0,2)1265597951(0,3)
(1,2)719187094(2,2)
(1,2)598181483(1,3)
(2,2)1815717521(3,2)
(2,2)193167072(2,3)
(3,2)803900763(4,2)
(3,2)1366701088(3,3)
(4,2)616383852(5,2)
(4,2)8287118(4,3)
(5,2)1306100395(6,2)
(5,2)980780534(5,3)
(6,2)176236055(7,2)
(6,2)1879887491(6,3)
(7,2)1864870886(8,2)
(7,2)1753325571(7,3)
(8,2)100513482(9,2)
(8,2)244105211(8,3)
(9,2)1513066846(10,2)
(9,2)1164024162(9,3)
(10,2)1940229049(11,2)
(10,2)1513942886(10,3)
(11,2)1920325406(12,2)
(11,2)1387490592(11,3)
(12,2)957378498(13,2)
(12,2)1247989728(12,3)
(13,2)1618618069(14,2)
(13,2)1752721997(13,3)
(14,2)1010895259(15,2)
(14,2)2056562354(14,3)
(15,2)1174676658(16,2)
(15,2)1562403187(15,3)
(16,2)13101022(17,2)
(16,2)1984902256(16,3)
(17,2)30585681(18,2)
(17,2)1893863752(17,3)
(18,2)1113081192(19,2)
(18,2)1828818544(18,3)
(19,2)1837105662(20,2)
(19,2)834486444(19,3)
(20,2)1815266978(21,2)
(20,2)1729465045(20,3)
(21,2)1461868888(22,2)
(21,2)995722409(21,3)
(22,2)601564333(23,2)
(22,2)1991503034(22,3)
(23,2)88124597(24,2)
(23,2)1179256126(23,3)
(24,2)195796641(25,2)
(24,2)702077815(24,3)
(25,2)68537053(26,2)
(25,2)1601191444(25,3)
(26,2)841198388(27,2)
(26,2)2136025690(26,3)
(27,2)1236531771(28,2)
(27,2)1988862460(27,3)
(28,2)1594100809(29,2)
(28,2)1798576886(28,3)
(29,2)1707655593(30,2)
(29,2)707666192(29,3)
(30,2)122585732(31,2)
(30,2)457512421(30,3)
(31,2)294931029(32,2)
(31,2)734848603(31,3)
(32,2)481228707(33,2)
(32,2)135686754(32,3)
(33,2)1964505298(34,2)
(33,2)325516710(33,3)
(34,2)1160003154(35,2)
(34,2)1594309900(34,3)
(35,2)1176291297(36,2)
(35,2)1654127313(35,3)
(36,2)502366074(37,2)
(36,2)827786485(36,3)
(37,2)671805871(38,2)
(37,2)490676537(37,3)
(38,2)1669932663(39,2)
(38,2)1103930407(38,3)
(39,2)1806008223(40,2)
(39,2)759930468(39,3)
(40,2)213638264(41,2)
(40,2)1865729304(40,3)
(41,2)1854271347(42,2)
(41,2)1874545276(41,3)
(42,2)1715924088(43,2)
(42,2)1054836653(42,3)
(43,2)705929891(44,2)
(43,2)943319470(43,3)
(44,2)1650985662(45,2)
(44,2)1162541250(44,3)
(45,2)1620053671(46,2)
(45,2)266101836(45,3)
(46,2)1000950439(47,2)
(46,2)1773571394(46,3)
(47,2)1909258149(48,2)
(47,2)1914984700(47,3)
(48,2)93017763(49,2)
(48,2)1482179147(48,3)
(49,2)929005399(50,2)
(49,2)1726279799(49,3)
(50,2)1232923464(51,2)
(50,2)1253020917(50,3)
(51,2)2080807402(52,2)
(51,2)2105296696(51,3)
(52,2)448489585(53,2)
(52,2)1735289539(52,3)
(53,2)691736298(54,2)
(53,2)605129625(53,3)
(54,2)1365060094(55,2)
(54,2)2118422248(54,3)
(55,2)1836667905(56,2)
(55,2)350260873(55,3)
(56,2)77322502(57,2)
(56,2)1578698358(56,3)
(57,2)486051363(58,2)
(57,2)1543455604(57,3)
(58,2)339291426(59,2)
(58,2)1793246590(58,3)
(59,2)808304192(60,2)
(59,2)1191981255(59,3)
(60,2)1458083091(61,2)
(60,2)1990277088(60,3)
(61,2)1616364835(62,2)
(61,2)280874215(61,3)
(62,2)48375268(63,2)
(62,2)311549883(62,3)
(63,2)1793729030(64,2)
(63,2)1378139336(63,3)
(64,2)956935487(65,2)
(64,2)141393031(64,3)
(65,2)1394413948(66,2)
(65,2)575250781(65,3)
(66,2)533063829(67,2)
(66,2)42375304(66,3)
(67,2)1777664843(68,2)
(67,2)1327737703(67,3)
(68,2)1932867328(69,2)
(68,2)981553414(68,3)
(69,2)952492014(70,2)
(69,2)321917493(69,3)
(70,2)672178367(71,2)
(70,2)1150443774(70,3)
(71,2)581658485(72,2)
(71,2)641676271(71,3)
(72,2)37648227(73,2)
(72,2)749500869(72,3)
(73,2)395263811(74,2)
(73,2)1067709848(73,3)
(74,2)112207455(75,2)
(74,2)376939653(74,3)
(75,2)219733094(76,2)
(75,2)1203568004(75,3)
(76,2)1484442219(77,2)
(76,2)1570290547(76,3)
(77,2)1881840430(78,2)
(77,2)1836097929(77,3)
(78,2)1066753617(79,2)
(78,2)1532817487(78,3)
(79,2)1674210518(80,2)
(79,2)1528085812(79,3)
(80,2)2103336593(81,2)
(80,2)2023689104(80,3)
(81,2)2066064408(82,2)
(81,2)921140819(81,3)
(82,2)101394874(83,2)
(82,2)488916774(82,3)
(83,2)1470470188(84,2)
(83,2)1696245603(83,3)
(84,2)2018163097(85,2)
(84,2)2034262202(84,3)
(85,2)1037222329(86,2)
(85,2)275478554(85,3)
(86,2)917154826(87,2)
(86,2)542857816(86,3)
(87,2)1292358685(88,2)
(87,2)1618880814(87,3)
(88,2)539107014(89,2)
(88,2)954803053(88,3)
(89,2)1331742707(90,2)
(89,2)1687622496(89,3)
(90,2)743706852(91,2)
(90,2)651314470(90,3)
(91,2)74121369(92,2)
(91,2)1551475801(91,3)
(92,2)1240090082(93,2)
(92,2)80665424(92,3)
(93,2)1613482911(94,2)
(93,2)1955961799(93,3)
(94,2)1336563963(95,2)
(94,2)159360051(94,3)
(95,2)35565507(96,2)
(95,2)1140209782(95,3)
(96,2)2061350601(97,2)
(96,2)1292416908(96,3)
(97,2)1781333682(98,2)
(97,2)2101629916(97,3)
(98,2)1650391871(99,2)
(98,2)15261827(98,3)
(99,2)1104320222(99,3)
(0,3)1521071320(1,3)
(0,3)2049524029(0,4)
(1,3)939262710(2,3)
(1,3)1379798776(1,4)
(2,3)149469954(3,3)
(2,3)2063929136(2,4)
(3,3)1208804173(4,3)
(3,3)410659876(3,4)
(4,3)949766891(5,3)
(4,3)1104273008(4,4)
(5,3)288532067(6,3)
(5,3)748943022(5,4)
(6,3)1492649874(7,3)
(6,3)1601081361(6,4)
(7,3)1675202730(8,3)
(7,3)1840007868(7,4)
(8,3)932614302(9,3)
(8,3)1573315298(8,4)
(9,3)1039314562(10,3)
(9,3)1483680881(9,4)
(10,3)672761196(11,3)
(10,3)1091974353(10,4)
(11,3)1127539860(12,3)
(11,3)32040696(11,4)
(12,3)2093391297(13,3)
(12,3)1965178104(12,4)
(13,3)1599028138(14,3)
(13,3)1081686128(13,4)
(14,3)584594352(15,3)
(14,3)2108653124(14,4)
(15,3)2010693505(16,3)
(15,3)555864712(15,4)
(16,3)1935663488(17,3)
(16,3)2105665672(16,4)
(17,3)2022111161(18,3)
(17,3)802472568(17,4)
(18,3)1213132444(19,3)
(18,3)2085133443(18,4)
(19,3)1041922803(20,3)
(19,3)1083431686(19,4)
(20,3)1832374708(21,3)
(20,3)15415687(20,4)
(21,3)1616497048(22,3)
(21,3)1330454870(21,4)
(22,3)1022979090(23,3)
(22,3)1177540935(22,4)
(23,3)603372585(24,3)
(23,3)1144216130(23,4)
(24,3)480413363(25,3)
(24,3)1955593392(24,4)
(25,3)900084097(26,3)
(25,3)1642687147(25,4)
(26,3)1674727843(27,3)
(26,3)1153174559(26,4)
(27,3)970869015(28,3)
(27,3)2027623957(27,4)
(28,3)961826438(29,3)
(28,3)1620635492(28,4)
(29,3)1581804968(30,3)
(29,3)422413505(29,4)
(30,3)978278217(31,3)
(30,3)1546420790(30,4)
(31,3)1504602814(32,3)
(31,3)1445014826(31,4)
(32,3)100003746(33,3)
(32,3)766458058(32,4)
(33,3)704107853(34,3)
(33,3)1379230327(33,4)
(34,3)315178366(35,3)
(34,3)1313136190(34,4)
(35,3)1328551878(36,3)
(35,3)1746030656(35,4)
(36,3)929001878(37,3)
(36,3)69426(36,4)
(37,3)1177610361(38,3)
(37,3)797565278(37,4)
(38,3)1941781409(39,3)
(38,3)1951980968(38,4)
(39,3)1760090712(40,3)
(39,3)1780982947(39,4)
(40,3)1276186446(41,3)
(40,3)274711124(40,4)
(41,3)1427885684(42,3)
(41,3)512691161(41,4)
(42,3)392831470(43,3)
(42,3)803430642(42,4)
(43,3)276582486(44,3)
(43,3)251271051(43,4)
(44,3)673684557(45,3)
(44,3)1354657908(44,4)
(45,3)753595050(46,3)
(45,3)1858387455(45,4)
(46,3)1155918633(47,3)
(46,3)1651962774(46,4)
(47,3)270937184(48,3)
(47,3)110714217(47,4)
(48,3)1489944544(49,3)
(48,3)1255922379(48,4)
(49,3)421574921(50,3)
(49,3)975045037(49,4)
(50,3)573592045(51,3)
(50,3)1805122910(50,4)
(51,3)1805192337(52,3)
(51,3)1750126799(51,4)
(52,3)400208430(53,3)
(52,3)1502593923(52,4)
(53,3)1307091243(54,3)
(53,3)835319050(53,4)
(54,3)468818349(55,3)
(54,3)194506191(54,4)
(55,3)469217315(56,3)
(55,3)919698307(55,4)
(56,3)1432389468(57,3)
(56,3)1745004796(56,4)
(57,3)400951790(58,3)
(57,3)1897102999(57,4)
(58,3)890403(59,3)
(58,3)1825220939(58,4)
(59,3)1032395199(60,3)
(59,3)677534276(59,4)
(60,3)388438083(61,3)
(60,3)674574960(60,4)
(61,3)179054086(62,3)
(61,3)1785990250(61,4)
(62,3)1896704467(63,3)
(62,3)1544356716(62,4)
(63,3)652795447(64,3)
(63,3)449991271(63,4)
(64,3)1425036308(65,3)
(64,3)1239165363(64,4)
(65,3)896804626(66,3)
(65,3)1074370369(65,4)
(66,3)677013520(67,3)
(66,3)1998628354(66,4)
(67,3)1353738629(68,3)
(67,3)554513315(67,4)
(68,3)1389832365(69,3)
(68,3)1077221950(68,4)
(69,3)1271728141(70,3)
(69,3)513346225(69,4)
(70,3)1433044532(71,3)
(70,3)1858650715(70,4)
(71,3)1456171863(72,3)
(71,3)1740945457(71,4)
(72,3)1490564808(73,3)
(72,3)717950353(72,4)
(73,3)395687644(74,3)
(73,3)1857123653(73,4)
(74,3)387174281(75,3)
(74,3)1491455211(74,4)
(75,3)18546523(76,3)
(75,3)1428082843(75,4)
(76,3)1066589445(77,3)
(76,3)775612365(76,4)
(77,3)172485433(78,3)
(77,3)197600610(77,4)
(78,3)647591881(79,3)
(78,3)815810264(78,4)
(79,3)2054975628(80,3)
(79,3)825280881(79,4)
(80,3)1899651250(81,3)
(80,3)2072628189(80,4)
(81,3)1923772895(82,3)
(81,3)804296606(81,4)
(82,3)1358809921(83,3)
(82,3)429181122(82,4)
(83,3)1506403073(84,3)
(83,3)1130027877(83,4)
(84,3)1643374102(85,3)
(84,3)601158638(84,4)
(85,3)312325705(86,3)
(85,3)630647566(85,4)
(86,3)224109375(87,3)
(86,3)928934986(86,4)
(87,3)1646885339(88,3)
(87,3)1768497568(87,4)
(88,3)1478137573(89,3)
(88,3)1714674184(88,4)
(89,3)1058645747(90,3)
(89,3)2042572983(89,4)
(90,3)1323172179(91,3)
(90,3)1865311855(90,4)
(91,3)493440572(92,3)
(91,3)1077192271(91,4)
(92,3)1274792881(93,3)
(92,3)242277976(92,4)
(93,3)1058088241(94,3)
(93,3)665926005(93,4)
(94,3)1491206886(95,3)
(94,3)1922384762(94,4)
(95,3)1847529303(96,3)
(95,3)965580221(95,4)
(96,3)1769876827(97,3)
(96,3)1243374488(96,4)
(97,3)1672555611(98,3)
(97,3)1623818551(97,4)
(98,3)606362780(99,3)
(98,3)981203100(98,4)
(99,3)1031475036(99,4)
(0,4)1582361738(1,4)
(1,4)102253234(2,4)
(2,4)1662122602(3,4)
(3,4)1894687444(4,4)
(4,4)1031188220(5,4)
(5,4)1886231978(6,4)
(6,4)1515701364(7,4)
(7,4)530589912(8,4)
(8,4)1453422514(9,4)
(9,4)846355290(10,4)
(10,4)425679247(11,4)
(11,4)364584613(12,4)
(12,4)564183497(13,4)
(13,4)1748851426(14,4)
(14,4)1441776884(15,4)
(15,4)1057624069(16,4)
(16,4)1991129403(17,4)
(17,4)569086117(18,4)
(18,4)1723550074(19,4)
(19,4)901733996(20,4)
(20,4)343987231(21,4)
(21,4)1067273313(22,4)
(22,4)1867314217(23,4)
(23,4)44032887(24,4)
(24,4)163164153(25,4)
(25,4)1489707396(26,4)
(26,4)1667851438(27,4)
(27,4)1835719764(28,4)
(28,4)323426848(29,4)
(29,4)126730570(30,4)
(30,4)719711152(31,4)
(31,4)1905788586(32,4)
(32,4)228983804(33,4)
(33,4)234350107(34,4)
(34,4)1652992382(35,4)
(35,4)1260172024(36,4)
(36,4)2120582085(37,4)
(37,4)1021210099(38,4)
(38,4)1790761936(39,4)
(39,4)1426520951(40,4)
(40,4)1867565389(41,4)
(41,4)68957536(42,4)
(42,4)1791105564(43,4)
(43,4)284265238(44,4)
(44,4)1817808962(45,4)
(45,4)1085398801(46,4)
(46,4)1341889307(47,4)
(47,4)1661454717(48,4)
(48,4)1654484918(49,4)
(49,4)917955733(50,4)
(50,4)415705065(51,4)
(51,4)1998472150(52,4)
(52,4)1985229046(53,4)
(53,4)135535634(54,4)
(54,4)2042505037(55,4)
(55,4)909552(56,4)
(56,4)1625243030(57,4)
(57,4)1562872827(58,4)
(58,4)1836629316(59,4)
(59,4)1948669878(60,4)
(60,4)1689603397(61,4)
(61,4)408856821(62,4)
(62,4)1706974817(63,4)
(63,4)1918587201(64,4)
(64,4)643206928(65,4)
(65,4)1212483551(66,4)
(66,4)1031275577(67,4)
(67,4)616305365(68,4)
(68,4)86210002(69,4)
(69,4)674553866(70,4)
(70,4)2042826316(71,4)
(71,4)1953775391(72,4)
(72,4)743511402(73,4)
(73,4)1686448232(74,4)
(74,4)90556981(75,4)
(75,4)413836716(76,4)
(76,4)624363385(77,4)
(77,4)1432446288(78,4)
(78,4)2075291434(79,4)
(79,4)131364656(80,4)
(80,4)202918374(81,4)
(81,4)343512851(82,4)
(82,4)2129836806(83,4)
(83,4)40663772(84,4)
(84,4)479048486(85,4)
(85,4)2024858195(86,4)
(86,4)41573324(87,4)
(87,4)2104291516(88,4)
(88,4)1440247374(89,4)
(89,4)1878202641(90,4)
(90,4)1905477747(91,4)
(91,4)982367123(92,4)
(92,4)139575814(93,4)
(93,4)1464968916(94,4)
(94,4)753470676(95,4)
(95,4)782782742(96,4)
(96,4)529968819(97,4)
(97,4)1784746253(98,4)
(98,4)1399088107(99,4)
