100 10
(0,0)2087126626(1,0)
(0,0)1177220057(0,1)
(1,0)542653442(2,0)
(1,0)708351959(1,1)
(2,0)1615938025(3,0)
(2,0)811084115(2,1)
(3,0)1449297885(4,0)
(3,0)615503814(3,1)
(4,0)757537093(5,0)
(4,0)270741611(4,1)
(5,0)1352355143(6,0)
(5,0)309577175(5,1)
(6,0)152526327(7,0)
(6,0)1376604910(6,1)
(7,0)183158772(8,0)
(7,0)1296856901(7,1)
(8,0)1053250594(9,0)
(8,0)1463767543(8,1)
(9,0)227783239(10,0)
(9,0)2067296771(9,1)
(10,0)585373693(11,0)
(10,0)789163735(10,1)
(11,0)1311039006(12,0)
(11,0)1415648985(11,1)
(12,0)273044490(13,0)
(12,0)489461291(12,1)
(13,0)1313233116(14,0)
(13,0)1287270533(13,1)
(14,0)937134762(15,0)
(14,0)1181863954(14,1)
(15,0)211600364(16,0)
(15,0)414325353(15,1)
(16,0)1122677312(17,0)
(16,0)876777740(16,1)
(17,0)1687861855(18,0)
(17,0)754253806(17,1)
(18,0)1369757620(19,0)
(18,0)591131690(18,1)
(19,0)861873301(20,0)
(19,0)989676093(19,1)
(20,0)1299253268(21,0)
(20,0)2127294714(20,1)
(21,0)1356415976(22,0)
(21,0)66744796(21,1)
(22,0)1363601697(23,0)
(22,0)1451779596(22,1)
(23,0)768063491(24,0)
(23,0)1539574749(23,1)
(24,0)1459387872(25,0)
(24,0)269368643(24,1)
(25,0)1058532378(26,0)
(25,0)995846731(25,1)
(26,0)264012068(27,0)
(26,0)2044761566(26,1)
(27,0)386739209(28,0)
(27,0)222087736(27,1)
(28,0)1509358269(29,0)
(28,0)537056558(28,1)
(29,0)1718920513(30,0)
(29,0)1699972326(29,1)
(30,0)2114297679(31,0)
(30,0)299009383(30,1)
(31,0)1175787124(32,0)
(31,0)1930520877(31,1)
(32,0)537291035(33,0)
(32,0)1089491344(32,1)
(33,0)1680623034(34,0)
(33,0)716165331(33,1)
(34,0)1705841424(35,0)
(34,0)1907048655(34,1)
(35,0)1886859721(36,0)
(35,0)395012687(35,1)
(36,0)461757483(37,0)
(36,0)857611045(36,1)
(37,0)161906993(38,0)
(37,0)1095792050(37,1)
(38,0)487883151(39,0)
(38,0)1825359180(38,1)
(39,0)2094727823(40,0)
(39,0)929970484(39,1)
(40,0)1925817215(41,0)
(40,0)1947271023(40,1)
(41,0)1844548941(42,0)
(41,0)1005776553(41,1)
(42,0)1227864289(43,0)
(42,0)42345636(42,1)
(43,0)579402194(44,0)
(43,0)83804503(43,1)
(44,0)1783776829(45,0)
(44,0)589738910(44,1)
(45,0)888748294(46,0)
(45,0)150839059(45,1)
(46,0)2081359936(47,0)
(46,0)1750590860(46,1)
(47,0)692598556(48,0)
(47,0)2064535418(47,1)
(48,0)633217101(49,0)
(48,0)471167323(48,1)
(49,0)230732331(50,0)
(49,0)225737942(49,1)
(50,0)620750629(51,0)
(50,0)191574878(50,1)
(51,0)1049185923(52,0)
(51,0)2117592052(51,1)
(52,0)1065900454(53,0)
(52,0)1082508112(52,1)
(53,0)760383644(54,0)
(53,0)1211092916(53,1)
(54,0)2141063400(55,0)
(54,0)1553783605(54,1)
(55,0)1353570981(56,0)
(55,0)707627819(55,1)
(56,0)1713404372(57,0)
(56,0)1919396968(56,1)
(57,0)1961742604(58,0)
(57,0)1050636274(57,1)
(58,0)1134440777(59,0)
(58,0)793785013(58,1)
(59,0)1383523924(60,0)
(59,0)393661150(59,1)
(60,0)544500210(61,0)
(60,0)770733958(60,1)
(61,0)373841171(62,0)
(61,0)124788570(61,1)
(62,0)41840340(63,0)
(62,0)478376498(62,1)
(63,0)949543822(64,0)
(63,0)1066439727(63,1)
(64,0)1292177670(65,0)
(64,0)675057441(64,1)
(65,0)866632319(66,0)
(65,0)1180276153(65,1)
(66,0)1150384557(67,0)
(66,0)1912928299(66,1)
(67,0)847952764(68,0)
(67,0)1915818242(67,1)
(68,0)979427510(69,0)
(68,0)68801364(68,1)
(69,0)1622584969(70,0)
(69,0)1608336408(69,1)
(70,0)168480580(71,0)
(70,0)973007263(70,1)
(71,0)744920583(72,0)
(71,0)828672302(71,1)
(72,0)1879308577(73,0)
(72,0)1881884952(72,1)
(73,0)528186318(74,0)
(73,0)559179539(73,1)
(74,0)952840689(75,0)
(74,0)866265706(74,1)
(75,0)1636999665(76,0)
(75,0)1911710242(75,1)
(76,0)2036498812(77,0)
(76,0)1497340899(76,1)
(77,0)1975717398(78,0)
(77,0)2010840836(77,1)
(78,0)929796915(79,0)
(78,0)2078339152(78,1)
(79,0)605912945(80,0)
(79,0)777777572(79,1)
(80,0)1958053725(81,0)
(80,0)74490937(80,1)
(81,0)1987419237(82,0)
(81,0)1472545265(81,1)
(82,0)1240879859(83,0)
(82,0)960954634(82,1)
(83,0)1029755998(84,0)
(83,0)687888353(83,1)
(84,0)148741113(85,0)
(84,0)72823722(84,1)
(85,0)1045830985(86,0)
(85,0)504857320(85,1)
(86,0)1333529622(87,0)
(86,0)317221693(86,1)
(87,0)51622998(88,0)
(87,0)1790751568(87,1)
(88,0)202447459(89,0)
(88,0)1065354551(88,1)
(89,0)1931620258(90,0)
(89,0)579809316(89,1)
(90,0)344035910(91,0)
(90,0)1155288148(90,1)
(91,0)505145400(92,0)
(91,0)1421136275(91,1)
(92,0)1284493463(93,0)
(92,0)233051074(92,1)
(93,0)163906578(94,0)
(93,0)333379150(93,1)
(94,0)1111156722(95,0)
(94,0)66806730(94,1)
(95,0)141297668(96,0)
(95,0)769819523(95,1)
(96,0)94881140(97,0)
(96,0)921726799(96,1)
(97,0)1882681433(98,0)
(97,0)2128716905(97,1)
(98,0)669121610(99,0)
(98,0)1335761000(98,1)
(99,0)764953784(99,1)
(0,1)817862723(1,1)
(0,1)1408584722(0,2)
(1,1)306932059(2,1)
(1,1)1269811104(1,2)
(2,1)455857078(3,1)
(2,1)1135084417(2,2)
(3,1)1186707415(4,1)
(3,1)2097683627(3,2)
(4,1)152647438(5,1)
(4,1)1521211630(4,2)
(5,1)1305348240(6,1)
(5,1)1766516731(5,2)
(6,1)2110552641(7,1)
(6,1)1307935586(6,2)
(7,1)1813080986(8,1)
(7,1)579000867(7,2)
(8,1)1863494330(9,1)
(8,1)196120067(8,2)
(9,1)360026645(10,1)
(9,1)2146460136(9,2)
(10,1)1110133210(11,1)
(10,1)1930301060(10,2)
(11,1)2071598728(12,1)
(11,1)1129846168(11,2)
(12,1)1224727309(13,1)
(12,1)2031860009(12,2)
(13,1)1767057795(14,1)
(13,1)2052831985(13,2)
(14,1)574469947(15,1)
(14,1)413004661(14,2)
(15,1)1821589383(16,1)
(15,1)384527931(15,2)
(16,1)1654339035(17,1)
(16,1)1392332671(16,2)
(17,1)379933440(18,1)
(17,1)2128521442(17,2)
(18,1)2078721421(19,1)
(18,1)2110196113(18,2)
(19,1)1483924095(20,1)
(19,1)1566640855(19,2)
(20,1)1185673938(21,1)
(20,1)83885211(20,2)
(21,1)1391820797(22,1)
(21,1)641788687(21,2)
(22,1)1220789554(23,1)
(22,1)1148742931(22,2)
(23,1)1344862998(24,1)
(23,1)1057418136(23,2)
(24,1)1056394624(25,1)
(24,1)936800236(24,2)
(25,1)719617649(26,1)
(25,1)1704889643(25,2)
(26,1)687252163(27,1)
(26,1)19044187(26,2)
(27,1)2050904196(28,1)
(27,1)643732729(27,2)
(28,1)549081067(29,1)
(28,1)1911979472(28,2)
(29,1)177500485(30,1)
(29,1)1670478343(29,2)
(30,1)2055006274(31,1)
(30,1)1123551014(30,2)
(31,1)368400037(32,1)
(31,1)1999089868(31,2)
(32,1)1980127662(33,1)
(32,1)1561861661(32,2)
(33,1)1524574127(34,1)
(33,1)748333477(33,2)
(34,1)167490684(35,1)
(34,1)1911365435(34,2)
(35,1)1995250646(36,1)
(35,1)861014574(35,2)
(36,1)1502803262(37,1)
(36,1)1353164622(36,2)
(37,1)354423905(38,1)
(37,1)1239587796(37,2)
(38,1)149522284(39,1)
(38,1)576109168(38,2)
(39,1)1512909405(40,1)
(39,1)1699286903(39,2)
(40,1)1256692898(41,1)
(40,1)1205916908(40,2)
(41,1)1224961095(42,1)
(41,1)85043406(41,2)
(42,1)728776135(43,1)
(42,1)1943945062(42,2)
(43,1)1708440886(44,1)
(43,1)1128381644(43,2)
(44,1)651376339(45,1)
(44,1)1277857202(44,2)
(45,1)253924569(46,1)
(45,1)1885941372(45,2)
(46,1)1737547592(47,1)
(46,1)558898966(46,2)
(47,1)2120760627(48,1)
(47,1)622324606(47,2)
(48,1)1370658084(49,1)
(48,1)1570191607(48,2)
(49,1)1334073394(50,1)
(49,1)1497851106(49,2)
(50,1)211382033(51,1)
(50,1)1538148768(50,2)
(51,1)743829743(52,1)
(51,1)1181840393(51,2)
(52,1)273944541(53,1)
(52,1)1714185295(52,2)
(53,1)142810815(54,1)
(53,1)1098253648(53,2)
(54,1)650056904(55,1)
(54,1)423466825(54,2)
(55,1)1629383733(56,1)
(55,1)1655720220(55,2)
(56,1)1740763626(57,1)
(56,1)1906749802(56,2)
(57,1)1703211216(58,1)
(57,1)706861181(57,2)
(58,1)1835242825(59,1)
(58,1)322056114(58,2)
(59,1)1599913316(60,1)
(59,1)1264168455(59,2)
(60,1)1002626179(61,1)
(60,1)339135516(60,2)
(61,1)898034482(62,1)
(61,1)1853837885(61,2)
(62,1)328678844(63,1)
(62,1)592690123(62,2)
(63,1)15398082(64,1)
(63,1)871311462(63,2)
(64,1)221678920(65,1)
(64,1)1699336928(64,2)
(65,1)1090002048(66,1)
(65,1)1349471477(65,2)
(66,1)383828222(67,1)
(66,1)433060953(66,2)
(67,1)2147246248(68,1)
(67,1)1833831791(67,2)
(68,1)784601792(69,1)
(68,1)657772763(68,2)
(69,1)1081239588(70,1)
(69,1)142573416(69,2)
(70,1)1798293636(71,1)
(70,1)1434658696(70,2)
(71,1)1193924850(72,1)
(71,1)563139673(71,2)
(72,1)1270000854(73,1)
(72,1)1391573615(72,2)
(73,1)1713629729(74,1)
(73,1)749652419(73,2)
(74,1)2013820874(75,1)
(74,1)957760031(74,2)
(75,1)1296895548(76,1)
(75,1)1166059397(75,2)
(76,1)872413635(77,1)
(76,1)868963405(76,2)
(77,1)1461653528(78,1)
(77,1)47446382(77,2)
(78,1)918757844(79,1)
(78,1)1201092479(78,2)
(79,1)752945759(80,1)
(79,1)1477051611(79,2)
(80,1)679039440(81,1)
(80,1)1140436765(80,2)
(81,1)1573497718(82,1)
(81,1)1842947807(81,2)
(82,1)1529295951(83,1)
(82,1)1062867662(82,2)
(83,1)1720640425(84,1)
(83,1)1573260319(83,2)
(84,1)1715833735(85,1)
(84,1)166414095(84,2)
(85,1)1601072791(86,1)
(85,1)654396365(85,2)
(86,1)1217536038(87,1)
(86,1)1366643723(86,2)
(87,1)610733690(88,1)
(87,1)647513993(87,2)
(88,1)1397166412(89,1)
(88,1)340053245(88,2)
(89,1)1297813276(90,1)
(89,1)176879771(89,2)
(90,1)1342939169(91,1)
(90,1)1263503638(90,2)
(91,1)2132467043(92,1)
(91,1)447225176(91,2)
(92,1)494671559(93,1)
(92,1)67869156(92,2)
(93,1)1268961635(94,1)
(93,1)1446636924(93,2)
(94,1)776204887(95,1)
(94,1)1413429403(94,2)
(95,1)406382520(96,1)
(95,1)2021907394(95,2)
(96,1)1717371553(97,1)
(96,1)1455244327(96,2)
(97,1)370628341(98,1)
(97,1)1979880239(97,2)
(98,1)1405656910(99,1)
(98,1)1099183856(98,2)
(99,1)2091268766(99,2)
(0,2)974006997(1,2)
(0,2)1265597951(0,3)
(1,2)719187094(2,2)
(1,2)598181483(1,3)
(2,2)1815717521(3,2)
(2,2)193167072(2,3)
(3,2)803900763(4,2)
(3,2)1366701088(3,3)
(4,2)616383852(5,2)
(4,2)8287118(4,3)
(5,2)1306100395(6,2)
(5,2)980780534(5,3)
(6,2)176236055(7,2)
(6,2)1879887491(6,3)
(7,2)1864870886(8,2)
(7,2)1753325571(7,3)
(8,2)100513482(9,2)
(8,2)244105211(8,3)
(9,2)1513066846(10,2)
(9,2)1164024162(9,3)
(10,2)1940229049(11,2)
(10,2)1513942886(10,3)
(11,2)1920325406(12,2)
(11,2)1387490592(11,3)
(12,2)957378498(13,2)
(12,2)1247989728(12,3)
(13,2)1618618069(14,2)
(13,2)1752721997(13,3)
(14,2)1010895259(15,2)
(14,2)2056562354(14,3)
(15,2)1174676658(16,2)
(15,2)1562403187(15,3)
(16,2)13101022(17,2)
(16,2)1984902256(16,3)
(17,2)30585681(18,2)
(17,2)1893863752(17,3)
(18,2)1113081192(19,2)
(18,2)1828818544(18,3)
(19,2)1837105662(20,2)
(19,2)834486444(19,3)
(20,2)1815266978(21,2)
(20,2)1729465045(20,3)
(21,2)1461868888(22,2)
(21,2)995722409(21,3)
(22,2)601564333(23,2)
(22,2)1991503034(22,3)
(23,2)88124597(24,2)
(23,2)1179256126(23,3)
(24,2)195796641(25,2)
(24,2)702077815(24,3)
(25,2)68537053(26,2)
(25,2)1601191444(25,3)
(26,2)841198388(27,2)
(26,2)2136025690(26,3)
(27,2)1236531771(28,2)
(27,2)1988862460(27,3)
(28,2)1594100809(29,2)
(28,2)1798576886(28,3)
(29,2)1707655593(30,2)
(29,2)707666192(29,3)
(30,2)122585732(31,2)
(30,2)457512421(30,3)
(31,2)294931029(32,2)
(31,2)734848603(31,3)
(32,2)481228707(33,2)
(32,2)135686754(32,3)
(33,2)1964505298(34,2)
(33,2)325516710(33,3)
(34,2)1160003154(35,2)
(34,2)1594309900(34,3)
(35,2)1176291297(36,2)
(35,2)1654127313(35,3)
(36,2)502366074(37,2)
(36,2)827786485(36,3)
(37,2)671805871(38,2)
(37,2)490676537(37,3)
(38,2)1669932663(39,2)
(38,2)1103930407(38,3)
(39,2)1806008223(40,2)
(39,2)759930468(39,3)
(40,2)213638264(41,2)
(40,2)1865729304(40,3)
(41,2)1854271347(42,2)
(41,2)1874545276(41,3)
(42,2)1715924088(43,2)
(42,2)1054836653(42,3)
(43,2)705929891(44,2)
(43,2)943319470(43,3)
(44,2)1650985662(45,2)
(44,2)1162541250(44,3)
(45,2)1620053671(46,2)
(45,2)266101836(45,3)
(46,2)1000950439(47,2)
(46,2)1773571394(46,3)
(47,2)1909258149(48,2)
(47,2)1914984700(47,3)
(48,2)93017763(49,2)
(48,2)1482179147(48,3)
(49,2)929005399(50,2)
(49,2)1726279799(49,3)
(50,2)1232923464(51,2)
(50,2)1253020917(50,3)
(51,2)2080807402(52,2)
(51,2)2105296696(51,3)
(52,2)448489585(53,2)
(52,2)1735289539(52,3)
(53,2)691736298(54,2)
(53,2)605129625(53,3)
(54,2)1365060094(55,2)
(54,2)2118422248(54,3)
(55,2)1836667905(56,2)
(55,2)350260873(55,3)
(56,2)77322502(57,2)
(56,2)1578698358(56,3)
(57,2)486051363(58,2)
(57,2)1543455604(57,3)
(58,2)339291426(59,2)
(58,2)1793246590(58,3)
(59,2)808304192(60,2)
(59,2)1191981255(59,3)
(60,2)1458083091(61,2)
(60,2)1990277088(60,3)
(61,2)1616364835(62,2)
(61,2)280874215(61,3)
(62,2)48375268(63,2)
(62,2)311549883(62,3)
(63,2)1793729030(64,2)
(63,2)1378139336(63,3)
(64,2)956935487(65,2)
(64,2)141393031(64,3)
(65,2)1394413948(66,2)
(65,2)575250781(65,3)
(66,2)533063829(67,2)
(66,2)42375304(66,3)
(67,2)1777664843(68,2)
(67,2)1327737703(67,3)
(68,2)1932867328(69,2)
(68,2)981553414(68,3)
(69,2)952492014(70,2)
(69,2)321917493(69,3)
(70,2)672178367(71,2)
(70,2)1150443774(70,3)
(71,2)581658485(72,2)
(71,2)641676271(71,3)
(72,2)37648227(73,2)
(72,2)749500869(72,3)
(73,2)395263811(74,2)
(73,2)1067709848(73,3)
(74,2)112207455(75,2)
(74,2)376939653(74,3)
(75,2)219733094(76,2)
(75,2)1203568004(75,3)
(76,2)1484442219(77,2)
(76,2)1570290547(76,3)
(77,2)1881840430(78,2)
(77,2)1836097929(77,3)
(78,2)1066753617(79,2)
(78,2)1532817487(78,3)
(79,2)1674210518(80,2)
(79,2)1528085812(79,3)
(80,2)2103336593(81,2)
(80,2)2023689104(80,3)
(81,2)2066064408(82,2)
(81,2)921140819(81,3)
(82,2)101394874(83,2)
(82,2)488916774(82,3)
(83,2)1470470188(84,2)
(83,2)1696245603(83,3)
(84,2)2018163097(85,2)
(84,2)2034262202(84,3)
(85,2)1037222329(86,2)
(85,2)275478554(85,3)
(86,2)917154826(87,2)
(86,2)542857816(86,3)
(87,2)1292358685(88,2)
(87,2)1618880814(87,3)
(88,2)539107014(89,2)
(88,2)954803053(88,3)
(89,2)1331742707(90,2)
(89,2)1687622496(89,3)
(90,2)743706852(91,2)
(90,2)651314470(90,3)
(91,2)74121369(92,2)
(91,2)1551475801(91,3)
(92,2)1240090082(93,2)
(92,2)80665424(92,3)
(93,2)1613482911(94,2)
(93,2)1955961799(93,3)
(94,2)1336563963(95,2)
(94,2)159360051(94,3)
(95,2)35565507(96,2)
(95,2)1140209782(95,3)
(96,2)2061350601(97,2)
(96,2)1292416908(96,3)
(97,2)1781333682(98,2)
(97,2)2101629916(97,3)
(98,2)1650391871(99,2)
(98,2)15261827(98,3)
(99,2)1104320222(99,3)
(0,3)1521071320(1,3)
(0,3)2049524029(0,4)
(1,3)939262710(2,3)
(1,3)1379798776(1,4)
(2,3)149469954(3,3)
(2,3)2063929136(2,4)
(3,3)1208804173(4,3)
(3,3)410659876(3,4)
(4,3)949766891(5,3)
(4,3)1104273008(4,4)
(5,3)288532067(6,3)
(5,3)748943022(5,4)
(6,3)1492649874(7,3)
(6,3)1601081361(6,4)
(7,3)1675202730(8,3)
(7,3)1840007868(7,4)
(8,3)932614302(9,3)
(8,3)1573315298(8,4)
(9,3)1039314562(10,3)
(9,3)1483680881(9,4)
(10,3)672761196(11,3)
(10,3)1091974353(10,4)
(11,3)1127539860(12,3)
(11,3)32040696(11,4)
(12,3)2093391297(13,3)
(12,3)1965178104(12,4)
(13,3)1599028138(14,3)
(13,3)1081686128(13,4)
(14,3)584594352(15,3)
(14,3)2108653124(14,4)
(15,3)2010693505(16,3)
(15,3)555864712(15,4)
(16,3)1935663488(17,3)
(16,3)2105665672(16,4)
(17,3)2022111161(18,3)
(17,3)802472568(17,4)
(18,3)1213132444(19,3)
(18,3)2085133443(18,4)
(19,3)1041922803(20,3)
(19,3)1083431686(19,4)
(20,3)1832374708(21,3)
(20,3)15415687(20,4)
(21,3)1616497048(22,3)
(21,3)1330454870(21,4)
(22,3)1022979090(23,3)
(22,3)1177540935(22,4)
(23,3)603372585(24,3)
(23,3)1144216130(23,4)
(24,3)480413363(25,3)
(24,3)1955593392(24,4)
(25,3)900084097(26,3)
(25,3)1642687147(25,4)
(26,3)1674727843(27,3)
(26,3)1153174559(26,4)
(27,3)970869015(28,3)
(27,3)2027623957(27,4)
(28,3)961826438(29,3)
(28,3)1620635492(28,4)
(29,3)1581804968(30,3)
(29,3)422413505(29,4)
(30,3)978278217(31,3)
(30,3)1546420790(30,4)
(31,3)1504602814(32,3)
(31,3)1445014826(31,4)
(32,3)100003746(33,3)
(32,3)766458058(32,4)
(33,3)704107853(34,3)
(33,3)1379230327(33,4)
(34,3)315178366(35,3)
(34,3)1313136190(34,4)
(35,3)1328551878(36,3)
(35,3)1746030656(35,4)
(36,3)929001878(37,3)
(36,3)69426(36,4)
(37,3)1177610361(38,3)
(37,3)797565278(37,4)
(38,3)1941781409(39,3)
(38,3)1951980968(38,4)
(39,3)1760090712(40,3)
(39,3)1780982947(39,4)
(40,3)1276186446(41,3)
(40,3)274711124(40,4)
(41,3)1427885684(42,3)
(41,3)512691161(41,4)
(42,3)392831470(43,3)
(42,3)803430642(42,4)
(43,3)276582486(44,3)
(43,3)251271051(43,4)
(44,3)673684557(45,3)
(44,3)1354657908(44,4)
(45,3)753595050(46,3)
(45,3)1858387455(45,4)
(46,3)1155918633(47,3)
(46,3)1651962774(46,4)
(47,3)270937184(48,3)
(47,3)110714217(47,4)
(48,3)1489944544(49,3)
(48,3)1255922379(48,4)
(49,3)421574921(50,3)
(49,3)975045037(49,4)
(50,3)573592045(51,3)
(50,3)1805122910(50,4)
(51,3)1805192337(52,3)
(51,3)1750126799(51,4)
(52,3)400208430(53,3)
(52,3)1502593923(52,4)
(53,3)1307091243(54,3)
(53,3)835319050(53,4)
(54,3)468818349(55,3)
(54,3)194506191(54,4)
(55,3)469217315(56,3)
(55,3)919698307(55,4)
(56,3)1432389468(57,3)
(56,3)1745004796(56,4)
(57,3)400951790(58,3)
(57,3)1897102999(57,4)
(58,3)890403(59,3)
(58,3)1825220939(58,4)
(59,3)1032395199(60,3)
(59,3)677534276(59,4)
(60,3)388438083(61,3)
(60,3)674574960(60,4)
(61,3)179054086(62,3)
(61,3)1785990250(61,4)
(62,3)1896704467(63,3)
(62,3)1544356716(62,4)
(63,3)652795447(64,3)
(63,3)449991271(63,4)
(64,3)1425036308(65,3)
(64,3)1239165363(64,4)
(65,3)896804626(66,3)
(65,3)1074370369(65,4)
(66,3)677013520(67,3)
(66,3)1998628354(66,4)
(67,3)1353738629(68,3)
(67,3)554513315(67,4)
(68,3)1389832365(69,3)
(68,3)1077221950(68,4)
(69,3)1271728141(70,3)
(69,3)513346225(69,4)
(70,3)1433044532(71,3)
(70,3)1858650715(70,4)
(71,3)1456171863(72,3)
(71,3)1740945457(71,4)
(72,3)1490564808(73,3)
(72,3)717950353(72,4)
(73,3)395687644(74,3)
(73,3)1857123653(73,4)
(74,3)387174281(75,3)
(74,3)1491455211(74,4)
(75,3)18546523(76,3)
(75,3)1428082843(75,4)
(76,3)1066589445(77,3)
(76,3)775612365(76,4)
(77,3)172485433(78,3)
(77,3)197600610(77,4)
(78,3)647591881(79,3)
(78,3)815810264(78,4)
(79,3)2054975628(80,3)
(79,3)825280881(79,4)
(80,3)1899651250(81,3)
(80,3)2072628189(80,4)
(81,3)1923772895(82,3)
(81,3)804296606(81,4)
(82,3)1358809921(83,3)
(82,3)429181122(82,4)
(83,3)1506403073(84,3)
(83,3)1130027877(83,4)
(84,3)1643374102(85,3)
(84,3)601158638(84,4)
(85,3)312325705(86,3)
(85,3)630647566(85,4)
(86,3)224109375(87,3)
(86,3)928934986(86,4)
(87,3)1646885339(88,3)
(87,3)1768497568(87,4)
(88,3)1478137573(89,3)
(88,3)1714674184(88,4)
(89,3)1058645747(90,3)
(89,3)2042572983(89,4)
(90,3)1323172179(91,3)
(90,3)1865311855(90,4)
(91,3)493440572(92,3)
(91,3)1077192271(91,4)
(92,3)1274792881(93,3)
(92,3)242277976(92,4)
(93,3)1058088241(94,3)
(93,3)665926005(93,4)
(94,3)1491206886(95,3)
(94,3)1922384762(94,4)
(95,3)1847529303(96,3)
(95,3)965580221(95,4)
(96,3)1769876827(97,3)
(96,3)1243374488(96,4)
(97,3)1672555611(98,3)
(97,3)1623818551(97,4)
(98,3)606362780(99,3)
(98,3)981203100(98,4)
(99,3)1031475036(99,4)
(0,4)102253234(1,4)
(0,4)1582361738(0,5)
(1,4)1894687444(2,4)
(1,4)1662122602(1,5)
(2,4)1886231978(3,4)
(2,4)1031188220(2,5)
(3,4)530589912(4,4)
(3,4)1515701364(3,5)
(4,4)846355290(5,4)
(4,4)1453422514(4,5)
(5,4)364584613(6,4)
(5,4)425679247(5,5)
(6,4)1748851426(7,4)
(6,4)564183497(6,5)
(7,4)1057624069(8,4)
(7,4)1441776884(7,5)
(8,4)569086117(9,4)
(8,4)1991129403(8,5)
(9,4)901733996(10,4)
(9,4)1723550074(9,5)
(10,4)1067273313(11,4)
(10,4)343987231(10,5)
(11,4)44032887(12,4)
(11,4)1867314217(11,5)
(12,4)1489707396(13,4)
(12,4)163164153(12,5)
(13,4)1835719764(14,4)
(13,4)1667851438(13,5)
(14,4)126730570(15,4)
(14,4)323426848(14,5)
(15,4)1905788586(16,4)
(15,4)719711152(15,5)
(16,4)234350107(17,4)
(16,4)228983804(16,5)
(17,4)1260172024(18,4)
(17,4)1652992382(17,5)
(18,4)1021210099(19,4)
(18,4)2120582085(18,5)
(19,4)1426520951(20,4)
(19,4)1790761936(19,5)
(20,4)68957536(21,4)
(20,4)1867565389(20,5)
(21,4)284265238(22,4)
(21,4)1791105564(21,5)
(22,4)1085398801(23,4)
(22,4)1817808962(22,5)
(23,4)1661454717(24,4)
(23,4)1341889307(23,5)
(24,4)917955733(25,4)
(24,4)1654484918(24,5)
(25,4)1998472150(26,4)
(25,4)415705065(25,5)
(26,4)135535634(27,4)
(26,4)1985229046(26,5)
(27,4)909552(28,4)
(27,4)2042505037(27,5)
(28,4)1562872827(29,4)
(28,4)1625243030(28,5)
(29,4)1948669878(30,4)
(29,4)1836629316(29,5)
(30,4)408856821(31,4)
(30,4)1689603397(30,5)
(31,4)1918587201(32,4)
(31,4)1706974817(31,5)
(32,4)1212483551(33,4)
(32,4)643206928(32,5)
(33,4)616305365(34,4)
(33,4)1031275577(33,5)
(34,4)674553866(35,4)
(34,4)86210002(34,5)
(35,4)1953775391(36,4)
(35,4)2042826316(35,5)
(36,4)1686448232(37,4)
(36,4)743511402(36,5)
(37,4)413836716(38,4)
(37,4)90556981(37,5)
(38,4)1432446288(39,4)
(38,4)624363385(38,5)
(39,4)131364656(40,4)
(39,4)2075291434(39,5)
(40,4)343512851(41,4)
(40,4)202918374(40,5)
(41,4)40663772(42,4)
(41,4)2129836806(41,5)
(42,4)2024858195(43,4)
(42,4)479048486(42,5)
(43,4)2104291516(44,4)
(43,4)41573324(43,5)
(44,4)1878202641(45,4)
(44,4)1440247374(44,5)
(45,4)982367123(46,4)
(45,4)1905477747(45,5)
(46,4)1464968916(47,4)
(46,4)139575814(46,5)
(47,4)782782742(48,4)
(47,4)753470676(47,5)
(48,4)1784746253(49,4)
(48,4)529968819(48,5)
(49,4)616178822(50,4)
(49,4)1399088107(49,5)
(50,4)1294430775(51,4)
(50,4)311816471(50,5)
(51,4)1055327873(52,4)
(51,4)422470565(51,5)
(52,4)513027547(53,4)
(52,4)833395359(52,5)
(53,4)1457758745(54,4)
(53,4)1469164590(53,5)
(54,4)1396972376(55,4)
(54,4)1945473835(54,5)
(55,4)908561(56,4)
(55,4)1589123401(55,5)
(56,4)1571476559(57,4)
(56,4)1740485227(56,5)
(57,4)72050065(58,4)
(57,4)41572334(57,5)
(58,4)83145658(59,4)
(58,4)1448851106(58,5)
(59,4)741614832(60,4)
(59,4)28857934(59,5)
(60,4)1934335681(61,4)
(60,4)1961348299(60,5)
(61,4)2100924113(62,4)
(61,4)1723981955(61,5)
(62,4)329968983(63,4)
(62,4)1251820949(62,5)
(63,4)1781789768(64,4)
(63,4)736223207(63,5)
(64,4)2135311314(65,4)
(64,4)2114715236(64,5)
(65,4)279048060(66,4)
(65,4)250484942(65,5)
(66,4)672955508(67,4)
(66,4)1282258441(66,5)
(67,4)2115653801(68,4)
(67,4)1334375933(67,5)
(68,4)656056875(69,4)
(68,4)1185983055(68,5)
(69,4)983973242(70,4)
(69,4)1425928898(69,5)
(70,4)867568651(71,4)
(70,4)2053029251(70,5)
(71,4)1646030831(72,4)
(71,4)984881804(71,5)
(72,4)1026454138(73,4)
(72,4)291561562(72,5)
(73,4)1740412668(74,4)
(73,4)1718080896(73,5)
(74,4)1746938830(75,4)
(74,4)1109599796(74,5)
(75,4)923464448(76,4)
(75,4)334543852(75,5)
(76,4)2058525807(77,4)
(76,4)1533790863(76,5)
(77,4)638128164(78,4)
(77,4)876904913(77,5)
(78,4)1613128121(79,4)
(78,4)241011142(78,5)
(79,4)208242730(80,4)
(79,4)272434285(79,5)
(80,4)522919227(81,4)
(80,4)1600955787(80,5)
(81,4)735730581(82,4)
(81,4)487290790(81,5)
(82,4)1821666724(83,4)
(82,4)1195874735(82,5)
(83,4)234374142(84,4)
(83,4)703900734(83,5)
(84,4)2129829632(85,4)
(84,4)330239951(84,5)
(85,4)235785555(86,4)
(85,4)1218347385(85,5)
(86,4)55745541(87,4)
(86,4)849914635(86,5)
(87,4)1141476197(88,4)
(87,4)1881816386(87,5)
(88,4)1452413634(89,4)
(88,4)1082199679(88,5)
(89,4)44315827(90,4)
(89,4)734405217(89,5)
(90,4)1068949069(91,4)
(90,4)1051868817(90,5)
(91,4)438176032(92,4)
(91,4)967780275(91,5)
(92,4)1844685189(93,4)
(92,4)979991228(92,5)
(93,4)1221002370(94,4)
(93,4)1076304197(93,5)
(94,4)1348738482(95,4)
(94,4)1310329662(94,5)
(95,4)763801801(96,4)
(95,4)1429245100(95,5)
(96,4)1916535891(97,4)
(96,4)1871657709(96,5)
(97,4)920048797(98,4)
(97,4)1499532382(97,5)
(98,4)55949468(99,4)
(98,4)1590718967(98,5)
(99,4)1154422939(99,5)
(0,5)38295452(1,5)
(0,5)1920958918(0,6)
(1,5)9260825(2,5)
(1,5)225286676(1,6)
(2,5)281032217(3,5)
(2,5)888210087(2,6)
(3,5)2029686284(4,5)
(3,5)1891077211(3,6)
(4,5)1196007198(5,5)
(4,5)1363231896(4,6)
(5,5)1407547724(6,5)
(5,5)616607853(5,6)
(6,5)1685556922(7,5)
(6,5)100392367(6,6)
(7,5)538568399(8,5)
(7,5)227844351(7,6)
(8,5)2072529540(9,5)
(8,5)518064502(8,6)
(9,5)1739066872(10,5)
(9,5)1614872596(9,6)
(10,5)816127430(11,5)
(10,5)1235375554(10,6)
(11,5)1999177356(12,5)
(11,5)1020828325(11,6)
(12,5)789880568(13,5)
(12,5)540301492(12,6)
(13,5)1460350289(14,5)
(13,5)1351226090(13,6)
(14,5)1407175559(15,5)
(14,5)233115887(14,6)
(15,5)6591157(16,5)
(15,5)467289580(15,6)
(16,5)692576257(17,5)
(16,5)1445471011(16,6)
(17,5)186197451(18,5)
(17,5)15851983(17,6)
(18,5)1906929194(19,5)
(18,5)973608474(18,6)
(19,5)189356723(20,5)
(19,5)68400087(19,6)
(20,5)685007941(21,5)
(20,5)955452744(20,6)
(21,5)1055845111(22,5)
(21,5)1596904447(21,6)
(22,5)1824748798(23,5)
(22,5)223081215(22,6)
(23,5)741145718(24,5)
(23,5)1594413511(23,6)
(24,5)1061802459(25,5)
(24,5)1749794691(24,6)
(25,5)837686597(26,5)
(25,5)332728942(25,6)
(26,5)1353557267(27,5)
(26,5)1877929890(26,6)
(27,5)270747734(28,5)
(27,5)689380305(27,6)
(28,5)2040606396(29,5)
(28,5)2143437835(28,6)
(29,5)229070074(30,5)
(29,5)1731098023(29,6)
(30,5)50903955(31,5)
(30,5)1300298307(30,6)
(31,5)598285670(32,5)
(31,5)235661232(31,6)
(32,5)251513215(33,5)
(32,5)743480212(32,6)
(33,5)1717088687(34,5)
(33,5)784483121(33,6)
(34,5)852883209(35,5)
(34,5)10958761(34,6)
(35,5)966411506(36,5)
(35,5)1906445410(35,6)
(36,5)1355866209(37,5)
(36,5)1537891150(36,6)
(37,5)1760972365(38,5)
(37,5)2022256617(37,6)
(38,5)1469186480(39,5)
(38,5)1033131359(38,6)
(39,5)635442402(40,5)
(39,5)354634435(39,6)
(40,5)687363378(41,5)
(40,5)383505292(40,6)
(41,5)113951534(42,5)
(41,5)1473129000(41,6)
(42,5)15025657(43,5)
(42,5)2040920645(42,6)
(43,5)2036874833(44,5)
(43,5)384699268(43,6)
(44,5)2115797291(45,5)
(44,5)2055632053(44,6)
(45,5)1208446712(46,5)
(45,5)118461259(45,6)
(46,5)354122491(47,5)
(46,5)19217598(46,6)
(47,5)762697811(48,5)
(47,5)1806732383(47,6)
(48,5)443731856(49,5)
(48,5)605635706(48,6)
(49,5)616594468(50,5)
(49,5)332302850(49,6)
(50,5)91264612(51,5)
(50,5)1296615065(50,6)
(51,5)687022567(52,5)
(51,5)1583005974(51,6)
(52,5)1457778943(53,5)
(52,5)1447130821(52,6)
(53,5)332778532(54,5)
(53,5)300511285(53,6)
(54,5)655145720(55,5)
(54,5)779481776(54,6)
(55,5)1162987068(56,5)
(55,5)968220935(55,6)
(56,5)293866287(57,5)
(56,5)1342509098(56,6)
(57,5)1235946096(58,5)
(57,5)1276938602(57,6)
(58,5)1661637870(59,5)
(58,5)308891944(58,6)
(59,5)217040350(60,5)
(59,5)1125337281(59,6)
(60,5)1243798540(61,5)
(60,5)1629951513(60,6)
(61,5)1649169111(62,5)
(61,5)1425487062(61,6)
(62,5)1084735797(63,5)
(62,5)1597921032(62,6)
(63,5)56073090(64,5)
(63,5)264383274(63,6)
(64,5)596686124(65,5)
(64,5)1528467654(64,6)
(65,5)677599071(66,5)
(65,5)672667558(65,6)
(66,5)108189884(67,5)
(66,5)687950736(66,6)
(67,5)2135081557(68,5)
(67,5)1364621639(67,6)
(68,5)1665132924(69,5)
(68,5)1565968828(68,6)
(69,5)197966956(70,5)
(69,5)320376442(69,6)
(70,5)1288597377(71,5)
(70,5)172794996(70,6)
(71,5)1515304095(72,5)
(71,5)1360954024(71,6)
(72,5)490408978(73,5)
(72,5)1582463664(72,6)
(73,5)1891355608(74,5)
(73,5)603766543(73,6)
(74,5)1729103824(75,5)
(74,5)4563200(74,6)
(75,5)1634514713(76,5)
(75,5)2108395958(75,6)
(76,5)1386399373(77,5)
(76,5)825418716(76,6)
(77,5)275856100(78,5)
(77,5)1136200176(77,6)
(78,5)1400583451(79,5)
(78,5)323651522(78,6)
(79,5)1852119176(80,5)
(79,5)331929191(79,6)
(80,5)1004596749(81,5)
(80,5)1997269575(80,6)
(81,5)537736664(82,5)
(81,5)382234600(81,6)
(82,5)1746856239(83,5)
(82,5)1112786634(82,6)
(83,5)531271814(84,5)
(83,5)525334573(83,6)
(84,5)845711015(85,5)
(84,5)1264505515(84,6)
(85,5)1437300511(86,5)
(85,5)729238770(85,6)
(86,5)2090192794(87,5)
(86,5)2134308392(86,6)
(87,5)1569288408(88,5)
(87,5)805120958(87,6)
(88,5)1408887501(89,5)
(88,5)433118124(88,6)
(89,5)437681324(90,5)
(89,5)1313160369(89,6)
(90,5)1274072679(91,5)
(90,5)990507677(90,6)
(91,5)1815926394(92,5)
(91,5)2072196037(91,6)
(92,5)1060912565(93,5)
(92,5)512988404(92,6)
(93,5)836639927(94,5)
(93,5)2091782494(93,6)
(94,5)276228037(95,5)
(94,5)314012368(94,6)
(95,5)163798296(96,5)
(95,5)541275455(95,6)
(96,5)923510055(97,5)
(96,5)1280824787(96,6)
(97,5)246127773(98,5)
(97,5)701534960(97,6)
(98,5)1226869533(99,5)
(98,5)522882646(98,6)
(99,5)777399587(99,6)
(0,6)2072580549(1,6)
(0,6)1787388161(0,7)
(1,6)1077205025(2,6)
(1,6)1506638357(1,7)
(2,6)1449347503(3,6)
(2,6)2059405293(2,7)
(3,6)1481210054(4,6)
(3,6)1882325983(3,7)
(4,6)1143729837(5,6)
(4,6)1882465627(4,7)
(5,6)172663303(6,6)
(5,6)646886775(5,7)
(6,6)1920959454(7,6)
(6,6)2134237514(6,7)
(7,6)1802680260(8,6)
(7,6)97375692(7,7)
(8,6)1158288257(9,6)
(8,6)286464211(8,7)
(9,6)1123104138(10,6)
(9,6)1746979107(9,7)
(10,6)2023207144(11,6)
(10,6)1472300626(10,7)
(11,6)1636098922(12,6)
(11,6)1664379593(11,7)
(12,6)440406001(13,6)
(12,6)1156548283(12,7)
(13,6)1402676056(14,6)
(13,6)190150234(13,7)
(14,6)1417019767(15,6)
(14,6)963288647(14,7)
(15,6)603193161(16,6)
(15,6)32591995(15,7)
(16,6)1539230352(17,6)
(16,6)1342116668(16,7)
(17,6)1254038314(18,6)
(17,6)1680398186(17,7)
(18,6)1415240521(19,6)
(18,6)841094207(18,7)
(19,6)576076186(20,6)
(19,6)587764720(19,7)
(20,6)1234651495(21,6)
(20,6)411486710(20,7)
(21,6)398240577(22,6)
(21,6)748739489(21,7)
(22,6)846115181(23,6)
(22,6)1008127301(22,7)
(23,6)1294591512(24,6)
(23,6)53437189(23,7)
(24,6)1800416296(25,6)
(24,6)2004403439(24,7)
(25,6)1329220417(26,6)
(25,6)270212002(25,7)
(26,6)1934591596(27,6)
(26,6)1676139793(26,7)
(27,6)685204428(28,6)
(27,6)817835691(27,7)
(28,6)1007985925(29,6)
(28,6)227513949(28,7)
(29,6)1190802596(30,6)
(29,6)2087880485(29,7)
(30,6)2120472480(31,6)
(30,6)277522044(30,7)
(31,6)1619638713(32,6)
(31,6)1793995757(31,7)
(32,6)1326910295(33,6)
(32,6)1512219185(32,7)
(33,6)205829744(34,6)
(33,6)726193379(33,7)
(34,6)1313958099(35,6)
(34,6)594667169(34,7)
(35,6)1006153879(36,6)
(35,6)781905931(35,7)
(36,6)1530645420(37,6)
(36,6)401125946(36,7)
(37,6)1409253247(38,6)
(37,6)1404394456(37,7)
(38,6)1457831646(39,6)
(38,6)229276954(38,7)
(39,6)86196745(40,6)
(39,6)556361112(39,7)
(40,6)826573114(41,6)
(40,6)1110764294(40,7)
(41,6)639420439(42,6)
(41,6)1415417162(41,7)
(42,6)85769205(43,6)
(42,6)613681062(42,7)
(43,6)841195011(44,6)
(43,6)1324624868(43,7)
(44,6)1265021705(45,6)
(44,6)1093755130(44,7)
(45,6)1371277174(46,6)
(45,6)2031997608(45,7)
(46,6)1678509717(47,6)
(46,6)1238010537(46,7)
(47,6)602746074(48,6)
(47,6)843432239(47,7)
(48,6)1569625618(49,6)
(48,6)857936365(48,7)
(49,6)1452603534(50,6)
(49,6)808575819(49,7)
(50,6)1590481750(51,6)
(50,6)736100069(50,7)
(51,6)1137226015(52,6)
(51,6)311273765(51,7)
(52,6)1715668222(53,6)
(52,6)973643522(52,7)
(53,6)1202920476(54,6)
(53,6)398995615(53,7)
(54,6)955356727(55,6)
(54,6)1026016220(54,7)
(55,6)2136780514(56,6)
(55,6)1289117221(55,7)
(56,6)557050735(57,6)
(56,6)1781929841(56,7)
(57,6)248127256(58,6)
(57,6)628717306(57,7)
(58,6)1953342174(59,6)
(58,6)642819940(58,7)
(59,6)1736575070(60,6)
(59,6)1089322267(59,7)
(60,6)973836227(61,6)
(60,6)1070880231(60,7)
(61,6)161407120(62,6)
(61,6)960368597(61,7)
(62,6)1803800836(63,6)
(62,6)504862297(62,7)
(63,6)1362798662(64,6)
(63,6)764153195(63,7)
(64,6)1572729014(65,6)
(64,6)1225942807(64,7)
(65,6)1962042876(66,6)
(65,6)667918548(65,7)
(66,6)979192313(67,6)
(66,6)1015727116(66,7)
(67,6)1989370638(68,6)
(67,6)951785244(67,7)
(68,6)1350780859(69,6)
(68,6)547376887(68,7)
(69,6)1573393107(70,6)
(69,6)1044807467(69,7)
(70,6)186441040(71,6)
(70,6)158653938(70,7)
(71,6)1940583779(72,6)
(71,6)1562689974(71,7)
(72,6)43923632(73,6)
(72,6)743491776(72,7)
(73,6)1386311716(74,6)
(73,6)41227387(73,7)
(74,6)1130549655(75,6)
(74,6)1997265806(74,7)
(75,6)920662389(76,6)
(75,6)975403139(75,7)
(76,6)1935771736(77,6)
(76,6)2104385882(76,7)
(77,6)461764531(78,6)
(77,6)1082069509(77,7)
(78,6)1846222704(79,6)
(78,6)1592088924(78,7)
(79,6)670548083(80,6)
(79,6)1824563193(79,7)
(80,6)344998093(81,6)
(80,6)1271468070(80,7)
(81,6)139711538(82,6)
(81,6)485107312(81,7)
(82,6)1436892556(83,6)
(82,6)1324190407(82,7)
(83,6)1871567294(84,6)
(83,6)2129082177(83,7)
(84,6)1026405996(85,6)
(84,6)640189767(84,7)
(85,6)798843705(86,6)
(85,6)1297476754(85,7)
(86,6)712683080(87,6)
(86,6)1212847036(86,7)
(87,6)1956338812(88,6)
(87,6)591943836(87,7)
(88,6)633171224(89,6)
(88,6)756606712(88,7)
(89,6)606388870(90,6)
(89,6)1195166881(89,7)
(90,6)23086372(91,6)
(90,6)1763720879(90,7)
(91,6)1720623113(92,6)
(91,6)1527051259(91,7)
(92,6)461637120(93,6)
(92,6)1958858108(92,7)
(93,6)1403463384(94,6)
(93,6)34903997(93,7)
(94,6)1859467190(95,6)
(94,6)160376177(94,7)
(95,6)1431844247(96,6)
(95,6)2074011468(95,7)
(96,6)411635132(97,6)
(96,6)56981636(96,7)
(97,6)1381172043(98,6)
(97,6)1571555786(97,7)
(98,6)1553154315(99,6)
(98,6)1848527688(98,7)
(99,6)1105255689(99,7)
(0,7)432076663(1,7)
(0,7)341233807(0,8)
(1,7)1140077512(2,7)
(1,7)255248795(1,8)
(2,7)967931875(3,7)
(2,7)1644923699(2,8)
(3,7)1453778864(4,7)
(3,7)1732021348(3,8)
(4,7)217708924(5,7)
(4,7)1724538587(4,8)
(5,7)183443809(6,7)
(5,7)501462097(5,8)
(6,7)524548469(7,7)
(6,7)1981429803(6,8)
(7,7)1554569269(8,7)
(7,7)1710495068(7,8)
(8,7)24648541(9,7)
(8,7)335922929(8,8)
(9,7)1739386313(10,7)
(9,7)1589473266(9,8)
(10,7)1301456808(11,7)
(10,7)185024718(10,8)
(11,7)1616868965(12,7)
(11,7)1665914133(11,8)
(12,7)2077549265(13,7)
(12,7)1358438444(12,8)
(13,7)592126839(14,7)
(13,7)1040941103(13,8)
(14,7)446611770(15,7)
(14,7)1778593305(14,8)
(15,7)2119827112(16,7)
(15,7)1697382529(15,8)
(16,7)1952631324(17,7)
(16,7)878688433(16,8)
(17,7)376128485(18,7)
(17,7)1112420976(17,8)
(18,7)696958677(19,7)
(18,7)773079552(18,8)
(19,7)350134491(20,7)
(19,7)1829907349(19,8)
(20,7)183885798(21,7)
(20,7)914667601(20,8)
(21,7)748613757(22,7)
(21,7)533578301(21,8)
(22,7)96589721(23,7)
(22,7)708434267(22,8)
(23,7)1044357196(24,7)
(23,7)155699378(23,8)
(24,7)1745172644(25,7)
(24,7)121238262(24,8)
(25,7)306262980(26,7)
(25,7)636259861(25,8)
(26,7)154690347(27,7)
(26,7)899145804(26,8)
(27,7)110100601(28,7)
(27,7)1923131946(27,8)
(28,7)816589401(29,7)
(28,7)84755964(28,8)
(29,7)1863349270(30,7)
(29,7)702227440(29,8)
(30,7)252126321(31,7)
(30,7)1263201172(30,8)
(31,7)2141889605(32,7)
(31,7)1835692734(31,8)
(32,7)800630063(33,7)
(32,7)57273998(32,8)
(33,7)830353550(34,7)
(33,7)370534442(33,8)
(34,7)52958143(35,7)
(34,7)1497588740(34,8)
(35,7)264772693(36,7)
(35,7)1180488041(35,8)
(36,7)1714066342(37,7)
(36,7)236843941(36,8)
(37,7)945278208(38,7)
(37,7)1013386450(37,8)
(38,7)1169085828(39,7)
(38,7)1810656064(38,8)
(39,7)1931894326(40,7)
(39,7)1989635404(39,8)
(40,7)478411618(41,7)
(40,7)766774824(40,8)
(41,7)1665920629(42,7)
(41,7)90673659(41,8)
(42,7)2013805605(43,7)
(42,7)633101965(42,8)
(43,7)717857929(44,7)
(43,7)1776021230(43,8)
(44,7)330765022(45,7)
(44,7)682911358(44,8)
(45,7)1946112530(46,7)
(45,7)433723551(45,8)
(46,7)121932638(47,7)
(46,7)582891344(46,8)
(47,7)640165342(48,7)
(47,7)1940518488(47,8)
(48,7)163569282(49,7)
(48,7)922562701(48,8)
(49,7)272667793(50,7)
(49,7)1470518892(49,8)
(50,7)503523285(51,7)
(50,7)216527426(50,8)
(51,7)453371367(52,7)
(51,7)537440486(51,8)
(52,7)1550826937(53,7)
(52,7)70105980(52,8)
(53,7)1880762044(54,7)
(53,7)1398649576(53,8)
(54,7)1240801332(55,7)
(54,7)572429117(54,8)
(55,7)1339203942(56,7)
(55,7)1665172722(55,8)
(56,7)1755846381(57,7)
(56,7)1719212950(56,8)
(57,7)204831267(58,7)
(57,7)857640923(57,8)
(58,7)486178505(59,7)
(58,7)1622168338(58,8)
(59,7)157596049(60,7)
(59,7)922689197(59,8)
(60,7)1356412748(61,7)
(60,7)816943527(60,8)
(61,7)1399834871(62,7)
(61,7)2103708579(61,8)
(62,7)1896743419(63,7)
(62,7)1478345386(62,8)
(63,7)253424439(64,7)
(63,7)2040000213(63,8)
(64,7)1363035457(65,7)
(64,7)2060312702(64,8)
(65,7)129356480(66,7)
(65,7)526092232(65,8)
(66,7)1063532719(67,7)
(66,7)1866558743(66,8)
(67,7)1936664723(68,7)
(67,7)582727847(67,8)
(68,7)1981377423(69,7)
(68,7)466876008(68,8)
(69,7)1039305125(70,7)
(69,7)1669943119(69,8)
(70,7)1187632193(71,7)
(70,7)1074695108(70,8)
(71,7)646424410(72,7)
(71,7)231025419(71,8)
(72,7)1088666342(73,7)
(72,7)795994927(72,8)
(73,7)270679617(74,7)
(73,7)851255678(73,8)
(74,7)1773944875(75,7)
(74,7)1574844847(74,8)
(75,7)244304727(76,7)
(75,7)428275666(75,8)
(76,7)384500598(77,7)
(76,7)982873975(76,8)
(77,7)313735714(78,7)
(77,7)1644139598(77,8)
(78,7)1536656164(79,7)
(78,7)133760369(78,8)
(79,7)46589423(80,7)
(79,7)567160153(79,8)
(80,7)1093252386(81,7)
(80,7)752207973(80,8)
(81,7)471283068(82,7)
(81,7)175945903(81,8)
(82,7)758673751(83,7)
(82,7)9301457(82,8)
(83,7)476177465(84,7)
(83,7)260464143(83,8)
(84,7)1930407262(85,7)
(84,7)592567526(84,8)
(85,7)1667262634(86,7)
(85,7)1515482590(85,8)
(86,7)1746508010(87,7)
(86,7)970555808(86,8)
(87,7)1766550735(88,7)
(87,7)166203397(87,8)
(88,7)1017459075(89,7)
(88,7)687690704(88,8)
(89,7)115051904(90,7)
(89,7)2037230352(89,8)
(90,7)318022371(91,7)
(90,7)643920302(90,8)
(91,7)1626794277(92,7)
(91,7)359356631(91,8)
(92,7)2003496229(93,7)
(92,7)702522969(92,8)
(93,7)836283338(94,7)
(93,7)1940529991(93,8)
(94,7)360206497(95,7)
(94,7)1392668745(94,8)
(95,7)2144876719(96,7)
(95,7)882872762(95,8)
(96,7)1058818665(97,7)
(96,7)1453458883(96,8)
(97,7)1462760340(98,7)
(97,7)468676139(97,8)
(98,7)729140283(99,7)
(98,7)1817492416(98,8)
(99,7)1938937805(99,8)
(0,8)512063897(1,8)
(0,8)262576295(0,9)
(1,8)1929838929(2,8)
(1,8)1306936747(1,9)
(2,8)905961109(3,8)
(2,8)1482619705(2,9)
(3,8)1101686792(4,8)
(3,8)2096042326(3,9)
(4,8)966017753(5,8)
(4,8)1593651814(4,9)
(5,8)1708703718(6,8)
(5,8)991433497(5,9)
(6,8)1309455868(7,8)
(6,8)1609938055(6,9)
(7,8)1089248685(8,8)
(7,8)2068060349(7,9)
(8,8)1924072930(9,8)
(8,8)2011978837(8,9)
(9,8)700778527(10,8)
(9,8)882295028(9,9)
(10,8)1242501525(11,8)
(10,8)1169258028(10,9)
(11,8)1166651099(12,8)
(11,8)1583651289(11,9)
(12,8)494986307(13,8)
(12,8)548476760(12,9)
(13,8)2011237100(14,8)
(13,8)1635327238(13,9)
(14,8)216983873(15,8)
(14,8)164995075(14,9)
(15,8)427571370(16,8)
(15,8)1802691257(15,9)
(16,8)962144357(17,8)
(16,8)729047771(16,9)
(17,8)64183828(18,8)
(17,8)209926652(17,9)
(18,8)158485330(19,8)
(18,8)1868105466(18,9)
(19,8)1314273632(20,8)
(19,8)1165870621(19,9)
(20,8)9820470(21,8)
(20,8)1124503084(20,9)
(21,8)586957491(22,8)
(21,8)875493702(21,9)
(22,8)796070403(23,8)
(22,8)1319276338(22,9)
(23,8)1183771527(24,8)
(23,8)1676206176(23,9)
(24,8)411017557(25,8)
(24,8)572659686(24,9)
(25,8)1741917714(26,8)
(25,8)1884550054(25,9)
(26,8)1320717696(27,8)
(26,8)1653519082(26,9)
(27,8)54512195(28,8)
(27,8)761085165(27,9)
(28,8)248928755(29,8)
(28,8)1815704003(28,9)
(29,8)1980699078(30,8)
(29,8)2065749295(29,9)
(30,8)1720956905(31,8)
(30,8)465912629(30,9)
(31,8)1194960400(32,8)
(31,8)260786801(31,9)
(32,8)470713453(33,8)
(32,8)535617614(32,9)
(33,8)256239432(34,8)
(33,8)1259144228(33,9)
(34,8)277531201(35,8)
(34,8)629198783(34,9)
(35,8)1753701867(36,8)
(35,8)1570513065(35,9)
(36,8)298523119(37,8)
(36,8)287351671(36,9)
(37,8)1606628009(38,8)
(37,8)193175711(37,9)
(38,8)1869381887(39,8)
(38,8)1094593523(38,9)
(39,8)1667253209(40,8)
(39,8)642915888(39,9)
(40,8)379982295(41,8)
(40,8)132915796(40,9)
(41,8)1786434879(42,8)
(41,8)1261687275(41,9)
(42,8)2022772440(43,8)
(42,8)1700699991(42,9)
(43,8)1368920346(44,8)
(43,8)1840947074(43,9)
(44,8)1759212721(45,8)
(44,8)124217547(44,9)
(45,8)590130176(46,8)
(45,8)1202135776(45,9)
(46,8)1462922577(47,8)
(46,8)1332685978(46,9)
(47,8)1868303592(48,8)
(47,8)1785090576(47,9)
(48,8)896751157(49,8)
(48,8)1933636030(48,9)
(49,8)415351166(50,8)
(49,8)2124543025(49,9)
(50,8)1547572442(51,8)
(50,8)1174282358(50,9)
(51,8)1461634030(52,8)
(51,8)21569385(51,9)
(52,8)214745096(53,8)
(52,8)1846095561(52,9)
(53,8)793205436(54,8)
(53,8)920778391(53,9)
(54,8)1563694280(55,8)
(54,8)2084126984(54,9)
(55,8)69559132(56,8)
(55,8)312974997(55,9)
(56,8)1574662272(57,8)
(56,8)1943676575(56,9)
(57,8)1496892918(58,8)
(57,8)1855994011(57,9)
(58,8)1549457437(59,8)
(58,8)1449951064(58,9)
(59,8)1574168612(60,8)
(59,8)718329616(59,9)
(60,8)1920465392(61,8)
(60,8)1161186511(60,9)
(61,8)346388841(62,8)
(61,8)16815140(61,9)
(62,8)1801905717(63,8)
(62,8)1235904322(62,9)
(63,8)1022056704(64,8)
(63,8)67208786(63,9)
(64,8)44268163(65,8)
(64,8)551173226(64,9)
(65,8)1725455584(66,8)
(65,8)1437407870(65,9)
(66,8)1458977256(67,8)
(66,8)1591840605(66,9)
(67,8)1290452518(68,8)
(67,8)1039605966(67,9)
(68,8)1960384358(69,8)
(68,8)1673722352(68,9)
(69,8)1610365688(70,8)
(69,8)2083657955(69,9)
(70,8)249149304(71,8)
(70,8)1376594990(70,9)
(71,8)1172787917(72,8)
(71,8)1679924821(71,9)
(72,8)1388435184(73,8)
(72,8)1823811577(72,9)
(73,8)1126278993(74,8)
(73,8)522197187(73,9)
(74,8)1240526803(75,8)
(74,8)790408974(74,9)
(75,8)1951595485(76,8)
(75,8)552963957(75,9)
(76,8)569779098(77,8)
(76,8)1013508547(76,9)
(77,8)101929221(78,8)
(77,8)150500678(77,9)
(78,8)217709464(79,8)
(78,8)224201167(78,9)
(79,8)775374393(80,8)
(79,8)1123985926(79,9)
(80,8)413910148(81,8)
(80,8)261977627(80,9)
(81,8)1853818232(82,8)
(81,8)353346329(81,9)
(82,8)1392952296(83,8)
(82,8)1872887404(82,9)
(83,8)1399126109(84,8)
(83,8)996787103(83,9)
(84,8)932961410(85,8)
(84,8)1205853006(84,9)
(85,8)434964348(86,8)
(85,8)862008149(85,9)
(86,8)394449322(87,8)
(86,8)1182110714(86,9)
(87,8)858438643(88,8)
(87,8)1607752265(87,9)
(88,8)2129949452(89,8)
(88,8)1782884507(88,9)
(89,8)425809833(90,8)
(89,8)1984717637(89,9)
(90,8)390197946(91,8)
(90,8)1222992607(90,9)
(91,8)89017506(92,8)
(91,8)229921670(91,9)
(92,8)380422348(93,8)
(92,8)959977044(92,9)
(93,8)1184178211(94,8)
(93,8)190946728(93,9)
(94,8)1314932654(95,8)
(94,8)598131813(94,9)
(95,8)860109440(96,8)
(95,8)1959552604(95,9)
(96,8)165415286(97,8)
(96,8)1728842802(96,9)
(97,8)1454246559(98,8)
(97,8)566444025(97,9)
(98,8)1563231128(99,8)
(98,8)1558367582(98,9)
(99,8)705889020(99,9)
(0,9)616736940(1,9)
(1,9)348708890(2,9)
(2,9)1567897169(3,9)
(3,9)1051701288(4,9)
(4,9)1530819604(5,9)
(5,9)1962346492(6,9)
(6,9)511969905(7,9)
(7,9)241774600(8,9)
(8,9)1597747351(9,9)
(9,9)494435709(10,9)
(10,9)79008589(11,9)
(11,9)2023557184(12,9)
(12,9)1717428316(13,9)
(13,9)469206535(14,9)
(14,9)105995206(15,9)
(15,9)1806445822(16,9)
(16,9)1429183580(17,9)
(17,9)486417554(18,9)
(18,9)1997392550(19,9)
(19,9)465878143(20,9)
(20,9)1084549367(21,9)
(21,9)1164841556(22,9)
(22,9)277947100(23,9)
(23,9)1944658808(24,9)
(24,9)746200711(25,9)
(25,9)443362386(26,9)
(26,9)363619185(27,9)
(27,9)52963622(28,9)
(28,9)2001729968(29,9)
(29,9)1926850313(30,9)
(30,9)758852642(31,9)
(31,9)470983260(32,9)
(32,9)128075555(33,9)
(33,9)179266163(34,9)
(34,9)1522684548(35,9)
(35,9)1658895159(36,9)
(36,9)2141612655(37,9)
(37,9)2034654453(38,9)
(38,9)1900669759(39,9)
(39,9)1591876358(40,9)
(40,9)381606514(41,9)
(41,9)1979678348(42,9)
(42,9)1467949894(43,9)
(43,9)2099034830(44,9)
(44,9)301401236(45,9)
(45,9)1573945100(46,9)
(46,9)1757997004(47,9)
(47,9)1730584816(48,9)
(48,9)2060362655(49,9)
(49,9)1607905907(50,9)
(50,9)48979311(51,9)
(51,9)997428374(52,9)
(52,9)625263815(53,9)
(53,9)326926411(54,9)
(54,9)794603534(55,9)
(55,9)1371464526(56,9)
(56,9)770288797(57,9)
(57,9)1158222719(58,9)
(58,9)1424428148(59,9)
(59,9)624535117(60,9)
(60,9)937589384(61,9)
(61,9)35797142(62,9)
(62,9)1095518377(63,9)
(63,9)1065664939(64,9)
(64,9)215063306(65,9)
(65,9)470719277(66,9)
(66,9)577076451(67,9)
(67,9)209192313(68,9)
(68,9)357890082(69,9)
(69,9)330262562(70,9)
(70,9)1801068672(71,9)
(71,9)739496596(72,9)
(72,9)162457263(73,9)
(73,9)1121534918(74,9)
(74,9)691047778(75,9)
(75,9)463858499(76,9)
(76,9)547996371(77,9)
(77,9)301561135(78,9)
(78,9)46959667(79,9)
(79,9)460875378(80,9)
(80,9)1909467042(81,9)
(81,9)95938978(82,9)
(82,9)1458303752(83,9)
(83,9)387247209(84,9)
(84,9)422865390(85,9)
(85,9)105423639(86,9)
(86,9)1758711736(87,9)
(87,9)1193154187(88,9)
(88,9)1263646358(89,9)
(89,9)1035656236(90,9)
(90,9)1817689305(91,9)
(91,9)53752095(92,9)
(92,9)1071453379(93,9)
(93,9)765724034(94,9)
(94,9)1119417034(95,9)
(95,9)1286516685(96,9)
(96,9)1236443312(97,9)
(97,9)1696493485(98,9)
(98,9)1495708998(99,9)
