100 5
(0,0)1177220057(0,1)
(1,0)542653442(2,0)
(1,0)708351959(1,1)
(3,0)615503814(3,1)
(4,0)270741611(4,1)
(5,0)309577175(5,1)
(6,0)152526327(7,0)
(7,0)183158772(8,0)
(7,0)1296856901(7,1)
(8,0)1053250594(9,0)
(9,0)227783239(10,0)
(10,0)585373693(11,0)
(10,0)789163735(10,1)
(11,0)1311039006(12,0)
(12,0)273044490(13,0)
(12,0)489461291(12,1)
(13,0)1313233116(14,0)
(14,0)937134762(15,0)
(15,0)211600364(16,0)
(15,0)1(15,1)
(16,0)1122677312(17,0)
(16,0)876777740(16,1)
(17,0)754253806(17,1)
(18,0)591131690(18,1)
(19,0)861873301(20,0)
(19,0)989676093(19,1)
(20,0)1299253268(21,0)
(21,0)1356415976(22,0)
(21,0)66744796(21,1)
(23,0)768063491(24,0)
(24,0)269368643(24,1)
(25,0)995846731(25,1)
(26,0)264012068(27,0)
(27,0)1(28,0)
(27,0)1(27,1)
(28,0)1509358269(29,0)
(28,0)1(28,1)
(30,0)299009383(30,1)
(31,0)1175787124(32,0)
(32,0)537291035(33,0)
(32,0)1089491344(32,1)
(33,0)1680623034(34,0)
(33,0)716165331(33,1)
(35,0)395012687(35,1)
(36,0)461757483(37,0)
(36,0)857611045(36,1)
(37,0)161906993(38,0)
(38,0)487883151(39,0)
(39,0)929970484(39,1)
(40,0)1925817215(41,0)
(41,0)1005776553(41,1)
(42,0)42345636(42,1)
(43,0)579402194(44,0)
(43,0)83804503(43,1)
(44,0)589738910(44,1)
(45,0)888748294(46,0)
(45,0)150839059(45,1)
(47,0)692598556(48,0)
(48,0)633217101(49,0)
(48,0)471167323(48,1)
(49,0)230732331(50,0)
(49,0)225737942(49,1)
(50,0)620750629(51,0)
(50,0)191574878(50,1)
(51,0)1049185923(52,0)
(52,0)1065900454(53,0)
(53,0)760383644(54,0)
(55,0)1353570981(56,0)
(55,0)707627819(55,1)
(57,0)1050636274(57,1)
(58,0)1134440777(59,0)
(58,0)793785013(58,1)
(59,0)393661150(59,1)
(60,0)544500210(61,0)
(60,0)770733958(60,1)
(61,0)373841171(62,0)
(61,0)124788570(61,1)
(62,0)41840340(63,0)
(62,0)478376498(62,1)
(64,0)675057441(64,1)
(65,0)866632319(66,0)
(66,0)1150384557(67,0)
(67,0)847952764(68,0)
(68,0)979427510(69,0)
(68,0)68801364(68,1)
(70,0)168480580(71,0)
(70,0)973007263(70,1)
(71,0)744920583(72,0)
(71,0)828672302(71,1)
(73,0)528186318(74,0)
(73,0)559179539(73,1)
(74,0)952840689(75,0)
(74,0)866265706(74,1)
(76,0)1497340899(76,1)
(77,0)1975717398(78,0)
(78,0)929796915(79,0)
(79,0)605912945(80,0)
(80,0)74490937(80,1)
(81,0)1472545265(81,1)
(82,0)1(83,0)
(82,0)1(82,1)
(83,0)1(84,0)
(83,0)687888353(83,1)
(84,0)1(85,0)
(84,0)72823722(84,1)
(85,0)1045830985(86,0)
(85,0)1(85,1)
(86,0)317221693(86,1)
(87,0)51622998(88,0)
(88,0)202447459(89,0)
(89,0)579809316(89,1)
(90,0)1(91,0)
(90,0)1(90,1)
(91,0)1(92,0)
(92,0)1(92,1)
(93,0)163906578(94,0)
(93,0)333379150(93,1)
(94,0)66806730(94,1)
(95,0)141297668(96,0)
(95,0)769819523(95,1)
(96,0)94881140(97,0)
(98,0)669121610(99,0)
(98,0)1335761000(98,1)
(99,0)764953784(99,1)
(0,1)817862723(1,1)
(1,1)306932059(2,1)
(2,1)455857078(3,1)
(2,1)1135084417(2,2)
(3,1)1186707415(4,1)
(4,1)152647438(5,1)
(5,1)1305348240(6,1)
(7,1)579000867(7,2)
(8,1)196120067(8,2)
(9,1)360026645(10,1)
(10,1)1110133210(11,1)
(11,1)1129846168(11,2)
(12,1)1224727309(13,1)
(14,1)574469947(15,1)
(14,1)413004661(14,2)
(15,1)1(15,2)
(17,1)379933440(18,1)
(20,1)1185673938(21,1)
(20,1)83885211(20,2)
(21,1)641788687(21,2)
(22,1)1148742931(22,2)
(23,1)1057418136(23,2)
(24,1)936800236(24,2)
(25,1)719617649(26,1)
(26,1)1(27,1)
(26,1)1(26,2)
(27,1)643732729(27,2)
(28,1)1(29,1)
(29,1)1(30,1)
(30,1)1(30,2)
(31,1)368400037(32,1)
(33,1)748333477(33,2)
(34,1)167490684(35,1)
(35,1)861014574(35,2)
(37,1)354423905(38,1)
(38,1)1(39,1)
(38,1)1(38,2)
(39,1)1(40,1)
(40,1)1(40,2)
(41,1)1(42,1)
(41,1)1(41,2)
(42,1)1(43,1)
(43,1)1(43,2)
(44,1)651376339(45,1)
(45,1)253924569(46,1)
(46,1)558898966(46,2)
(47,1)622324606(47,2)
(50,1)211382033(51,1)
(51,1)1(52,1)
(51,1)1(51,2)
(52,1)1(53,1)
(53,1)1(54,1)
(54,1)650056904(55,1)
(54,1)1(54,2)
(55,1)1629383733(56,1)
(57,1)706861181(57,2)
(58,1)322056114(58,2)
(60,1)339135516(60,2)
(62,1)1(63,1)
(62,1)1(62,2)
(63,1)1(64,1)
(64,1)1(65,1)
(65,1)1(66,1)
(66,1)383828222(67,1)
(66,1)1(66,2)
(68,1)784601792(69,1)
(68,1)657772763(68,2)
(69,1)142573416(69,2)
(71,1)1193924850(72,1)
(71,1)563139673(71,2)
(73,1)749652419(73,2)
(75,1)1166059397(75,2)
(76,1)872413635(77,1)
(76,1)868963405(76,2)
(77,1)1461653528(78,1)
(77,1)47446382(77,2)
(78,1)918757844(79,1)
(78,1)1201092479(78,2)
(79,1)752945759(80,1)
(80,1)679039440(81,1)
(80,1)1140436765(80,2)
(82,1)1(82,2)
(84,1)166414095(84,2)
(85,1)1(85,2)
(87,1)1(88,1)
(87,1)1(87,2)
(88,1)1(88,2)
(89,1)1(90,1)
(89,1)1(89,2)
(91,1)447225176(91,2)
(92,1)494671559(93,1)
(92,1)1(92,2)
(94,1)776204887(95,1)
(95,1)406382520(96,1)
(97,1)370628341(98,1)
(98,1)1099183856(98,2)
(0,2)974006997(1,2)
(0,2)1265597951(0,3)
(1,2)719187094(2,2)
(1,2)598181483(1,3)
(2,2)193167072(2,3)
(3,2)803900763(4,2)
(4,2)616383852(5,2)
(4,2)8287118(4,3)
(5,2)1306100395(6,2)
(6,2)176236055(7,2)
(8,2)100513482(9,2)
(8,2)244105211(8,3)
(9,2)1513066846(10,2)
(11,2)1387490592(11,3)
(12,2)957378498(13,2)
(12,2)1247989728(12,3)
(15,2)1(16,2)
(15,2)1562403187(15,3)
(16,2)1(17,2)
(17,2)1(18,2)
(18,2)1(19,2)
(19,2)1(19,3)
(21,2)995722409(21,3)
(22,2)601564333(23,2)
(23,2)88124597(24,2)
(24,2)1(25,2)
(24,2)1(24,3)
(25,2)1(26,2)
(27,2)1236531771(28,2)
(29,2)707666192(29,3)
(30,2)1(31,2)
(30,2)457512421(30,3)
(31,2)1(32,2)
(31,2)734848603(31,3)
(32,2)1(32,3)
(33,2)325516710(33,3)
(34,2)1160003154(35,2)
(35,2)1176291297(36,2)
(36,2)1(37,2)
(36,2)1(36,3)
(37,2)1(38,2)
(37,2)490676537(37,3)
(38,2)1669932663(39,2)
(38,2)1103930407(38,3)
(39,2)759930468(39,3)
(40,2)1(41,2)
(42,2)1054836653(42,3)
(43,2)705929891(44,2)
(43,2)1(43,3)
(45,2)266101836(45,3)
(46,2)1000950439(47,2)
(48,2)1(49,2)
(48,2)1(48,3)
(49,2)1(50,2)
(50,2)1(51,2)
(50,2)1253020917(50,3)
(52,2)448489585(53,2)
(53,2)1(54,2)
(53,2)1(53,3)
(55,2)350260873(55,3)
(56,2)77322502(57,2)
(57,2)486051363(58,2)
(58,2)339291426(59,2)
(59,2)808304192(60,2)
(61,2)280874215(61,3)
(62,2)48375268(63,2)
(62,2)1(62,3)
(64,2)956935487(65,2)
(64,2)141393031(64,3)
(65,2)575250781(65,3)
(66,2)533063829(67,2)
(66,2)1(66,3)
(68,2)981553414(68,3)
(69,2)1(70,2)
(69,2)1(69,3)
(70,2)1(71,2)
(70,2)1150443774(70,3)
(71,2)1(72,2)
(71,2)641676271(71,3)
(72,2)1(73,2)
(72,2)749500869(72,3)
(73,2)1(74,2)
(74,2)112207455(75,2)
(74,2)1(74,3)
(75,2)219733094(76,2)
(78,2)1066753617(79,2)
(81,2)921140819(81,3)
(82,2)101394874(83,2)
(82,2)1(82,3)
(85,2)1(85,3)
(86,2)1(87,2)
(86,2)1(86,3)
(88,2)1(89,2)
(88,2)954803053(88,3)
(90,2)743706852(91,2)
(90,2)651314470(90,3)
(91,2)74121369(92,2)
(92,2)1240090082(93,2)
(92,2)1(92,3)
(94,2)1(95,2)
(94,2)1(94,3)
(95,2)35565507(96,2)
(95,2)1(95,3)
(97,2)1781333682(98,2)
(98,2)15261827(98,3)
(99,2)1104320222(99,3)
(1,3)1379798776(1,4)
(2,3)149469954(3,3)
(3,3)1208804173(4,3)
(3,3)410659876(3,4)
(4,3)949766891(5,3)
(5,3)288532067(6,3)
(5,3)748943022(5,4)
(6,3)1492649874(7,3)
(8,3)932614302(9,3)
(9,3)1039314562(10,3)
(10,3)672761196(11,3)
(11,3)1127539860(12,3)
(11,3)32040696(11,4)
(13,3)1081686128(13,4)
(14,3)584594352(15,3)
(15,3)555864712(15,4)
(16,3)1935663488(17,3)
(17,3)802472568(17,4)
(18,3)1213132444(19,3)
(19,3)1(20,3)
(20,3)1(20,4)
(21,3)1330454870(21,4)
(22,3)1(23,3)
(22,3)1(22,4)
(23,3)1(24,3)
(23,3)1144216130(23,4)
(24,3)480413363(25,3)
(25,3)900084097(26,3)
(26,3)1153174559(26,4)
(27,3)970869015(28,3)
(28,3)961826438(29,3)
(29,3)422413505(29,4)
(31,3)1445014826(31,4)
(32,3)1(33,3)
(32,3)766458058(32,4)
(33,3)1(34,3)
(34,3)1(35,3)
(35,3)1(36,3)
(36,3)69426(36,4)
(37,3)797565278(37,4)
(40,3)1276186446(41,3)
(40,3)274711124(40,4)
(41,3)512691161(41,4)
(42,3)392831470(43,3)
(42,3)803430642(42,4)
(43,3)1(44,3)
(43,3)251271051(43,4)
(44,3)1(45,3)
(45,3)1(46,3)
(46,3)1(47,3)
(47,3)1(48,3)
(47,3)110714217(47,4)
(48,3)1255922379(48,4)
(49,3)421574921(50,3)
(49,3)975045037(49,4)
(50,3)573592045(51,3)
(52,3)400208430(53,3)
(52,3)1502593923(52,4)
(53,3)1(53,4)
(54,3)1(55,3)
(54,3)1(54,4)
(55,3)1(56,3)
(55,3)919698307(55,4)
(56,3)1(57,3)
(57,3)1(58,3)
(58,3)1(59,3)
(59,3)1(60,3)
(59,3)677534276(59,4)
(60,3)1(61,3)
(60,3)674574960(60,4)
(61,3)1(62,3)
(62,3)1544356716(62,4)
(63,3)652795447(64,3)
(63,3)449991271(63,4)
(65,3)896804626(66,3)
(65,3)1074370369(65,4)
(66,3)1(67,3)
(67,3)1(67,4)
(69,3)1(69,4)
(71,3)1740945457(71,4)
(72,3)717950353(72,4)
(73,3)395687644(74,3)
(74,3)1(75,3)
(75,3)1(76,3)
(76,3)1(76,4)
(77,3)1(78,3)
(77,3)1(77,4)
(78,3)1(79,3)
(78,3)815810264(78,4)
(79,3)1(79,4)
(80,3)1899651250(81,3)
(81,3)804296606(81,4)
(82,3)1(82,4)
(83,3)1130027877(83,4)
(84,3)601158638(84,4)
(85,3)1(86,3)
(85,3)630647566(85,4)
(86,3)224109375(87,3)
(86,3)928934986(86,4)
(88,3)1714674184(88,4)
(89,3)1058645747(90,3)
(90,3)1865311855(90,4)
(91,3)493440572(92,3)
(92,3)1(92,4)
(93,3)1(94,3)
(93,3)1(93,4)
(95,3)1(95,4)
(96,3)1243374488(96,4)
(97,3)1(98,3)
(97,3)1(97,4)
(98,3)1(99,3)
(98,3)981203100(98,4)
(99,3)1(99,4)
(0,4)1582361738(1,4)
(1,4)102253234(2,4)
(4,4)1031188220(5,4)
(6,4)1515701364(7,4)
(7,4)530589912(8,4)
(8,4)1453422514(9,4)
(9,4)846355290(10,4)
(10,4)425679247(11,4)
(11,4)364584613(12,4)
(12,4)564183497(13,4)
(14,4)1441776884(15,4)
(15,4)1057624069(16,4)
(17,4)569086117(18,4)
(18,4)1723550074(19,4)
(19,4)901733996(20,4)
(20,4)1(21,4)
(21,4)1(22,4)
(23,4)44032887(24,4)
(24,4)163164153(25,4)
(26,4)1667851438(27,4)
(28,4)323426848(29,4)
(29,4)126730570(30,4)
(30,4)719711152(31,4)
(32,4)228983804(33,4)
(33,4)234350107(34,4)
(35,4)1260172024(36,4)
(37,4)1021210099(38,4)
(39,4)1426520951(40,4)
(41,4)68957536(42,4)
(43,4)284265238(44,4)
(45,4)1085398801(46,4)
(46,4)1341889307(47,4)
(49,4)917955733(50,4)
(50,4)415705065(51,4)
(53,4)1(54,4)
(55,4)909552(56,4)
(56,4)1625243030(57,4)
(57,4)1562872827(58,4)
(61,4)408856821(62,4)
(64,4)643206928(65,4)
(66,4)1031275577(67,4)
(67,4)1(68,4)
(68,4)1(69,4)
(69,4)674553866(70,4)
(72,4)743511402(73,4)
(74,4)90556981(75,4)
(75,4)413836716(76,4)
(76,4)1(77,4)
(79,4)1(80,4)
(80,4)1(81,4)
(81,4)1(82,4)
(83,4)40663772(84,4)
(84,4)479048486(85,4)
(86,4)41573324(87,4)
(88,4)1440247374(89,4)
(91,4)982367123(92,4)
(92,4)1(93,4)
(94,4)753470676(95,4)
(95,4)1(96,4)
(96,4)1(97,4)
