30 30
(0,0)1177220057(0,1)
(1,0)542653442(2,0)
(1,0)708351959(1,1)
(2,0)811084115(2,1)
(3,0)615503814(3,1)
(4,0)757537093(5,0)
(4,0)270741611(4,1)
(5,0)309577175(5,1)
(6,0)152526327(7,0)
(7,0)183158772(8,0)
(8,0)1053250594(9,0)
(9,0)227783239(10,0)
(10,0)585373693(11,0)
(10,0)789163735(10,1)
(12,0)273044490(13,0)
(12,0)489461291(12,1)
(14,0)937134762(15,0)
(15,0)211600364(16,0)
(15,0)414325353(15,1)
(16,0)1122677312(17,0)
(17,0)754253806(17,1)
(18,0)591131690(18,1)
(19,0)861873301(20,0)
(19,0)989676093(19,1)
(21,0)1356415976(22,0)
(21,0)66744796(21,1)
(23,0)768063491(24,0)
(24,0)269368643(24,1)
(25,0)1058532378(26,0)
(25,0)995846731(25,1)
(26,0)264012068(27,0)
(27,0)386739209(28,0)
(27,0)222087736(27,1)
(28,0)1509358269(29,0)
(28,0)537056558(28,1)
(0,1)299009383(1,1)
(2,1)1089491344(3,1)
(3,1)716165331(4,1)
(3,1)537291035(3,2)
(5,1)395012687(6,1)
(6,1)857611045(7,1)
(7,1)1095792050(8,1)
(7,1)461757483(7,2)
(8,1)161906993(8,2)
(9,1)929970484(10,1)
(9,1)487883151(9,2)
(11,1)1005776553(12,1)
(12,1)42345636(13,1)
(13,1)83804503(14,1)
(14,1)589738910(15,1)
(14,1)579402194(14,2)
(15,1)150839059(16,1)
(16,1)888748294(16,2)
(18,1)471167323(19,1)
(18,1)692598556(18,2)
(19,1)225737942(20,1)
(19,1)633217101(19,2)
(20,1)191574878(21,1)
(20,1)230732331(20,2)
(22,1)1082508112(23,1)
(22,1)1049185923(22,2)
(23,1)1211092916(24,1)
(23,1)1065900454(23,2)
(24,1)760383644(24,2)
(25,1)707627819(26,1)
(28,1)793785013(29,1)
(29,1)1134440777(29,2)
(0,2)393661150(0,3)
(1,2)544500210(2,2)
(1,2)770733958(1,3)
(2,2)373841171(3,2)
(2,2)124788570(2,3)
(3,2)41840340(4,2)
(3,2)478376498(3,3)
(5,2)675057441(5,3)
(6,2)866632319(7,2)
(8,2)847952764(9,2)
(9,2)979427510(10,2)
(9,2)68801364(9,3)
(11,2)168480580(12,2)
(12,2)744920583(13,2)
(12,2)828672302(12,3)
(14,2)528186318(15,2)
(14,2)559179539(14,3)
(15,2)866265706(15,3)
(17,2)1497340899(17,3)
(20,2)605912945(21,2)
(21,2)74490937(21,3)
(23,2)960954634(23,3)
(24,2)1029755998(25,2)
(24,2)687888353(24,3)
(25,2)148741113(26,2)
(25,2)72823722(25,3)
(26,2)1045830985(27,2)
(26,2)504857320(26,3)
(27,2)1333529622(28,2)
(27,2)317221693(27,3)
(28,2)51622998(29,2)
(29,2)1065354551(29,3)
(0,3)579809316(1,3)
(0,3)202447459(0,4)
(2,3)344035910(2,4)
(3,3)233051074(4,3)
(3,3)505145400(3,4)
(4,3)333379150(5,3)
(5,3)66806730(6,3)
(5,3)163906578(5,4)
(6,3)769819523(7,3)
(7,3)141297668(7,4)
(8,3)94881140(8,4)
(10,3)764953784(11,3)
(10,3)669121610(10,4)
(11,3)817862723(12,3)
(12,3)306932059(13,3)
(13,3)455857078(14,3)
(15,3)152647438(16,3)
(15,3)1521211630(15,4)
(16,3)1305348240(17,3)
(18,3)579000867(18,4)
(19,3)196120067(19,4)
(20,3)360026645(21,3)
(21,3)1110133210(22,3)
(22,3)1129846168(22,4)
(25,3)413004661(25,4)
(26,3)384527931(26,4)
(28,3)379933440(29,3)
(1,4)83885211(2,4)
(4,4)1057418136(5,4)
(5,4)936800236(6,4)
(7,4)19044187(8,4)
(7,4)719617649(7,5)
(8,4)643732729(9,4)
(8,4)687252163(8,5)
(10,4)549081067(10,5)
(11,4)1123551014(12,4)
(11,4)177500485(11,5)
(13,4)368400037(13,5)
(14,4)748333477(15,4)
(16,4)861014574(17,4)
(16,4)167490684(16,5)
(18,4)1239587796(19,4)
(19,4)576109168(20,4)
(19,4)354423905(19,5)
(20,4)149522284(20,5)
(21,4)1205916908(22,4)
(22,4)85043406(23,4)
(23,4)1224961095(23,5)
(24,4)1128381644(25,4)
(24,4)728776135(24,5)
(26,4)651376339(26,5)
(27,4)558898966(28,4)
(27,4)253924569(27,5)
(28,4)622324606(29,4)
(0,5)1370658084(1,5)
(1,5)1334073394(2,5)
(2,5)211382033(3,5)
(3,5)743829743(4,5)
(3,5)1181840393(3,6)
(4,5)273944541(5,5)
(5,5)142810815(6,5)
(5,5)1098253648(5,6)
(6,5)650056904(7,5)
(6,5)423466825(6,6)
(9,5)706861181(9,6)
(10,5)322056114(10,6)
(11,5)1264168455(11,6)
(12,5)1002626179(13,5)
(12,5)339135516(12,6)
(13,5)898034482(14,5)
(14,5)328678844(15,5)
(14,5)592690123(14,6)
(15,5)15398082(16,5)
(16,5)221678920(17,5)
(17,5)1090002048(18,5)
(18,5)383828222(19,5)
(18,5)433060953(18,6)
(20,5)784601792(21,5)
(20,5)657772763(20,6)
(21,5)1081239588(22,5)
(21,5)142573416(21,6)
(23,5)563139673(23,6)
(25,5)749652419(25,6)
(26,5)957760031(26,6)
(27,5)1296895548(28,5)
(27,5)1166059397(27,6)
(28,5)868963405(28,6)
(29,5)47446382(29,6)
(0,6)1201092479(1,6)
(1,6)918757844(1,7)
(2,6)1140436765(3,6)
(2,6)752945759(2,7)
(3,6)679039440(3,7)
(4,6)1062867662(5,6)
(6,6)166414095(7,6)
(7,6)654396365(8,6)
(9,6)647513993(10,6)
(10,6)340053245(11,6)
(10,6)610733690(10,7)
(11,6)176879771(12,6)
(12,6)1297813276(12,7)
(13,6)447225176(14,6)
(13,6)1342939169(13,7)
(14,6)67869156(15,6)
(15,6)494671559(15,7)
(16,6)1268961635(16,7)
(17,6)776204887(17,7)
(18,6)1455244327(19,6)
(18,6)406382520(18,7)
(20,6)370628341(20,7)
(22,6)974006997(23,6)
(23,6)719187094(24,6)
(23,6)598181483(23,7)
(24,6)193167072(24,7)
(25,6)803900763(26,6)
(26,6)616383852(27,6)
(26,6)8287118(26,7)
(27,6)980780534(27,7)
(28,6)176236055(29,6)
(0,7)244105211(1,7)
(1,7)1164024162(2,7)
(1,7)100513482(1,8)
(4,7)1247989728(5,7)
(5,7)957378498(5,8)
(6,7)1618618069(6,8)
(7,7)1010895259(7,8)
(8,7)1174676658(8,8)
(9,7)13101022(9,8)
(10,7)30585681(10,8)
(11,7)834486444(12,7)
(11,7)1113081192(11,8)
(13,7)995722409(14,7)
(15,7)601564333(15,8)
(16,7)88124597(16,8)
(17,7)195796641(17,8)
(18,7)68537053(18,8)
(19,7)841198388(19,8)
(21,7)707666192(22,7)
(22,7)457512421(23,7)
(23,7)122585732(23,8)
(24,7)135686754(25,7)
(24,7)294931029(24,8)
(25,7)325516710(26,7)
(25,7)481228707(25,8)
(27,7)1160003154(27,8)
(28,7)827786485(29,7)
(29,7)502366074(29,8)
(0,8)671805871(1,8)
(0,8)490676537(0,9)
(1,8)1103930407(1,9)
(2,8)1806008223(3,8)
(2,8)759930468(2,9)
(3,8)213638264(4,8)
(5,8)1054836653(5,9)
(6,8)705929891(7,8)
(6,8)943319470(6,9)
(8,8)266101836(8,9)
(9,8)1000950439(10,8)
(11,8)93017763(12,8)
(11,8)1482179147(11,9)
(12,8)929005399(13,8)
(13,8)1232923464(14,8)
(13,8)1253020917(13,9)
(15,8)448489585(16,8)
(16,8)691736298(17,8)
(16,8)605129625(16,9)
(18,8)350260873(18,9)
(19,8)77322502(20,8)
(20,8)486051363(21,8)
(21,8)339291426(22,8)
(22,8)808304192(23,8)
(24,8)280874215(24,9)
(25,8)48375268(26,8)
(25,8)311549883(25,9)
(27,8)141393031(27,9)
(28,8)575250781(28,9)
(29,8)42375304(29,9)
(0,9)533063829(0,10)
(1,9)981553414(2,9)
(1,9)1777664843(1,10)
(2,9)321917493(3,9)
(3,9)1150443774(4,9)
(3,9)952492014(3,10)
(4,9)641676271(5,9)
(4,9)672178367(4,10)
(5,9)749500869(6,9)
(5,9)581658485(5,10)
(6,9)37648227(6,10)
(7,9)376939653(8,9)
(7,9)395263811(7,10)
(8,9)112207455(8,10)
(9,9)219733094(9,10)
(10,9)1484442219(10,10)
(12,9)1066753617(12,10)
(14,9)921140819(15,9)
(15,9)488916774(16,9)
(16,9)101394874(16,10)
(17,9)1470470188(17,10)
(18,9)275478554(19,9)
(19,9)542857816(20,9)
(19,9)1037222329(19,10)
(20,9)917154826(20,10)
(21,9)954803053(22,9)
(22,9)539107014(22,10)
(23,9)651314470(24,9)
(24,9)743706852(24,10)
(25,9)80665424(26,9)
(25,9)74121369(25,10)
(27,9)159360051(28,9)
(28,9)1140209782(29,9)
(29,9)35565507(29,10)
(0,10)1292416908(0,11)
(2,10)15261827(2,11)
(3,10)1104320222(3,11)
(5,10)939262710(5,11)
(6,10)410659876(7,10)
(6,10)149469954(6,11)
(9,10)288532067(9,11)
(10,10)1492649874(10,11)
(11,10)1573315298(12,10)
(12,10)932614302(12,11)
(13,10)1091974353(14,10)
(13,10)1039314562(13,11)
(14,10)32040696(15,10)
(14,10)672761196(14,11)
(15,10)1127539860(15,11)
(16,10)1081686128(17,10)
(18,10)555864712(19,10)
(18,10)584594352(18,11)
(20,10)802472568(21,10)
(22,10)1083431686(23,10)
(23,10)15415687(24,10)
(23,10)1041922803(23,11)
(26,10)1022979090(26,11)
(27,10)603372585(27,11)
(28,10)480413363(28,11)
(29,10)900084097(29,11)
(0,11)1153174559(0,12)
(1,11)970869015(2,11)
(2,11)961826438(3,11)
(3,11)422413505(3,12)
(4,11)978278217(5,11)
(6,11)100003746(7,11)
(6,11)766458058(6,12)
(7,11)704107853(8,11)
(8,11)315178366(9,11)
(10,11)929001878(11,11)
(10,11)69426(10,12)
(11,11)1177610361(12,11)
(11,11)797565278(11,12)
(14,11)274711124(14,12)
(15,11)512691161(15,12)
(16,11)392831470(17,11)
(17,11)276582486(18,11)
(17,11)251271051(17,12)
(18,11)673684557(19,11)
(19,11)753595050(20,11)
(20,11)1155918633(21,11)
(21,11)270937184(22,11)
(21,11)110714217(21,12)
(23,11)421574921(24,11)
(23,11)975045037(23,12)
(24,11)573592045(25,11)
(26,11)400208430(27,11)
(27,11)835319050(27,12)
(28,11)468818349(29,11)
(28,11)194506191(28,12)
(0,12)469217315(0,13)
(1,12)1432389468(1,13)
(2,12)400951790(2,13)
(3,12)677534276(4,12)
(3,12)890403(3,13)
(4,12)674574960(5,12)
(4,12)1032395199(4,13)
(5,12)388438083(5,13)
(6,12)179054086(6,13)
(7,12)449991271(8,12)
(8,12)1239165363(9,12)
(8,12)652795447(8,13)
(9,12)1074370369(10,12)
(10,12)896804626(10,13)
(11,12)554513315(12,12)
(11,12)677013520(11,13)
(12,12)1077221950(13,12)
(12,12)1353738629(12,13)
(13,12)513346225(14,12)
(15,12)1433044532(15,13)
(16,12)717950353(17,12)
(16,12)1456171863(16,13)
(18,12)395687644(18,13)
(19,12)387174281(19,13)
(20,12)775612365(21,12)
(20,12)18546523(20,13)
(21,12)197600610(22,12)
(22,12)815810264(23,12)
(22,12)172485433(22,13)
(23,12)825280881(24,12)
(23,12)647591881(23,13)
(25,12)804296606(26,12)
(26,12)429181122(27,12)
(27,12)1130027877(28,12)
(28,12)601158638(29,12)
(28,12)1506403073(28,13)
(0,13)312325705(1,13)
(0,13)630647566(0,14)
(1,13)224109375(2,13)
(1,13)928934986(1,14)
(6,13)493440572(7,13)
(7,13)242277976(7,14)
(8,13)1058088241(9,13)
(8,13)665926005(8,14)
(10,13)965580221(10,14)
(11,13)1243374488(11,14)
(13,13)606362780(14,13)
(13,13)981203100(13,14)
(14,13)1031475036(14,14)
(15,13)102253234(15,14)
(16,13)1031188220(17,13)
(18,13)530589912(18,14)
(19,13)425679247(20,13)
(20,13)564183497(21,13)
(20,13)364584613(20,14)
(23,13)569086117(23,14)
(24,13)343987231(25,13)
(24,13)901733996(24,14)
(26,13)163164153(27,13)
(26,13)44032887(26,14)
(28,13)323426848(29,13)
(29,13)126730570(29,14)
(0,14)719711152(0,15)
(1,14)234350107(2,14)
(1,14)228983804(1,15)
(2,14)1260172024(3,14)
(3,14)1021210099(4,14)
(5,14)68957536(6,14)
(6,14)284265238(7,14)
(7,14)1085398801(8,14)
(9,14)917955733(10,14)
(10,14)415705065(10,15)
(11,14)135535634(12,14)
(12,14)909552(13,14)
(15,14)408856821(16,14)
(16,14)1706974817(16,15)
(17,14)1212483551(18,14)
(17,14)643206928(17,15)
(18,14)616305365(19,14)
(19,14)674553866(20,14)
(19,14)86210002(19,15)
(21,14)743511402(21,15)
(22,14)413836716(23,14)
(22,14)90556981(22,15)
(23,14)624363385(23,15)
(24,14)131364656(25,14)
(25,14)343512851(26,14)
(25,14)202918374(25,15)
(26,14)40663772(27,14)
(27,14)479048486(27,15)
(28,14)41573324(28,15)
(29,14)1440247374(29,15)
(1,15)139575814(2,15)
(1,15)982367123(1,16)
(2,15)753470676(3,15)
(3,15)529968819(4,15)
(3,15)782782742(3,16)
(5,15)311816471(6,15)
(5,15)616178822(5,16)
(6,15)422470565(7,15)
(8,15)513027547(8,16)
(9,15)1457758745(9,16)
(11,15)908561(11,16)
(12,15)41572334(13,15)
(13,15)72050065(13,16)
(14,15)28857934(15,15)
(14,15)83145658(14,16)
(15,15)741614832(15,16)
(18,15)736223207(19,15)
(18,15)329968983(18,16)
(20,15)250484942(21,15)
(21,15)279048060(21,16)
(22,15)672955508(22,16)
(23,15)1185983055(24,15)
(24,15)656056875(24,16)
(25,15)983973242(25,16)
(26,15)984881804(27,15)
(26,15)867568651(26,16)
(27,15)291561562(28,15)
(29,15)1740412668(29,16)
(0,16)1109599796(0,17)
(1,16)923464448(2,16)
(1,16)334543852(1,17)
(3,16)638128164(4,16)
(4,16)241011142(4,17)
(5,16)208242730(6,16)
(5,16)272434285(5,17)
(6,16)522919227(7,16)
(7,16)735730581(8,16)
(7,16)487290790(7,17)
(8,16)1195874735(8,17)
(9,16)234374142(10,16)
(9,16)703900734(9,17)
(10,16)330239951(10,17)
(11,16)235785555(12,16)
(12,16)55745541(13,16)
(12,16)849914635(12,17)
(15,16)44315827(16,16)
(15,16)734405217(15,17)
(17,16)438176032(18,16)
(17,16)967780275(17,17)
(18,16)979991228(18,17)
(19,16)1221002370(20,16)
(19,16)1076304197(19,17)
(21,16)763801801(22,16)
(23,16)920048797(24,16)
(24,16)55949468(25,16)
(26,16)38295452(26,17)
(27,16)9260825(27,17)
(28,16)281032217(28,17)
(0,17)1196007198(1,17)
(1,17)616607853(1,18)
(2,17)100392367(2,18)
(3,17)538568399(4,17)
(3,17)227844351(3,18)
(4,17)518064502(4,18)
(6,17)816127430(7,17)
(7,17)1020828325(7,18)
(8,17)789880568(9,17)
(8,17)540301492(8,18)
(10,17)233115887(10,18)
(11,17)6591157(12,17)
(11,17)467289580(11,18)
(13,17)186197451(14,17)
(13,17)15851983(13,18)
(14,17)973608474(14,18)
(15,17)189356723(16,17)
(15,17)68400087(15,18)
(16,17)685007941(17,17)
(18,17)223081215(18,18)
(19,17)741145718(20,17)
(20,17)1061802459(21,17)
(21,17)837686597(22,17)
(21,17)332728942(21,18)
(23,17)270747734(24,17)
(23,17)689380305(23,18)
(25,17)229070074(26,17)
(26,17)50903955(27,17)
(27,17)598285670(28,17)
(27,17)235661232(27,18)
(28,17)251513215(29,17)
(28,17)743480212(28,18)
(29,17)784483121(29,18)
(0,18)10958761(1,18)
(1,18)852883209(1,19)
(2,18)966411506(2,19)
(4,18)1033131359(5,18)
(5,18)354634435(6,18)
(5,18)1469186480(5,19)
(6,18)383505292(7,18)
(6,18)635442402(6,19)
(8,18)113951534(8,19)
(9,18)384699268(10,18)
(9,18)15025657(9,19)
(11,18)118461259(12,18)
(12,18)19217598(13,18)
(12,18)1208446712(12,19)
(13,18)354122491(13,19)
(14,18)605635706(15,18)
(15,18)332302850(16,18)
(15,18)443731856(15,19)
(16,18)616594468(16,19)
(17,18)91264612(17,19)
(18,18)687022567(18,19)
(19,18)300511285(20,18)
(20,18)332778532(20,19)
(21,18)968220935(22,18)
(21,18)655145720(21,19)
(23,18)1276938602(24,18)
(23,18)293866287(23,19)
(24,18)308891944(25,18)
(24,18)1235946096(24,19)
(25,18)1125337281(26,18)
(26,18)217040350(26,19)
(29,18)1084735797(29,19)
(0,19)56073090(1,19)
(0,19)264383274(0,20)
(1,19)596686124(2,19)
(2,19)677599071(3,19)
(2,19)672667558(2,20)
(3,19)108189884(4,19)
(6,19)197966956(7,19)
(6,19)320376442(6,20)
(7,19)172794996(7,20)
(8,19)1360954024(8,20)
(9,19)490408978(10,19)
(10,19)603766543(10,20)
(11,19)4563200(11,20)
(13,19)825418716(13,20)
(14,19)275856100(15,19)
(15,19)323651522(15,20)
(16,19)331929191(16,20)
(17,19)1004596749(18,19)
(18,19)537736664(19,19)
(18,19)382234600(18,20)
(20,19)531271814(21,19)
(20,19)525334573(20,20)
(21,19)845711015(22,19)
(22,19)729238770(22,20)
(24,19)805120958(24,20)
(25,19)433118124(25,20)
(26,19)437681324(27,19)
(27,19)1274072679(28,19)
(27,19)990507677(27,20)
(29,19)512988404(29,20)
(1,20)314012368(2,20)
(1,20)836639927(1,21)
(2,20)276228037(2,21)
(3,20)163798296(3,21)
(4,20)701534960(5,20)
(5,20)522882646(6,20)
(5,20)246127773(5,21)
(8,20)1077205025(9,20)
(11,20)1143729837(12,20)
(12,20)172663303(13,20)
(12,20)646886775(12,21)
(14,20)97375692(14,21)
(15,20)286464211(15,21)
(16,20)1123104138(17,20)
(19,20)440406001(20,20)
(20,20)190150234(20,21)
(21,20)963288647(21,21)
(22,20)603193161(23,20)
(22,20)32591995(22,21)
(25,20)1(25,21)
(26,20)576076186(27,20)
(26,20)587764720(26,21)
(27,20)411486710(27,21)
(28,20)398240577(29,20)
(28,20)748739489(28,21)
(0,21)53437189(1,21)
(0,21)846115181(0,22)
(2,21)270212002(3,21)
(4,21)817835691(5,21)
(5,21)227513949(6,21)
(5,21)685204428(5,22)
(7,21)277522044(8,21)
(7,21)1190802596(7,22)
(9,21)1512219185(10,21)
(10,21)726193379(11,21)
(11,21)594667169(12,21)
(11,21)205829744(11,22)
(12,21)781905931(13,21)
(13,21)401125946(14,21)
(15,21)229276954(16,21)
(16,21)556361112(17,21)
(17,21)86196745(17,22)
(18,21)826573114(18,22)
(19,21)613681062(20,21)
(19,21)639420439(19,22)
(20,21)85769205(20,22)
(21,21)841195011(21,22)
(23,21)1238010537(24,21)
(24,21)843432239(25,21)
(25,21)857936365(26,21)
(25,21)1(25,22)
(27,21)736100069(28,21)
(28,21)311273765(29,21)
(29,21)1137226015(29,22)
(0,22)973643522(0,23)
(1,22)1202920476(2,22)
(1,22)398995615(1,23)
(2,22)955356727(3,22)
(2,22)1026016220(2,23)
(4,22)557050735(5,22)
(5,22)248127256(6,22)
(5,22)628717306(5,23)
(7,22)1089322267(7,23)
(8,22)973836227(9,22)
(9,22)161407120(10,22)
(9,22)960368597(9,23)
(10,22)504862297(10,23)
(11,22)764153195(11,23)
(12,22)1225942807(12,23)
(13,22)667918548(13,23)
(14,22)979192313(15,22)
(15,22)951785244(15,23)
(16,22)1350780859(17,22)
(16,22)547376887(16,23)
(17,22)1044807467(17,23)
(18,22)186441040(19,22)
(18,22)158653938(18,23)
(20,22)43923632(21,22)
(20,22)743491776(20,23)
(21,22)41227387(21,23)
(22,22)1130549655(23,22)
(23,22)920662389(24,22)
(23,22)975403139(23,23)
(25,22)461764531(26,22)
(25,22)1(25,23)
(27,22)670548083(28,22)
(28,22)344998093(29,22)
(28,22)1271468070(28,23)
(29,22)485107312(29,23)
(0,23)139711538(0,24)
(2,23)640189767(3,23)
(3,23)1026405996(3,24)
(4,23)798843705(4,24)
(5,23)591943836(6,23)
(5,23)712683080(5,24)
(6,23)756606712(7,23)
(7,23)633171224(7,24)
(8,23)606388870(8,24)
(9,23)23086372(9,24)
(11,23)34903997(12,23)
(11,23)461637120(11,24)
(12,23)160376177(13,23)
(14,23)56981636(15,23)
(15,23)411635132(15,24)
(17,23)1105255689(18,23)
(18,23)432076663(19,23)
(18,23)341233807(18,24)
(19,23)255248795(19,24)
(22,23)217708924(23,23)
(23,23)1(24,23)
(23,23)1(23,24)
(24,23)1(25,23)
(26,23)24648541(27,23)
(26,23)335922929(26,24)
(28,23)185024718(28,24)
(1,24)1040941103(2,24)
(2,24)592126839(2,25)
(3,24)446611770(3,25)
(4,24)878688433(5,24)
(6,24)376128485(6,25)
(7,24)696958677(7,25)
(8,24)350134491(8,25)
(9,24)533578301(10,24)
(9,24)183885798(9,25)
(11,24)155699378(12,24)
(11,24)96589721(11,25)
(12,24)121238262(13,24)
(12,24)1044357196(12,25)
(13,24)636259861(14,24)
(14,24)899145804(15,24)
(14,24)306262980(14,25)
(15,24)154690347(15,25)
(16,24)84755964(17,24)
(16,24)110100601(16,25)
(19,24)252126321(19,25)
(20,24)57273998(21,24)
(21,24)370534442(22,24)
(21,24)800630063(21,25)
(22,24)830353550(22,25)
(23,24)1(24,24)
(23,24)52958143(23,25)
(24,24)1(25,24)
(24,24)264772693(24,25)
(25,24)1(26,24)
(26,24)1(26,25)
(27,24)1169085828(27,25)
(28,24)766774824(29,24)
(29,24)478411618(29,25)
(0,25)90673659(0,26)
(1,25)633101965(1,26)
(2,25)717857929(3,25)
(3,25)330765022(4,25)
(3,25)682911358(3,26)
(4,25)433723551(4,26)
(5,25)121932638(6,25)
(5,25)582891344(5,26)
(6,25)640165342(7,25)
(7,25)163569282(8,25)
(8,25)272667793(9,25)
(9,25)503523285(10,25)
(9,25)216527426(9,26)
(10,25)453371367(11,25)
(11,25)70105980(11,26)
(13,25)572429117(13,26)
(16,25)204831267(17,25)
(16,25)857640923(16,26)
(17,25)486178505(18,25)
(18,25)157596049(19,25)
(19,25)1356412748(20,25)
(19,25)816943527(19,26)
(22,25)253424439(23,25)
(24,25)129356480(25,25)
(24,25)526092232(24,26)
(26,25)1(26,26)
(27,25)466876008(27,26)
(28,25)1039305125(29,25)
(29,25)1074695108(29,26)
(0,26)231025419(1,26)
(0,26)1187632193(0,27)
(1,26)795994927(2,26)
(1,26)646424410(1,27)
(2,26)851255678(3,26)
(3,26)270679617(3,27)
(4,26)428275666(5,26)
(5,26)982873975(6,26)
(5,26)244304727(5,27)
(6,26)384500598(6,27)
(7,26)133760369(8,26)
(7,26)313735714(7,27)
(8,26)567160153(9,26)
(9,26)46589423(9,27)
(10,26)175945903(11,26)
(10,26)1093252386(10,27)
(11,26)9301457(12,26)
(11,26)471283068(11,27)
(12,26)260464143(13,26)
(13,26)592567526(14,26)
(13,26)476177465(13,27)
(15,26)970555808(16,26)
(16,26)166203397(17,26)
(17,26)687690704(18,26)
(19,26)643920302(20,26)
(19,26)115051904(19,27)
(20,26)359356631(21,26)
(20,26)318022371(20,27)
(21,26)702522969(22,26)
(23,26)836283338(23,27)
(24,26)882872762(25,26)
(24,26)360206497(24,27)
(26,26)468676139(27,26)
(26,26)1(26,27)
(28,26)729140283(28,27)
(29,26)262576295(29,27)
(0,27)512063897(0,28)
(2,27)905961109(2,28)
(4,27)991433497(5,27)
(4,27)966017753(4,28)
(8,27)882295028(9,27)
(9,27)700778527(9,28)
(11,27)548476760(12,27)
(12,27)494986307(12,28)
(13,27)164995075(14,27)
(14,27)216983873(14,28)
(15,27)729047771(16,27)
(15,27)427571370(15,28)
(16,27)209926652(17,27)
(17,27)64183828(17,28)
(18,27)158485330(18,28)
(20,27)875493702(21,27)
(20,27)9820470(20,28)
(21,27)586957491(21,28)
(22,27)796070403(22,28)
(23,27)572659686(24,27)
(24,27)411017557(24,28)
(25,27)1653519082(26,27)
(26,27)1(27,27)
(26,27)1320717696(26,28)
(27,27)1(27,28)
(28,27)248928755(28,28)
(0,28)465912629(0,29)
(1,28)260786801(1,29)
(2,28)470713453(3,28)
(2,28)535617614(2,29)
(3,28)256239432(4,28)
(4,28)277531201(5,28)
(4,28)629198783(4,29)
(6,28)298523119(7,28)
(6,28)287351671(6,29)
(7,28)193175711(7,29)
(8,28)1094593523(8,29)
(9,28)642915888(9,29)
(10,28)379982295(11,28)
(10,28)132915796(10,29)
(13,28)1368920346(14,28)
(14,28)124217547(14,29)
(15,28)590130176(16,28)
(15,28)1202135776(15,29)
(18,28)896751157(19,28)
(19,28)415351166(20,28)
(20,28)1174282358(20,29)
(21,28)21569385(21,29)
(22,28)214745096(23,28)
(23,28)793205436(24,28)
(23,28)920778391(23,29)
(25,28)69559132(26,28)
(25,28)312974997(25,29)
(27,28)1(28,28)
(28,28)1(28,29)
(29,28)718329616(29,29)
(1,29)1161186511(2,29)
(3,29)16815140(4,29)
(4,29)346388841(5,29)
(7,29)67208786(8,29)
(8,29)1022056704(9,29)
(9,29)551173226(10,29)
(10,29)44268163(11,29)
(11,29)1437407870(12,29)
(13,29)1591840605(14,29)
(14,29)1458977256(15,29)
(15,29)1039605966(16,29)
(16,29)1290452518(17,29)
(17,29)1673722352(18,29)
(18,29)1960384358(19,29)
(22,29)249149304(23,29)
(24,29)1172787917(25,29)
(26,29)1388435184(27,29)
(27,29)522197187(28,29)
(28,29)1(29,29)
