17 30
(0,0)2087126626(1,0)
(0,0)1177220057(0,1)
(1,0)542653442(2,0)
(1,0)708351959(1,1)
(2,0)1615938025(3,0)
(2,0)811084115(2,1)
(3,0)1449297885(4,0)
(3,0)615503814(3,1)
(4,0)757537093(5,0)
(4,0)270741611(4,1)
(5,0)1352355143(6,0)
(5,0)309577175(5,1)
(6,0)152526327(7,0)
(6,0)1376604910(6,1)
(7,0)183158772(8,0)
(7,0)1296856901(7,1)
(8,0)1053250594(9,0)
(8,0)1463767543(8,1)
(9,0)227783239(10,0)
(9,0)2067296771(9,1)
(10,0)585373693(11,0)
(10,0)789163735(10,1)
(11,0)1311039006(12,0)
(11,0)1415648985(11,1)
(12,0)273044490(13,0)
(12,0)489461291(12,1)
(13,0)1313233116(14,0)
(13,0)1287270533(13,1)
(14,0)937134762(15,0)
(14,0)1181863954(14,1)
(15,0)211600364(16,0)
(15,0)414325353(15,1)
(16,0)876777740(16,1)
(0,1)754253806(1,1)
(0,1)1122677312(0,2)
(1,1)591131690(2,1)
(1,1)1687861855(1,2)
(2,1)989676093(3,1)
(2,1)1369757620(2,2)
(3,1)2127294714(4,1)
(3,1)861873301(3,2)
(4,1)66744796(5,1)
(4,1)1299253268(4,2)
(5,1)1451779596(6,1)
(5,1)1356415976(5,2)
(6,1)1539574749(7,1)
(6,1)1363601697(6,2)
(7,1)269368643(8,1)
(7,1)768063491(7,2)
(8,1)995846731(9,1)
(8,1)1459387872(8,2)
(9,1)2044761566(10,1)
(9,1)1058532378(9,2)
(10,1)222087736(11,1)
(10,1)264012068(10,2)
(11,1)537056558(12,1)
(11,1)386739209(11,2)
(12,1)1699972326(13,1)
(12,1)1509358269(12,2)
(13,1)299009383(14,1)
(13,1)1718920513(13,2)
(14,1)1930520877(15,1)
(14,1)2114297679(14,2)
(15,1)1089491344(16,1)
(15,1)1175787124(15,2)
(16,1)537291035(16,2)
(0,2)1680623034(1,2)
(0,2)716165331(0,3)
(1,2)1705841424(2,2)
(1,2)1907048655(1,3)
(2,2)1886859721(3,2)
(2,2)395012687(2,3)
(3,2)461757483(4,2)
(3,2)857611045(3,3)
(4,2)161906993(5,2)
(4,2)1095792050(4,3)
(5,2)487883151(6,2)
(5,2)1825359180(5,3)
(6,2)2094727823(7,2)
(6,2)929970484(6,3)
(7,2)1925817215(8,2)
(7,2)1947271023(7,3)
(8,2)1844548941(9,2)
(8,2)1005776553(8,3)
(9,2)1227864289(10,2)
(9,2)42345636(9,3)
(10,2)579402194(11,2)
(10,2)83804503(10,3)
(11,2)1783776829(12,2)
(11,2)589738910(11,3)
(12,2)888748294(13,2)
(12,2)150839059(12,3)
(13,2)2081359936(14,2)
(13,2)1750590860(13,3)
(14,2)692598556(15,2)
(14,2)2064535418(14,3)
(15,2)633217101(16,2)
(15,2)471167323(15,3)
(16,2)225737942(16,3)
(0,3)191574878(1,3)
(0,3)230732331(0,4)
(1,3)2117592052(2,3)
(1,3)620750629(1,4)
(2,3)1082508112(3,3)
(2,3)1049185923(2,4)
(3,3)1211092916(4,3)
(3,3)1065900454(3,4)
(4,3)1553783605(5,3)
(4,3)760383644(4,4)
(5,3)707627819(6,3)
(5,3)2141063400(5,4)
(6,3)1919396968(7,3)
(6,3)1353570981(6,4)
(7,3)1050636274(8,3)
(7,3)1713404372(7,4)
(8,3)793785013(9,3)
(8,3)1961742604(8,4)
(9,3)393661150(10,3)
(9,3)1134440777(9,4)
(10,3)770733958(11,3)
(10,3)1383523924(10,4)
(11,3)124788570(12,3)
(11,3)544500210(11,4)
(12,3)478376498(13,3)
(12,3)373841171(12,4)
(13,3)1066439727(14,3)
(13,3)41840340(13,4)
(14,3)675057441(15,3)
(14,3)949543822(14,4)
(15,3)1180276153(16,3)
(15,3)1292177670(15,4)
(16,3)866632319(16,4)
(0,4)1150384557(1,4)
(0,4)1912928299(0,5)
(1,4)847952764(2,4)
(1,4)1915818242(1,5)
(2,4)979427510(3,4)
(2,4)68801364(2,5)
(3,4)1622584969(4,4)
(3,4)1608336408(3,5)
(4,4)168480580(5,4)
(4,4)973007263(4,5)
(5,4)744920583(6,4)
(5,4)828672302(5,5)
(6,4)1879308577(7,4)
(6,4)1881884952(6,5)
(7,4)528186318(8,4)
(7,4)559179539(7,5)
(8,4)952840689(9,4)
(8,4)866265706(8,5)
(9,4)1636999665(10,4)
(9,4)1911710242(9,5)
(10,4)2036498812(11,4)
(10,4)1497340899(10,5)
(11,4)1975717398(12,4)
(11,4)2010840836(11,5)
(12,4)929796915(13,4)
(12,4)2078339152(12,5)
(13,4)605912945(14,4)
(13,4)777777572(13,5)
(14,4)1958053725(15,4)
(14,4)74490937(14,5)
(15,4)1987419237(16,4)
(15,4)1472545265(15,5)
(16,4)960954634(16,5)
(0,5)687888353(1,5)
(0,5)1240879859(0,6)
(1,5)72823722(2,5)
(1,5)1029755998(1,6)
(2,5)504857320(3,5)
(2,5)148741113(2,6)
(3,5)317221693(4,5)
(3,5)1045830985(3,6)
(4,5)1790751568(5,5)
(4,5)1333529622(4,6)
(5,5)1065354551(6,5)
(5,5)51622998(5,6)
(6,5)579809316(7,5)
(6,5)202447459(6,6)
(7,5)1155288148(8,5)
(7,5)1931620258(7,6)
(8,5)1421136275(9,5)
(8,5)344035910(8,6)
(9,5)233051074(10,5)
(9,5)505145400(9,6)
(10,5)333379150(11,5)
(10,5)1284493463(10,6)
(11,5)66806730(12,5)
(11,5)163906578(11,6)
(12,5)769819523(13,5)
(12,5)1111156722(12,6)
(13,5)921726799(14,5)
(13,5)141297668(13,6)
(14,5)2128716905(15,5)
(14,5)94881140(14,6)
(15,5)1335761000(16,5)
(15,5)1882681433(15,6)
(16,5)669121610(16,6)
(0,6)1408584722(1,6)
(0,6)764953784(0,7)
(1,6)1269811104(2,6)
(1,6)817862723(1,7)
(2,6)1135084417(3,6)
(2,6)306932059(2,7)
(3,6)2097683627(4,6)
(3,6)455857078(3,7)
(4,6)1521211630(5,6)
(4,6)1186707415(4,7)
(5,6)1766516731(6,6)
(5,6)152647438(5,7)
(6,6)1307935586(7,6)
(6,6)1305348240(6,7)
(7,6)579000867(8,6)
(7,6)2110552641(7,7)
(8,6)196120067(9,6)
(8,6)1813080986(8,7)
(9,6)2146460136(10,6)
(9,6)1863494330(9,7)
(10,6)1930301060(11,6)
(10,6)360026645(10,7)
(11,6)1129846168(12,6)
(11,6)1110133210(11,7)
(12,6)2031860009(13,6)
(12,6)2071598728(12,7)
(13,6)2052831985(14,6)
(13,6)1224727309(13,7)
(14,6)413004661(15,6)
(14,6)1767057795(14,7)
(15,6)384527931(16,6)
(15,6)574469947(15,7)
(16,6)1821589383(16,7)
(0,7)1654339035(1,7)
(0,7)1392332671(0,8)
(1,7)379933440(2,7)
(1,7)2128521442(1,8)
(2,7)2078721421(3,7)
(2,7)2110196113(2,8)
(3,7)1483924095(4,7)
(3,7)1566640855(3,8)
(4,7)1185673938(5,7)
(4,7)83885211(4,8)
(5,7)1391820797(6,7)
(5,7)641788687(5,8)
(6,7)1220789554(7,7)
(6,7)1148742931(6,8)
(7,7)1344862998(8,7)
(7,7)1057418136(7,8)
(8,7)1056394624(9,7)
(8,7)936800236(8,8)
(9,7)719617649(10,7)
(9,7)1704889643(9,8)
(10,7)687252163(11,7)
(10,7)19044187(10,8)
(11,7)2050904196(12,7)
(11,7)643732729(11,8)
(12,7)549081067(13,7)
(12,7)1911979472(12,8)
(13,7)177500485(14,7)
(13,7)1670478343(13,8)
(14,7)2055006274(15,7)
(14,7)1123551014(14,8)
(15,7)368400037(16,7)
(15,7)1999089868(15,8)
(16,7)1561861661(16,8)
(0,8)748333477(1,8)
(0,8)1980127662(0,9)
(1,8)1911365435(2,8)
(1,8)1524574127(1,9)
(2,8)861014574(3,8)
(2,8)167490684(2,9)
(3,8)1353164622(4,8)
(3,8)1995250646(3,9)
(4,8)1239587796(5,8)
(4,8)1502803262(4,9)
(5,8)576109168(6,8)
(5,8)354423905(5,9)
(6,8)1699286903(7,8)
(6,8)149522284(6,9)
(7,8)1205916908(8,8)
(7,8)1512909405(7,9)
(8,8)85043406(9,8)
(8,8)1256692898(8,9)
(9,8)1943945062(10,8)
(9,8)1224961095(9,9)
(10,8)1128381644(11,8)
(10,8)728776135(10,9)
(11,8)1277857202(12,8)
(11,8)1708440886(11,9)
(12,8)1885941372(13,8)
(12,8)651376339(12,9)
(13,8)558898966(14,8)
(13,8)253924569(13,9)
(14,8)622324606(15,8)
(14,8)1737547592(14,9)
(15,8)1570191607(16,8)
(15,8)2120760627(15,9)
(16,8)1370658084(16,9)
(0,9)1334073394(1,9)
(0,9)1497851106(0,10)
(1,9)211382033(2,9)
(1,9)1538148768(1,10)
(2,9)743829743(3,9)
(2,9)1181840393(2,10)
(3,9)273944541(4,9)
(3,9)1714185295(3,10)
(4,9)142810815(5,9)
(4,9)1098253648(4,10)
(5,9)650056904(6,9)
(5,9)423466825(5,10)
(6,9)1629383733(7,9)
(6,9)1655720220(6,10)
(7,9)1740763626(8,9)
(7,9)1906749802(7,10)
(8,9)1703211216(9,9)
(8,9)706861181(8,10)
(9,9)1835242825(10,9)
(9,9)322056114(9,10)
(10,9)1599913316(11,9)
(10,9)1264168455(10,10)
(11,9)1002626179(12,9)
(11,9)339135516(11,10)
(12,9)898034482(13,9)
(12,9)1853837885(12,10)
(13,9)328678844(14,9)
(13,9)592690123(13,10)
(14,9)15398082(15,9)
(14,9)871311462(14,10)
(15,9)221678920(16,9)
(15,9)1699336928(15,10)
(16,9)1349471477(16,10)
(0,10)433060953(1,10)
(0,10)1090002048(0,11)
(1,10)1833831791(2,10)
(1,10)383828222(1,11)
(2,10)657772763(3,10)
(2,10)2147246248(2,11)
(3,10)142573416(4,10)
(3,10)784601792(3,11)
(4,10)1434658696(5,10)
(4,10)1081239588(4,11)
(5,10)563139673(6,10)
(5,10)1798293636(5,11)
(6,10)1391573615(7,10)
(6,10)1193924850(6,11)
(7,10)749652419(8,10)
(7,10)1270000854(7,11)
(8,10)957760031(9,10)
(8,10)1713629729(8,11)
(9,10)1166059397(10,10)
(9,10)2013820874(9,11)
(10,10)868963405(11,10)
(10,10)1296895548(10,11)
(11,10)47446382(12,10)
(11,10)872413635(11,11)
(12,10)1201092479(13,10)
(12,10)1461653528(12,11)
(13,10)1477051611(14,10)
(13,10)918757844(13,11)
(14,10)1140436765(15,10)
(14,10)752945759(14,11)
(15,10)1842947807(16,10)
(15,10)679039440(15,11)
(16,10)1573497718(16,11)
(0,11)1529295951(1,11)
(0,11)1062867662(0,12)
(1,11)1720640425(2,11)
(1,11)1573260319(1,12)
(2,11)1715833735(3,11)
(2,11)166414095(2,12)
(3,11)1601072791(4,11)
(3,11)654396365(3,12)
(4,11)1217536038(5,11)
(4,11)1366643723(4,12)
(5,11)610733690(6,11)
(5,11)647513993(5,12)
(6,11)1397166412(7,11)
(6,11)340053245(6,12)
(7,11)1297813276(8,11)
(7,11)176879771(7,12)
(8,11)1342939169(9,11)
(8,11)1263503638(8,12)
(9,11)2132467043(10,11)
(9,11)447225176(9,12)
(10,11)494671559(11,11)
(10,11)67869156(10,12)
(11,11)1268961635(12,11)
(11,11)1446636924(11,12)
(12,11)776204887(13,11)
(12,11)1413429403(12,12)
(13,11)406382520(14,11)
(13,11)2021907394(13,12)
(14,11)1717371553(15,11)
(14,11)1455244327(14,12)
(15,11)370628341(16,11)
(15,11)1979880239(15,12)
(16,11)1099183856(16,12)
(0,12)2091268766(1,12)
(0,12)1405656910(0,13)
(1,12)974006997(2,12)
(1,12)1265597951(1,13)
(2,12)719187094(3,12)
(2,12)598181483(2,13)
(3,12)1815717521(4,12)
(3,12)193167072(3,13)
(4,12)803900763(5,12)
(4,12)1366701088(4,13)
(5,12)616383852(6,12)
(5,12)8287118(5,13)
(6,12)1306100395(7,12)
(6,12)980780534(6,13)
(7,12)176236055(8,12)
(7,12)1879887491(7,13)
(8,12)1864870886(9,12)
(8,12)1753325571(8,13)
(9,12)100513482(10,12)
(9,12)244105211(9,13)
(10,12)1513066846(11,12)
(10,12)1164024162(10,13)
(11,12)1940229049(12,12)
(11,12)1513942886(11,13)
(12,12)1920325406(13,12)
(12,12)1387490592(12,13)
(13,12)957378498(14,12)
(13,12)1247989728(13,13)
(14,12)1618618069(15,12)
(14,12)1752721997(14,13)
(15,12)1010895259(16,12)
(15,12)2056562354(15,13)
(16,12)1562403187(16,13)
(0,13)1984902256(1,13)
(0,13)1174676658(0,14)
(1,13)1893863752(2,13)
(1,13)13101022(1,14)
(2,13)1828818544(3,13)
(2,13)30585681(2,14)
(3,13)834486444(4,13)
(3,13)1113081192(3,14)
(4,13)1729465045(5,13)
(4,13)1837105662(4,14)
(5,13)995722409(6,13)
(5,13)1815266978(5,14)
(6,13)1991503034(7,13)
(6,13)1461868888(6,14)
(7,13)1179256126(8,13)
(7,13)601564333(7,14)
(8,13)702077815(9,13)
(8,13)88124597(8,14)
(9,13)1601191444(10,13)
(9,13)195796641(9,14)
(10,13)2136025690(11,13)
(10,13)68537053(10,14)
(11,13)1988862460(12,13)
(11,13)841198388(11,14)
(12,13)1798576886(13,13)
(12,13)1236531771(12,14)
(13,13)707666192(14,13)
(13,13)1594100809(13,14)
(14,13)457512421(15,13)
(14,13)1707655593(14,14)
(15,13)734848603(16,13)
(15,13)122585732(15,14)
(16,13)294931029(16,14)
(0,14)481228707(1,14)
(0,14)135686754(0,15)
(1,14)1964505298(2,14)
(1,14)325516710(1,15)
(2,14)1160003154(3,14)
(2,14)1594309900(2,15)
(3,14)1176291297(4,14)
(3,14)1654127313(3,15)
(4,14)502366074(5,14)
(4,14)827786485(4,15)
(5,14)671805871(6,14)
(5,14)490676537(5,15)
(6,14)1669932663(7,14)
(6,14)1103930407(6,15)
(7,14)1806008223(8,14)
(7,14)759930468(7,15)
(8,14)213638264(9,14)
(8,14)1865729304(8,15)
(9,14)1854271347(10,14)
(9,14)1874545276(9,15)
(10,14)1715924088(11,14)
(10,14)1054836653(10,15)
(11,14)705929891(12,14)
(11,14)943319470(11,15)
(12,14)1650985662(13,14)
(12,14)1162541250(12,15)
(13,14)1620053671(14,14)
(13,14)266101836(13,15)
(14,14)1000950439(15,14)
(14,14)1773571394(14,15)
(15,14)1909258149(16,14)
(15,14)1914984700(15,15)
(16,14)1482179147(16,15)
(0,15)1726279799(1,15)
(0,15)93017763(0,16)
(1,15)1253020917(2,15)
(1,15)929005399(1,16)
(2,15)2105296696(3,15)
(2,15)1232923464(2,16)
(3,15)1735289539(4,15)
(3,15)2080807402(3,16)
(4,15)605129625(5,15)
(4,15)448489585(4,16)
(5,15)2118422248(6,15)
(5,15)691736298(5,16)
(6,15)350260873(7,15)
(6,15)1365060094(6,16)
(7,15)1578698358(8,15)
(7,15)1836667905(7,16)
(8,15)1543455604(9,15)
(8,15)77322502(8,16)
(9,15)1793246590(10,15)
(9,15)486051363(9,16)
(10,15)1191981255(11,15)
(10,15)339291426(10,16)
(11,15)1990277088(12,15)
(11,15)808304192(11,16)
(12,15)280874215(13,15)
(12,15)1458083091(12,16)
(13,15)311549883(14,15)
(13,15)1616364835(13,16)
(14,15)1378139336(15,15)
(14,15)48375268(14,16)
(15,15)141393031(16,15)
(15,15)1793729030(15,16)
(16,15)956935487(16,16)
(0,16)1394413948(1,16)
(0,16)575250781(0,17)
(1,16)533063829(2,16)
(1,16)42375304(1,17)
(2,16)1777664843(3,16)
(2,16)1327737703(2,17)
(3,16)1932867328(4,16)
(3,16)981553414(3,17)
(4,16)952492014(5,16)
(4,16)321917493(4,17)
(5,16)672178367(6,16)
(5,16)1150443774(5,17)
(6,16)581658485(7,16)
(6,16)641676271(6,17)
(7,16)37648227(8,16)
(7,16)749500869(7,17)
(8,16)395263811(9,16)
(8,16)1067709848(8,17)
(9,16)112207455(10,16)
(9,16)376939653(9,17)
(10,16)219733094(11,16)
(10,16)1203568004(10,17)
(11,16)1484442219(12,16)
(11,16)1570290547(11,17)
(12,16)1881840430(13,16)
(12,16)1836097929(12,17)
(13,16)1066753617(14,16)
(13,16)1532817487(13,17)
(14,16)1674210518(15,16)
(14,16)1528085812(14,17)
(15,16)2103336593(16,16)
(15,16)2023689104(15,17)
(16,16)921140819(16,17)
(0,17)488916774(1,17)
(0,17)2066064408(0,18)
(1,17)1696245603(2,17)
(1,17)101394874(1,18)
(2,17)2034262202(3,17)
(2,17)1470470188(2,18)
(3,17)275478554(4,17)
(3,17)2018163097(3,18)
(4,17)542857816(5,17)
(4,17)1037222329(4,18)
(5,17)1618880814(6,17)
(5,17)917154826(5,18)
(6,17)954803053(7,17)
(6,17)1292358685(6,18)
(7,17)1687622496(8,17)
(7,17)539107014(7,18)
(8,17)651314470(9,17)
(8,17)1331742707(8,18)
(9,17)1551475801(10,17)
(9,17)743706852(9,18)
(10,17)80665424(11,17)
(10,17)74121369(10,18)
(11,17)1955961799(12,17)
(11,17)1240090082(11,18)
(12,17)159360051(13,17)
(12,17)1613482911(12,18)
(13,17)1140209782(14,17)
(13,17)1336563963(13,18)
(14,17)1292416908(15,17)
(14,17)35565507(14,18)
(15,17)2101629916(16,17)
(15,17)2061350601(15,18)
(16,17)1781333682(16,18)
(0,18)1650391871(1,18)
(0,18)15261827(0,19)
(1,18)2049524029(2,18)
(1,18)1104320222(1,19)
(2,18)1379798776(3,18)
(2,18)1521071320(2,19)
(3,18)2063929136(4,18)
(3,18)939262710(3,19)
(4,18)410659876(5,18)
(4,18)149469954(4,19)
(5,18)1104273008(6,18)
(5,18)1208804173(5,19)
(6,18)748943022(7,18)
(6,18)949766891(6,19)
(7,18)1601081361(8,18)
(7,18)288532067(7,19)
(8,18)1840007868(9,18)
(8,18)1492649874(8,19)
(9,18)1573315298(10,18)
(9,18)1675202730(9,19)
(10,18)1483680881(11,18)
(10,18)932614302(10,19)
(11,18)1091974353(12,18)
(11,18)1039314562(11,19)
(12,18)32040696(13,18)
(12,18)672761196(12,19)
(13,18)1965178104(14,18)
(13,18)1127539860(13,19)
(14,18)1081686128(15,18)
(14,18)2093391297(14,19)
(15,18)2108653124(16,18)
(15,18)1599028138(15,19)
(16,18)584594352(16,19)
(0,19)2010693505(1,19)
(0,19)555864712(0,20)
(1,19)1935663488(2,19)
(1,19)2105665672(1,20)
(2,19)2022111161(3,19)
(2,19)802472568(2,20)
(3,19)1213132444(4,19)
(3,19)2085133443(3,20)
(4,19)1041922803(5,19)
(4,19)1083431686(4,20)
(5,19)1832374708(6,19)
(5,19)15415687(5,20)
(6,19)1616497048(7,19)
(6,19)1330454870(6,20)
(7,19)1022979090(8,19)
(7,19)1177540935(7,20)
(8,19)603372585(9,19)
(8,19)1144216130(8,20)
(9,19)480413363(10,19)
(9,19)1955593392(9,20)
(10,19)900084097(11,19)
(10,19)1642687147(10,20)
(11,19)1674727843(12,19)
(11,19)1153174559(11,20)
(12,19)970869015(13,19)
(12,19)2027623957(12,20)
(13,19)961826438(14,19)
(13,19)1620635492(13,20)
(14,19)1581804968(15,19)
(14,19)422413505(14,20)
(15,19)978278217(16,19)
(15,19)1546420790(15,20)
(16,19)1445014826(16,20)
(0,20)766458058(1,20)
(0,20)1504602814(0,21)
(1,20)1379230327(2,20)
(1,20)100003746(1,21)
(2,20)1313136190(3,20)
(2,20)704107853(2,21)
(3,20)1746030656(4,20)
(3,20)315178366(3,21)
(4,20)69426(5,20)
(4,20)1328551878(4,21)
(5,20)797565278(6,20)
(5,20)929001878(5,21)
(6,20)1951980968(7,20)
(6,20)1177610361(6,21)
(7,20)1780982947(8,20)
(7,20)1941781409(7,21)
(8,20)274711124(9,20)
(8,20)1760090712(8,21)
(9,20)512691161(10,20)
(9,20)1276186446(9,21)
(10,20)803430642(11,20)
(10,20)1427885684(10,21)
(11,20)251271051(12,20)
(11,20)392831470(11,21)
(12,20)1354657908(13,20)
(12,20)276582486(12,21)
(13,20)1858387455(14,20)
(13,20)673684557(13,21)
(14,20)1651962774(15,20)
(14,20)753595050(14,21)
(15,20)110714217(16,20)
(15,20)1155918633(15,21)
(16,20)270937184(16,21)
(0,21)1489944544(1,21)
(0,21)1255922379(0,22)
(1,21)421574921(2,21)
(1,21)975045037(1,22)
(2,21)573592045(3,21)
(2,21)1805122910(2,22)
(3,21)1805192337(4,21)
(3,21)1750126799(3,22)
(4,21)400208430(5,21)
(4,21)1502593923(4,22)
(5,21)1307091243(6,21)
(5,21)835319050(5,22)
(6,21)468818349(7,21)
(6,21)194506191(6,22)
(7,21)469217315(8,21)
(7,21)919698307(7,22)
(8,21)1432389468(9,21)
(8,21)1745004796(8,22)
(9,21)400951790(10,21)
(9,21)1897102999(9,22)
(10,21)890403(11,21)
(10,21)1825220939(10,22)
(11,21)1032395199(12,21)
(11,21)677534276(11,22)
(12,21)388438083(13,21)
(12,21)674574960(12,22)
(13,21)179054086(14,21)
(13,21)1785990250(13,22)
(14,21)1896704467(15,21)
(14,21)1544356716(14,22)
(15,21)652795447(16,21)
(15,21)449991271(15,22)
(16,21)1239165363(16,22)
(0,22)1074370369(1,22)
(0,22)1425036308(0,23)
(1,22)1998628354(2,22)
(1,22)896804626(1,23)
(2,22)554513315(3,22)
(2,22)677013520(2,23)
(3,22)1077221950(4,22)
(3,22)1353738629(3,23)
(4,22)513346225(5,22)
(4,22)1389832365(4,23)
(5,22)1858650715(6,22)
(5,22)1271728141(5,23)
(6,22)1740945457(7,22)
(6,22)1433044532(6,23)
(7,22)717950353(8,22)
(7,22)1456171863(7,23)
(8,22)1857123653(9,22)
(8,22)1490564808(8,23)
(9,22)1491455211(10,22)
(9,22)395687644(9,23)
(10,22)1428082843(11,22)
(10,22)387174281(10,23)
(11,22)775612365(12,22)
(11,22)18546523(11,23)
(12,22)197600610(13,22)
(12,22)1066589445(12,23)
(13,22)815810264(14,22)
(13,22)172485433(13,23)
(14,22)825280881(15,22)
(14,22)647591881(14,23)
(15,22)2072628189(16,22)
(15,22)2054975628(15,23)
(16,22)1899651250(16,23)
(0,23)1923772895(1,23)
(0,23)804296606(0,24)
(1,23)1358809921(2,23)
(1,23)429181122(1,24)
(2,23)1506403073(3,23)
(2,23)1130027877(2,24)
(3,23)1643374102(4,23)
(3,23)601158638(3,24)
(4,23)312325705(5,23)
(4,23)630647566(4,24)
(5,23)224109375(6,23)
(5,23)928934986(5,24)
(6,23)1646885339(7,23)
(6,23)1768497568(6,24)
(7,23)1478137573(8,23)
(7,23)1714674184(7,24)
(8,23)1058645747(9,23)
(8,23)2042572983(8,24)
(9,23)1323172179(10,23)
(9,23)1865311855(9,24)
(10,23)493440572(11,23)
(10,23)1077192271(10,24)
(11,23)1274792881(12,23)
(11,23)242277976(11,24)
(12,23)1058088241(13,23)
(12,23)665926005(12,24)
(13,23)1491206886(14,23)
(13,23)1922384762(13,24)
(14,23)1847529303(15,23)
(14,23)965580221(14,24)
(15,23)1769876827(16,23)
(15,23)1243374488(15,24)
(16,23)1623818551(16,24)
(0,24)981203100(1,24)
(0,24)1672555611(0,25)
(1,24)1031475036(2,24)
(1,24)606362780(1,25)
(2,24)102253234(3,24)
(2,24)1582361738(2,25)
(3,24)1894687444(4,24)
(3,24)1662122602(3,25)
(4,24)1886231978(5,24)
(4,24)1031188220(4,25)
(5,24)530589912(6,24)
(5,24)1515701364(5,25)
(6,24)846355290(7,24)
(6,24)1453422514(6,25)
(7,24)364584613(8,24)
(7,24)425679247(7,25)
(8,24)1748851426(9,24)
(8,24)564183497(8,25)
(9,24)1057624069(10,24)
(9,24)1441776884(9,25)
(10,24)569086117(11,24)
(10,24)1991129403(10,25)
(11,24)901733996(12,24)
(11,24)1723550074(11,25)
(12,24)1067273313(13,24)
(12,24)343987231(12,25)
(13,24)44032887(14,24)
(13,24)1867314217(13,25)
(14,24)1489707396(15,24)
(14,24)163164153(14,25)
(15,24)1835719764(16,24)
(15,24)1667851438(15,25)
(16,24)323426848(16,25)
(0,25)719711152(1,25)
(0,25)126730570(0,26)
(1,25)228983804(2,25)
(1,25)1905788586(1,26)
(2,25)1652992382(3,25)
(2,25)234350107(2,26)
(3,25)2120582085(4,25)
(3,25)1260172024(3,26)
(4,25)1790761936(5,25)
(4,25)1021210099(4,26)
(5,25)1867565389(6,25)
(5,25)1426520951(5,26)
(6,25)1791105564(7,25)
(6,25)68957536(6,26)
(7,25)1817808962(8,25)
(7,25)284265238(7,26)
(8,25)1341889307(9,25)
(8,25)1085398801(8,26)
(9,25)1654484918(10,25)
(9,25)1661454717(9,26)
(10,25)415705065(11,25)
(10,25)917955733(10,26)
(11,25)1985229046(12,25)
(11,25)1998472150(11,26)
(12,25)2042505037(13,25)
(12,25)135535634(12,26)
(13,25)1625243030(14,25)
(13,25)909552(13,26)
(14,25)1836629316(15,25)
(14,25)1562872827(14,26)
(15,25)1689603397(16,25)
(15,25)1948669878(15,26)
(16,25)408856821(16,26)
(0,26)1918587201(1,26)
(0,26)1706974817(0,27)
(1,26)1212483551(2,26)
(1,26)643206928(1,27)
(2,26)616305365(3,26)
(2,26)1031275577(2,27)
(3,26)674553866(4,26)
(3,26)86210002(3,27)
(4,26)1953775391(5,26)
(4,26)2042826316(4,27)
(5,26)1686448232(6,26)
(5,26)743511402(5,27)
(6,26)413836716(7,26)
(6,26)90556981(6,27)
(7,26)1432446288(8,26)
(7,26)624363385(7,27)
(8,26)131364656(9,26)
(8,26)2075291434(8,27)
(9,26)343512851(10,26)
(9,26)202918374(9,27)
(10,26)40663772(11,26)
(10,26)2129836806(10,27)
(11,26)2024858195(12,26)
(11,26)479048486(11,27)
(12,26)2104291516(13,26)
(12,26)41573324(12,27)
(13,26)1878202641(14,26)
(13,26)1440247374(13,27)
(14,26)982367123(15,26)
(14,26)1905477747(14,27)
(15,26)1464968916(16,26)
(15,26)139575814(15,27)
(16,26)753470676(16,27)
(0,27)529968819(1,27)
(0,27)782782742(0,28)
(1,27)1399088107(2,27)
(1,27)1784746253(1,28)
(2,27)311816471(3,27)
(2,27)616178822(2,28)
(3,27)422470565(4,27)
(3,27)1294430775(3,28)
(4,27)833395359(5,27)
(4,27)1055327873(4,28)
(5,27)1469164590(6,27)
(5,27)513027547(5,28)
(6,27)1945473835(7,27)
(6,27)1457758745(6,28)
(7,27)1589123401(8,27)
(7,27)1396972376(7,28)
(8,27)1740485227(9,27)
(8,27)908561(8,28)
(9,27)41572334(10,27)
(9,27)1571476559(9,28)
(10,27)1448851106(11,27)
(10,27)72050065(10,28)
(11,27)28857934(12,27)
(11,27)83145658(11,28)
(12,27)1961348299(13,27)
(12,27)741614832(12,28)
(13,27)1723981955(14,27)
(13,27)1934335681(13,28)
(14,27)1251820949(15,27)
(14,27)2100924113(14,28)
(15,27)736223207(16,27)
(15,27)329968983(15,28)
(16,27)1781789768(16,28)
(0,28)2135311314(1,28)
(0,28)2114715236(0,29)
(1,28)279048060(2,28)
(1,28)250484942(1,29)
(2,28)672955508(3,28)
(2,28)1282258441(2,29)
(3,28)2115653801(4,28)
(3,28)1334375933(3,29)
(4,28)656056875(5,28)
(4,28)1185983055(4,29)
(5,28)983973242(6,28)
(5,28)1425928898(5,29)
(6,28)867568651(7,28)
(6,28)2053029251(6,29)
(7,28)1646030831(8,28)
(7,28)984881804(7,29)
(8,28)1026454138(9,28)
(8,28)291561562(8,29)
(9,28)1740412668(10,28)
(9,28)1718080896(9,29)
(10,28)1746938830(11,28)
(10,28)1109599796(10,29)
(11,28)923464448(12,28)
(11,28)334543852(11,29)
(12,28)2058525807(13,28)
(12,28)1533790863(12,29)
(13,28)638128164(14,28)
(13,28)876904913(13,29)
(14,28)1613128121(15,28)
(14,28)241011142(14,29)
(15,28)208242730(16,28)
(15,28)272434285(15,29)
(16,28)1600955787(16,29)
(0,29)522919227(1,29)
(1,29)487290790(2,29)
(2,29)735730581(3,29)
(3,29)1195874735(4,29)
(4,29)1821666724(5,29)
(5,29)703900734(6,29)
(6,29)234374142(7,29)
(7,29)330239951(8,29)
(8,29)2129829632(9,29)
(9,29)1218347385(10,29)
(10,29)235785555(11,29)
(11,29)849914635(12,29)
(12,29)55745541(13,29)
(13,29)1881816386(14,29)
(14,29)1141476197(15,29)
(15,29)1082199679(16,29)
