100 30
(0,0)1177220057(0,1)
(1,0)542653442(2,0)
(1,0)708351959(1,1)
(3,0)615503814(3,1)
(4,0)270741611(4,1)
(5,0)309577175(5,1)
(6,0)152526327(7,0)
(7,0)183158772(8,0)
(7,0)1296856901(7,1)
(8,0)1053250594(9,0)
(9,0)227783239(10,0)
(10,0)585373693(11,0)
(10,0)789163735(10,1)
(11,0)1311039006(12,0)
(12,0)273044490(13,0)
(12,0)489461291(12,1)
(14,0)937134762(15,0)
(15,0)211600364(16,0)
(15,0)414325353(15,1)
(16,0)1122677312(17,0)
(16,0)876777740(16,1)
(17,0)754253806(17,1)
(18,0)591131690(18,1)
(19,0)861873301(20,0)
(19,0)989676093(19,1)
(20,0)1299253268(21,0)
(21,0)1356415976(22,0)
(21,0)66744796(21,1)
(23,0)768063491(24,0)
(24,0)269368643(24,1)
(25,0)995846731(25,1)
(26,0)264012068(27,0)
(27,0)386739209(28,0)
(27,0)222087736(27,1)
(28,0)1509358269(29,0)
(28,0)537056558(28,1)
(30,0)299009383(30,1)
(31,0)1175787124(32,0)
(32,0)537291035(33,0)
(32,0)1089491344(32,1)
(33,0)1680623034(34,0)
(33,0)716165331(33,1)
(35,0)395012687(35,1)
(36,0)461757483(37,0)
(36,0)857611045(36,1)
(37,0)161906993(38,0)
(38,0)487883151(39,0)
(39,0)929970484(39,1)
(40,0)1925817215(41,0)
(41,0)1005776553(41,1)
(42,0)42345636(42,1)
(43,0)579402194(44,0)
(43,0)83804503(43,1)
(44,0)589738910(44,1)
(45,0)888748294(46,0)
(45,0)150839059(45,1)
(47,0)692598556(48,0)
(48,0)633217101(49,0)
(48,0)471167323(48,1)
(49,0)230732331(50,0)
(49,0)225737942(49,1)
(50,0)620750629(51,0)
(50,0)191574878(50,1)
(51,0)1049185923(52,0)
(52,0)1065900454(53,0)
(53,0)760383644(54,0)
(55,0)1353570981(56,0)
(55,0)707627819(55,1)
(57,0)1050636274(57,1)
(58,0)1134440777(59,0)
(58,0)793785013(58,1)
(59,0)393661150(59,1)
(60,0)544500210(61,0)
(60,0)770733958(60,1)
(61,0)373841171(62,0)
(61,0)124788570(61,1)
(62,0)41840340(63,0)
(62,0)478376498(62,1)
(64,0)675057441(64,1)
(65,0)1(66,0)
(65,0)1(65,1)
(66,0)1(67,0)
(67,0)1(68,0)
(68,0)979427510(69,0)
(68,0)1(68,1)
(70,0)168480580(71,0)
(70,0)973007263(70,1)
(71,0)744920583(72,0)
(71,0)828672302(71,1)
(73,0)528186318(74,0)
(73,0)559179539(73,1)
(74,0)952840689(75,0)
(74,0)866265706(74,1)
(76,0)1497340899(76,1)
(77,0)1975717398(78,0)
(78,0)929796915(79,0)
(79,0)605912945(80,0)
(80,0)74490937(80,1)
(81,0)1472545265(81,1)
(82,0)960954634(82,1)
(83,0)1029755998(84,0)
(83,0)687888353(83,1)
(84,0)148741113(85,0)
(84,0)72823722(84,1)
(85,0)1045830985(86,0)
(85,0)504857320(85,1)
(86,0)317221693(86,1)
(87,0)51622998(88,0)
(88,0)202447459(89,0)
(89,0)579809316(89,1)
(90,0)344035910(91,0)
(90,0)1155288148(90,1)
(91,0)505145400(92,0)
(92,0)233051074(92,1)
(93,0)163906578(94,0)
(93,0)333379150(93,1)
(94,0)66806730(94,1)
(95,0)141297668(96,0)
(95,0)769819523(95,1)
(96,0)94881140(97,0)
(98,0)669121610(99,0)
(98,0)1335761000(98,1)
(99,0)764953784(99,1)
(0,1)817862723(1,1)
(1,1)306932059(2,1)
(2,1)455857078(3,1)
(2,1)1135084417(2,2)
(3,1)1186707415(4,1)
(4,1)152647438(5,1)
(5,1)1305348240(6,1)
(7,1)579000867(7,2)
(8,1)196120067(8,2)
(9,1)360026645(10,1)
(10,1)1110133210(11,1)
(11,1)1129846168(11,2)
(12,1)1224727309(13,1)
(14,1)574469947(15,1)
(14,1)413004661(14,2)
(15,1)384527931(15,2)
(17,1)379933440(18,1)
(20,1)1185673938(21,1)
(20,1)83885211(20,2)
(21,1)641788687(21,2)
(22,1)1148742931(22,2)
(23,1)1057418136(23,2)
(24,1)936800236(24,2)
(25,1)719617649(26,1)
(26,1)687252163(27,1)
(26,1)19044187(26,2)
(27,1)643732729(27,2)
(28,1)549081067(29,1)
(29,1)177500485(30,1)
(30,1)1123551014(30,2)
(31,1)368400037(32,1)
(33,1)748333477(33,2)
(34,1)167490684(35,1)
(35,1)861014574(35,2)
(37,1)354423905(38,1)
(38,1)149522284(39,1)
(38,1)576109168(38,2)
(40,1)1205916908(40,2)
(41,1)1224961095(42,1)
(41,1)85043406(41,2)
(42,1)728776135(43,1)
(43,1)1128381644(43,2)
(44,1)651376339(45,1)
(45,1)253924569(46,1)
(46,1)558898966(46,2)
(47,1)622324606(47,2)
(50,1)211382033(51,1)
(51,1)743829743(52,1)
(51,1)1181840393(51,2)
(52,1)273944541(53,1)
(53,1)142810815(54,1)
(54,1)650056904(55,1)
(54,1)423466825(54,2)
(55,1)1629383733(56,1)
(57,1)706861181(57,2)
(58,1)322056114(58,2)
(60,1)339135516(60,2)
(62,1)328678844(63,1)
(62,1)592690123(62,2)
(63,1)15398082(64,1)
(64,1)221678920(65,1)
(65,1)1(66,1)
(66,1)383828222(67,1)
(66,1)1(66,2)
(68,1)1(69,1)
(68,1)657772763(68,2)
(69,1)1(69,2)
(71,1)1193924850(72,1)
(71,1)563139673(71,2)
(73,1)749652419(73,2)
(75,1)1166059397(75,2)
(76,1)872413635(77,1)
(76,1)868963405(76,2)
(77,1)1461653528(78,1)
(77,1)47446382(77,2)
(78,1)918757844(79,1)
(78,1)1201092479(78,2)
(79,1)752945759(80,1)
(80,1)679039440(81,1)
(80,1)1140436765(80,2)
(82,1)1062867662(82,2)
(84,1)166414095(84,2)
(85,1)654396365(85,2)
(87,1)610733690(88,1)
(87,1)647513993(87,2)
(88,1)340053245(88,2)
(89,1)176879771(89,2)
(91,1)447225176(91,2)
(92,1)494671559(93,1)
(92,1)67869156(92,2)
(94,1)776204887(95,1)
(95,1)406382520(96,1)
(97,1)370628341(98,1)
(98,1)1099183856(98,2)
(0,2)974006997(1,2)
(0,2)1265597951(0,3)
(1,2)719187094(2,2)
(1,2)598181483(1,3)
(2,2)193167072(2,3)
(3,2)803900763(4,2)
(4,2)616383852(5,2)
(4,2)8287118(4,3)
(5,2)1306100395(6,2)
(6,2)176236055(7,2)
(8,2)100513482(9,2)
(8,2)244105211(8,3)
(9,2)1513066846(10,2)
(12,2)957378498(13,2)
(12,2)1247989728(12,3)
(15,2)1174676658(16,2)
(16,2)13101022(17,2)
(17,2)30585681(18,2)
(18,2)1113081192(19,2)
(19,2)834486444(19,3)
(21,2)995722409(21,3)
(22,2)601564333(23,2)
(23,2)88124597(24,2)
(24,2)195796641(25,2)
(24,2)702077815(24,3)
(25,2)68537053(26,2)
(27,2)1236531771(28,2)
(29,2)707666192(29,3)
(30,2)122585732(31,2)
(30,2)457512421(30,3)
(31,2)294931029(32,2)
(31,2)734848603(31,3)
(32,2)135686754(32,3)
(33,2)325516710(33,3)
(34,2)1160003154(35,2)
(35,2)1176291297(36,2)
(36,2)502366074(37,2)
(36,2)827786485(36,3)
(37,2)671805871(38,2)
(37,2)490676537(37,3)
(38,2)1669932663(39,2)
(38,2)1103930407(38,3)
(39,2)759930468(39,3)
(40,2)213638264(41,2)
(42,2)1054836653(42,3)
(43,2)705929891(44,2)
(43,2)943319470(43,3)
(45,2)266101836(45,3)
(46,2)1000950439(47,2)
(48,2)93017763(49,2)
(49,2)929005399(50,2)
(50,2)1232923464(51,2)
(52,2)448489585(53,2)
(53,2)691736298(54,2)
(53,2)605129625(53,3)
(55,2)350260873(55,3)
(56,2)77322502(57,2)
(57,2)486051363(58,2)
(58,2)339291426(59,2)
(59,2)808304192(60,2)
(61,2)280874215(61,3)
(62,2)48375268(63,2)
(62,2)311549883(62,3)
(64,2)141393031(64,3)
(65,2)575250781(65,3)
(66,2)533063829(67,2)
(66,2)1(66,3)
(68,2)981553414(68,3)
(69,2)1(70,2)
(69,2)321917493(69,3)
(70,2)1(71,2)
(70,2)1150443774(70,3)
(71,2)1(72,2)
(71,2)641676271(71,3)
(72,2)37648227(73,2)
(72,2)1(72,3)
(73,2)395263811(74,2)
(74,2)112207455(75,2)
(74,2)376939653(74,3)
(75,2)219733094(76,2)
(78,2)1066753617(79,2)
(81,2)921140819(81,3)
(82,2)101394874(83,2)
(82,2)488916774(82,3)
(85,2)275478554(85,3)
(86,2)917154826(87,2)
(86,2)542857816(86,3)
(88,2)539107014(89,2)
(88,2)954803053(88,3)
(90,2)743706852(91,2)
(90,2)651314470(90,3)
(91,2)74121369(92,2)
(92,2)1240090082(93,2)
(92,2)80665424(92,3)
(94,2)1336563963(95,2)
(94,2)159360051(94,3)
(95,2)35565507(96,2)
(95,2)1140209782(95,3)
(97,2)1781333682(98,2)
(98,2)15261827(98,3)
(99,2)1104320222(99,3)
(1,3)1379798776(1,4)
(2,3)149469954(3,3)
(3,3)410659876(3,4)
(4,3)949766891(5,3)
(5,3)288532067(6,3)
(5,3)748943022(5,4)
(6,3)1492649874(7,3)
(8,3)932614302(9,3)
(9,3)1039314562(10,3)
(10,3)672761196(11,3)
(11,3)1127539860(12,3)
(11,3)32040696(11,4)
(13,3)1081686128(13,4)
(14,3)584594352(15,3)
(15,3)555864712(15,4)
(16,3)1935663488(17,3)
(17,3)802472568(17,4)
(18,3)1213132444(19,3)
(19,3)1041922803(20,3)
(19,3)1083431686(19,4)
(20,3)15415687(20,4)
(21,3)1330454870(21,4)
(22,3)1022979090(23,3)
(23,3)603372585(24,3)
(23,3)1144216130(23,4)
(24,3)480413363(25,3)
(25,3)900084097(26,3)
(26,3)1153174559(26,4)
(27,3)970869015(28,3)
(28,3)961826438(29,3)
(29,3)422413505(29,4)
(31,3)1445014826(31,4)
(32,3)100003746(33,3)
(32,3)766458058(32,4)
(33,3)704107853(34,3)
(34,3)315178366(35,3)
(36,3)69426(36,4)
(37,3)797565278(37,4)
(40,3)274711124(40,4)
(41,3)512691161(41,4)
(42,3)392831470(43,3)
(43,3)276582486(44,3)
(43,3)251271051(43,4)
(44,3)673684557(45,3)
(44,3)1354657908(44,4)
(45,3)753595050(46,3)
(47,3)270937184(48,3)
(47,3)110714217(47,4)
(49,3)421574921(50,3)
(49,3)975045037(49,4)
(50,3)573592045(51,3)
(52,3)400208430(53,3)
(53,3)1307091243(54,3)
(53,3)835319050(53,4)
(54,3)468818349(55,3)
(54,3)194506191(54,4)
(55,3)469217315(56,3)
(55,3)919698307(55,4)
(57,3)400951790(58,3)
(58,3)890403(59,3)
(59,3)677534276(59,4)
(60,3)388438083(61,3)
(60,3)674574960(60,4)
(61,3)179054086(62,3)
(63,3)652795447(64,3)
(63,3)449991271(63,4)
(64,3)1239165363(64,4)
(65,3)896804626(66,3)
(66,3)1(67,3)
(67,3)1(67,4)
(69,3)513346225(69,4)
(72,3)1(72,4)
(73,3)395687644(74,3)
(74,3)387174281(75,3)
(75,3)18546523(76,3)
(76,3)775612365(76,4)
(77,3)172485433(78,3)
(77,3)197600610(77,4)
(78,3)647591881(79,3)
(79,3)825280881(79,4)
(80,3)1899651250(81,3)
(81,3)804296606(81,4)
(82,3)429181122(82,4)
(83,3)1130027877(83,4)
(84,3)601158638(84,4)
(85,3)312325705(86,3)
(85,3)630647566(85,4)
(86,3)224109375(87,3)
(89,3)1058645747(90,3)
(91,3)493440572(92,3)
(92,3)242277976(92,4)
(93,3)1058088241(94,3)
(93,3)665926005(93,4)
(95,3)965580221(95,4)
(96,3)1243374488(96,4)
(97,3)1623818551(97,4)
(98,3)606362780(99,3)
(98,3)981203100(98,4)
(0,4)102253234(1,4)
(2,4)1031188220(2,5)
(3,4)530589912(4,4)
(4,4)846355290(5,4)
(5,4)364584613(6,4)
(5,4)425679247(5,5)
(6,4)564183497(6,5)
(7,4)1057624069(8,4)
(8,4)569086117(9,4)
(9,4)901733996(10,4)
(10,4)1067273313(11,4)
(10,4)343987231(10,5)
(11,4)44032887(12,4)
(12,4)1489707396(13,4)
(12,4)163164153(12,5)
(14,4)126730570(15,4)
(14,4)323426848(14,5)
(15,4)719711152(15,5)
(16,4)234350107(17,4)
(16,4)228983804(16,5)
(18,4)1021210099(19,4)
(20,4)68957536(21,4)
(21,4)284265238(22,4)
(22,4)1085398801(23,4)
(24,4)917955733(25,4)
(25,4)415705065(25,5)
(26,4)135535634(27,4)
(27,4)909552(28,4)
(28,4)1562872827(29,4)
(30,4)408856821(31,4)
(32,4)643206928(32,5)
(33,4)616305365(34,4)
(34,4)674553866(35,4)
(34,4)86210002(34,5)
(36,4)743511402(36,5)
(37,4)413836716(38,4)
(37,4)90556981(37,5)
(38,4)624363385(38,5)
(39,4)131364656(40,4)
(40,4)1(41,4)
(40,4)1(40,5)
(41,4)1(42,4)
(42,4)1(42,5)
(43,4)41573324(43,5)
(44,4)1440247374(44,5)
(45,4)982367123(46,4)
(46,4)139575814(46,5)
(47,4)753470676(47,5)
(48,4)529968819(48,5)
(49,4)616178822(50,4)
(50,4)311816471(50,5)
(51,4)422470565(51,5)
(52,4)513027547(53,4)
(52,4)833395359(52,5)
(55,4)908561(56,4)
(57,4)72050065(58,4)
(57,4)41572334(57,5)
(58,4)83145658(59,4)
(59,4)741614832(60,4)
(59,4)28857934(59,5)
(61,4)1723981955(61,5)
(62,4)329968983(63,4)
(63,4)736223207(63,5)
(65,4)1(66,4)
(65,4)1(65,5)
(66,4)1(67,4)
(68,4)656056875(69,4)
(68,4)1185983055(68,5)
(69,4)983973242(70,4)
(70,4)867568651(71,4)
(71,4)984881804(71,5)
(72,4)1026454138(73,4)
(72,4)1(72,5)
(74,4)1109599796(74,5)
(75,4)923464448(76,4)
(75,4)334543852(75,5)
(77,4)638128164(78,4)
(78,4)241011142(78,5)
(79,4)208242730(80,4)
(79,4)272434285(79,5)
(80,4)522919227(81,4)
(81,4)735730581(82,4)
(81,4)487290790(81,5)
(83,4)234374142(84,4)
(84,4)330239951(84,5)
(85,4)235785555(86,4)
(86,4)55745541(87,4)
(86,4)849914635(86,5)
(87,4)1141476197(88,4)
(88,4)1082199679(88,5)
(89,4)1(90,4)
(89,4)1(89,5)
(90,4)1(91,4)
(91,4)1(92,4)
(91,4)967780275(91,5)
(92,4)1(92,5)
(93,4)1221002370(94,4)
(93,4)1076304197(93,5)
(95,4)763801801(96,4)
(97,4)920048797(98,4)
(98,4)55949468(99,4)
(99,4)1154422939(99,5)
(0,5)38295452(1,5)
(1,5)9260825(2,5)
(1,5)225286676(1,6)
(2,5)281032217(3,5)
(2,5)888210087(2,6)
(4,5)1196007198(5,5)
(6,5)100392367(6,6)
(7,5)538568399(8,5)
(7,5)227844351(7,6)
(8,5)518064502(8,6)
(9,5)1614872596(9,6)
(10,5)816127430(11,5)
(11,5)1020828325(11,6)
(12,5)789880568(13,5)
(12,5)540301492(12,6)
(14,5)233115887(14,6)
(15,5)6591157(16,5)
(15,5)467289580(15,6)
(16,5)692576257(17,5)
(17,5)186197451(18,5)
(17,5)15851983(17,6)
(18,5)973608474(18,6)
(19,5)189356723(20,5)
(19,5)68400087(19,6)
(20,5)685007941(21,5)
(22,5)223081215(22,6)
(23,5)741145718(24,5)
(24,5)1061802459(25,5)
(25,5)837686597(26,5)
(25,5)332728942(25,6)
(27,5)270747734(28,5)
(27,5)689380305(27,6)
(29,5)229070074(30,5)
(30,5)50903955(31,5)
(31,5)598285670(32,5)
(31,5)235661232(31,6)
(32,5)251513215(33,5)
(32,5)743480212(32,6)
(33,5)784483121(33,6)
(34,5)852883209(35,5)
(34,5)10958761(34,6)
(35,5)966411506(36,5)
(39,5)354634435(39,6)
(40,5)1(40,6)
(41,5)113951534(42,5)
(42,5)1(43,5)
(43,5)1(43,6)
(45,5)1208446712(46,5)
(45,5)118461259(45,6)
(46,5)354122491(47,5)
(46,5)19217598(46,6)
(47,5)762697811(48,5)
(48,5)443731856(49,5)
(48,5)605635706(48,6)
(49,5)616594468(50,5)
(49,5)332302850(49,6)
(50,5)91264612(51,5)
(51,5)687022567(52,5)
(53,5)332778532(54,5)
(53,5)300511285(53,6)
(54,5)655145720(55,5)
(54,5)779481776(54,6)
(56,5)293866287(57,5)
(58,5)308891944(58,6)
(59,5)217040350(60,5)
(60,5)1243798540(61,5)
(62,5)1084735797(63,5)
(63,5)56073090(64,5)
(63,5)264383274(63,6)
(64,5)596686124(65,5)
(65,5)677599071(66,5)
(65,5)1(65,6)
(66,5)108189884(67,5)
(66,5)687950736(66,6)
(69,5)197966956(70,5)
(69,5)320376442(69,6)
(70,5)172794996(70,6)
(72,5)1(73,5)
(73,5)1(73,6)
(74,5)4563200(74,6)
(76,5)825418716(76,6)
(77,5)275856100(78,5)
(78,5)323651522(78,6)
(79,5)331929191(79,6)
(80,5)1004596749(81,5)
(81,5)537736664(82,5)
(81,5)382234600(81,6)
(83,5)531271814(84,5)
(83,5)525334573(83,6)
(84,5)845711015(85,5)
(85,5)729238770(85,6)
(87,5)805120958(87,6)
(88,5)433118124(88,6)
(89,5)1(90,5)
(90,5)1(90,6)
(92,5)1(92,6)
(93,5)836639927(94,5)
(94,5)276228037(95,5)
(94,5)314012368(94,6)
(95,5)163798296(96,5)
(95,5)541275455(95,6)
(96,5)923510055(97,5)
(97,5)246127773(98,5)
(97,5)701534960(97,6)
(98,5)1226869533(99,5)
(98,5)522882646(98,6)
(99,5)777399587(99,6)
(0,6)1787388161(0,7)
(2,6)1449347503(3,6)
(3,6)1481210054(4,6)
(4,6)1143729837(5,6)
(5,6)172663303(6,6)
(5,6)646886775(5,7)
(7,6)97375692(7,7)
(8,6)1158288257(9,6)
(8,6)286464211(8,7)
(9,6)1123104138(10,6)
(12,6)440406001(13,6)
(12,6)1156548283(12,7)
(13,6)190150234(13,7)
(15,6)603193161(16,6)
(15,6)32591995(15,7)
(18,6)841094207(18,7)
(19,6)576076186(20,6)
(20,6)411486710(20,7)
(21,6)398240577(22,6)
(21,6)748739489(21,7)
(23,6)1294591512(24,6)
(23,6)53437189(23,7)
(25,6)1329220417(26,6)
(25,6)270212002(25,7)
(27,6)685204428(28,6)
(28,6)1007985925(29,6)
(28,6)227513949(28,7)
(29,6)1190802596(30,6)
(30,6)277522044(30,7)
(33,6)1(34,6)
(33,6)1(33,7)
(34,6)1(34,7)
(35,6)781905931(35,7)
(36,6)401125946(36,7)
(37,6)1404394456(37,7)
(38,6)229276954(38,7)
(39,6)86196745(40,6)
(39,6)556361112(39,7)
(40,6)1(40,7)
(41,6)639420439(42,6)
(42,6)85769205(43,6)
(42,6)613681062(42,7)
(43,6)1(44,6)
(44,6)1(44,7)
(47,6)602746074(48,6)
(49,6)808575819(49,7)
(50,6)736100069(50,7)
(51,6)311273765(51,7)
(52,6)973643522(52,7)
(53,6)398995615(53,7)
(54,6)955356727(55,6)
(54,6)1026016220(54,7)
(56,6)557050735(57,6)
(57,6)248127256(58,6)
(57,6)628717306(57,7)
(59,6)1089322267(59,7)
(60,6)973836227(61,6)
(60,6)1070880231(60,7)
(61,6)161407120(62,6)
(61,6)960368597(61,7)
(62,6)504862297(62,7)
(63,6)764153195(63,7)
(64,6)1225942807(64,7)
(65,6)1(65,7)
(66,6)979192313(67,6)
(67,6)951785244(67,7)
(68,6)547376887(68,7)
(70,6)186441040(71,6)
(70,6)158653938(70,7)
(72,6)43923632(73,6)
(72,6)743491776(72,7)
(73,6)1(73,7)
(74,6)1130549655(75,6)
(75,6)920662389(76,6)
(75,6)975403139(75,7)
(77,6)461764531(78,6)
(80,6)344998093(81,6)
(81,6)139711538(82,6)
(81,6)485107312(81,7)
(84,6)640189767(84,7)
(85,6)798843705(86,6)
(85,6)1297476754(85,7)
(86,6)712683080(87,6)
(87,6)591943836(87,7)
(88,6)1(89,6)
(88,6)1(88,7)
(89,6)1(90,6)
(90,6)23086372(91,6)
(92,6)1(93,6)
(93,6)1(93,7)
(94,6)160376177(94,7)
(96,6)411635132(97,6)
(96,6)56981636(96,7)
(99,6)1105255689(99,7)
(0,7)432076663(1,7)
(0,7)341233807(0,8)
(1,7)1140077512(2,7)
(1,7)255248795(1,8)
(2,7)967931875(3,7)
(4,7)217708924(5,7)
(5,7)183443809(6,7)
(5,7)501462097(5,8)
(6,7)524548469(7,7)
(8,7)24648541(9,7)
(8,7)335922929(8,8)
(10,7)1301456808(11,7)
(10,7)185024718(10,8)
(13,7)592126839(14,7)
(14,7)446611770(15,7)
(16,7)878688433(16,8)
(17,7)376128485(18,7)
(18,7)696958677(19,7)
(18,7)773079552(18,8)
(19,7)350134491(20,7)
(20,7)183885798(21,7)
(21,7)533578301(21,8)
(22,7)96589721(23,7)
(22,7)708434267(22,8)
(23,7)1044357196(24,7)
(23,7)155699378(23,8)
(24,7)121238262(24,8)
(25,7)306262980(26,7)
(25,7)636259861(25,8)
(26,7)154690347(27,7)
(26,7)899145804(26,8)
(27,7)110100601(28,7)
(28,7)84755964(28,8)
(29,7)702227440(29,8)
(30,7)252126321(31,7)
(32,7)57273998(32,8)
(33,7)1(33,8)
(34,7)1(35,7)
(35,7)1(36,7)
(36,7)1(36,8)
(37,7)945278208(38,7)
(37,7)1013386450(37,8)
(40,7)1(41,7)
(41,7)1(41,8)
(42,7)633101965(42,8)
(43,7)717857929(44,7)
(44,7)1(45,7)
(44,7)682911358(44,8)
(45,7)1(45,8)
(46,7)1(47,7)
(46,7)1(46,8)
(47,7)1(48,7)
(48,7)1(49,7)
(49,7)1(50,7)
(50,7)1(51,7)
(50,7)216527426(50,8)
(51,7)453371367(52,7)
(51,7)1(51,8)
(52,7)70105980(52,8)
(54,7)1240801332(55,7)
(54,7)572429117(54,8)
(55,7)1339203942(56,7)
(57,7)204831267(58,7)
(57,7)857640923(57,8)
(58,7)486178505(59,7)
(59,7)157596049(60,7)
(59,7)922689197(59,8)
(60,7)816943527(60,8)
(63,7)253424439(64,7)
(65,7)129356480(66,7)
(65,7)1(65,8)
(67,7)582727847(67,8)
(68,7)466876008(68,8)
(69,7)1039305125(70,7)
(70,7)1074695108(70,8)
(71,7)646424410(72,7)
(71,7)231025419(71,8)
(72,7)795994927(72,8)
(73,7)270679617(74,7)
(73,7)1(73,8)
(75,7)1(76,7)
(75,7)1(75,8)
(76,7)1(77,7)
(77,7)1(78,7)
(78,7)1(78,8)
(79,7)1(80,7)
(79,7)1(79,8)
(80,7)1(80,8)
(81,7)1(82,7)
(81,7)1(81,8)
(82,7)1(83,7)
(82,7)9301457(82,8)
(83,7)1(84,7)
(83,7)260464143(83,8)
(84,7)1(84,8)
(86,7)970555808(86,8)
(87,7)166203397(87,8)
(88,7)1017459075(89,7)
(88,7)1(88,8)
(89,7)115051904(90,7)
(90,7)318022371(91,7)
(91,7)359356631(91,8)
(92,7)702522969(92,8)
(93,7)1(94,7)
(94,7)1(95,7)
(95,7)1(95,8)
(97,7)468676139(97,8)
(98,7)729140283(99,7)
(0,8)262576295(0,9)
(2,8)905961109(3,8)
(3,8)1101686792(4,8)
(4,8)966017753(5,8)
(5,8)991433497(5,9)
(6,8)1309455868(7,8)
(7,8)1089248685(8,8)
(9,8)700778527(10,8)
(9,8)882295028(9,9)
(11,8)1166651099(12,8)
(12,8)494986307(13,8)
(12,8)548476760(12,9)
(14,8)216983873(15,8)
(14,8)164995075(14,9)
(15,8)427571370(16,8)
(16,8)729047771(16,9)
(17,8)64183828(18,8)
(17,8)209926652(17,9)
(18,8)158485330(19,8)
(19,8)1165870621(19,9)
(20,8)9820470(21,8)
(20,8)1124503084(20,9)
(21,8)586957491(22,8)
(21,8)875493702(21,9)
(24,8)411017557(25,8)
(24,8)572659686(24,9)
(27,8)54512195(28,8)
(27,8)761085165(27,9)
(28,8)248928755(29,8)
(30,8)465912629(30,9)
(31,8)260786801(31,9)
(32,8)1(33,8)
(32,8)1(32,9)
(33,8)256239432(34,8)
(34,8)277531201(35,8)
(36,8)1(37,8)
(36,8)287351671(36,9)
(37,8)1(37,9)
(38,8)1094593523(38,9)
(39,8)642915888(39,9)
(40,8)1(41,8)
(40,8)1(40,9)
(43,8)1368920346(44,8)
(44,8)124217547(44,9)
(45,8)1(46,8)
(46,8)1462922577(47,8)
(48,8)896751157(49,8)
(49,8)415351166(50,8)
(51,8)1(51,9)
(52,8)214745096(53,8)
(53,8)793205436(54,8)
(55,8)69559132(56,8)
(55,8)312974997(55,9)
(58,8)1449951064(58,9)
(59,8)718329616(59,9)
(60,8)1161186511(60,9)
(61,8)346388841(62,8)
(61,8)16815140(61,9)
(63,8)1(64,8)
(63,8)1(63,9)
(64,8)1(65,8)
(64,8)551173226(64,9)
(66,8)1458977256(67,8)
(67,8)1290452518(68,8)
(67,8)1039605966(67,9)
(69,8)1610365688(70,8)
(70,8)249149304(71,8)
(73,8)1(73,9)
(74,8)790408974(74,9)
(75,8)1(75,9)
(76,8)569779098(77,8)
(77,8)101929221(78,8)
(77,8)150500678(77,9)
(78,8)1(79,8)
(78,8)224201167(78,9)
(80,8)1(80,9)
(81,8)1(81,9)
(84,8)1(85,8)
(85,8)1(86,8)
(85,8)862008149(85,9)
(86,8)1(87,8)
(87,8)1(88,8)
(89,8)425809833(90,8)
(90,8)390197946(91,8)
(91,8)89017506(92,8)
(91,8)229921670(91,9)
(92,8)380422348(93,8)
(93,8)190946728(93,9)
(94,8)598131813(94,9)
(95,8)1(96,8)
(96,8)1(97,8)
(97,8)1454246559(98,8)
(97,8)1(97,9)
(99,8)705889020(99,9)
(0,9)348708890(1,9)
(0,9)616736940(0,10)
(1,9)1051701288(2,9)
(3,9)241774600(4,9)
(3,9)511969905(3,10)
(4,9)494435709(5,9)
(5,9)79008589(5,10)
(6,9)469206535(7,9)
(7,9)105995206(7,10)
(8,9)486417554(9,9)
(8,9)1429183580(8,10)
(9,9)465878143(10,9)
(10,9)1084549367(10,10)
(11,9)277947100(11,10)
(12,9)443362386(13,9)
(12,9)746200711(12,10)
(13,9)52963622(14,9)
(13,9)363619185(13,10)
(15,9)470983260(16,9)
(16,9)179266163(17,9)
(16,9)128075555(16,10)
(17,9)1658895159(18,9)
(20,9)381606514(20,10)
(22,9)1573945100(23,9)
(22,9)301401236(22,10)
(25,9)997428374(26,9)
(25,9)48979311(25,10)
(26,9)326926411(27,9)
(26,9)625263815(26,10)
(28,9)1158222719(29,9)
(28,9)770288797(28,10)
(29,9)624535117(30,9)
(30,9)1(31,9)
(30,9)1(30,10)
(31,9)1(32,9)
(32,9)470719277(33,9)
(32,9)215063306(32,10)
(33,9)209192313(34,9)
(33,9)577076451(33,10)
(34,9)330262562(35,9)
(34,9)357890082(34,10)
(36,9)162457263(36,10)
(37,9)1(38,9)
(38,9)1(39,9)
(39,9)1(40,9)
(39,9)46959667(39,10)
(40,9)95938978(41,9)
(41,9)387247209(42,9)
(42,9)105423639(43,9)
(42,9)422865390(42,10)
(44,9)1035656236(45,9)
(45,9)53752095(46,9)
(46,9)765724034(47,9)
(46,9)1071453379(46,10)
(48,9)1236443312(48,10)
(49,9)1495708998(49,10)
(50,9)1149294022(51,9)
(51,9)1(52,9)
(51,9)186346343(51,10)
(52,9)1(52,10)
(53,9)1(54,9)
(53,9)1(53,10)
(54,9)1(55,9)
(55,9)1(56,9)
(56,9)443037146(57,9)
(56,9)1(56,10)
(58,9)548460785(58,10)
(59,9)117022737(59,10)
(61,9)899039915(62,9)
(62,9)1(63,9)
(62,9)1(62,10)
(63,9)38072952(63,10)
(64,9)386802463(64,10)
(65,9)266074863(66,9)
(65,9)1236245487(65,10)
(66,9)535592325(66,10)
(67,9)658937618(68,9)
(67,9)307804526(67,10)
(68,9)813392688(69,9)
(68,9)152502303(68,10)
(70,9)315012676(71,9)
(71,9)124912562(71,10)
(72,9)758049823(72,10)
(73,9)1(73,10)
(74,9)245028722(74,10)
(75,9)1(76,9)
(76,9)1(76,10)
(77,9)971655174(77,10)
(78,9)1009728127(79,9)
(80,9)1(81,9)
(80,9)396026430(80,10)
(81,9)931618755(82,9)
(81,9)32695999(81,10)
(82,9)340500525(83,9)
(84,9)773352008(85,9)
(85,9)372350082(86,9)
(85,9)885241410(85,10)
(87,9)239293758(87,10)
(88,9)315768747(88,10)
(89,9)560797470(90,9)
(90,9)85424595(90,10)
(91,9)633412729(91,10)
(92,9)518601620(92,10)
(93,9)175987386(93,10)
(94,9)1213398912(95,9)
(94,9)467312382(94,10)
(95,9)863338812(96,9)
(96,9)1339572277(96,10)
(97,9)1(98,9)
(98,9)1(98,10)
(99,9)294637674(99,10)
(0,10)1192131166(0,11)
(1,10)1179879085(1,11)
(2,10)42549410(3,10)
(2,10)952263339(2,11)
(3,10)651194199(4,10)
(4,10)358318157(4,11)
(5,10)919115627(6,10)
(6,10)1485727593(7,10)
(6,10)919305587(6,11)
(8,10)1010112612(9,10)
(10,10)1089179837(11,10)
(11,10)193280159(12,10)
(12,10)281268466(12,11)
(13,10)1022122290(14,10)
(14,10)1303766318(14,11)
(15,10)348413837(16,10)
(16,10)349155402(17,10)
(16,10)942683027(16,11)
(18,10)391704812(18,11)
(19,10)750022969(20,10)
(19,10)398656918(19,11)
(20,10)255583788(20,11)
(21,10)1174889375(22,10)
(22,10)1074183305(23,10)
(23,10)874682914(23,11)
(24,10)750463840(25,10)
(25,10)1(25,11)
(26,10)425955244(27,10)
(29,10)847766280(30,10)
(30,10)164827103(31,10)
(30,10)1(30,11)
(32,10)513982505(32,11)
(34,10)383294351(34,11)
(35,10)638878139(36,10)
(37,10)622236714(38,10)
(38,10)540966780(39,10)
(38,10)104064893(38,11)
(39,10)40877163(40,10)
(40,10)730783119(41,10)
(42,10)915148202(43,10)
(43,10)700738325(44,10)
(44,10)215936056(44,11)
(45,10)595508283(46,10)
(46,10)597201074(47,10)
(47,10)483895893(48,10)
(48,10)839997863(49,10)
(49,10)1389583211(49,11)
(50,10)897809850(51,10)
(50,10)160889107(50,11)
(51,10)433481470(51,11)
(52,10)1(53,10)
(53,10)31756331(54,10)
(53,10)11826003(53,11)
(54,10)640732117(54,11)
(55,10)72633494(55,11)
(56,10)1(56,11)
(57,10)768269739(57,11)
(58,10)295412475(58,11)
(59,10)511348531(60,10)
(59,10)177737326(59,11)
(61,10)1106856814(61,11)
(62,10)1(62,11)
(64,10)1226284014(65,10)
(69,10)555850593(70,10)
(70,10)8691480(71,10)
(71,10)340529682(71,11)
(72,10)1108799422(73,10)
(73,10)1(73,11)
(74,10)686604659(74,11)
(75,10)69496181(76,10)
(75,10)195716761(75,11)
(76,10)1(76,11)
(77,10)893598386(78,10)
(78,10)32226631(78,11)
(79,10)480866723(79,11)
(80,10)485285909(80,11)
(81,10)461896126(82,10)
(82,10)600030540(83,10)
(83,10)366197780(83,11)
(84,10)302255766(85,10)
(85,10)748385992(86,10)
(85,10)149060601(85,11)
(86,10)489590283(87,10)
(86,10)310947247(86,11)
(87,10)85046763(87,11)
(88,10)1046190183(89,10)
(89,10)137510717(90,10)
(90,10)37587281(90,11)
(91,10)755226310(92,10)
(91,10)207006898(91,11)
(92,10)882561567(92,11)
(93,10)914788198(94,10)
(95,10)516665749(95,11)
(97,10)1670521344(98,10)
(98,10)201689701(99,10)
(98,10)1(98,11)
(0,11)503945467(1,11)
(0,11)181099724(0,12)
(1,11)929485717(2,11)
(2,11)814892714(2,12)
(3,11)514795715(4,11)
(5,11)1490799011(6,11)
(7,11)706052608(8,11)
(8,11)361616504(8,12)
(9,11)207393656(9,12)
(10,11)189601428(11,11)
(10,11)215423785(10,12)
(12,11)34547593(12,12)
(13,11)1571995148(13,12)
(15,11)124883719(16,11)
(16,11)86624947(17,11)
(16,11)130146668(16,12)
(17,11)945039383(18,11)
(21,11)538127194(21,12)
(22,11)88449456(23,11)
(22,11)837956982(22,12)
(23,11)491536190(23,12)
(24,11)698929847(25,11)
(25,11)1(25,12)
(26,11)888531275(26,12)
(27,11)923078868(28,11)
(28,11)644518221(29,11)
(29,11)480664158(29,12)
(30,11)1(30,12)
(31,11)400866090(32,11)
(32,11)591788626(33,11)
(34,11)513206895(34,12)
(35,11)347864180(36,11)
(35,11)277457467(35,12)
(37,11)133347762(37,12)
(38,11)624883953(39,11)
(39,11)172113826(40,11)
(40,11)88216682(41,11)
(41,11)64861427(42,11)
(42,11)875624041(43,11)
(42,11)62298028(42,12)
(45,11)1091068621(45,12)
(46,11)623101606(46,12)
(47,11)44244126(47,12)
(48,11)1220276436(48,12)
(49,11)1094352989(49,12)
(52,11)67211626(53,11)
(52,11)39911470(52,12)
(53,11)478230499(53,12)
(54,11)237952640(55,11)
(54,11)692095579(54,12)
(56,11)1(57,11)
(56,11)326169322(56,12)
(57,11)1(58,11)
(58,11)1(59,11)
(59,11)1(60,11)
(60,11)1(61,11)
(60,11)242348260(60,12)
(61,11)1(62,11)
(61,11)663337425(61,12)
(62,11)707581552(63,11)
(63,11)711866073(64,11)
(63,11)729673572(63,12)
(65,11)297865757(65,12)
(66,11)231729620(67,11)
(66,11)1048353370(66,12)
(68,11)99999075(69,11)
(68,11)298941246(68,12)
(69,11)991036825(70,11)
(70,11)337951715(70,12)
(71,11)1(72,11)
(71,11)1(71,12)
(72,11)1(73,11)
(73,11)1052588388(73,12)
(74,11)972105242(75,11)
(75,11)144755798(75,12)
(76,11)1(77,11)
(77,11)1(77,12)
(78,11)1515674775(78,12)
(79,11)38662779(79,12)
(80,11)336528536(81,11)
(82,11)938861236(83,11)
(82,11)568258156(82,12)
(83,11)867199403(84,11)
(84,11)1038860311(84,12)
(88,11)946037805(89,11)
(89,11)929458373(90,11)
(89,11)704931360(89,12)
(90,11)849687158(91,11)
(91,11)738300155(91,12)
(93,11)1025971509(94,11)
(94,11)1118809600(95,11)
(94,11)669073376(94,12)
(95,11)344410140(95,12)
(96,11)1661502800(97,11)
(96,11)1455338136(96,12)
(98,11)653118414(99,11)
(98,11)1(98,12)
(1,12)721069078(2,12)
(1,12)454064628(1,13)
(3,12)614518495(3,13)
(4,12)239760969(4,13)
(5,12)1169219343(6,12)
(6,12)254946086(7,12)
(6,12)1331215700(6,13)
(7,12)937082168(8,12)
(8,12)1172627654(9,12)
(9,12)791214329(10,12)
(10,12)988554942(11,12)
(11,12)1135624469(11,13)
(12,12)649643621(13,12)
(12,12)296409431(12,13)
(13,12)172522076(14,12)
(15,12)446781061(16,12)
(15,12)915834124(15,13)
(17,12)408073534(18,12)
(18,12)246694870(18,13)
(19,12)486455839(20,12)
(20,12)661143679(21,12)
(21,12)379173340(22,12)
(22,12)916089765(22,13)
(23,12)681332585(24,12)
(24,12)440855039(24,13)
(25,12)1(26,12)
(26,12)1(27,12)
(26,12)27072145(26,13)
(27,12)1(28,12)
(28,12)1(29,12)
(29,12)1(30,12)
(29,12)496003652(29,13)
(31,12)512152780(31,13)
(32,12)634252881(32,13)
(33,12)880947751(34,12)
(34,12)648443564(35,12)
(35,12)362845546(36,12)
(37,12)78193360(38,12)
(38,12)143822510(38,13)
(39,12)584677549(40,12)
(40,12)84589212(41,12)
(41,12)719749972(41,13)
(42,12)151137640(43,12)
(42,12)545276948(42,13)
(44,12)609799920(44,13)
(45,12)601371578(46,12)
(46,12)85649157(47,12)
(46,12)1207703102(46,13)
(48,12)1125899319(49,12)
(49,12)933056335(50,12)
(49,12)575420086(49,13)
(51,12)936446478(52,12)
(52,12)670935153(52,13)
(55,12)898019467(56,12)
(57,12)256548298(58,12)
(58,12)122839177(58,13)
(59,12)732639097(60,12)
(61,12)177829664(62,12)
(63,12)1189470566(64,12)
(64,12)447722085(65,12)
(66,12)243062114(66,13)
(67,12)913997267(68,12)
(67,12)461588919(67,13)
(69,12)962610124(70,12)
(70,12)980706496(71,12)
(71,12)1(72,12)
(72,12)1(72,13)
(73,12)1070730542(73,13)
(74,12)835403498(75,12)
(74,12)909290392(74,13)
(76,12)1(77,12)
(76,12)1(76,13)
(77,12)57246619(77,13)
(79,12)786861888(79,13)
(80,12)761905141(81,12)
(80,12)377270704(80,13)
(81,12)620332818(82,12)
(81,12)1337706513(81,13)
(83,12)1046748884(84,12)
(84,12)1115601369(85,12)
(84,12)1128040542(84,13)
(85,12)83467789(86,12)
(87,12)901232250(88,12)
(87,12)897650034(87,13)
(89,12)71857203(90,12)
(90,12)656300427(90,13)
(91,12)829873258(92,12)
(92,12)8520778(93,12)
(93,12)250609025(94,12)
(93,12)427264580(93,13)
(95,12)315340101(96,12)
(97,12)935672920(97,13)
(98,12)1(99,12)
(98,12)905207748(98,13)
(99,12)1(99,13)
(0,13)1438120727(1,13)
(1,13)622538834(1,14)
(2,13)197560137(3,13)
(3,13)140693546(4,13)
(3,13)866882466(3,14)
(4,13)687779395(5,13)
(7,13)26469432(8,13)
(7,13)1530741958(7,14)
(9,13)193508660(10,13)
(9,13)453734012(9,14)
(11,13)109198110(11,14)
(13,13)580861507(13,14)
(14,13)903380865(15,13)
(14,13)120318175(14,14)
(15,13)6082818(16,13)
(16,13)446041692(17,13)
(16,13)194017944(16,14)
(18,13)842197717(19,13)
(18,13)643601829(18,14)
(19,13)3728778(20,13)
(21,13)726573286(22,13)
(22,13)966454888(23,13)
(23,13)753042718(23,14)
(24,13)1206776731(25,13)
(24,13)358233977(24,14)
(26,13)727153563(26,14)
(27,13)76078357(28,13)
(28,13)611150452(28,14)
(29,13)731468627(30,13)
(30,13)1109904247(31,13)
(30,13)817513421(30,14)
(31,13)1011531365(32,13)
(31,13)737551445(31,14)
(32,13)712866696(33,13)
(33,13)52064121(34,13)
(33,13)445010605(33,14)
(34,13)19183391(35,13)
(35,13)937557877(36,13)
(35,13)55792899(35,14)
(37,13)713479156(38,13)
(38,13)269690233(39,13)
(38,13)457960717(38,14)
(39,13)816194694(40,13)
(41,13)56136880(42,13)
(41,13)504277157(41,14)
(42,13)194727057(42,14)
(43,13)805877510(44,13)
(43,13)132215237(43,14)
(45,13)569194184(46,13)
(46,13)127413935(47,13)
(46,13)381037226(46,14)
(48,13)840280631(48,14)
(49,13)247861396(50,13)
(51,13)1185419273(51,14)
(52,13)702066788(53,13)
(53,13)173960591(53,14)
(54,13)971757021(54,14)
(55,13)300740338(56,13)
(55,13)663017779(55,14)
(56,13)779460034(56,14)
(57,13)974187092(58,13)
(57,13)356877218(57,14)
(58,13)489092455(59,13)
(59,13)756523905(60,13)
(60,13)1169927091(61,13)
(61,13)141262661(62,13)
(62,13)758959992(63,13)
(64,13)637212499(64,14)
(65,13)534648398(66,13)
(65,13)237999405(65,14)
(68,13)169090424(69,13)
(69,13)949758840(70,13)
(70,13)2379779(70,14)
(71,13)781839813(72,13)
(72,13)1(72,14)
(75,13)349563922(75,14)
(76,13)1(76,14)
(78,13)286758356(78,14)
(79,13)923970856(80,13)
(82,13)1212464775(82,14)
(83,13)429272023(83,14)
(84,13)1482123478(85,13)
(86,13)1050509065(86,14)
(87,13)259575456(87,14)
(88,13)703133711(88,14)
(89,13)652118915(90,13)
(91,13)361329553(91,14)
(92,13)211802852(93,13)
(92,13)1256591891(92,14)
(93,13)1228686557(93,14)
(94,13)779733248(95,13)
(95,13)319837456(95,14)
(96,13)568779345(96,14)
(97,13)917326926(97,14)
(98,13)1084722150(98,14)
(99,13)1(99,14)
(0,14)681238779(1,14)
(0,14)560078013(0,15)
(1,14)37813656(2,14)
(1,14)816968851(1,15)
(3,14)297389112(3,15)
(4,14)165507825(5,14)
(4,14)615859878(4,15)
(5,14)1267978793(6,14)
(5,14)602199740(5,15)
(6,14)183509619(7,14)
(7,14)942528626(8,14)
(9,14)835968111(10,14)
(9,14)23731536(9,15)
(10,14)803464784(11,14)
(12,14)786778629(13,14)
(13,14)1006004601(14,14)
(13,14)150592432(13,15)
(15,14)284095145(16,14)
(16,14)30946512(16,15)
(17,14)321908801(17,15)
(18,14)619297913(19,14)
(18,14)412443036(18,15)
(20,14)784805738(20,15)
(21,14)59556489(22,14)
(21,14)148798059(21,15)
(23,14)1002085115(23,15)
(24,14)1025816651(25,14)
(26,14)908281746(27,14)
(27,14)1054041917(28,14)
(27,14)391665341(27,15)
(28,14)542257773(29,14)
(32,14)95027760(32,15)
(33,14)507470796(34,14)
(34,14)496895718(34,15)
(35,14)1281701456(36,14)
(37,14)1341257945(37,15)
(38,14)195859413(39,14)
(39,14)639444835(40,14)
(39,14)652049727(39,15)
(40,14)404525906(41,14)
(42,14)42026364(43,14)
(43,14)860384380(44,14)
(44,14)584284138(44,15)
(45,14)476249644(46,14)
(45,14)131978239(45,15)
(47,14)1560417291(48,14)
(47,14)399161663(47,15)
(49,14)62160766(50,14)
(50,14)461071612(50,15)
(51,14)425239419(52,14)
(52,14)537636520(53,14)
(53,14)160977153(54,14)
(53,14)13297430(53,15)
(54,14)665347158(55,14)
(55,14)800421988(55,15)
(56,14)450783011(57,14)
(57,14)235197069(58,14)
(58,14)521194324(59,14)
(58,14)492809376(58,15)
(59,14)1077093514(60,14)
(60,14)1227559688(61,14)
(60,14)243789317(60,15)
(62,14)915226931(62,15)
(63,14)480491979(64,14)
(63,14)1122112491(63,15)
(64,14)1042516930(65,14)
(65,14)203377178(66,14)
(65,14)542652745(65,15)
(66,14)351211433(66,15)
(67,14)628616597(67,15)
(68,14)641914027(69,14)
(68,14)276667839(68,15)
(69,14)1010163772(70,14)
(70,14)158393199(71,14)
(71,14)229650602(72,14)
(72,14)1(72,15)
(73,14)1101985587(74,14)
(73,14)464847671(73,15)
(75,14)1(76,14)
(75,14)1(75,15)
(76,14)640505160(76,15)
(77,14)1555732091(78,14)
(78,14)830322008(79,14)
(79,14)1132265351(80,14)
(80,14)431393167(81,14)
(81,14)76566723(82,14)
(82,14)170424486(82,15)
(83,14)447092326(84,14)
(84,14)779015640(85,14)
(84,14)458689505(84,15)
(86,14)127624572(87,14)
(86,14)937408840(86,15)
(88,14)312965316(89,14)
(89,14)501086990(89,15)
(90,14)532682443(91,14)
(91,14)366415948(92,14)
(94,14)96926090(94,15)
(95,14)344878895(95,15)
(96,14)94797980(96,15)
(97,14)265222466(98,14)
(99,14)1(99,15)
(1,15)22087243(1,16)
(2,15)149711815(3,15)
(2,15)888833366(2,16)
(3,15)287934769(4,15)
(5,15)1218230960(6,15)
(5,15)789021759(5,16)
(7,15)776625526(7,16)
(8,15)43229608(9,15)
(8,15)1291841609(8,16)
(9,15)504455153(10,15)
(10,15)140155699(10,16)
(11,15)849334048(11,16)
(12,15)382371824(13,15)
(14,15)1181177718(15,15)
(15,15)190783942(15,16)
(16,15)212871185(17,15)
(16,15)1132602245(16,16)
(18,15)390228735(19,15)
(18,15)362583001(18,16)
(19,15)21450065(20,15)
(19,15)161886733(19,16)
(20,15)950908492(21,15)
(22,15)125129047(22,16)
(23,15)1120108198(23,16)
(24,15)575152088(25,15)
(25,15)52208211(26,15)
(26,15)623276209(27,15)
(27,15)1054331123(28,15)
(27,15)14645291(27,16)
(28,15)1005648033(28,16)
(29,15)737833111(30,15)
(29,15)532800273(29,16)
(30,15)723584216(31,15)
(31,15)42226791(32,15)
(31,15)278520948(31,16)
(33,15)1299038402(34,15)
(34,15)78065487(35,15)
(36,15)412685845(37,15)
(36,15)1028973980(36,16)
(37,15)1054417521(37,16)
(38,15)27042071(39,15)
(38,15)281508748(38,16)
(39,15)193561260(40,15)
(39,15)423590035(39,16)
(40,15)197532196(41,15)
(41,15)295794952(42,15)
(41,15)245769471(41,16)
(42,15)260414762(43,15)
(44,15)136345238(44,16)
(45,15)1193453432(46,15)
(45,15)416805901(45,16)
(46,15)695326849(47,15)
(46,15)459026917(46,16)
(48,15)1151858977(49,15)
(49,15)547037073(49,16)
(50,15)1229924465(50,16)
(51,15)111414797(52,15)
(52,15)247019106(53,15)
(52,15)132727737(52,16)
(53,15)414236486(54,15)
(53,15)1265517824(53,16)
(54,15)274061178(54,16)
(55,15)607797746(55,16)
(56,15)853567218(57,15)
(57,15)559964812(58,15)
(58,15)374692717(59,15)
(59,15)238937602(59,16)
(60,15)655743503(61,15)
(60,15)110135418(60,16)
(61,15)569162335(62,15)
(61,15)296297002(61,16)
(62,15)1351070352(62,16)
(64,15)364198079(65,15)
(64,15)536352555(64,16)
(65,15)870488552(65,16)
(66,15)63090137(67,15)
(66,15)84239971(66,16)
(67,15)216967709(68,15)
(68,15)995725993(69,15)
(68,15)310109244(68,16)
(69,15)584170422(70,15)
(69,15)631204195(69,16)
(70,15)537350204(70,16)
(71,15)276506611(72,15)
(72,15)1(73,15)
(73,15)1(73,16)
(74,15)859685119(74,16)
(75,15)1(75,16)
(76,15)458208065(77,15)
(77,15)934739232(78,15)
(79,15)379054197(80,15)
(79,15)79831375(79,16)
(80,15)950319927(81,15)
(82,15)1013410065(82,16)
(83,15)1323519309(84,15)
(84,15)505270186(85,15)
(84,15)723781731(84,16)
(85,15)1261131935(86,15)
(86,15)1220631843(87,15)
(88,15)226626321(89,15)
(89,15)417825716(90,15)
(89,15)600941483(89,16)
(90,15)762852545(91,15)
(91,15)885704226(92,15)
(92,15)779145480(93,15)
(93,15)1063762253(94,15)
(95,15)1442816450(95,16)
(96,15)703111113(96,16)
(97,15)1365245952(97,16)
(98,15)1168719758(98,16)
(99,15)1(99,16)
(0,16)1744582129(1,16)
(1,16)1006149777(2,16)
(1,16)652762922(1,17)
(3,16)883244599(4,16)
(3,16)396304676(3,17)
(4,16)622930997(5,16)
(6,16)99554980(7,16)
(7,16)663186922(8,16)
(7,16)1089523685(7,17)
(9,16)236894195(10,16)
(9,16)336146733(9,17)
(10,16)88937919(11,16)
(12,16)792049033(12,17)
(13,16)361086563(14,16)
(13,16)634901203(13,17)
(15,16)1253643403(15,17)
(17,16)665198587(18,16)
(17,16)745294748(17,17)
(19,16)916369157(20,16)
(20,16)885145621(21,16)
(21,16)618246588(21,17)
(22,16)984700601(22,17)
(23,16)157832544(24,16)
(23,16)57716392(23,17)
(24,16)393863125(25,16)
(25,16)394726739(25,17)
(26,16)482801045(26,17)
(27,16)407602271(27,17)
(28,16)899844755(28,17)
(30,16)742096396(31,16)
(30,16)769232972(30,17)
(31,16)93060951(32,16)
(31,16)633116854(31,17)
(32,16)501019074(32,17)
(33,16)758259539(33,17)
(34,16)159219078(35,16)
(34,16)372527378(34,17)
(36,16)1044364699(36,17)
(39,16)362227384(40,16)
(39,16)39414197(39,17)
(41,16)318484184(42,16)
(42,16)361094674(42,17)
(43,16)1260939429(44,16)
(44,16)802796503(44,17)
(45,16)7427665(45,17)
(46,16)640544520(47,16)
(47,16)177419078(48,16)
(48,16)275866318(49,16)
(49,16)243999853(50,16)
(49,16)163271947(49,17)
(50,16)435085396(50,17)
(51,16)233574005(51,17)
(52,16)438478940(52,17)
(55,16)1042664427(56,16)
(57,16)48197908(58,16)
(58,16)806999225(59,16)
(58,16)994445351(58,17)
(61,16)1221787682(61,17)
(62,16)739394461(63,16)
(66,16)158672207(67,16)
(66,16)823887835(66,17)
(67,16)782312622(67,17)
(69,16)634117309(69,17)
(70,16)368095227(71,16)
(71,16)1083409902(72,16)
(73,16)1(74,16)
(74,16)1(75,16)
(75,16)98967460(75,17)
(76,16)1320755142(77,16)
(77,16)1419452378(78,16)
(77,16)1205665406(77,17)
(78,16)800787320(79,16)
(79,16)927926734(80,16)
(80,16)559181182(80,17)
(81,16)230789261(81,17)
(82,16)1013101883(83,16)
(83,16)960670971(84,16)
(83,16)497952144(83,17)
(84,16)1132069453(85,16)
(85,16)257785627(86,16)
(87,16)954928582(88,16)
(88,16)325319692(89,16)
(89,16)813866947(90,16)
(90,16)618581192(90,17)
(91,16)80924047(92,16)
(91,16)454345869(91,17)
(92,16)676376790(92,17)
(93,16)589042745(94,16)
(94,16)453443504(95,16)
(94,16)313314947(94,17)
(95,16)872496129(96,16)
(97,16)515929924(98,16)
(97,16)108081498(97,17)
(98,16)1(99,16)
(98,16)1(98,17)
(0,17)1622339582(0,18)
(2,17)948149687(3,17)
(3,17)1073837090(3,18)
(4,17)1399156782(5,17)
(5,17)529223845(6,17)
(6,17)657988547(7,17)
(7,17)983569714(7,18)
(8,17)496097341(9,17)
(10,17)809412289(10,18)
(11,17)1292893913(11,18)
(12,17)893169005(13,17)
(12,17)1236607089(12,18)
(14,17)248539912(15,17)
(15,17)981401915(16,17)
(15,17)1081654261(15,18)
(16,17)207289954(17,17)
(17,17)929943489(18,17)
(17,17)714043476(17,18)
(18,17)1155439641(18,18)
(19,17)870796539(20,17)
(19,17)828172553(19,18)
(21,17)909808027(22,17)
(22,17)236106451(23,17)
(22,17)641044352(22,18)
(23,17)860986401(23,18)
(24,17)165057551(25,17)
(24,17)732203793(24,18)
(26,17)896744389(27,17)
(28,17)718547121(29,17)
(29,17)764232661(29,18)
(30,17)967087033(30,18)
(32,17)696937471(33,17)
(33,17)1061132870(34,17)
(34,17)416878788(35,17)
(34,17)337334389(34,18)
(36,17)399934593(36,18)
(37,17)1040978945(38,17)
(37,17)139212470(37,18)
(38,17)1000198871(39,17)
(39,17)5292743(40,17)
(39,17)868904986(39,18)
(40,17)472755462(41,17)
(42,17)475466029(43,17)
(43,17)99524277(43,18)
(44,17)863756938(45,17)
(45,17)13616536(46,17)
(45,17)13421679(45,18)
(46,17)562160213(46,18)
(47,17)467853441(48,17)
(47,17)819862930(47,18)
(48,17)408569166(49,17)
(48,17)693253145(48,18)
(50,17)825447954(50,18)
(51,17)259991977(51,18)
(52,17)399204447(53,17)
(52,17)350414571(52,18)
(53,17)118877844(53,18)
(54,17)987782831(55,17)
(55,17)417176092(56,17)
(56,17)1175705089(57,17)
(57,17)682554497(58,17)
(59,17)697700622(60,17)
(60,17)320802289(60,18)
(61,17)882962502(62,17)
(61,17)711317158(61,18)
(63,17)249990946(64,17)
(64,17)732318607(65,17)
(65,17)617713561(66,17)
(67,17)248681603(68,17)
(70,17)802273136(70,18)
(71,17)115327782(72,17)
(72,17)676686479(72,18)
(73,17)180373950(74,17)
(73,17)797882279(73,18)
(74,17)344882728(75,17)
(74,17)423437091(74,18)
(75,17)744239380(76,17)
(75,17)878074572(75,18)
(78,17)830534178(79,17)
(78,17)973088171(78,18)
(79,17)765353778(80,17)
(80,17)992612084(81,17)
(82,17)1078679801(83,17)
(82,17)385698894(82,18)
(83,17)177990151(84,17)
(84,17)893170106(84,18)
(85,17)1369684726(85,18)
(86,17)831071746(87,17)
(86,17)1082967935(86,18)
(88,17)461169656(89,17)
(89,17)73416930(90,17)
(90,17)670619288(91,17)
(92,17)297374545(93,17)
(92,17)112527370(92,18)
(93,17)1085615542(94,17)
(93,17)173399897(93,18)
(95,17)543277860(96,17)
(96,17)878045585(96,18)
(98,17)1(98,18)
(99,17)1441734631(99,18)
(0,18)910919272(0,19)
(1,18)458878867(2,18)
(1,18)663935709(1,19)
(3,18)122166244(3,19)
(4,18)583335900(5,18)
(4,18)1144987294(4,19)
(5,18)1218404225(6,18)
(6,18)12037404(7,18)
(8,18)185951433(9,18)
(8,18)124564775(8,19)
(9,18)126661774(9,19)
(10,18)12095274(11,18)
(11,18)913665989(11,19)
(12,18)890140859(12,19)
(13,18)6401691(14,18)
(14,18)1133283849(15,18)
(15,18)781403791(16,18)
(19,18)457099485(20,18)
(20,18)961496348(21,18)
(21,18)1187689440(22,18)
(22,18)973533752(22,19)
(23,18)1140951317(23,19)
(25,18)916408541(26,18)
(25,18)160795196(25,19)
(27,18)22365577(28,18)
(27,18)626062910(27,19)
(28,18)192631309(29,18)
(29,18)797681059(30,18)
(29,18)28767268(29,19)
(31,18)1312933707(32,18)
(32,18)671883861(33,18)
(33,18)753604164(34,18)
(34,18)709249473(35,18)
(36,18)738723712(37,18)
(37,18)496795926(38,18)
(38,18)155320663(38,19)
(40,18)1133920471(40,19)
(41,18)266145188(42,18)
(41,18)674277588(41,19)
(43,18)288510765(43,19)
(44,18)317278033(45,18)
(45,18)260061139(45,19)
(48,18)363546204(48,19)
(49,18)250395320(50,18)
(50,18)905014115(51,18)
(54,18)1250226646(55,18)
(54,18)674692682(54,19)
(56,18)83721478(57,18)
(56,18)858432648(56,19)
(58,18)215785459(59,18)
(59,18)729550136(60,18)
(60,18)1263541055(61,18)
(60,18)533063492(60,19)
(61,18)179761468(62,18)
(62,18)1237806832(63,18)
(62,18)955203398(62,19)
(64,18)962261882(65,18)
(64,18)163831452(64,19)
(66,18)1504690513(67,18)
(67,18)1105125459(67,19)
(68,18)760457652(69,18)
(68,18)165592167(68,19)
(69,18)840284849(70,18)
(69,18)1015105021(69,19)
(70,18)424548911(71,18)
(71,18)721633298(72,18)
(71,18)501414354(71,19)
(72,18)428689047(73,18)
(72,18)508270389(72,19)
(73,18)115249486(73,19)
(74,18)644474506(74,19)
(75,18)474398854(75,19)
(76,18)234786809(76,19)
(77,18)1189990207(78,18)
(78,18)477767236(79,18)
(78,18)965675493(78,19)
(79,18)1129506945(80,18)
(79,18)361256161(79,19)
(81,18)928612490(81,19)
(83,18)375867998(83,19)
(84,18)646711954(84,19)
(85,18)509912604(86,18)
(85,18)146001316(85,19)
(86,18)647415670(87,18)
(87,18)176308671(88,18)
(88,18)1346795388(89,18)
(90,18)395556243(91,18)
(90,18)318041142(90,19)
(91,18)552827951(92,18)
(92,18)123424904(92,19)
(94,18)438216630(94,19)
(95,18)71123695(95,19)
(96,18)999736185(97,18)
(97,18)890583569(97,19)
(98,18)1(98,19)
(99,18)332832524(99,19)
(0,19)509940939(1,19)
(1,19)478833840(1,20)
(2,19)1126249511(3,19)
(2,19)177979222(2,20)
(3,19)354287893(4,19)
(4,19)54870581(4,20)
(5,19)275445282(5,20)
(6,19)671001525(7,19)
(6,19)644030181(6,20)
(7,19)378599733(7,20)
(9,19)792192644(9,20)
(10,19)748783316(11,19)
(11,19)508027859(12,19)
(12,19)806903059(13,19)
(12,19)488291424(12,20)
(14,19)517579348(15,19)
(15,19)1078112340(16,19)
(16,19)179590197(17,19)
(17,19)1205499510(18,19)
(17,19)973243738(17,20)
(19,19)1360710289(20,19)
(20,19)278426429(20,20)
(21,19)922456610(22,19)
(22,19)358750563(22,20)
(24,19)764023739(25,19)
(25,19)336107417(26,19)
(25,19)889220172(25,20)
(26,19)696387046(27,19)
(27,19)844135276(27,20)
(28,19)95263057(29,19)
(30,19)1069778670(31,19)
(30,19)612842405(30,20)
(32,19)952572435(33,19)
(33,19)407724928(34,19)
(33,19)698378555(33,20)
(34,19)110682311(35,19)
(34,19)905009824(34,20)
(36,19)609628017(37,19)
(37,19)157181912(38,19)
(39,19)1310358905(39,20)
(40,19)52095429(41,19)
(40,19)694264051(40,20)
(41,19)59587459(42,19)
(42,19)568504902(43,19)
(42,19)748482475(42,20)
(43,19)104288933(44,19)
(44,19)663767959(44,20)
(45,19)1152988937(45,20)
(46,19)1132317634(47,19)
(46,19)204519627(46,20)
(47,19)769489410(47,20)
(48,19)1467867966(49,19)
(49,19)842416246(50,19)
(50,19)1482564994(51,19)
(51,19)1376981626(52,19)
(53,19)1534163538(53,20)
(54,19)697038796(55,19)
(55,19)461282430(56,19)
(56,19)1034245394(57,19)
(56,19)749134225(56,20)
(57,19)520869889(57,20)
(58,19)434072180(59,19)
(59,19)119034608(60,19)
(60,19)607410923(61,19)
(62,19)17650736(63,19)
(64,19)941351036(65,19)
(65,19)372067577(65,20)
(66,19)250436429(67,19)
(66,19)276432382(66,20)
(67,19)221141745(68,19)
(67,19)146083309(67,20)
(68,19)87214496(68,20)
(70,19)229801995(70,20)
(71,19)315515305(71,20)
(72,19)191909172(72,20)
(73,19)329069274(73,20)
(75,19)839270512(76,19)
(76,19)390902183(76,20)
(77,19)612603277(77,20)
(78,19)1179506139(78,20)
(79,19)517541193(80,19)
(80,19)633691926(80,20)
(81,19)910124309(82,19)
(82,19)135302431(82,20)
(83,19)222516928(84,19)
(84,19)1112973033(84,20)
(85,19)76749803(85,20)
(86,19)392265109(87,19)
(86,19)284201490(86,20)
(87,19)476110662(88,19)
(87,19)174227601(87,20)
(88,19)503296875(89,19)
(89,19)351624030(90,19)
(89,19)123286484(89,20)
(90,19)286788135(90,20)
(91,19)677690319(92,19)
(92,19)1051352317(92,20)
(93,19)83374809(94,19)
(94,19)173635837(95,19)
(95,19)600916002(95,20)
(96,19)58501840(96,20)
(97,19)1(98,19)
(97,19)1(97,20)
(99,19)416321199(99,20)
(0,20)1002491416(1,20)
(0,20)433258097(0,21)
(1,20)493071003(1,21)
(2,20)885336112(3,20)
(4,20)306073955(5,20)
(5,20)318126798(6,20)
(6,20)592862090(6,21)
(8,20)679455636(8,21)
(9,20)762830445(10,20)
(10,20)513390576(10,21)
(11,20)495437565(12,20)
(12,20)1251305327(13,20)
(12,20)16043851(12,21)
(13,20)209848123(14,20)
(14,20)571590391(14,21)
(15,20)1004848489(16,20)
(15,20)626169322(15,21)
(16,20)118570336(16,21)
(17,20)633397967(17,21)
(18,20)436175046(19,20)
(19,20)1020583163(19,21)
(20,20)759189568(21,20)
(20,20)742249001(20,21)
(21,20)141722355(21,21)
(22,20)387292887(22,21)
(23,20)458179853(23,21)
(24,20)242086027(25,20)
(24,20)668295561(24,21)
(26,20)1045841769(27,20)
(26,20)199628039(26,21)
(27,20)215671890(28,20)
(28,20)917248917(29,20)
(28,20)149663448(28,21)
(29,20)721253840(30,20)
(29,20)425520013(29,21)
(30,20)33327837(30,21)
(31,20)151898173(32,20)
(32,20)212016648(33,20)
(32,20)23446013(32,21)
(34,20)430260931(35,20)
(34,20)648191694(34,21)
(36,20)1189450499(36,21)
(37,20)578068140(37,21)
(38,20)1036247993(39,20)
(39,20)17412324(40,20)
(39,20)496008263(39,21)
(40,20)178103584(41,20)
(42,20)728738516(43,20)
(46,20)1023359652(46,21)
(47,20)1046805665(48,20)
(49,20)386206018(50,20)
(49,20)927344468(49,21)
(50,20)631478828(51,20)
(51,20)713118994(52,20)
(52,20)207231206(53,20)
(52,20)477335543(52,21)
(53,20)142378733(53,21)
(54,20)638386996(55,20)
(55,20)374329572(56,20)
(56,20)816490580(56,21)
(58,20)1398441935(59,20)
(59,20)1270205395(60,20)
(59,20)1266561089(59,21)
(60,20)1213940083(61,20)
(61,20)245988255(62,20)
(61,20)802037018(61,21)
(62,20)485766814(63,20)
(62,20)739937759(62,21)
(63,20)477952082(64,20)
(64,20)72654741(65,20)
(66,20)704133569(66,21)
(68,20)700552372(68,21)
(69,20)1007921419(69,21)
(70,20)596727595(70,21)
(71,20)170877496(71,21)
(74,20)425247903(75,20)
(75,20)496756019(76,20)
(75,20)641688852(75,21)
(77,20)231642098(78,20)
(77,20)742744274(77,21)
(79,20)709594180(79,21)
(81,20)664842857(82,20)
(81,20)611509936(81,21)
(82,20)427471802(83,20)
(83,20)620142172(84,20)
(84,20)706749741(85,20)
(84,20)385812402(84,21)
(85,20)416690096(85,21)
(87,20)248274525(87,21)
(88,20)463253073(88,21)
(89,20)677284744(89,21)
(91,20)86652860(91,21)
(92,20)829397134(93,20)
(92,20)615215820(92,21)
(93,20)397224857(94,20)
(94,20)1(95,20)
(94,20)1(94,21)
(95,20)1(96,20)
(96,20)1(97,20)
(98,20)797390011(98,21)
(99,20)231150465(99,21)
(1,21)18258763(2,21)
(1,21)647840561(1,22)
(3,21)317951672(4,21)
(3,21)266533288(3,22)
(5,21)995236417(5,22)
(6,21)166726366(7,21)
(7,21)977101102(8,21)
(8,21)57124416(9,21)
(8,21)781942186(8,22)
(9,21)532656783(9,22)
(10,21)797806644(11,21)
(10,21)774576097(10,22)
(12,21)489225138(12,22)
(13,21)100233431(14,21)
(13,21)648257243(13,22)
(15,21)331383897(15,22)
(16,21)979224458(17,21)
(17,21)303338016(18,21)
(18,21)67148964(18,22)
(19,21)621289689(19,22)
(21,21)604592854(22,21)
(21,21)906884613(21,22)
(22,21)134611894(23,21)
(23,21)417711010(24,21)
(24,21)191736310(24,22)
(25,21)966312407(26,21)
(26,21)386969722(27,21)
(26,21)764673736(26,22)
(27,21)271565825(27,22)
(30,21)462428810(30,22)
(31,21)644981791(31,22)
(32,21)517257013(32,22)
(33,21)584405977(34,21)
(34,21)530760499(35,21)
(35,21)33158897(36,21)
(35,21)202732521(35,22)
(37,21)637751751(37,22)
(38,21)71962060(39,21)
(39,21)53282791(39,22)
(40,21)38829152(40,22)
(41,21)803502888(42,21)
(41,21)254794099(41,22)
(42,21)526359924(43,21)
(44,21)1264050420(45,21)
(45,21)1088489655(45,22)
(46,21)802082974(46,22)
(47,21)1319339987(48,21)
(48,21)1389830654(48,22)
(49,21)324100569(50,21)
(51,21)357259466(51,22)
(53,21)165357354(54,21)
(54,21)1066973278(54,22)
(55,21)1105802430(56,21)
(56,21)1146310634(56,22)
(57,21)1035957553(58,21)
(58,21)234993068(58,22)
(59,21)472584071(59,22)
(60,21)935790205(60,22)
(62,21)809565163(63,21)
(63,21)389408531(64,21)
(63,21)909729519(63,22)
(64,21)665991836(65,21)
(64,21)86296922(64,22)
(65,21)713509100(65,22)
(66,21)1070768566(67,21)
(66,21)624986675(66,22)
(69,21)985269413(70,21)
(70,21)787584831(70,22)
(72,21)1021428192(72,22)
(73,21)1256421260(74,21)
(73,21)822369370(73,22)
(75,21)312939858(76,21)
(75,21)790113673(75,22)
(76,21)84934240(77,21)
(76,21)708543520(76,22)
(78,21)813058909(79,21)
(79,21)97529928(79,22)
(80,21)811039028(81,21)
(81,21)874585507(81,22)
(82,21)575669904(83,21)
(83,21)1650152421(83,22)
(85,21)507206130(86,21)
(85,21)637889495(85,22)
(86,21)526936174(86,22)
(87,21)293617947(87,22)
(88,21)286887558(88,22)
(89,21)657301979(89,22)
(90,21)263457112(90,22)
(91,21)972000632(92,21)
(93,21)1(94,21)
(93,21)1(93,22)
(94,21)777651957(95,21)
(95,21)24932466(96,21)
(97,21)1323014931(98,21)
(98,21)562933736(98,22)
(99,21)975635013(99,22)
(0,22)845779787(1,22)
(0,22)282555035(0,23)
(1,22)789761165(2,22)
(2,22)47518551(3,22)
(3,22)773596680(4,22)
(3,22)1083379112(3,23)
(4,22)51882782(5,22)
(4,22)334406109(4,23)
(6,22)730830663(7,22)
(6,22)315339894(6,23)
(8,22)115696907(8,23)
(9,22)395062554(10,22)
(10,22)597630866(11,22)
(10,22)549092214(10,23)
(11,22)574024680(12,22)
(12,22)38838203(12,23)
(13,22)555510919(13,23)
(14,22)39665931(15,22)
(14,22)57938449(14,23)
(15,22)340493484(16,22)
(16,22)885445718(16,23)
(17,22)110678032(18,22)
(18,22)66150113(19,22)
(19,22)37970020(20,22)
(19,22)884274712(19,23)
(20,22)167689723(21,22)
(20,22)118032896(20,23)
(21,22)433372790(22,22)
(21,22)36413339(21,23)
(22,22)11833727(23,22)
(22,22)898520386(22,23)
(25,22)416652788(26,22)
(27,22)29677647(28,22)
(27,22)990677469(27,23)
(28,22)412025440(28,23)
(29,22)469963889(30,22)
(31,22)323816390(32,22)
(31,22)810457373(31,23)
(33,22)941144553(34,22)
(33,22)434494422(33,23)
(36,22)1015527913(37,22)
(37,22)237495595(38,22)
(37,22)410784174(37,23)
(38,22)1027361640(38,23)
(39,22)894922214(40,22)
(40,22)513509088(41,22)
(42,22)154768824(43,22)
(42,22)1430529815(42,23)
(44,22)789270295(45,22)
(45,22)165035496(45,23)
(46,22)975492869(47,22)
(46,22)223321930(46,23)
(48,22)768721243(48,23)
(49,22)628099731(50,22)
(49,22)254563478(49,23)
(50,22)1233678051(51,22)
(51,22)407899393(52,22)
(52,22)1016295288(53,22)
(52,22)101722316(52,23)
(53,22)645394989(53,23)
(54,22)1000309132(54,23)
(55,22)377531553(56,22)
(56,22)1188097526(57,22)
(56,22)263133317(56,23)
(58,22)1290816580(59,22)
(59,22)896339915(60,22)
(61,22)155925157(62,22)
(62,22)381779458(62,23)
(65,22)22924012(66,22)
(66,22)236627899(67,22)
(67,22)1059307928(68,22)
(67,22)430823405(67,23)
(69,22)105748672(70,22)
(69,22)40908237(69,23)
(71,22)483280225(71,23)
(72,22)228873644(73,22)
(73,22)300910989(74,22)
(73,22)635155426(73,23)
(74,22)1519690224(74,23)
(75,22)1197250904(75,23)
(76,22)1085435056(77,22)
(78,22)289279834(78,23)
(79,22)814973268(79,23)
(80,22)446090053(81,22)
(80,22)801470251(80,23)
(82,22)682717953(82,23)
(83,22)670880143(83,23)
(84,22)711788380(85,22)
(84,22)773245474(84,23)
(86,22)377186390(87,22)
(86,22)629219140(86,23)
(87,22)540580392(87,23)
(88,22)606060035(88,23)
(90,22)1052142337(90,23)
(91,22)334835445(92,22)
(92,22)891295025(93,22)
(92,22)23377081(92,23)
(93,22)1(94,22)
(94,22)1(95,22)
(95,22)1(96,22)
(96,22)1(97,22)
(97,22)1(97,23)
(98,22)905296678(99,22)
(98,22)666650981(98,23)
(1,23)891500906(2,23)
(2,23)98820550(2,24)
(3,23)1432081298(3,24)
(4,23)460333468(5,23)
(4,23)460915722(4,24)
(5,23)439182334(6,23)
(6,23)659684772(7,23)
(8,23)613553774(9,23)
(8,23)683061854(8,24)
(10,23)513416896(11,23)
(10,23)434927843(10,24)
(11,23)551655348(11,24)
(14,23)50001728(15,23)
(14,23)40446582(14,24)
(16,23)630826298(17,23)
(17,23)224360296(17,24)
(18,23)485681985(18,24)
(22,23)1108038791(23,23)
(23,23)221513744(24,23)
(24,23)880730439(25,23)
(25,23)9036761(26,23)
(28,23)211513974(29,23)
(29,23)442362138(29,24)
(30,23)261515702(30,24)
(31,23)515989436(31,24)
(32,23)740349732(33,23)
(32,23)78861789(32,24)
(33,23)564543775(34,23)
(34,23)851534195(35,23)
(34,23)249307678(34,24)
(35,23)218599093(36,23)
(36,23)749437877(37,23)
(38,23)734477489(39,23)
(40,23)707499460(41,23)
(41,23)861871616(42,23)
(42,23)359947623(43,23)
(42,23)328903675(42,24)
(44,23)177202024(45,23)
(44,23)571461597(44,24)
(45,23)832977299(46,23)
(45,23)507233537(45,24)
(47,23)614096139(47,24)
(48,23)13638668(49,23)
(49,23)268643080(49,24)
(50,23)865172863(50,24)
(51,23)595474175(52,23)
(51,23)83995830(51,24)
(52,23)381738792(52,24)
(53,23)91731813(54,23)
(54,23)1501977972(55,23)
(54,23)371355985(54,24)
(56,23)61993785(56,24)
(57,23)390897460(58,23)
(57,23)700951882(57,24)
(58,23)435791768(59,23)
(60,23)222234488(61,23)
(60,23)612993793(60,24)
(61,23)238231309(62,23)
(61,23)433358971(61,24)
(63,23)861546521(64,23)
(64,23)210973695(65,23)
(65,23)726943258(65,24)
(66,23)810939088(67,23)
(67,23)225013403(68,23)
(67,23)374257169(67,24)
(68,23)238484547(69,23)
(68,23)447817583(68,24)
(69,23)819173568(70,23)
(69,23)316745216(69,24)
(71,23)658253834(71,24)
(72,23)509035066(72,24)
(73,23)45870117(73,24)
(75,23)260507630(76,23)
(77,23)498738939(77,24)
(78,23)441069554(79,23)
(78,23)619150895(78,24)
(80,23)669569150(81,23)
(80,23)652043249(80,24)
(81,23)495317859(82,23)
(83,23)720331262(83,24)
(84,23)1037076478(85,23)
(85,23)600015742(85,24)
(86,23)729655446(86,24)
(88,23)469991645(88,24)
(89,23)117505483(90,23)
(89,23)776645653(89,24)
(91,23)1109567656(92,23)
(91,23)378013113(91,24)
(92,23)876752053(93,23)
(93,23)105829146(94,23)
(93,23)190647027(93,24)
(94,23)133272919(95,23)
(94,23)1317821607(94,24)
(96,23)802842069(96,24)
(97,23)135866659(98,23)
(97,23)1(97,24)
(98,23)1038030330(99,23)
(0,24)707704769(0,25)
(1,24)224969378(2,24)
(1,24)516724574(1,25)
(2,24)657278606(2,25)
(4,24)97502148(4,25)
(5,24)215007631(6,24)
(5,24)525131124(5,25)
(6,24)440113591(7,24)
(7,24)851343784(8,24)
(7,24)593020745(7,25)
(9,24)32620988(10,24)
(10,24)640110757(10,25)
(11,24)462491965(12,24)
(12,24)768829003(13,24)
(13,24)780191032(13,25)
(15,24)112469155(16,24)
(16,24)399922217(17,24)
(17,24)255639481(18,24)
(17,24)337438534(17,25)
(18,24)27432720(18,25)
(19,24)124934868(20,24)
(19,24)4124952(19,25)
(20,24)497442855(20,25)
(21,24)239218983(22,24)
(21,24)339942500(21,25)
(22,24)932963245(23,24)
(22,24)969369668(22,25)
(23,24)896161510(24,24)
(24,24)255252395(24,25)
(25,24)895363152(26,24)
(25,24)928782498(25,25)
(26,24)599993660(27,24)
(27,24)990955811(28,24)
(29,24)773587049(30,24)
(30,24)840642264(31,24)
(31,24)886056205(31,25)
(32,24)1223494739(33,24)
(34,24)958139918(34,25)
(35,24)1392932069(35,25)
(36,24)48681602(36,25)
(37,24)1018051270(38,24)
(38,24)637880876(39,24)
(38,24)518354166(38,25)
(39,24)773606561(40,24)
(40,24)695511630(41,24)
(40,24)622950807(40,25)
(42,24)879341182(43,24)
(43,24)516844305(44,24)
(43,24)626756631(43,25)
(44,24)869903684(44,25)
(45,24)531203900(46,24)
(46,24)29003912(47,24)
(46,24)277359868(46,25)
(48,24)1252498651(48,25)
(49,24)63154921(50,24)
(49,24)638437902(49,25)
(50,24)973074736(50,25)
(52,24)1066055803(53,24)
(55,24)179403839(56,24)
(56,24)282724039(57,24)
(56,24)354564723(56,25)
(58,24)441961289(59,24)
(58,24)1162065221(58,25)
(59,24)19430671(59,25)
(61,24)156038762(62,24)
(61,24)415689157(61,25)
(62,24)206554148(63,24)
(63,24)443880941(64,24)
(64,24)164917366(65,24)
(65,24)485794448(66,24)
(66,24)48803690(66,25)
(68,24)944345712(68,25)
(69,24)500798744(70,24)
(70,24)266950321(71,24)
(71,24)680202583(71,25)
(72,24)495407241(73,24)
(72,24)549674360(72,25)
(74,24)935509599(75,24)
(74,24)937368531(74,25)
(75,24)816047425(76,24)
(76,24)97887977(76,25)
(77,24)972086187(77,25)
(78,24)498565651(79,24)
(78,24)70984497(78,25)
(80,24)240187070(81,24)
(80,24)663483018(80,25)
(81,24)712286708(82,24)
(81,24)69498658(81,25)
(82,24)118476979(82,25)
(83,24)230367644(83,25)
(84,24)829440544(84,25)
(86,24)96340370(87,24)
(86,24)3030314(86,25)
(87,24)552704674(88,24)
(88,24)591747611(88,25)
(89,24)116960608(89,25)
(90,24)858482179(90,25)
(91,24)956370157(92,24)
(91,24)197679919(91,25)
(93,24)245640424(93,25)
(95,24)184331128(96,24)
(96,24)218978703(96,25)
(97,24)1(98,24)
(98,24)1126985481(99,24)
(98,24)1(98,25)
(99,24)1400278373(99,25)
(0,25)863065474(1,25)
(1,25)816416160(1,26)
(3,25)308587891(3,26)
(4,25)231560471(5,25)
(5,25)886136636(6,25)
(8,25)106099015(9,25)
(9,25)32711666(10,25)
(9,25)144569584(9,26)
(10,25)123361217(11,25)
(12,25)419335684(13,25)
(12,25)342339921(12,26)
(13,25)679795603(14,25)
(13,25)707896091(13,26)
(15,25)564030499(16,25)
(16,25)749006489(17,25)
(16,25)550463398(16,26)
(18,25)26828982(19,25)
(19,25)687876001(19,26)
(20,25)76153424(21,25)
(20,25)258389454(20,26)
(22,25)841253058(23,25)
(24,25)947352073(24,26)
(25,25)574299199(26,25)
(26,25)859455504(27,25)
(27,25)385577453(27,26)
(28,25)1093473544(29,25)
(29,25)282012184(30,25)
(29,25)389943943(29,26)
(30,25)322534272(31,25)
(30,25)780871468(30,26)
(32,25)564283774(33,25)
(33,25)585820134(34,25)
(33,25)600410405(33,26)
(34,25)1288286406(35,25)
(34,25)591112756(34,26)
(35,25)849502210(36,25)
(37,25)394572477(38,25)
(37,25)50450667(37,26)
(38,25)55809561(38,26)
(39,25)1003161634(40,25)
(40,25)542259134(40,26)
(41,25)1577460833(41,26)
(42,25)410194982(42,26)
(44,25)10159836(45,25)
(44,25)909028182(44,26)
(46,25)669557389(47,25)
(46,25)332694109(46,26)
(48,25)1233841163(48,26)
(50,25)614964034(50,26)
(51,25)526972482(51,26)
(52,25)577423150(53,25)
(52,25)661731507(52,26)
(53,25)717541068(54,25)
(53,25)226492694(53,26)
(54,25)182792838(55,25)
(55,25)270010568(56,25)
(56,25)1150679888(57,25)
(57,25)143727298(58,25)
(57,25)180078121(57,26)
(58,25)966234527(58,26)
(60,25)1656228175(61,25)
(61,25)143147960(62,25)
(62,25)143945934(63,25)
(62,25)178301917(62,26)
(64,25)1389954188(65,25)
(65,25)85587596(66,25)
(67,25)1351377052(68,25)
(68,25)144000506(69,25)
(68,25)46525337(68,26)
(70,25)326793345(70,26)
(71,25)60325661(72,25)
(71,25)44287340(71,26)
(72,25)224365461(73,25)
(72,25)645333416(72,26)
(73,25)204052960(73,26)
(74,25)24659476(74,26)
(75,25)1339347005(75,26)
(76,25)609542069(77,25)
(78,25)753488004(78,26)
(79,25)224111566(80,25)
(80,25)768114658(80,26)
(81,25)309699162(81,26)
(82,25)227206974(83,25)
(83,25)661653607(83,26)
(84,25)583088080(85,25)
(84,25)371207481(84,26)
(85,25)698000826(86,25)
(86,25)77741608(86,26)
(87,25)723075025(88,25)
(89,25)187159320(89,26)
(90,25)851662228(90,26)
(91,25)249689537(92,25)
(93,25)742052751(94,25)
(94,25)814491068(95,25)
(94,25)852837315(94,26)
(95,25)966164317(95,26)
(96,25)745093079(96,26)
(97,25)1(98,25)
(97,25)1(97,26)
(0,26)28486568(1,26)
(1,26)424795112(2,26)
(1,26)959016765(1,27)
(2,26)223810411(3,26)
(2,26)106228177(2,27)
(3,26)829303202(4,26)
(5,26)1016462522(5,27)
(6,26)395485200(7,26)
(6,26)849679628(6,27)
(7,26)723203660(7,27)
(8,26)50396858(9,26)
(8,26)384049947(8,27)
(10,26)903234173(10,27)
(11,26)376702499(12,26)
(12,26)337488427(12,27)
(13,26)482285703(14,26)
(14,26)753329515(15,26)
(14,26)576233651(14,27)
(15,26)303027938(16,26)
(15,26)73312514(15,27)
(17,26)888044261(18,26)
(17,26)727823050(17,27)
(20,26)586326337(21,26)
(21,26)611158030(22,26)
(21,26)195897311(21,27)
(22,26)919100971(23,26)
(24,26)488431474(25,26)
(24,26)969497829(24,27)
(25,26)344480534(25,27)
(26,26)80826822(26,27)
(27,26)418315249(28,26)
(27,26)101950854(27,27)
(29,26)900600953(29,27)
(30,26)15727749(30,27)
(31,26)797543833(32,26)
(31,26)241688689(31,27)
(32,26)969511739(33,26)
(34,26)732972742(34,27)
(35,26)494451144(36,26)
(36,26)132421661(37,26)
(37,26)1105609174(37,27)
(38,26)668652721(39,26)
(38,26)1051522633(38,27)
(40,26)238964507(41,26)
(40,26)1157084195(40,27)
(41,26)1237911018(42,26)
(42,26)528228408(42,27)
(43,26)1656226267(43,27)
(44,26)409343572(45,26)
(44,26)1110617905(44,27)
(46,26)71004948(47,26)
(48,26)1040516687(48,27)
(49,26)209431280(49,27)
(50,26)145955631(51,26)
(50,26)569962194(50,27)
(51,26)264256792(52,26)
(51,26)120456925(51,27)
(52,26)278377292(52,27)
(54,26)834846901(55,26)
(55,26)904319368(56,26)
(56,26)802221909(57,26)
(58,26)502957933(58,27)
(59,26)1492695324(59,27)
(60,26)1322011583(61,26)
(61,26)592437844(61,27)
(62,26)368843683(63,26)
(63,26)286049571(64,26)
(63,26)390622461(63,27)
(64,26)600053741(65,26)
(65,26)253316162(66,26)
(66,26)32512278(67,26)
(67,26)1024386665(68,26)
(67,26)517572954(67,27)
(69,26)206802942(69,27)
(70,26)145299136(70,27)
(72,26)64977944(72,27)
(73,26)567935877(74,26)
(74,26)18878389(75,26)
(75,26)34028067(75,27)
(76,26)626465911(77,26)
(77,26)586422856(78,26)
(77,26)469808265(77,27)
(78,26)860430726(79,26)
(79,26)678663562(80,26)
(81,26)59010192(82,26)
(82,26)817040057(82,27)
(84,26)760004913(84,27)
(85,26)905304049(86,26)
(86,26)696597607(87,26)
(86,26)552955834(86,27)
(87,26)617933778(88,26)
(88,26)650597658(89,26)
(88,26)453993615(88,27)
(90,26)669476047(90,27)
(91,26)1036080924(91,27)
(92,26)1505889189(93,26)
(93,26)449305227(93,27)
(94,26)218836268(94,27)
(96,26)157349217(97,26)
(97,26)1(98,26)
(98,26)1(99,26)
(99,26)1(99,27)
(0,27)219423161(0,28)
(2,27)187058926(3,27)
(2,27)369916124(2,28)
(3,27)987849903(4,27)
(4,27)641052541(4,28)
(5,27)355931522(6,27)
(5,27)26235910(5,28)
(6,27)274248213(6,28)
(7,27)137130585(8,27)
(8,27)750417987(9,27)
(8,27)945013618(8,28)
(9,27)586435812(9,28)
(10,27)969254255(10,28)
(11,27)501091343(12,27)
(11,27)864572691(11,28)
(13,27)495413448(14,27)
(13,27)91938624(13,28)
(14,27)481340157(14,28)
(15,27)700763318(16,27)
(15,27)1199410079(15,28)
(16,27)689871398(17,27)
(16,27)583143052(16,28)
(17,27)953059176(18,27)
(18,27)779665038(19,27)
(18,27)876930325(18,28)
(20,27)384437204(20,28)
(21,27)658685418(22,27)
(22,27)1065794975(22,28)
(23,27)795816003(23,28)
(25,27)690631781(26,27)
(26,27)219617187(27,27)
(27,27)862533239(28,27)
(28,27)1241539096(28,28)
(30,27)409873119(31,27)
(31,27)485503915(32,27)
(31,27)276158923(31,28)
(33,27)1438563091(33,28)
(34,27)1231988523(35,27)
(34,27)733830843(34,28)
(35,27)1118268047(36,27)
(36,27)1073604801(37,27)
(36,27)1051649865(36,28)
(38,27)425285820(39,27)
(38,27)44564340(38,28)
(41,27)803035622(42,27)
(41,27)456573647(41,28)
(43,27)649486916(44,27)
(44,27)876031902(45,27)
(44,27)784474873(44,28)
(45,27)686835736(46,27)
(45,27)224882521(45,28)
(46,27)501041444(47,27)
(47,27)238165890(48,27)
(47,27)1172339651(47,28)
(48,27)455207249(48,28)
(49,27)67357085(49,28)
(51,27)159822492(51,28)
(53,27)385216639(54,27)
(54,27)402821164(55,27)
(54,27)214578130(54,28)
(55,27)151158505(55,28)
(56,27)607732153(57,27)
(57,27)677667740(57,28)
(58,27)195752954(59,27)
(58,27)108545277(58,28)
(59,27)893020151(60,27)
(60,27)1071784856(60,28)
(61,27)210206229(62,27)
(62,27)604711891(63,27)
(62,27)374510499(62,28)
(63,27)448372120(63,28)
(64,27)515729205(65,27)
(65,27)616054956(66,27)
(66,27)31094685(67,27)
(67,27)123429002(68,27)
(69,27)34965124(70,27)
(69,27)508645642(69,28)
(70,27)659804147(71,27)
(70,27)40501334(70,28)
(72,27)587264983(73,27)
(73,27)778236397(73,28)
(74,27)426822931(75,27)
(75,27)121618081(75,28)
(76,27)300291985(76,28)
(77,27)674802484(78,27)
(78,27)365897495(79,27)
(78,27)158702211(78,28)
(80,27)881626700(80,28)
(81,27)664403403(82,27)
(83,27)787832406(83,28)
(84,27)548713466(84,28)
(85,27)589214801(86,27)
(87,27)1076334848(88,27)
(87,27)220867933(87,28)
(88,27)999104330(89,27)
(89,27)394635745(90,27)
(89,27)304932778(89,28)
(90,27)426550859(91,27)
(90,27)1425927261(90,28)
(91,27)101954891(91,28)
(92,27)19480266(93,27)
(93,27)139243391(94,27)
(93,27)253538083(93,28)
(94,27)385377762(94,28)
(95,27)1267004462(96,27)
(96,27)1(97,27)
(96,27)1(96,28)
(97,27)1(98,27)
(98,27)1(99,27)
(0,28)373744209(0,29)
(1,28)962959010(2,28)
(1,28)587800245(1,29)
(2,28)1677033219(2,29)
(3,28)605884419(4,28)
(3,28)1183826943(3,29)
(4,28)35447625(5,28)
(4,28)1371254525(4,29)
(5,28)910817197(5,29)
(7,28)1040110486(8,28)
(9,28)1293648569(9,29)
(10,28)125219541(10,29)
(11,28)1392224004(12,28)
(11,28)675745567(11,29)
(13,28)1176148222(13,29)
(14,28)1562257404(14,29)
(15,28)1461921905(15,29)
(17,28)998205441(18,28)
(17,28)751476975(17,29)
(19,28)885646096(20,28)
(20,28)367423410(21,28)
(21,28)504052718(21,29)
(22,28)224414231(23,28)
(23,28)875217055(24,28)
(23,28)177269620(23,29)
(25,28)89475552(26,28)
(25,28)184886034(25,29)
(26,28)860631601(27,28)
(26,28)227657780(26,29)
(27,28)1481699556(27,29)
(28,28)510364130(29,28)
(28,28)450374615(28,29)
(30,28)110785328(30,29)
(31,28)1801149984(31,29)
(32,28)405143311(33,28)
(33,28)838193685(34,28)
(33,28)430162992(33,29)
(34,28)192963581(34,29)
(35,28)16231476(36,28)
(36,28)80408852(37,28)
(36,28)254192615(36,29)
(37,28)1300874259(37,29)
(38,28)304823083(38,29)
(39,28)269079094(40,28)
(39,28)686717489(39,29)
(40,28)871603523(41,28)
(40,28)801578421(40,29)
(41,28)1029236201(42,28)
(41,28)358554647(41,29)
(43,28)35126092(44,28)
(44,28)203134686(44,29)
(45,28)313920014(46,28)
(46,28)233722336(46,29)
(48,28)176040557(49,28)
(49,28)152047691(50,28)
(49,28)248234486(49,29)
(50,28)62809762(50,29)
(51,28)317002377(52,28)
(51,28)168279167(51,29)
(53,28)209822555(54,28)
(53,28)128502812(53,29)
(55,28)478901650(55,29)
(56,28)837456297(57,28)
(57,28)483144633(57,29)
(58,28)530226852(58,29)
(59,28)733361538(60,28)
(59,28)1306701394(59,29)
(60,28)295304023(60,29)
(61,28)529026359(62,28)
(61,28)1047281553(61,29)
(62,28)760916656(62,29)
(63,28)720000766(64,28)
(64,28)187301647(65,28)
(64,28)969199675(64,29)
(65,28)872048457(65,29)
(66,28)1040327624(67,28)
(66,28)11892267(66,29)
(68,28)361997403(68,29)
(69,28)126714295(69,29)
(70,28)605615945(71,28)
(70,28)145251280(70,29)
(71,28)615719492(71,29)
(72,28)1098864125(73,28)
(74,28)115384505(75,28)
(74,28)434525776(74,29)
(75,28)729829800(76,28)
(75,28)559176985(75,29)
(77,28)1258856159(77,29)
(78,28)252134008(78,29)
(79,28)1221333683(80,28)
(79,28)655794136(79,29)
(81,28)105859472(81,29)
(82,28)420686569(82,29)
(83,28)782683972(84,28)
(84,28)784902265(84,29)
(85,28)930153545(86,28)
(86,28)412730878(87,28)
(87,28)1341927809(88,28)
(87,28)614745002(87,29)
(89,28)1167743255(89,29)
(91,28)861172980(92,28)
(91,28)528466932(91,29)
(93,28)796966350(93,29)
(95,28)75504084(96,28)
(95,28)511879173(95,29)
(96,28)617738645(97,28)
(96,28)1(96,29)
(97,28)1253806000(98,28)
(98,28)639146646(99,28)
(0,29)710028549(1,29)
(5,29)98748588(6,29)
(6,29)107443448(7,29)
(7,29)1173169644(8,29)
(10,29)193429252(11,29)
(12,29)1217167827(13,29)
(16,29)958760975(17,29)
(18,29)727823509(19,29)
(19,29)249306465(20,29)
(20,29)267566215(21,29)
(21,29)33100347(22,29)
(22,29)761185639(23,29)
(23,29)343070299(24,29)
(24,29)866219778(25,29)
(28,29)1304050568(29,29)
(29,29)307354617(30,29)
(32,29)239740886(33,29)
(35,29)70982721(36,29)
(42,29)518155422(43,29)
(43,29)214776751(44,29)
(45,29)308119430(46,29)
(46,29)145633910(47,29)
(47,29)21724789(48,29)
(50,29)271031255(51,29)
(51,29)5489097(52,29)
(52,29)906557766(53,29)
(54,29)348559397(55,29)
(56,29)263657530(57,29)
(57,29)16767368(58,29)
(60,29)324121985(61,29)
(63,29)563862871(64,29)
(65,29)793597484(66,29)
(66,29)634845593(67,29)
(67,29)800749051(68,29)
(68,29)260334847(69,29)
(72,29)1169095929(73,29)
(73,29)428079172(74,29)
(75,29)232059743(76,29)
(76,29)736198602(77,29)
(78,29)253784533(79,29)
(79,29)474121484(80,29)
(80,29)491811853(81,29)
(81,29)524815788(82,29)
(82,29)479610582(83,29)
(85,29)828169979(86,29)
(86,29)1023663516(87,29)
(88,29)844937347(89,29)
(89,29)621499543(90,29)
(92,29)80884026(93,29)
(93,29)527734584(94,29)
(96,29)1(97,29)
(97,29)1(98,29)
(98,29)1(99,29)
