17 200
(0,0)1177220057(0,1)
(1,0)542653442(2,0)
(1,0)708351959(1,1)
(3,0)615503814(3,1)
(4,0)270741611(4,1)
(5,0)309577175(5,1)
(6,0)152526327(7,0)
(7,0)183158772(8,0)
(8,0)1053250594(9,0)
(9,0)227783239(10,0)
(10,0)585373693(11,0)
(10,0)789163735(10,1)
(12,0)273044490(13,0)
(12,0)489461291(12,1)
(14,0)937134762(15,0)
(14,0)1181863954(14,1)
(15,0)211600364(16,0)
(15,0)414325353(15,1)
(16,0)876777740(16,1)
(0,1)754253806(1,1)
(1,1)591131690(2,1)
(2,1)989676093(3,1)
(3,1)861873301(3,2)
(4,1)66744796(5,1)
(4,1)1299253268(4,2)
(6,1)1363601697(6,2)
(7,1)269368643(8,1)
(7,1)768063491(7,2)
(8,1)995846731(9,1)
(9,1)1058532378(9,2)
(10,1)222087736(11,1)
(10,1)264012068(10,2)
(11,1)537056558(12,1)
(11,1)386739209(11,2)
(13,1)299009383(14,1)
(16,1)537291035(16,2)
(0,2)1680623034(1,2)
(0,2)716165331(0,3)
(2,2)395012687(2,3)
(3,2)461757483(4,2)
(3,2)857611045(3,3)
(4,2)161906993(5,2)
(5,2)487883151(6,2)
(6,2)929970484(6,3)
(8,2)1005776553(8,3)
(9,2)42345636(9,3)
(10,2)83804503(10,3)
(11,2)589738910(11,3)
(12,2)888748294(13,2)
(12,2)150839059(12,3)
(14,2)692598556(15,2)
(15,2)633217101(16,2)
(15,2)471167323(15,3)
(16,2)225737942(16,3)
(0,3)191574878(1,3)
(0,3)230732331(0,4)
(1,3)620750629(1,4)
(2,3)1049185923(2,4)
(3,3)1065900454(3,4)
(4,3)760383644(4,4)
(5,3)707627819(6,3)
(7,3)1050636274(8,3)
(8,3)793785013(9,3)
(9,3)393661150(10,3)
(10,3)1383523924(10,4)
(11,3)124788570(12,3)
(11,3)544500210(11,4)
(12,3)478376498(13,3)
(12,3)373841171(12,4)
(13,3)41840340(13,4)
(14,3)675057441(15,3)
(14,3)949543822(14,4)
(15,3)1292177670(15,4)
(16,3)866632319(16,4)
(1,4)847952764(2,4)
(2,4)979427510(3,4)
(2,4)68801364(2,5)
(4,4)168480580(5,4)
(4,4)973007263(4,5)
(5,4)744920583(6,4)
(5,4)828672302(5,5)
(7,4)528186318(8,4)
(7,4)559179539(7,5)
(8,4)952840689(9,4)
(8,4)866265706(8,5)
(13,4)605912945(14,4)
(13,4)777777572(13,5)
(14,4)74490937(14,5)
(0,5)687888353(1,5)
(0,5)1240879859(0,6)
(1,5)72823722(2,5)
(2,5)504857320(3,5)
(2,5)148741113(2,6)
(3,5)317221693(4,5)
(3,5)1045830985(3,6)
(5,5)1065354551(6,5)
(5,5)51622998(5,6)
(6,5)579809316(7,5)
(6,5)202447459(6,6)
(8,5)344035910(8,6)
(9,5)233051074(10,5)
(9,5)505145400(9,6)
(10,5)333379150(11,5)
(11,5)66806730(12,5)
(11,5)163906578(11,6)
(12,5)769819523(13,5)
(12,5)1111156722(12,6)
(13,5)141297668(13,6)
(14,5)94881140(14,6)
(15,5)1335761000(16,5)
(16,5)669121610(16,6)
(0,6)764953784(0,7)
(1,6)817862723(1,7)
(2,6)306932059(2,7)
(3,6)455857078(3,7)
(4,6)1186707415(4,7)
(5,6)152647438(5,7)
(7,6)579000867(8,6)
(8,6)196120067(9,6)
(10,6)360026645(10,7)
(11,6)1110133210(11,7)
(14,6)413004661(15,6)
(15,6)384527931(16,6)
(15,6)574469947(15,7)
(0,7)1392332671(0,8)
(1,7)379933440(2,7)
(4,7)1185673938(5,7)
(4,7)83885211(4,8)
(5,7)641788687(5,8)
(6,7)1148742931(6,8)
(7,7)1057418136(7,8)
(8,7)1056394624(9,7)
(8,7)936800236(8,8)
(9,7)719617649(10,7)
(10,7)687252163(11,7)
(10,7)19044187(10,8)
(11,7)643732729(11,8)
(12,7)549081067(13,7)
(13,7)177500485(14,7)
(14,7)1123551014(14,8)
(15,7)368400037(16,7)
(0,8)748333477(1,8)
(2,8)861014574(3,8)
(2,8)167490684(2,9)
(5,8)576109168(6,8)
(5,8)354423905(5,9)
(6,8)149522284(6,9)
(7,8)1205916908(8,8)
(7,8)1512909405(7,9)
(8,8)85043406(9,8)
(10,8)728776135(10,9)
(12,8)651376339(12,9)
(13,8)558898966(14,8)
(13,8)253924569(13,9)
(14,8)622324606(15,8)
(16,8)1370658084(16,9)
(0,9)1334073394(1,9)
(1,9)211382033(2,9)
(2,9)743829743(3,9)
(3,9)273944541(4,9)
(4,9)142810815(5,9)
(4,9)1098253648(4,10)
(5,9)423466825(5,10)
(8,9)706861181(8,10)
(9,9)322056114(9,10)
(11,9)1002626179(12,9)
(11,9)339135516(11,10)
(12,9)898034482(13,9)
(13,9)328678844(14,9)
(13,9)592690123(13,10)
(14,9)15398082(15,9)
(14,9)871311462(14,10)
(15,9)221678920(16,9)
(16,9)1349471477(16,10)
(0,10)433060953(1,10)
(0,10)1090002048(0,11)
(1,10)383828222(1,11)
(2,10)657772763(3,10)
(3,10)142573416(4,10)
(3,10)784601792(3,11)
(4,10)1081239588(4,11)
(5,10)563139673(6,10)
(6,10)1193924850(6,11)
(7,10)749652419(8,10)
(7,10)1270000854(7,11)
(8,10)957760031(9,10)
(9,10)1166059397(10,10)
(10,10)868963405(11,10)
(11,10)47446382(12,10)
(11,10)872413635(11,11)
(14,10)1140436765(15,10)
(14,10)752945759(14,11)
(15,10)679039440(15,11)
(0,11)1062867662(0,12)
(2,11)166414095(2,12)
(3,11)654396365(3,12)
(5,11)610733690(6,11)
(6,11)340053245(6,12)
(7,11)176879771(7,12)
(8,11)1263503638(8,12)
(9,11)447225176(9,12)
(10,11)494671559(11,11)
(10,11)67869156(10,12)
(11,11)1446636924(11,12)
(12,11)776204887(13,11)
(13,11)406382520(14,11)
(14,11)1455244327(14,12)
(15,11)370628341(16,11)
(16,11)1099183856(16,12)
(0,12)1405656910(0,13)
(1,12)974006997(2,12)
(1,12)1265597951(1,13)
(2,12)719187094(3,12)
(2,12)598181483(2,13)
(3,12)193167072(3,13)
(4,12)803900763(5,12)
(5,12)616383852(6,12)
(5,12)8287118(5,13)
(6,12)980780534(6,13)
(7,12)176236055(8,12)
(9,12)100513482(10,12)
(9,12)244105211(9,13)
(10,12)1164024162(10,13)
(12,12)1387490592(12,13)
(13,12)957378498(14,12)
(13,12)1247989728(13,13)
(15,12)1010895259(16,12)
(0,13)1174676658(0,14)
(1,13)13101022(1,14)
(2,13)30585681(2,14)
(3,13)834486444(4,13)
(3,13)1113081192(3,14)
(7,13)601564333(7,14)
(8,13)88124597(8,14)
(9,13)195796641(9,14)
(10,13)68537053(10,14)
(11,13)841198388(11,14)
(12,13)1236531771(12,14)
(13,13)707666192(14,13)
(14,13)457512421(15,13)
(15,13)734848603(16,13)
(15,13)122585732(15,14)
(16,13)294931029(16,14)
(0,14)481228707(1,14)
(0,14)135686754(0,15)
(1,14)325516710(1,15)
(3,14)1176291297(4,14)
(3,14)1654127313(3,15)
(4,14)502366074(5,14)
(5,14)671805871(6,14)
(5,14)490676537(5,15)
(6,14)1103930407(6,15)
(7,14)759930468(7,15)
(8,14)213638264(9,14)
(10,14)1054836653(10,15)
(11,14)705929891(12,14)
(11,14)943319470(11,15)
(12,14)1162541250(12,15)
(13,14)266101836(13,15)
(14,14)1000950439(15,14)
(0,15)93017763(0,16)
(2,15)1232923464(2,16)
(4,15)605129625(5,15)
(4,15)448489585(4,16)
(5,15)691736298(5,16)
(6,15)350260873(7,15)
(8,15)77322502(8,16)
(9,15)486051363(9,16)
(10,15)339291426(10,16)
(11,15)808304192(11,16)
(12,15)280874215(13,15)
(12,15)1458083091(12,16)
(13,15)311549883(14,15)
(14,15)1378139336(15,15)
(14,15)48375268(14,16)
(15,15)141393031(16,15)
(16,15)956935487(16,16)
(0,16)575250781(0,17)
(1,16)533063829(2,16)
(1,16)42375304(1,17)
(2,16)1327737703(2,17)
(3,16)981553414(3,17)
(4,16)321917493(4,17)
(5,16)672178367(6,16)
(6,16)581658485(7,16)
(6,16)641676271(6,17)
(7,16)37648227(8,16)
(7,16)749500869(7,17)
(8,16)395263811(9,16)
(9,16)112207455(10,16)
(9,16)376939653(9,17)
(10,16)219733094(11,16)
(13,16)1066753617(14,16)
(14,16)1674210518(15,16)
(16,16)921140819(16,17)
(0,17)488916774(1,17)
(1,17)101394874(1,18)
(3,17)275478554(4,17)
(4,17)542857816(5,17)
(5,17)917154826(5,18)
(7,17)539107014(7,18)
(8,17)651314470(9,17)
(8,17)1331742707(8,18)
(9,17)743706852(9,18)
(10,17)80665424(11,17)
(10,17)74121369(10,18)
(12,17)159360051(13,17)
(13,17)1140209782(14,17)
(13,17)1336563963(13,18)
(14,17)1292416908(15,17)
(14,17)35565507(14,18)
(0,18)15261827(0,19)
(1,18)1104320222(1,19)
(2,18)1379798776(3,18)
(3,18)939262710(3,19)
(4,18)410659876(5,18)
(4,18)149469954(4,19)
(6,18)748943022(7,18)
(6,18)949766891(6,19)
(7,18)288532067(7,19)
(10,18)932614302(10,19)
(11,18)1091974353(12,18)
(11,18)1039314562(11,19)
(12,18)32040696(13,18)
(12,18)672761196(12,19)
(14,18)1081686128(15,18)
(16,18)584594352(16,19)
(0,19)555864712(0,20)
(2,19)802472568(2,20)
(3,19)1213132444(4,19)
(4,19)1041922803(5,19)
(5,19)15415687(5,20)
(7,19)1022979090(8,19)
(7,19)1177540935(7,20)
(8,19)603372585(9,19)
(9,19)480413363(10,19)
(10,19)900084097(11,19)
(12,19)970869015(13,19)
(13,19)961826438(14,19)
(14,19)422413505(14,20)
(15,19)978278217(16,19)
(16,19)1445014826(16,20)
(0,20)766458058(1,20)
(1,20)100003746(1,21)
(2,20)704107853(2,21)
(3,20)315178366(3,21)
(4,20)69426(5,20)
(5,20)797565278(6,20)
(5,20)929001878(5,21)
(6,20)1177610361(6,21)
(8,20)274711124(9,20)
(9,20)512691161(10,20)
(10,20)803430642(11,20)
(11,20)1(12,20)
(11,20)1(11,21)
(12,20)1(12,21)
(13,20)673684557(13,21)
(14,20)753595050(14,21)
(15,20)1(16,20)
(16,20)1(16,21)
(0,21)1255922379(0,22)
(1,21)421574921(2,21)
(1,21)975045037(1,22)
(2,21)573592045(3,21)
(4,21)400208430(5,21)
(5,21)835319050(5,22)
(6,21)468818349(7,21)
(6,21)194506191(6,22)
(7,21)469217315(8,21)
(7,21)919698307(7,22)
(9,21)400951790(10,21)
(10,21)890403(11,21)
(11,21)1(11,22)
(12,21)388438083(13,21)
(12,21)1(12,22)
(13,21)179054086(14,21)
(15,21)1(16,21)
(15,21)1(15,22)
(16,21)1239165363(16,22)
(0,22)1074370369(1,22)
(1,22)896804626(1,23)
(2,22)554513315(3,22)
(2,22)677013520(2,23)
(3,22)1077221950(4,22)
(4,22)513346225(5,22)
(7,22)717950353(8,22)
(7,22)1456171863(7,23)
(9,22)395687644(9,23)
(10,22)387174281(10,23)
(11,22)1(11,23)
(12,22)1(13,22)
(13,22)1(14,22)
(13,22)172485433(13,23)
(14,22)1(15,22)
(14,22)647591881(14,23)
(0,23)804296606(0,24)
(1,23)429181122(1,24)
(3,23)601158638(3,24)
(4,23)312325705(5,23)
(4,23)630647566(4,24)
(5,23)224109375(6,23)
(5,23)928934986(5,24)
(8,23)1058645747(9,23)
(9,23)1323172179(10,23)
(10,23)493440572(11,23)
(11,23)1(11,24)
(12,23)665926005(12,24)
(14,23)965580221(14,24)
(15,23)1243374488(15,24)
(16,23)1623818551(16,24)
(0,24)981203100(1,24)
(1,24)1031475036(2,24)
(1,24)606362780(1,25)
(2,24)102253234(3,24)
(4,24)1031188220(4,25)
(5,24)530589912(6,24)
(6,24)846355290(7,24)
(7,24)364584613(8,24)
(7,24)425679247(7,25)
(8,24)564183497(8,25)
(9,24)1057624069(10,24)
(10,24)569086117(11,24)
(11,24)1(12,24)
(12,24)1(12,25)
(13,24)44032887(14,24)
(14,24)1489707396(15,24)
(14,24)163164153(14,25)
(15,24)1667851438(15,25)
(16,24)323426848(16,25)
(0,25)719711152(1,25)
(0,25)126730570(0,26)
(1,25)228983804(2,25)
(2,25)234350107(2,26)
(3,25)1260172024(3,26)
(4,25)1021210099(4,26)
(5,25)1426520951(5,26)
(6,25)68957536(6,26)
(7,25)284265238(7,26)
(8,25)1341889307(9,25)
(10,25)415705065(11,25)
(10,25)917955733(10,26)
(12,25)1(12,26)
(13,25)1625243030(14,25)
(13,25)909552(13,26)
(16,25)408856821(16,26)
(1,26)1212483551(2,26)
(1,26)643206928(1,27)
(2,26)616305365(3,26)
(3,26)674553866(4,26)
(3,26)86210002(3,27)
(5,26)743511402(5,27)
(6,26)413836716(7,26)
(6,26)90556981(6,27)
(7,26)624363385(7,27)
(8,26)131364656(9,26)
(9,26)343512851(10,26)
(9,26)202918374(9,27)
(10,26)40663772(11,26)
(11,26)479048486(11,27)
(12,26)1(12,27)
(13,26)1440247374(13,27)
(14,26)982367123(15,26)
(15,26)139575814(15,27)
(16,26)753470676(16,27)
(0,27)529968819(1,27)
(0,27)782782742(0,28)
(2,27)311816471(3,27)
(2,27)616178822(2,28)
(3,27)422470565(4,27)
(4,27)833395359(5,27)
(5,27)513027547(5,28)
(8,27)908561(8,28)
(9,27)41572334(10,27)
(10,27)72050065(10,28)
(11,27)1(12,27)
(11,27)1(11,28)
(12,27)741614832(12,28)
(14,27)1251820949(15,27)
(15,27)736223207(16,27)
(15,27)329968983(15,28)
(1,28)279048060(2,28)
(1,28)250484942(1,29)
(2,28)672955508(3,28)
(4,28)656056875(5,28)
(5,28)983973242(6,28)
(6,28)867568651(7,28)
(7,28)984881804(7,29)
(8,28)1026454138(9,28)
(8,28)291561562(8,29)
(11,28)1(11,29)
(13,28)638128164(14,28)
(13,28)876904913(13,29)
(14,28)241011142(14,29)
(15,28)208242730(16,28)
(15,28)272434285(15,29)
(16,28)1600955787(16,29)
(0,29)487290790(1,29)
(0,29)522919227(0,30)
(1,29)735730581(1,30)
(2,29)703900734(3,29)
(3,29)330239951(4,29)
(3,29)234374142(3,30)
(5,29)849914635(6,29)
(5,29)235785555(5,30)
(6,29)55745541(6,30)
(7,29)1082199679(8,29)
(8,29)734405217(9,29)
(9,29)44315827(9,30)
(10,29)967780275(11,29)
(11,29)979991228(12,29)
(11,29)1(11,30)
(12,29)1076304197(13,29)
(15,29)763801801(15,30)
(1,30)55949468(2,30)
(2,30)1154422939(2,31)
(3,30)38295452(3,31)
(4,30)888210087(5,30)
(4,30)9260825(4,31)
(5,30)281032217(5,31)
(7,30)616607853(8,30)
(8,30)100392367(9,30)
(9,30)227844351(10,30)
(10,30)1(11,30)
(10,30)1(10,31)
(12,30)1235375554(13,30)
(13,30)1020828325(14,30)
(13,30)816127430(13,31)
(14,30)540301492(15,30)
(15,30)1351226090(16,30)
(15,30)789880568(15,31)
(0,31)233115887(0,32)
(1,31)6591157(2,31)
(1,31)467289580(1,32)
(2,31)692576257(3,31)
(3,31)186197451(4,31)
(3,31)15851983(3,32)
(5,31)189356723(6,31)
(5,31)68400087(5,32)
(6,31)685007941(7,31)
(6,31)955452744(6,32)
(7,31)1055845111(8,31)
(8,31)223081215(8,32)
(9,31)741145718(10,31)
(10,31)1(11,31)
(11,31)837686597(12,31)
(11,31)1(11,32)
(13,31)270747734(14,31)
(13,31)689380305(13,32)
(15,31)229070074(16,31)
(0,32)235661232(1,32)
(0,32)50903955(0,33)
(1,32)598285670(1,33)
(2,32)251513215(2,33)
(3,32)10958761(4,32)
(7,32)1033131359(8,32)
(8,32)354634435(9,32)
(9,32)383505292(10,32)
(9,32)635442402(9,33)
(11,32)1(11,33)
(12,32)384699268(13,32)
(12,32)15025657(12,33)
(14,32)118461259(15,32)
(15,32)19217598(16,32)
(16,32)354122491(16,33)
(1,33)443731856(2,33)
(1,33)605635706(1,34)
(2,33)616594468(3,33)
(2,33)332302850(2,34)
(3,33)91264612(4,33)
(4,33)687022567(5,33)
(6,33)332778532(7,33)
(6,33)300511285(6,34)
(7,33)655145720(8,33)
(8,33)1162987068(9,33)
(8,33)968220935(8,34)
(9,33)293866287(10,33)
(11,33)1(11,34)
(12,33)217040350(13,33)
(12,33)1125337281(12,34)
(13,33)1243798540(14,33)
(15,33)1084735797(16,33)
(16,33)264383274(16,34)
(0,34)56073090(0,35)
(1,34)596686124(1,35)
(2,34)687950736(3,34)
(3,34)1364621639(4,34)
(3,34)108189884(3,35)
(5,34)320376442(6,34)
(6,34)172794996(7,34)
(6,34)197966956(6,35)
(9,34)1(10,34)
(9,34)1(9,35)
(10,34)1(11,34)
(12,34)825418716(13,34)
(13,34)1136200176(14,34)
(14,34)323651522(15,34)
(14,34)275856100(14,35)
(15,34)331929191(16,34)
(0,35)1004596749(1,35)
(1,35)537736664(2,35)
(1,35)382234600(1,36)
(3,35)531271814(4,35)
(3,35)525334573(3,36)
(4,35)845711015(5,35)
(5,35)729238770(5,36)
(7,35)805120958(7,36)
(8,35)433118124(8,36)
(9,35)1(10,35)
(10,35)1274072679(11,35)
(10,35)1(10,36)
(12,35)1060912565(13,35)
(12,35)512988404(12,36)
(13,35)836639927(14,35)
(14,35)276228037(15,35)
(14,35)314012368(14,36)
(15,35)163798296(16,35)
(15,35)541275455(15,36)
(0,36)701534960(1,36)
(0,36)923510055(0,37)
(1,36)522882646(2,36)
(1,36)246127773(1,37)
(4,36)1077205025(5,36)
(5,36)1449347503(6,36)
(7,36)1143729837(8,36)
(8,36)172663303(9,36)
(8,36)646886775(8,37)
(10,36)1(10,37)
(11,36)1158288257(12,36)
(11,36)286464211(11,37)
(12,36)1123104138(13,36)
(15,36)440406001(16,36)
(15,36)1156548283(15,37)
(16,36)190150234(16,37)
(1,37)32591995(2,37)
(1,37)1417019767(1,38)
(2,37)1342116668(3,37)
(2,37)603193161(2,38)
(4,37)841094207(5,37)
(5,37)587764720(6,37)
(6,37)411486710(7,37)
(6,37)576076186(6,38)
(7,37)748739489(8,37)
(7,37)1234651495(7,38)
(8,37)398240577(8,38)
(9,37)1(10,37)
(9,37)1(9,38)
(11,37)270212002(12,37)
(13,37)817835691(14,37)
(14,37)227513949(15,37)
(14,37)685204428(14,38)
(15,37)1007985925(15,38)
(16,37)1190802596(16,38)
(0,38)277522044(0,39)
(3,38)205829744(4,38)
(3,38)726193379(3,39)
(4,38)594667169(4,39)
(5,38)781905931(5,39)
(6,38)401125946(6,39)
(8,38)229276954(8,39)
(9,38)1(10,38)
(9,38)556361112(9,39)
(10,38)1(11,38)
(11,38)1(12,38)
(12,38)85769205(13,38)
(12,38)1(12,39)
(13,38)841195011(14,38)
(0,39)843432239(1,39)
(1,39)857936365(2,39)
(1,39)602746074(1,40)
(2,39)808575819(3,39)
(4,39)311273765(5,39)
(5,39)973643522(6,39)
(6,39)398995615(7,39)
(8,39)955356727(8,40)
(10,39)1(11,39)
(10,39)1(10,40)
(11,39)1(12,39)
(11,39)248127256(11,40)
(12,39)1089322267(13,39)
(13,39)1070880231(14,39)
(14,39)960368597(15,39)
(15,39)504862297(16,39)
(15,39)161407120(15,40)
(16,39)1803800836(16,40)
(0,40)764153195(0,41)
(1,40)1225942807(1,41)
(2,40)667918548(2,41)
(3,40)979192313(4,40)
(3,40)1015727116(3,41)
(4,40)951785244(4,41)
(5,40)547376887(5,41)
(6,40)1044807467(6,41)
(7,40)186441040(8,40)
(7,40)158653938(7,41)
(9,40)43923632(10,40)
(10,40)1(10,41)
(11,40)1130549655(12,40)
(12,40)920662389(13,40)
(12,40)975403139(12,41)
(14,40)461764531(15,40)
(14,40)1082069509(14,41)
(0,41)670548083(0,42)
(1,41)485107312(2,41)
(1,41)344998093(1,42)
(2,41)139711538(2,42)
(4,41)640189767(5,41)
(5,41)1026405996(5,42)
(6,41)798843705(6,42)
(7,41)591943836(8,41)
(7,41)712683080(7,42)
(8,41)756606712(9,41)
(9,41)633171224(9,42)
(10,41)1(10,42)
(11,41)23086372(11,42)
(13,41)34903997(14,41)
(13,41)461637120(13,42)
(14,41)160376177(15,41)
(16,41)1431844247(16,42)
(0,42)411635132(1,42)
(0,42)56981636(0,43)
(3,42)341233807(4,42)
(4,42)255248795(5,42)
(4,42)432076663(4,43)
(6,42)967931875(6,43)
(8,42)1(9,42)
(8,42)1(8,43)
(9,42)1(9,43)
(10,42)1(10,43)
(11,42)335922929(12,42)
(12,42)24648541(12,43)
(13,42)185024718(14,42)
(15,42)1358438444(16,42)
(15,42)1616868965(15,43)
(0,43)592126839(1,43)
(0,43)1040941103(0,44)
(1,43)446611770(2,43)
(3,43)878688433(3,44)
(4,43)376128485(5,43)
(5,43)1(6,43)
(5,43)1(5,44)
(6,43)1(7,43)
(7,43)1(8,43)
(8,43)533578301(8,44)
(9,43)1(10,43)
(9,43)708434267(9,44)
(10,43)155699378(10,44)
(11,43)121238262(11,44)
(12,43)306262980(13,43)
(12,43)636259861(12,44)
(13,43)154690347(14,43)
(14,43)110100601(15,43)
(15,43)84755964(15,44)
(16,43)702227440(16,44)
(1,44)252126321(1,45)
(2,44)57273998(3,44)
(3,44)370534442(4,44)
(3,44)800630063(3,45)
(5,44)1(5,45)
(6,44)236843941(7,44)
(6,44)264772693(6,45)
(9,44)1169085828(9,45)
(10,44)766774824(11,44)
(11,44)90673659(12,44)
(11,44)478411618(11,45)
(12,44)633101965(13,44)
(14,44)682911358(15,44)
(15,44)433723551(16,44)
(15,44)330765022(15,45)
(0,45)121932638(1,45)
(0,45)582891344(0,46)
(1,45)640165342(2,45)
(2,45)1(3,45)
(2,45)1(2,46)
(3,45)1(4,45)
(4,45)1(5,45)
(4,45)216527426(4,46)
(5,45)453371367(6,45)
(6,45)70105980(6,46)
(7,45)1398649576(7,46)
(8,45)572429117(8,46)
(9,45)1339203942(10,45)
(11,45)204831267(12,45)
(11,45)857640923(11,46)
(12,45)486178505(13,45)
(13,45)157596049(14,45)
(13,45)922689197(13,46)
(14,45)816943527(14,46)
(15,45)1399834871(16,45)
(1,46)253424439(1,47)
(2,46)1(3,46)
(3,46)1(3,47)
(5,46)466876008(6,46)
(7,46)1074695108(8,46)
(7,46)1039305125(7,47)
(8,46)231025419(9,46)
(9,46)795994927(10,46)
(9,46)646424410(9,47)
(10,46)851255678(11,46)
(11,46)270679617(11,47)
(12,46)428275666(13,46)
(13,46)244304727(13,47)
(14,46)384500598(14,47)
(15,46)133760369(16,46)
(15,46)313735714(15,47)
(0,47)46589423(1,47)
(0,47)567160153(0,48)
(1,47)752207973(1,48)
(2,47)471283068(3,47)
(2,47)175945903(2,48)
(3,47)1(3,48)
(4,47)476177465(5,47)
(4,47)260464143(4,48)
(6,47)1515482590(6,48)
(7,47)970555808(7,48)
(8,47)166203397(8,48)
(9,47)687690704(9,48)
(10,47)115051904(11,47)
(11,47)318022371(12,47)
(11,47)643920302(11,48)
(12,47)359356631(12,48)
(13,47)702522969(13,48)
(14,47)836283338(15,47)
(15,47)360206497(16,47)
(16,47)882872762(16,48)
(1,48)468676139(2,48)
(1,48)1058818665(1,49)
(3,48)1(3,49)
(4,48)512063897(5,48)
(4,48)262576295(4,49)
(6,48)905961109(7,48)
(8,48)966017753(9,48)
(9,48)991433497(9,49)
(10,48)1309455868(11,48)
(13,48)700778527(14,48)
(13,48)882295028(13,49)
(15,48)1166651099(16,48)
(16,48)548476760(16,49)
(0,49)1635327238(1,49)
(0,49)494986307(0,50)
(1,49)164995075(2,49)
(2,49)216983873(2,50)
(3,49)1(3,50)
(4,49)209926652(5,49)
(5,49)64183828(5,50)
(6,49)158485330(6,50)
(7,49)1124503084(8,49)
(8,49)875493702(9,49)
(8,49)9820470(8,50)
(9,49)586957491(9,50)
(10,49)796070403(10,50)
(11,49)572659686(12,49)
(12,49)411017557(12,50)
(14,49)761085165(15,49)
(14,49)1320717696(14,50)
(15,49)54512195(15,50)
(16,49)248928755(16,50)
(1,50)465912629(1,51)
(2,50)260786801(2,51)
(3,50)470713453(4,50)
(3,50)1(3,51)
(4,50)256239432(5,50)
(5,50)277531201(6,50)
(5,50)629198783(5,51)
(7,50)298523119(8,50)
(7,50)287351671(7,51)
(8,50)193175711(8,51)
(9,50)1094593523(9,51)
(10,50)642915888(10,51)
(11,50)379982295(12,50)
(11,50)132915796(11,51)
(12,50)1261687275(12,51)
(13,50)1700699991(13,51)
(15,50)124217547(15,51)
(0,51)1332685978(1,51)
(0,51)590130176(0,52)
(3,51)1(3,52)
(4,51)1174282358(5,51)
(4,51)415351166(4,52)
(5,51)21569385(6,51)
(7,51)214745096(7,52)
(8,51)793205436(8,52)
(9,51)312974997(10,51)
(10,51)69559132(10,52)
(12,51)1449951064(13,51)
(13,51)718329616(14,51)
(14,51)1161186511(15,51)
(15,51)16815140(16,51)
(16,51)346388841(16,52)
(0,52)1235904322(0,53)
(1,52)67208786(1,53)
(2,52)1(3,52)
(2,52)1(2,53)
(5,52)1290452518(6,52)
(5,52)1039605966(5,53)
(8,52)249149304(9,52)
(11,52)522197187(11,53)
(12,52)790408974(12,53)
(13,52)552963957(13,53)
(14,52)569779098(15,52)
(15,52)101929221(16,52)
(15,52)150500678(15,53)
(16,52)224201167(16,53)
(0,53)217709464(0,54)
(1,53)261977627(2,53)
(2,53)353346329(3,53)
(2,53)1(2,54)
(4,53)996787103(5,53)
(5,53)1205853006(6,53)
(6,53)862008149(7,53)
(6,53)932961410(6,54)
(7,53)434964348(7,54)
(8,53)394449322(8,54)
(9,53)1782884507(10,53)
(9,53)858438643(9,54)
(11,53)425809833(11,54)
(12,53)229921670(13,53)
(12,53)390197946(12,54)
(13,53)89017506(13,54)
(14,53)190946728(15,53)
(14,53)380422348(14,54)
(0,54)860109440(1,54)
(1,54)165415286(2,54)
(2,54)1454246559(3,54)
(2,54)1(2,55)
(4,54)616736940(5,54)
(5,54)348708890(5,55)
(6,54)1051701288(6,55)
(7,54)511969905(8,54)
(8,54)241774600(8,55)
(9,54)79008589(10,54)
(9,54)494435709(9,55)
(11,54)105995206(12,54)
(11,54)469206535(11,55)
(13,54)486417554(13,55)
(14,54)1084549367(15,54)
(14,54)465878143(14,55)
(15,54)277947100(16,54)
(0,55)443362386(1,55)
(0,55)746200711(0,56)
(1,55)1(2,55)
(1,55)1(1,56)
(3,55)470983260(4,55)
(4,55)179266163(5,55)
(4,55)128075555(4,56)
(7,55)1591876358(8,55)
(8,55)381606514(8,56)
(9,55)1467949894(9,56)
(10,55)301401236(10,56)
(12,55)1607905907(13,55)
(13,55)48979311(13,56)
(14,55)326926411(15,55)
(14,55)625263815(14,56)
(15,55)794603534(15,56)
(16,55)770288797(16,56)
(1,56)1(1,57)
(2,56)1(3,56)
(2,56)1(2,57)
(3,56)1(4,56)
(3,56)1065664939(3,57)
(4,56)1(5,56)
(4,56)470719277(4,57)
(5,56)1(6,56)
(5,56)209192313(5,57)
(6,56)1(6,57)
(7,56)1(8,56)
(7,56)1(7,57)
(8,56)1(9,56)
(9,56)1(10,56)
(9,56)463858499(9,57)
(10,56)1(11,56)
(10,56)301561135(10,57)
(11,56)1(11,57)
(12,56)95938978(12,57)
(13,56)422865390(14,56)
(13,56)387247209(13,57)
(14,56)105423639(14,57)
(15,56)1263646358(16,56)
(15,56)1193154187(15,57)
(16,56)1035656236(16,57)
(0,57)53752095(1,57)
(1,57)1(2,57)
(1,57)1071453379(1,58)
(6,57)1(7,57)
(7,57)123345293(7,58)
(8,57)671341664(9,57)
(8,57)505588162(8,58)
(11,57)443037146(12,57)
(11,57)1(11,58)
(13,57)548460785(13,58)
(14,57)117022737(14,58)
(0,58)552952428(1,58)
(0,58)899039915(0,59)
(1,58)38072952(2,58)
(1,58)837792625(1,59)
(2,58)386802463(3,58)
(4,58)535592325(5,58)
(4,58)266074863(4,59)
(5,58)307804526(6,58)
(6,58)152502303(7,58)
(6,58)658937618(6,59)
(9,58)1(10,58)
(9,58)1(9,59)
(10,58)1(11,58)
(11,58)938295874(12,58)
(12,58)245028722(13,58)
(14,58)842547005(15,58)
(14,58)72615259(14,59)
(15,58)971655174(16,58)
(15,58)689509695(15,59)
(1,59)1037411526(1,60)
(2,59)126173365(3,59)
(2,59)396026430(2,60)
(3,59)931618755(4,59)
(3,59)32695999(3,60)
(4,59)340500525(5,59)
(6,59)773352008(7,59)
(6,59)1153893213(6,60)
(7,59)372350082(8,59)
(9,59)1(9,60)
(10,59)315768747(10,60)
(11,59)560797470(12,59)
(11,59)1005441468(11,60)
(12,59)85424595(12,60)
(13,59)927971600(14,59)
(13,59)633412729(13,60)
(14,59)518601620(14,60)
(15,59)175987386(15,60)
(16,59)467312382(16,60)
(0,60)1213398912(0,61)
(1,60)863338812(1,61)
(3,60)38237953(4,60)
(3,60)740853824(3,61)
(4,60)294637674(5,60)
(5,60)1192131166(5,61)
(7,60)42549410(8,60)
(8,60)651194199(9,60)
(9,60)1(10,60)
(9,60)358318157(9,61)
(10,60)1(11,60)
(11,60)1(11,61)
(15,60)1089179837(16,60)
(16,60)1567790936(16,61)
(0,61)281268466(1,61)
(0,61)193280159(0,62)
(2,61)1022122290(2,62)
(3,61)1078784373(3,62)
(4,61)942683027(5,61)
(4,61)348413837(4,62)
(5,61)349155402(5,62)
(6,61)391704812(7,61)
(7,61)398656918(8,61)
(8,61)255583788(9,61)
(8,61)750022969(8,62)
(10,61)1174889375(10,62)
(11,61)874682914(12,61)
(11,61)1(11,62)
(13,61)1005647956(14,61)
(13,61)750463840(13,62)
(15,61)425955244(15,62)
(1,62)847766280(2,62)
(2,62)164827103(3,62)
(2,62)379572227(2,63)
(3,62)1196180117(3,63)
(4,62)513982505(4,63)
(5,62)905687317(6,62)
(6,62)383294351(6,63)
(7,62)638878139(8,62)
(9,62)622236714(10,62)
(10,62)1(11,62)
(10,62)1(10,63)
(11,62)40877163(12,62)
(12,62)730783119(13,62)
(14,62)915148202(15,62)
(15,62)700738325(16,62)
(15,62)957019146(15,63)
(16,62)215936056(16,63)
(0,63)1548504605(1,63)
(1,63)595508283(1,64)
(2,63)597201074(2,64)
(3,63)483895893(3,64)
(4,63)839997863(4,64)
(5,63)160889107(6,63)
(6,63)433481470(7,63)
(6,63)897809850(6,64)
(8,63)11826003(9,63)
(8,63)99765336(8,64)
(9,63)640732117(10,63)
(9,63)31756331(9,64)
(10,63)1(11,63)
(11,63)1(12,63)
(12,63)1(13,63)
(13,63)1(14,63)
(14,63)1(15,63)
(15,63)1(15,64)
(0,64)1106856814(0,65)
(1,64)877136704(2,64)
(1,64)175959357(1,65)
(4,64)1878023674(5,64)
(7,64)1279438967(8,64)
(9,64)8691480(10,64)
(10,64)340529682(10,65)
(11,64)1108799422(12,64)
(12,64)961143420(12,65)
(13,64)686604659(13,65)
(14,64)1(15,64)
(14,64)1(14,65)
(15,64)1302573575(16,64)
(15,64)717639029(15,65)
(0,65)32226631(1,65)
(0,65)893598386(0,66)
(1,65)480866723(2,65)
(2,65)485285909(3,65)
(4,65)461896126(4,66)
(5,65)366197780(6,65)
(5,65)600030540(5,66)
(7,65)149060601(8,65)
(7,65)302255766(7,66)
(8,65)310947247(9,65)
(8,65)748385992(8,66)
(9,65)85046763(10,65)
(9,65)489590283(9,66)
(11,65)1046190183(11,66)
(12,65)37587281(13,65)
(12,65)137510717(12,66)
(13,65)207006898(14,65)
(14,65)1(14,66)
(16,65)914788198(16,66)
(0,66)1035793533(0,67)
(1,66)1521079442(2,66)
(1,66)516665749(1,67)
(3,66)1670521344(4,66)
(4,66)201689701(5,66)
(4,66)449113865(4,67)
(5,66)181099724(6,66)
(7,66)929485717(7,67)
(9,66)1353288294(10,66)
(9,66)514795715(9,67)
(11,66)1490799011(11,67)
(13,66)1(14,66)
(13,66)1(13,67)
(14,66)207393656(15,66)
(15,66)215423785(16,66)
(16,66)189601428(16,67)
(1,67)34547593(1,68)
(2,67)1705068937(3,67)
(2,67)1571995148(2,68)
(4,67)124883719(5,67)
(4,67)821316642(4,68)
(5,67)86624947(6,67)
(5,67)130146668(5,68)
(6,67)945039383(7,67)
(8,67)1194811831(9,67)
(10,67)538127194(10,68)
(11,67)1(12,67)
(11,67)1(11,68)
(12,67)1(12,68)
(13,67)1(14,67)
(14,67)1(14,68)
(15,67)888531275(15,68)
(0,68)923078868(0,69)
(1,68)480664158(2,68)
(1,68)644518221(1,69)
(2,68)270719422(3,68)
(4,68)400866090(4,69)
(5,68)591788626(5,69)
(6,68)513206895(7,68)
(6,68)1230129284(6,69)
(7,68)277457467(8,68)
(7,68)658256924(7,69)
(8,68)347864180(8,69)
(9,68)133347762(10,68)
(10,68)707632302(10,69)
(11,68)1(11,69)
(12,68)1(12,69)
(13,68)88216682(13,69)
(14,68)62298028(15,68)
(14,68)1(14,69)
(15,68)987940296(16,68)
(15,68)875624041(15,69)
(0,69)1468604454(1,69)
(1,69)1091068621(1,70)
(2,69)628487810(3,69)
(2,69)623101606(2,70)
(3,69)44244126(3,70)
(8,69)1(9,69)
(8,69)1(8,70)
(9,69)1(9,70)
(10,69)1(11,69)
(10,69)1(10,70)
(12,69)1(13,69)
(12,69)326169322(12,70)
(13,69)1(14,69)
(15,69)1019959389(16,69)
(16,69)242348260(16,70)
(0,70)663337425(1,70)
(0,70)1010585474(0,71)
(1,70)865449866(1,71)
(2,70)707581552(2,71)
(3,70)711866073(3,71)
(4,70)297865757(5,70)
(5,70)1048353370(6,70)
(6,70)231729620(6,71)
(7,70)298941246(8,70)
(8,70)1(8,71)
(9,70)1(10,70)
(9,70)991036825(9,71)
(10,70)859462556(11,70)
(11,70)664121038(11,71)
(12,70)1052588388(13,70)
(12,70)792749715(12,71)
(14,70)144755798(15,70)
(14,70)972105242(14,71)
(16,70)808093223(16,71)
(0,71)674291648(0,72)
(2,71)38662779(2,72)
(3,71)336528536(4,71)
(3,71)1080508134(3,72)
(5,71)938861236(6,71)
(5,71)568258156(5,72)
(6,71)867199403(7,71)
(7,71)1(8,71)
(7,71)1(7,72)
(9,71)570215137(10,71)
(12,71)929458373(13,71)
(12,71)704931360(12,72)
(13,71)849687158(14,71)
(14,71)738300155(14,72)
(15,71)1412591804(16,71)
(16,71)1080146821(16,72)
(0,72)669073376(1,72)
(0,72)1025971509(0,73)
(1,72)344410140(2,72)
(4,72)452880388(5,72)
(5,72)743312048(6,72)
(5,72)653118414(5,73)
(7,72)721069078(8,72)
(7,72)1(7,73)
(9,72)1(10,72)
(9,72)1(9,73)
(10,72)1(10,73)
(11,72)1169219343(12,72)
(12,72)254946086(13,72)
(15,72)791214329(16,72)
(0,73)988554942(0,74)
(1,73)296409431(2,73)
(2,73)649643621(2,74)
(3,73)1102524009(4,73)
(3,73)172522076(3,74)
(4,73)915834124(5,73)
(5,73)1140397269(6,73)
(5,73)446781061(5,74)
(7,73)246694870(8,73)
(7,73)1(7,74)
(9,73)1(9,74)
(10,73)1(10,74)
(11,73)916089765(12,73)
(11,73)379173340(11,74)
(13,73)440855039(14,73)
(13,73)681332585(13,74)
(15,73)27072145(16,73)
(15,73)135072422(15,74)
(0,74)323481576(1,74)
(1,74)458662280(2,74)
(1,74)1110331357(1,75)
(2,74)65371719(3,74)
(2,74)496003652(2,75)
(4,74)1131968927(5,74)
(4,74)512152780(4,75)
(5,74)634252881(5,75)
(6,74)880947751(7,74)
(7,74)1(8,74)
(8,74)1(9,74)
(10,74)78193360(11,74)
(10,74)1(10,75)
(11,74)143822510(11,75)
(12,74)584677549(13,74)
(12,74)759525946(12,75)
(13,74)84589212(14,74)
(13,74)1096791599(13,75)
(14,74)719749972(14,75)
(15,74)151137640(16,74)
(15,74)545276948(15,75)
(0,75)609799920(1,75)
(2,75)601371578(2,76)
(3,75)85649157(3,76)
(5,75)575420086(6,75)
(5,75)1125899319(5,76)
(6,75)933056335(6,76)
(7,75)1295901881(8,75)
(8,75)670935153(9,75)
(8,75)936446478(8,76)
(9,75)1014639839(10,75)
(10,75)1(10,76)
(12,75)898019467(12,76)
(14,75)122839177(15,75)
(14,75)256548298(14,76)
(16,75)732639097(16,76)
(0,76)1117610210(0,77)
(1,76)177829664(2,76)
(2,76)919867533(3,76)
(4,76)447722085(5,76)
(6,76)243062114(6,77)
(7,76)913997267(8,76)
(7,76)461588919(7,77)
(9,76)962610124(10,76)
(10,76)980706496(11,76)
(10,76)1(10,77)
(11,76)814182244(12,76)
(12,76)952408033(12,77)
(13,76)1070730542(13,77)
(14,76)835403498(15,76)
(14,76)909290392(14,77)
(16,76)173572831(16,77)
(0,77)57246619(1,77)
(0,77)994413334(0,78)
(2,77)786861888(3,77)
(3,77)377270704(4,77)
(4,77)761905141(4,78)
(5,77)620332818(5,78)
(7,77)1046748884(7,78)
(8,77)1115601369(8,78)
(9,77)83467789(9,78)
(10,77)1(11,77)
(11,77)1(11,78)
(13,77)656300427(14,77)
(13,77)71857203(13,78)
(15,77)483811805(16,77)
(16,77)8520778(16,78)
(0,78)250609025(1,78)
(0,78)427264580(0,79)
(1,78)1214126468(2,78)
(2,78)315340101(3,78)
(3,78)1253395964(4,78)
(4,78)935672920(4,79)
(5,78)322519358(6,78)
(6,78)760663474(6,79)
(7,78)622538834(8,78)
(9,78)197560137(9,79)
(10,78)140693546(10,79)
(11,78)1(11,79)
(12,78)1344079822(13,78)
(14,78)26469432(14,79)
(15,78)453734012(16,78)
(16,78)193508660(16,79)
(1,79)109198110(1,80)
(2,79)1362594074(3,79)
(3,79)580861507(3,80)
(4,79)903380865(5,79)
(4,79)120318175(4,80)
(5,79)6082818(6,79)
(6,79)446041692(7,79)
(6,79)194017944(6,80)
(8,79)842197717(9,79)
(8,79)643601829(8,80)
(9,79)3728778(10,79)
(10,79)1529977112(10,80)
(11,79)1(12,79)
(12,79)1(13,79)
(13,79)1093333255(14,79)
(13,79)1(13,80)
(14,79)1206776731(15,79)
(14,79)358233977(14,80)
(16,79)727153563(16,80)
(0,80)1396040026(0,81)
(1,80)611150452(2,80)
(1,80)76078357(1,81)
(3,80)817513421(4,80)
(3,80)731468627(3,81)
(4,80)737551445(5,80)
(5,80)1011531365(5,81)
(6,80)445010605(7,80)
(7,80)52064121(7,81)
(8,80)55792899(9,80)
(8,80)19183391(8,81)
(9,80)937557877(9,81)
(11,80)457960717(12,80)
(11,80)713479156(11,81)
(12,80)269690233(12,81)
(13,80)1(13,81)
(14,80)504277157(15,80)
(14,80)946170679(14,81)
(15,80)194727057(16,80)
(15,80)56136880(15,81)
(0,81)805877510(1,81)
(0,81)132215237(0,82)
(2,81)569194184(3,81)
(3,81)127413935(4,81)
(3,81)381037226(3,82)
(5,81)840280631(5,82)
(6,81)247861396(7,81)
(8,81)1185419273(8,82)
(9,81)702066788(10,81)
(10,81)173960591(10,82)
(11,81)971757021(11,82)
(12,81)1(13,81)
(12,81)1(12,82)
(14,81)356877218(14,82)
(15,81)489092455(16,81)
(15,81)1004843142(15,82)
(0,82)756523905(0,83)
(1,82)1325718090(2,82)
(1,82)1169927091(1,83)
(2,82)141262661(2,83)
(3,82)758959992(3,83)
(4,82)637212499(5,82)
(5,82)237999405(6,82)
(6,82)534648398(6,83)
(7,82)1423418678(7,83)
(9,82)1052851455(10,82)
(9,82)169090424(9,83)
(10,82)2379779(11,82)
(10,82)949758840(10,83)
(12,82)735680522(13,82)
(12,82)1(12,83)
(15,82)349563922(16,82)
(0,83)411051303(0,84)
(2,83)286758356(2,84)
(3,83)923970856(4,83)
(5,83)1370727300(6,83)
(6,83)1212464775(6,84)
(7,83)1190466593(8,83)
(7,83)429272023(7,84)
(11,83)259575456(11,84)
(12,83)1(12,84)
(13,83)652118915(14,83)
(14,83)1256726573(14,84)
(15,83)361329553(15,84)
(16,83)1256591891(16,84)
(0,84)1228686557(1,84)
(0,84)211802852(0,85)
(2,84)319837456(3,84)
(2,84)779733248(2,85)
(3,84)568779345(4,84)
(4,84)917326926(5,84)
(5,84)1084722150(6,84)
(6,84)824227065(7,84)
(7,84)681238779(8,84)
(7,84)560078013(7,85)
(8,84)37813656(9,84)
(10,84)297389112(10,85)
(11,84)165507825(12,84)
(12,84)1267978793(13,84)
(12,84)1(12,85)
(13,84)183509619(14,84)
(14,84)942528626(15,84)
(16,84)23731536(16,85)
(0,85)835968111(0,86)
(1,85)803464784(1,86)
(3,85)150592432(4,85)
(3,85)786778629(3,86)
(4,85)1006004601(4,86)
(5,85)1497191381(5,86)
(6,85)30946512(7,85)
(6,85)284095145(6,86)
(7,85)321908801(8,85)
(7,85)499716870(7,86)
(8,85)412443036(9,85)
(9,85)985664493(10,85)
(10,85)784805738(11,85)
(10,85)1028302914(10,86)
(11,85)148798059(12,85)
(12,85)1(12,86)
(13,85)1002085115(14,85)
(14,85)1063991716(14,86)
(15,85)1025816651(15,86)
(16,85)1158399835(16,86)
(0,86)908281746(1,86)
(1,86)1054041917(2,86)
(1,86)391665341(1,87)
(2,86)542257773(3,86)
(5,86)1703172652(5,87)
(6,86)95027760(6,87)
(7,86)507470796(8,86)
(8,86)523787221(9,86)
(8,86)496895718(8,87)
(11,86)1341257945(11,87)
(12,86)1(13,86)
(13,86)639444835(14,86)
(13,86)1(13,87)
(14,86)404525906(15,86)
(15,86)903473852(16,86)
(0,87)42026364(0,88)
(1,87)584284138(2,87)
(1,87)860384380(1,88)
(2,87)131978239(3,87)
(3,87)1465389531(4,87)
(3,87)476249644(3,88)
(4,87)399161663(5,87)
(7,87)461071612(8,87)
(7,87)62160766(7,88)
(9,87)425239419(9,88)
(10,87)1(11,87)
(10,87)1(10,88)
(11,87)1(11,88)
(12,87)1(13,87)
(12,87)1(12,88)
(14,87)711162202(15,87)
(14,87)450783011(14,88)
(15,87)492809376(16,87)
(15,87)235197069(15,88)
(16,87)521194324(16,88)
(0,88)1077093514(1,88)
(1,88)1227559688(2,88)
(1,88)243789317(1,89)
(3,88)915226931(3,89)
(4,88)480491979(5,88)
(4,88)1122112491(4,89)
(5,88)1042516930(6,88)
(6,88)203377178(7,88)
(7,88)351211433(7,89)
(8,88)628616597(8,89)
(9,88)1(10,88)
(9,88)1(9,89)
(11,88)1(12,88)
(12,88)229650602(13,88)
(12,88)817852122(12,89)
(13,88)609176211(13,89)
(14,88)464847671(14,89)
(16,88)31595453(16,89)
(0,89)640505160(1,89)
(0,89)146514317(0,90)
(2,89)1389959785(3,89)
(3,89)830322008(3,90)
(4,89)1132265351(4,90)
(5,89)431393167(5,90)
(6,89)170424486(7,89)
(6,89)76566723(6,90)
(8,89)1(9,89)
(8,89)1(8,90)
(10,89)937408840(11,89)
(11,89)127624572(11,90)
(13,89)501086990(14,89)
(13,89)312965316(13,90)
(15,89)532682443(15,90)
(16,89)366415948(16,90)
(1,90)1360097192(2,90)
(2,90)96926090(2,91)
(3,90)344878895(3,91)
(4,90)94797980(4,91)
(5,90)265222466(6,90)
(6,90)1319892534(7,90)
(7,90)712314792(7,91)
(8,90)1(9,90)
(9,90)1(10,90)
(10,90)1(10,91)
(11,90)287934769(11,91)
(12,90)789021759(13,90)
(14,90)776625526(15,90)
(15,90)1291841609(16,90)
(16,90)43229608(16,91)
(0,91)504455153(1,91)
(1,91)140155699(1,92)
(2,91)849334048(2,92)
(3,91)382371824(4,91)
(5,91)1181177718(6,91)
(6,91)190783942(6,92)
(7,91)212871185(8,91)
(7,91)1132602245(7,92)
(8,91)1115141288(8,92)
(9,91)1(10,91)
(9,91)1(9,92)
(10,91)21450065(11,91)
(10,91)161886733(10,92)
(11,91)950908492(12,91)
(13,91)125129047(13,92)
(14,91)1120108198(14,92)
(15,91)575152088(16,91)
(0,92)52208211(0,93)
(1,92)14645291(2,92)
(1,92)623276209(1,93)
(2,92)1005648033(3,92)
(3,92)532800273(4,92)
(4,92)737833111(4,93)
(5,92)278520948(6,92)
(5,92)723584216(5,93)
(6,92)936455401(7,92)
(6,92)42226791(6,93)
(9,92)1(9,93)
(11,92)1054417521(12,92)
(11,92)412685845(11,93)
(12,92)281508748(13,92)
(13,92)423590035(14,92)
(13,92)27042071(13,93)
(14,92)602194160(15,92)
(14,92)193561260(14,93)
(15,92)245769471(16,92)
(15,92)197532196(15,93)
(16,92)295794952(16,93)
(0,93)260414762(1,93)
(0,93)820808405(0,94)
(2,93)136345238(2,94)
(3,93)416805901(3,94)
(4,93)695326849(5,93)
(4,93)459026917(4,94)
(6,93)1151858977(7,93)
(7,93)547037073(7,94)
(8,93)1229924465(8,94)
(9,93)1(10,93)
(10,93)247019106(11,93)
(10,93)1(10,94)
(11,93)414236486(12,93)
(12,93)274061178(12,94)
(13,93)607797746(13,94)
(0,94)238937602(1,94)
(0,94)374692717(0,95)
(1,94)110135418(2,94)
(2,94)296297002(3,94)
(2,94)655743503(2,95)
(3,94)569162335(3,95)
(5,94)536352555(6,94)
(6,94)870488552(7,94)
(6,94)364198079(6,95)
(7,94)84239971(8,94)
(8,94)63090137(8,95)
(9,94)1(10,94)
(9,94)1(9,95)
(11,94)537350204(12,94)
(11,94)584170422(11,95)
(13,94)276506611(13,95)
(14,94)836471423(15,94)
(14,94)484992402(14,95)
(15,94)859685119(16,94)
(0,95)161911062(0,96)
(1,95)458208065(2,95)
(4,95)379054197(5,95)
(4,95)79831375(4,96)
(5,95)950319927(6,95)
(7,95)1013410065(7,96)
(9,95)505270186(10,95)
(9,95)1(9,96)
(11,95)1220631843(12,95)
(13,95)226626321(14,95)
(14,95)417825716(15,95)
(14,95)600941483(14,96)
(15,95)762852545(16,95)
(0,96)885704226(0,97)
(1,96)779145480(1,97)
(2,96)1063762253(2,97)
(3,96)1442816450(4,96)
(4,96)703111113(5,96)
(5,96)1365245952(6,96)
(6,96)1168719758(7,96)
(7,96)892556839(8,96)
(7,96)1239311943(7,97)
(9,96)1006149777(10,96)
(9,96)1(9,97)
(11,96)883244599(12,96)
(11,96)396304676(11,97)
(12,96)622930997(13,96)
(14,96)99554980(15,96)
(15,96)663186922(16,96)
(15,96)1089523685(15,97)
(0,97)336146733(1,97)
(1,97)236894195(1,98)
(2,97)88937919(2,98)
(3,97)792049033(4,97)
(4,97)634901203(5,97)
(5,97)361086563(5,98)
(6,97)1253643403(7,97)
(8,97)745294748(9,97)
(9,97)1(9,98)
(10,97)1141599424(10,98)
(11,97)916369157(11,98)
(12,97)618246588(13,97)
(12,97)885145621(12,98)
(13,97)984700601(14,97)
(14,97)57716392(15,97)
(15,97)157832544(15,98)
(16,97)393863125(16,98)
(0,98)394726739(0,99)
(1,98)482801045(1,99)
(2,98)407602271(2,99)
(3,98)1042503474(4,98)
(3,98)899844755(3,99)
(4,98)893971884(5,98)
(5,98)742096396(6,98)
(5,98)769232972(5,99)
(6,98)93060951(7,98)
(6,98)633116854(6,99)
(7,98)501019074(7,99)
(8,98)758259539(8,99)
(9,98)159219078(10,98)
(9,98)1(9,99)
(11,98)1044364699(11,99)
(13,98)1080755241(13,99)
(14,98)362227384(15,98)
(14,98)39414197(14,99)
(15,98)434140936(16,98)
(0,99)361094674(1,99)
(0,99)318484184(0,100)
(2,99)802796503(3,99)
(2,99)1260939429(2,100)
(3,99)7427665(4,99)
(3,99)1081787255(3,100)
(5,99)640544520(5,100)
(6,99)177419078(6,100)
(7,99)163271947(8,99)
(7,99)275866318(7,100)
(8,99)1(9,99)
(8,99)1(8,100)
(9,99)233574005(10,99)
(10,99)438478940(11,99)
(11,99)1361031748(12,99)
(12,99)1206981288(13,99)
(14,99)1042664427(14,100)
(15,99)1234152323(15,100)
(16,99)48197908(16,100)
(0,100)806999225(1,100)
(0,100)994445351(0,101)
(3,100)1221787682(3,101)
(4,100)739394461(5,100)
(6,100)1015260779(6,101)
(8,100)1(9,100)
(9,100)1262366775(10,100)
(9,100)1(9,101)
(11,100)983331122(12,100)
(11,100)634117309(11,101)
(12,100)368095227(13,100)
(13,100)1083409902(14,100)
(15,100)449209253(16,100)
(15,100)1131607810(15,101)
(0,101)98967460(1,101)
(0,101)293261500(0,102)
(2,101)1205665406(3,101)
(4,101)800787320(4,102)
(5,101)559181182(6,101)
(5,101)927926734(5,102)
(6,101)230789261(7,101)
(8,101)1(9,101)
(8,101)1(8,102)
(9,101)1008962606(10,101)
(9,101)960670971(9,102)
(11,101)257785627(11,102)
(12,101)1341195529(13,101)
(13,101)914690858(14,101)
(13,101)954928582(13,102)
(14,101)325319692(14,102)
(15,101)618581192(16,101)
(15,101)813866947(15,102)
(0,102)80924047(1,102)
(0,102)454345869(0,103)
(2,102)589042745(3,102)
(3,102)453443504(4,102)
(3,102)313314947(3,103)
(4,102)872496129(5,102)
(6,102)1(7,102)
(6,102)1(6,103)
(7,102)1(8,102)
(10,102)1090784129(11,102)
(11,102)1073837090(12,102)
(11,102)948149687(11,103)
(14,102)529223845(14,103)
(15,102)983569714(16,102)
(15,102)657988547(15,103)
(0,103)496097341(1,103)
(1,103)1451554798(1,104)
(2,103)809412289(2,104)
(4,103)893169005(5,103)
(4,103)1236607089(4,104)
(6,103)1(7,103)
(7,103)1(8,103)
(8,103)1(9,103)
(9,103)929943489(10,103)
(9,103)1(9,104)
(11,103)870796539(12,103)
(11,103)828172553(11,104)
(13,103)909808027(14,103)
(14,103)236106451(15,103)
(14,103)641044352(14,104)
(15,103)860986401(15,104)
(16,103)732203793(16,104)
(0,104)165057551(0,105)
(2,104)1076040852(3,104)
(2,104)896744389(2,105)
(4,104)764232661(5,104)
(4,104)718547121(4,105)
(5,104)967087033(6,104)
(7,104)806246394(7,105)
(8,104)696937471(8,105)
(9,104)337334389(10,104)
(9,104)1(9,105)
(10,104)416878788(10,105)
(11,104)399934593(12,104)
(12,104)139212470(13,104)
(12,104)1184466146(12,105)
(13,104)1040978945(13,105)
(15,104)1165256422(16,104)
(15,104)5292743(15,105)
(16,104)472755462(16,105)
(0,105)1087828629(1,105)
(1,105)475466029(2,105)
(1,105)1369499852(1,106)
(2,105)99524277(2,106)
(3,105)863756938(4,105)
(4,105)13616536(5,105)
(4,105)13421679(4,106)
(5,105)562160213(5,106)
(6,105)1(7,105)
(6,105)1(6,106)
(7,105)1(8,105)
(7,105)693253145(7,106)
(8,105)1(9,105)
(9,105)825447954(9,106)
(10,105)259991977(10,106)
(11,105)399204447(12,105)
(11,105)350414571(11,106)
(12,105)118877844(12,106)
(13,105)987782831(14,105)
(14,105)417176092(15,105)
(0,106)682554497(0,107)
(2,106)1(3,106)
(2,106)1(2,107)
(3,106)1(4,106)
(4,106)1(4,107)
(6,106)1(6,107)
(7,106)732318607(7,107)
(8,106)617713561(8,107)
(10,106)248681603(10,107)
(12,106)802273136(13,106)
(14,106)676686479(15,106)
(14,106)115327782(14,107)
(16,106)180373950(16,107)
(0,107)1(1,107)
(0,107)1(0,108)
(1,107)1(2,107)
(2,107)1589391730(3,107)
(4,107)1(5,107)
(4,107)973088171(4,108)
(5,107)1(6,107)
(8,107)1078679801(9,107)
(8,107)385698894(8,108)
(9,107)177990151(10,107)
(10,107)893170106(10,108)
(11,107)1369684726(11,108)
(12,107)831071746(13,107)
(12,107)1082967935(12,108)
(14,107)461169656(15,107)
(15,107)73416930(16,107)
(16,107)806052384(16,108)
(0,108)1(0,109)
(1,108)112527370(2,108)
(2,108)173399897(3,108)
(2,108)297374545(2,109)
(5,108)878045585(6,108)
(5,108)543277860(5,109)
(7,108)17749165(8,108)
(7,108)1263744479(7,109)
(9,108)1001218347(10,108)
(9,108)910919272(9,109)
(10,108)458878867(11,108)
(10,108)663935709(10,109)
(12,108)122166244(12,109)
(13,108)583335900(14,108)
(13,108)1144987294(13,109)
(14,108)1218404225(15,108)
(15,108)12037404(16,108)
(0,109)1(1,109)
(1,109)126661774(2,109)
(1,109)1(1,110)
(3,109)913665989(4,109)
(3,109)12095274(3,110)
(4,109)890140859(5,109)
(6,109)6401691(6,110)
(7,109)1133283849(7,110)
(8,109)781403791(8,110)
(11,109)1362448902(11,110)
(12,109)457099485(12,110)
(13,109)961496348(13,110)
(14,109)973533752(15,109)
(14,109)1187689440(14,110)
(15,109)1140951317(16,109)
(15,109)1564080598(15,110)
(16,109)1098098527(16,110)
(0,110)1267613091(1,110)
(1,110)916408541(2,110)
(1,110)1(1,111)
(3,110)1(4,110)
(3,110)1(3,111)
(4,110)1(5,110)
(5,110)797681059(6,110)
(5,110)1(5,111)
(6,110)1325915158(6,111)
(8,110)671883861(9,110)
(9,110)753604164(10,110)
(9,110)1236654890(9,111)
(10,110)709249473(11,110)
(11,110)1210703650(11,111)
(12,110)738723712(13,110)
(13,110)496795926(14,110)
(14,110)155320663(14,111)
(16,110)1133920471(16,111)
(0,111)674277588(1,111)
(1,111)1(2,111)
(1,111)266145188(1,112)
(2,111)1(3,111)
(4,111)1(5,111)
(4,111)1(4,112)
(7,111)363546204(8,111)
(8,111)1073508267(8,112)
(9,111)250395320(9,112)
(10,111)905014115(10,112)
(11,111)1306019914(11,112)
(12,111)808385302(12,112)
(13,111)674692682(14,111)
(15,111)858432648(16,111)
(16,111)83721478(16,112)
(0,112)1541099836(1,112)
(1,112)215785459(2,112)
(2,112)729550136(3,112)
(3,112)533063492(3,113)
(4,112)1(5,112)
(5,112)1237806832(6,112)
(5,112)1(5,113)
(7,112)962261882(8,112)
(7,112)163831452(7,113)
(10,112)1105125459(10,113)
(11,112)760457652(12,112)
(11,112)165592167(11,113)
(12,112)840284849(13,112)
(13,112)424548911(14,112)
(14,112)721633298(15,112)
(14,112)501414354(14,113)
(15,112)428689047(16,112)
(15,112)508270389(15,113)
(16,112)115249486(16,113)
(0,113)644474506(1,113)
(1,113)474398854(2,113)
(2,113)234786809(3,113)
(4,113)965675493(5,113)
(5,113)361256161(6,113)
(5,113)1(5,114)
(7,113)928612490(8,113)
(8,113)1159821468(8,114)
(9,113)375867998(10,113)
(10,113)646711954(11,113)
(11,113)146001316(12,113)
(12,113)509912604(12,114)
(13,113)647415670(13,114)
(14,113)176308671(14,114)
(0,114)395556243(1,114)
(0,114)318041142(0,115)
(1,114)552827951(2,114)
(2,114)123424904(2,115)
(3,114)1089100397(4,114)
(4,114)438216630(4,115)
(5,114)1(5,115)
(6,114)999736185(7,114)
(7,114)890583569(7,115)
(8,114)885990487(8,115)
(9,114)332832524(9,115)
(10,114)478833840(11,114)
(10,114)509940939(10,115)
(11,114)177979222(12,114)
(12,114)1126249511(12,115)
(13,114)54870581(14,114)
(13,114)354287893(13,115)
(14,114)275445282(15,114)
(14,114)325989039(14,115)
(15,114)644030181(16,114)
(16,114)671001525(16,115)
(0,115)378599733(0,116)
(1,115)339049127(2,115)
(2,115)792192644(2,116)
(3,115)1(4,115)
(3,115)1(3,116)
(4,115)1(5,115)
(5,115)806903059(6,115)
(5,115)488291424(5,116)
(7,115)517579348(8,115)
(8,115)1078112340(9,115)
(9,115)179590197(10,115)
(10,115)1205499510(11,115)
(10,115)973243738(10,116)
(13,115)278426429(13,116)
(14,115)922456610(15,115)
(14,115)988676447(14,116)
(15,115)358750563(15,116)
(1,116)764023739(1,117)
(2,116)336107417(2,117)
(3,116)844135276(4,116)
(3,116)1(3,117)
(5,116)95263057(5,117)
(6,116)612842405(7,116)
(6,116)1048700004(6,117)
(7,116)1069778670(7,117)
(8,116)1249368868(9,116)
(9,116)698378555(10,116)
(10,116)905009824(11,116)
(10,116)407724928(10,117)
(11,116)110682311(11,117)
(12,116)1183436253(12,117)
(13,116)609628017(13,117)
(14,116)157181912(14,117)
(15,116)1310358905(16,116)
(0,117)52095429(1,117)
(0,117)694264051(0,118)
(1,117)59587459(2,117)
(2,117)568504902(3,117)
(2,117)748482475(2,118)
(3,117)1(4,117)
(4,117)1(4,118)
(5,117)1152988937(5,118)
(6,117)204519627(6,118)
(7,117)1453888495(8,117)
(7,117)769489410(7,118)
(9,117)842416246(10,117)
(11,117)1376981626(12,117)
(14,117)697038796(15,117)
(15,117)461282430(16,117)
(16,117)749134225(16,118)
(0,118)520869889(1,118)
(0,118)1034245394(0,119)
(2,118)434072180(2,119)
(3,118)119034608(3,119)
(4,118)1(4,119)
(6,118)17650736(6,119)
(8,118)372067577(9,118)
(9,118)276432382(10,118)
(9,118)916585331(9,119)
(10,118)146083309(11,118)
(11,118)87214496(12,118)
(11,118)221141745(11,119)
(13,118)229801995(14,118)
(14,118)315515305(15,118)
(15,118)191909172(16,118)
(16,118)836385194(16,119)
(0,119)329069274(0,120)
(1,119)1270457375(1,120)
(3,119)390902183(3,120)
(4,119)1(4,120)
(5,119)1179506139(5,120)
(6,119)517541193(7,119)
(7,119)633691926(7,120)
(8,119)910124309(9,119)
(9,119)135302431(9,120)
(10,119)222516928(11,119)
(12,119)76749803(12,120)
(13,119)392265109(14,119)
(13,119)284201490(13,120)
(14,119)476110662(15,119)
(14,119)174227601(14,120)
(16,119)123286484(16,120)
(0,120)286788135(1,120)
(0,120)351624030(0,121)
(2,120)1051352317(3,120)
(2,120)677690319(2,121)
(3,120)660837412(4,120)
(4,120)1(4,121)
(5,120)1(6,120)
(5,120)1(5,121)
(6,120)1(7,120)
(7,120)1(8,120)
(8,120)1(8,121)
(9,120)416321199(10,120)
(10,120)433258097(10,121)
(11,120)493071003(11,121)
(12,120)885336112(13,120)
(14,120)306073955(15,120)
(15,120)318126798(16,120)
(16,120)592862090(16,121)
(1,121)679455636(2,121)
(2,121)1165035513(2,122)
(3,121)1(4,121)
(3,121)1(3,122)
(5,121)16043851(6,121)
(5,121)1(5,122)
(7,121)571590391(8,121)
(7,121)209848123(7,122)
(8,121)1(9,121)
(9,121)118570336(10,121)
(9,121)1(9,122)
(10,121)633397967(11,121)
(12,121)436175046(12,122)
(13,121)742249001(14,121)
(14,121)141722355(15,121)
(14,121)759189568(14,122)
(15,121)387292887(16,121)
(15,121)1335111092(15,122)
(0,122)458179853(0,123)
(1,122)242086027(2,122)
(1,122)668295561(1,123)
(3,122)1(4,122)
(3,122)199628039(3,123)
(4,122)1(5,122)
(5,122)149663448(5,123)
(6,122)721253840(7,122)
(6,122)425520013(6,123)
(7,122)33327837(7,123)
(8,122)151898173(9,122)
(9,122)212016648(10,122)
(9,122)1(9,123)
(11,122)430260931(12,122)
(11,122)648191694(11,123)
(13,122)1189450499(13,123)
(14,122)578068140(14,123)
(15,122)1036247993(16,122)
(16,122)496008263(16,123)
(0,123)17412324(0,124)
(1,123)1199098462(2,123)
(1,123)178103584(1,124)
(3,123)728738516(3,124)
(4,123)1373608802(4,124)
(8,123)1046805665(8,124)
(9,123)1(10,123)
(10,123)1(10,124)
(11,123)631478828(11,124)
(12,123)477335543(13,123)
(12,123)713118994(12,124)
(13,123)142378733(14,123)
(13,123)207231206(13,124)
(15,123)638386996(15,124)
(16,123)374329572(16,124)
(0,124)1042963093(1,124)
(0,124)816490580(0,125)
(2,124)1398441935(3,124)
(4,124)1213940083(5,124)
(5,124)245988255(6,124)
(5,124)802037018(5,125)
(6,124)485766814(7,124)
(6,124)739937759(6,125)
(7,124)477952082(8,124)
(8,124)72654741(9,124)
(9,124)864158100(9,125)
(10,124)493321166(11,124)
(10,124)1(10,125)
(12,124)700552372(12,125)
(14,124)596727595(14,125)
(15,124)170877496(15,125)
(1,125)1274127416(2,125)
(2,125)425247903(2,126)
(3,125)496756019(3,126)
(4,125)742744274(5,125)
(5,125)231642098(5,126)
(6,125)709594180(7,125)
(8,125)611509936(9,125)
(9,125)664842857(9,126)
(10,125)1(10,126)
(11,125)385812402(12,125)
(11,125)620142172(11,126)
(12,125)416690096(13,125)
(13,125)982539997(13,126)
(14,125)248274525(15,125)
(14,125)587567592(14,126)
(15,125)463253073(16,125)
(0,126)677284744(0,127)
(1,126)1318973597(2,126)
(2,126)86652860(2,127)
(3,126)615215820(3,127)
(4,126)397224857(5,126)
(5,126)265149861(6,126)
(5,126)717451681(5,127)
(6,126)678160968(7,126)
(7,126)369918209(8,126)
(9,126)1041832147(10,126)
(9,126)797390011(9,127)
(10,126)1(10,127)
(11,126)647840561(12,126)
(12,126)18258763(12,127)
(13,126)266533288(14,126)
(14,126)317951672(14,127)
(15,126)995236417(16,126)
(16,126)1288558069(16,127)
(0,127)166726366(1,127)
(1,127)977101102(2,127)
(2,127)57124416(3,127)
(2,127)781942186(2,128)
(3,127)532656783(3,128)
(4,127)797806644(5,127)
(4,127)774576097(4,128)
(6,127)489225138(6,128)
(7,127)100233431(8,127)
(7,127)648257243(7,128)
(9,127)331383897(9,128)
(10,127)1(11,127)
(11,127)1(12,127)
(12,127)1(12,128)
(13,127)621289689(13,128)
(14,127)1098888982(14,128)
(15,127)604592854(16,127)
(15,127)906884613(15,128)
(0,128)134611894(0,129)
(1,128)191736310(2,128)
(1,128)417711010(1,129)
(3,128)764673736(4,128)
(4,128)271565825(5,128)
(4,128)386969722(4,129)
(5,128)1253898874(5,129)
(6,128)919823068(6,129)
(7,128)462428810(8,128)
(8,128)644981791(9,128)
(9,128)517257013(10,128)
(11,128)1081753562(12,128)
(11,128)584405977(11,129)
(12,128)1(13,128)
(12,128)530760499(12,129)
(13,128)1(13,129)
(14,128)637751751(15,128)
(15,128)1244229029(16,128)
(16,128)71962060(16,129)
(0,129)53282791(0,130)
(1,129)38829152(1,130)
(2,129)803502888(3,129)
(2,129)254794099(2,130)
(3,129)526359924(4,129)
(6,129)1088489655(6,130)
(7,129)802082974(7,130)
(8,129)1319339987(9,129)
(9,129)1389830654(9,130)
(10,129)324100569(11,129)
(12,129)357259466(12,130)
(13,129)1(14,129)
(13,129)1068611973(13,130)
(14,129)1(15,129)
(15,129)1(15,130)
(16,129)1601322693(16,130)
(0,130)1146310634(1,130)
(0,130)1105802430(0,131)
(2,130)234993068(3,130)
(2,130)1035957553(2,131)
(3,130)472584071(4,130)
(4,130)935790205(5,130)
(6,130)1147061524(7,130)
(7,130)909729519(8,130)
(7,130)809565163(7,131)
(8,130)86296922(9,130)
(8,130)389408531(8,131)
(9,130)713509100(10,130)
(9,130)665991836(9,131)
(10,130)624986675(11,130)
(11,130)1070768566(11,131)
(14,130)1(15,130)
(14,130)1(14,131)
(0,131)1021428192(0,132)
(1,131)822369370(1,132)
(3,131)312939858(4,131)
(3,131)790113673(3,132)
(4,131)84934240(5,131)
(4,131)708543520(4,132)
(6,131)813058909(7,131)
(7,131)97529928(7,132)
(8,131)1479050746(8,132)
(9,131)874585507(9,132)
(10,131)575669904(11,131)
(12,131)1361624775(13,131)
(13,131)507206130(14,131)
(14,131)581477691(15,131)
(14,131)1(14,132)
(15,131)293617947(15,132)
(16,131)286887558(16,132)
(0,132)657301979(1,132)
(0,132)1115987318(0,133)
(1,132)263457112(2,132)
(3,132)972000632(3,133)
(4,132)680122029(5,132)
(5,132)693365368(6,132)
(5,132)279365647(5,133)
(7,132)24932466(7,133)
(9,132)562933736(10,132)
(11,132)1(12,132)
(11,132)1(11,133)
(12,132)1(13,132)
(13,132)1(14,132)
(15,132)51882782(16,132)
(15,132)334406109(15,133)
(0,133)315339894(1,133)
(1,133)730830663(1,134)
(2,133)115696907(3,133)
(4,133)549092214(5,133)
(4,133)395062554(4,134)
(5,133)597630866(5,134)
(6,133)38838203(7,133)
(6,133)574024680(6,134)
(7,133)555510919(8,133)
(8,133)57938449(9,133)
(8,133)1361853135(8,134)
(9,133)1(10,133)
(9,133)1(9,134)
(10,133)1(11,133)
(12,133)110678032(12,134)
(13,133)884274712(14,133)
(13,133)66150113(13,134)
(14,133)118032896(15,133)
(14,133)37970020(14,134)
(15,133)36413339(16,133)
(15,133)167689723(15,134)
(0,134)11833727(1,134)
(0,134)898520386(0,135)
(1,134)1014217293(2,134)
(3,134)416652788(4,134)
(5,134)29677647(6,134)
(5,134)990677469(5,135)
(6,134)412025440(6,135)
(7,134)469963889(8,134)
(9,134)323816390(10,134)
(9,134)1(9,135)
(11,134)941144553(12,134)
(11,134)434494422(11,135)
(15,134)237495595(16,134)
(15,134)410784174(15,135)
(1,135)894922214(1,136)
(2,135)1311575003(3,135)
(2,135)513509088(2,136)
(4,135)154768824(4,136)
(6,135)165035496(7,135)
(6,135)789270295(6,136)
(7,135)223321930(8,135)
(8,135)975492869(8,136)
(9,135)1(10,135)
(10,135)1(11,135)
(11,135)1(11,136)
(12,135)605511114(13,135)
(13,135)101722316(14,135)
(13,135)407899393(13,136)
(14,135)645394989(15,135)
(14,135)1016295288(14,136)
(15,135)1000309132(16,135)
(0,136)377531553(1,136)
(1,136)1188097526(2,136)
(1,136)263133317(1,137)
(3,136)1290816580(4,136)
(3,136)1342866350(3,137)
(4,136)896339915(5,136)
(6,136)155925157(7,136)
(7,136)381779458(7,137)
(9,136)1101483476(9,137)
(10,136)22924012(11,136)
(11,136)1(12,136)
(12,136)1(12,137)
(14,136)105748672(15,136)
(14,136)40908237(14,137)
(16,136)483280225(16,137)
(0,137)1088975941(0,138)
(1,137)635155426(2,137)
(1,137)228873644(1,138)
(2,137)300910989(2,138)
(3,137)1197250904(4,137)
(4,137)1430176756(5,137)
(5,137)1085435056(5,138)
(6,137)289279834(7,137)
(7,137)814973268(8,137)
(8,137)801470251(9,137)
(9,137)446090053(9,138)
(10,137)682717953(11,137)
(11,137)670880143(12,137)
(12,137)1(13,137)
(13,137)1(13,138)
(14,137)629219140(15,137)
(15,137)540580392(16,137)
(15,137)377186390(15,138)
(0,138)606060035(0,139)
(2,138)1085425673(3,138)
(2,138)1052142337(2,139)
(3,138)334835445(4,138)
(4,138)891295025(5,138)
(4,138)23377081(4,139)
(5,138)312656916(6,138)
(6,138)814281280(7,138)
(7,138)622844320(8,138)
(8,138)969623901(9,138)
(8,138)1260371334(8,139)
(9,138)234416535(9,139)
(10,138)905296678(11,138)
(10,138)666650981(10,139)
(11,138)1439896455(12,138)
(13,138)98820550(14,138)
(13,138)1(13,139)
(15,138)460915722(16,138)
(16,138)460333468(16,139)
(0,139)439182334(1,139)
(1,139)659684772(2,139)
(3,139)613553774(4,139)
(3,139)683061854(3,140)
(4,139)995718770(5,139)
(5,139)513416896(6,139)
(5,139)434927843(5,140)
(6,139)1057772163(7,139)
(6,139)551655348(6,140)
(9,139)50001728(10,139)
(9,139)40446582(9,140)
(11,139)630826298(12,139)
(12,139)224360296(12,140)
(13,139)1(13,140)
(14,139)946597708(15,139)
(15,139)1026250765(16,139)
(16,139)1385780042(16,140)
(0,140)1481767220(0,141)
(1,140)1181594824(2,140)
(1,140)1108038791(1,141)
(2,140)221513744(2,141)
(3,140)880730439(3,141)
(4,140)9036761(4,141)
(7,140)442362138(8,140)
(7,140)211513974(7,141)
(8,140)261515702(9,140)
(9,140)515989436(10,140)
(10,140)78861789(11,140)
(11,140)740349732(11,141)
(12,140)249307678(13,140)
(12,140)564543775(12,141)
(13,140)1(13,141)
(14,140)218599093(14,141)
(15,140)749437877(15,141)
(16,140)1416236850(16,141)
(0,141)734477489(1,141)
(2,141)707499460(3,141)
(3,141)861871616(4,141)
(4,141)359947623(5,141)
(4,141)328903675(4,142)
(6,141)177202024(7,141)
(7,141)832977299(8,141)
(7,141)507233537(7,142)
(9,141)614096139(9,142)
(10,141)13638668(11,141)
(11,141)268643080(11,142)
(13,141)1(13,142)
(14,141)381738792(14,142)
(15,141)91731813(16,141)
(16,141)371355985(16,142)
(0,142)1501977972(0,143)
(1,142)61993785(2,142)
(2,142)700951882(3,142)
(2,142)816456099(2,143)
(3,142)390897460(3,143)
(4,142)435791768(4,143)
(5,142)612993793(6,142)
(6,142)433358971(7,142)
(6,142)222234488(6,143)
(7,142)238231309(7,143)
(8,142)1047455111(8,143)
(9,142)861546521(9,143)
(10,142)726943258(11,142)
(10,142)210973695(10,143)
(12,142)374257169(13,142)
(13,142)1(14,142)
(13,142)225013403(13,143)
(14,142)316745216(15,142)
(14,142)1(14,143)
(15,142)819173568(15,143)
(0,143)658253834(0,144)
(1,143)509035066(1,144)
(2,143)45870117(2,144)
(4,143)260507630(5,143)
(6,143)498738939(6,144)
(7,143)441069554(8,143)
(7,143)619150895(7,144)
(9,143)669569150(10,143)
(9,143)652043249(9,144)
(10,143)495317859(11,143)
(12,143)720331262(12,144)
(14,143)1(14,144)
(15,143)1258269576(16,143)
(15,143)729655446(15,144)
(0,144)469991645(1,144)
(1,144)776645653(2,144)
(2,144)117505483(2,145)
(3,144)378013113(4,144)
(4,144)1109567656(4,145)
(5,144)190647027(6,144)
(6,144)105829146(6,145)
(7,144)133272919(7,145)
(8,144)802842069(9,144)
(9,144)317699067(10,144)
(10,144)783419031(11,144)
(10,144)135866659(10,145)
(11,144)1038030330(11,145)
(12,144)707704769(12,145)
(13,144)1(14,144)
(13,144)1(13,145)
(16,144)97502148(16,145)
(0,145)525131124(1,145)
(1,145)215007631(1,146)
(2,145)593020745(3,145)
(2,145)440113591(2,146)
(3,145)851343784(3,146)
(4,145)1041990811(5,145)
(5,145)640110757(6,145)
(5,145)32620988(5,146)
(7,145)462491965(7,146)
(8,145)780191032(9,145)
(8,145)768829003(8,146)
(11,145)112469155(11,146)
(12,145)337438534(13,145)
(12,145)399922217(12,146)
(13,145)27432720(14,145)
(13,145)1(13,146)
(14,145)4124952(15,145)
(15,145)497442855(16,145)
(15,145)124934868(15,146)
(16,145)529256077(16,146)
(0,146)239218983(1,146)
(0,146)339942500(0,147)
(3,146)255252395(3,147)
(4,146)895363152(5,146)
(4,146)928782498(4,147)
(5,146)599993660(6,146)
(8,146)773587049(9,146)
(8,146)957444621(8,147)
(9,146)840642264(10,146)
(10,146)886056205(10,147)
(13,146)1(13,147)
(14,146)1392932069(14,147)
(15,146)48681602(15,147)
(16,146)1694801757(16,147)
(0,147)518354166(1,147)
(0,147)1018051270(0,148)
(1,147)637880876(1,148)
(2,147)622950807(3,147)
(3,147)695511630(3,148)
(5,147)626756631(6,147)
(5,147)879341182(5,148)
(6,147)869903684(7,147)
(6,147)516844305(6,148)
(8,147)277359868(9,147)
(9,147)29003912(9,148)
(11,147)638437902(12,147)
(12,147)1(13,147)
(12,147)1(12,148)
(14,147)1021756338(14,148)
(1,148)179403839(2,148)
(2,148)282724039(3,148)
(2,148)354564723(2,149)
(4,148)441961289(5,148)
(5,148)19430671(5,149)
(7,148)1(8,148)
(7,148)1(7,149)
(8,148)1(9,148)
(9,148)1(10,148)
(10,148)1(11,148)
(11,148)1(12,148)
(12,148)48803690(12,149)
(13,148)1507550787(13,149)
(14,148)944345712(14,149)
(15,148)500798744(16,148)
(16,148)1058927840(16,149)
(0,149)680202583(1,149)
(0,149)266950321(0,150)
(1,149)549674360(2,149)
(2,149)916078928(3,149)
(2,149)495407241(2,150)
(3,149)937368531(4,149)
(4,149)935509599(4,150)
(5,149)97887977(6,149)
(5,149)816047425(5,150)
(7,149)1(8,149)
(7,149)1436753915(7,150)
(8,149)1(8,150)
(9,149)663483018(10,149)
(10,149)69498658(11,149)
(10,149)240187070(10,150)
(11,149)118476979(12,149)
(12,149)230367644(13,149)
(13,149)829440544(14,149)
(15,149)3030314(16,149)
(16,149)96340370(16,150)
(0,150)552704674(1,150)
(1,150)591747611(1,151)
(2,150)116960608(2,151)
(3,150)858482179(3,151)
(4,150)956370157(5,150)
(4,150)197679919(4,151)
(6,150)245640424(6,151)
(8,150)1(9,150)
(9,150)1(9,151)
(10,150)337455682(11,150)
(11,150)1126985481(12,150)
(11,150)731368959(11,151)
(13,150)816416160(14,150)
(13,150)863065474(13,151)
(14,150)866095788(15,150)
(15,150)308587891(16,150)
(0,151)231560471(1,151)
(3,151)1083816556(3,152)
(4,151)106099015(5,151)
(4,151)531595020(4,152)
(5,151)32711666(6,151)
(5,151)144569584(5,152)
(6,151)123361217(7,151)
(7,151)1265016170(7,152)
(8,151)1(9,151)
(8,151)1(8,152)
(9,151)679795603(10,151)
(11,151)564030499(12,151)
(12,151)749006489(13,151)
(12,151)550463398(12,152)
(14,151)26828982(15,151)
(15,151)1018783514(16,151)
(15,151)687876001(15,152)
(16,151)258389454(16,152)
(0,152)76153424(0,153)
(1,152)1177616295(2,152)
(2,152)841253058(2,153)
(3,152)947352073(4,152)
(4,152)1391930849(4,153)
(5,152)574299199(5,153)
(6,152)385577453(7,152)
(6,152)859455504(6,153)
(8,152)1(9,152)
(8,152)1093473544(8,153)
(9,152)1(9,153)
(10,152)846042683(11,152)
(10,152)322534272(10,153)
(12,152)600410405(13,152)
(12,152)564283774(12,153)
(13,152)591112756(14,152)
(13,152)585820134(13,153)
(15,152)849502210(15,153)
(0,153)394572477(1,153)
(0,153)50450667(0,154)
(1,153)55809561(1,154)
(2,153)1003161634(3,153)
(3,153)542259134(3,154)
(5,153)410194982(5,154)
(6,153)1767699541(6,154)
(7,153)10159836(8,153)
(7,153)909028182(7,154)
(9,153)669557389(10,153)
(9,153)1(9,154)
(10,153)873750870(10,154)
(11,153)1233841163(11,154)
(13,153)614964034(13,154)
(14,153)526972482(14,154)
(15,153)577423150(16,153)
(15,153)661731507(15,154)
(16,153)226492694(16,154)
(0,154)717541068(0,155)
(1,154)182792838(1,155)
(2,154)270010568(2,155)
(3,154)180078121(4,154)
(4,154)966234527(5,154)
(4,154)143727298(4,155)
(8,154)178301917(9,154)
(8,154)143147960(8,155)
(9,154)1(9,155)
(11,154)1089613352(12,154)
(12,154)689645545(13,154)
(12,154)85587596(12,155)
(14,154)46525337(15,154)
(15,154)144000506(15,155)
(0,155)326793345(0,156)
(1,155)60325661(2,155)
(1,155)44287340(1,156)
(2,155)224365461(3,155)
(3,155)204052960(3,156)
(4,155)24659476(4,156)
(5,155)1339347005(5,156)
(6,155)609542069(7,155)
(6,155)1545510956(6,156)
(8,155)753488004(8,156)
(9,155)1(10,155)
(10,155)1(10,156)
(11,155)309699162(11,156)
(12,155)227206974(13,155)
(13,155)661653607(13,156)
(14,155)583088080(15,155)
(14,155)371207481(14,156)
(16,155)77741608(16,156)
(1,156)723075025(1,157)
(2,156)187159320(3,156)
(2,156)962379447(2,157)
(3,156)851662228(4,156)
(5,156)249689537(5,157)
(6,156)1474676845(6,157)
(7,156)852837315(8,156)
(7,156)742052751(7,157)
(8,156)814491068(8,157)
(9,156)745093079(10,156)
(10,156)1(11,156)
(11,156)1503070453(12,156)
(11,156)1(11,157)
(13,156)28486568(14,156)
(14,156)424795112(15,156)
(15,156)223810411(16,156)
(15,156)106228177(15,157)
(16,156)1183121600(16,157)
(0,157)829303202(0,158)
(2,157)849679628(3,157)
(3,157)723203660(4,157)
(3,157)395485200(3,158)
(4,157)384049947(5,157)
(5,157)50396858(5,158)
(6,157)903234173(7,157)
(8,157)337488427(9,157)
(8,157)376702499(8,158)
(10,157)1(11,157)
(10,157)1(10,158)
(11,157)73312514(12,157)
(11,157)753329515(11,158)
(12,157)781816084(13,157)
(12,157)303027938(12,158)
(13,157)727823050(14,157)
(16,157)969109209(16,158)
(0,158)586326337(1,158)
(1,158)611158030(2,158)
(1,158)195897311(1,159)
(2,158)919100971(3,158)
(4,158)488431474(5,158)
(5,158)344480534(5,159)
(6,158)289263901(7,158)
(6,158)80826822(6,159)
(7,158)418315249(8,158)
(7,158)101950854(7,159)
(9,158)900600953(9,159)
(10,158)1(10,159)
(11,158)241688689(11,159)
(12,158)969511739(13,158)
(14,158)732972742(14,159)
(15,158)494451144(16,158)
(0,159)132421661(0,160)
(1,159)676106136(1,160)
(2,159)668652721(2,160)
(3,159)1157084195(4,159)
(4,159)238964507(4,160)
(5,159)528228408(6,159)
(8,159)409343572(8,160)
(9,159)1126345654(9,160)
(10,159)1(10,160)
(12,159)209431280(13,159)
(13,159)569962194(14,159)
(14,159)120456925(15,159)
(14,159)145955631(14,160)
(15,159)278377292(16,159)
(15,159)264256792(15,160)
(0,160)940362928(0,161)
(1,160)834846901(2,160)
(2,160)904319368(3,160)
(3,160)802221909(4,160)
(5,160)502957933(5,161)
(6,160)1492695324(6,161)
(7,160)1322011583(8,160)
(8,160)592437844(8,161)
(9,160)368843683(10,160)
(10,160)286049571(11,160)
(10,160)1(10,161)
(11,160)600053741(12,160)
(12,160)253316162(13,160)
(13,160)32512278(14,160)
(13,160)746009372(13,161)
(14,160)517572954(14,161)
(16,160)206802942(16,161)
(0,161)145299136(1,161)
(0,161)1005813550(0,162)
(2,161)64977944(3,161)
(3,161)673666712(4,161)
(4,161)567935877(4,162)
(5,161)34028067(6,161)
(5,161)18878389(5,162)
(6,161)1321201943(6,162)
(7,161)469808265(8,161)
(7,161)626465911(7,162)
(8,161)586422856(8,162)
(9,161)872472427(10,161)
(9,161)860430726(9,162)
(10,161)1(10,162)
(11,161)784527779(11,162)
(12,161)59010192(12,162)
(14,161)760004913(15,161)
(15,161)933948337(16,161)
(16,161)905304049(16,162)
(0,162)696597607(1,162)
(0,162)552955834(0,163)
(1,162)617933778(2,162)
(2,162)650597658(3,162)
(2,162)453993615(2,163)
(4,162)669476047(4,163)
(5,162)1036080924(5,163)
(7,162)449305227(7,163)
(8,162)218836268(8,163)
(10,162)1(11,162)
(11,162)1(12,162)
(12,162)1(13,162)
(13,162)219423161(14,162)
(13,162)1(13,163)
(15,162)369916124(16,162)
(16,162)187058926(16,163)
(0,163)987849903(1,163)
(1,163)641052541(1,164)
(2,163)355931522(3,163)
(2,163)26235910(2,164)
(3,163)274248213(3,164)
(4,163)137130585(5,163)
(5,163)750417987(6,163)
(5,163)945013618(5,164)
(6,163)586435812(6,164)
(8,163)501091343(9,163)
(8,163)864572691(8,164)
(10,163)495413448(11,163)
(10,163)91938624(10,164)
(11,163)1(12,163)
(11,163)1(11,164)
(12,163)1(13,163)
(13,163)689871398(14,163)
(13,163)583143052(13,164)
(15,163)779665038(16,163)
(15,163)876930325(15,164)
(0,164)384437204(1,164)
(2,164)658685418(2,165)
(3,164)795816003(4,164)
(6,164)690631781(6,165)
(7,164)219617187(7,165)
(8,164)1241539096(9,164)
(8,164)862533239(8,165)
(11,164)276158923(12,164)
(11,164)1(11,165)
(14,164)733830843(15,164)
(16,164)1118268047(16,165)
(0,165)1073604801(1,165)
(0,165)1051649865(0,166)
(2,165)425285820(3,165)
(2,165)44564340(2,166)
(4,165)1335814281(5,165)
(5,165)803035622(6,165)
(5,165)456573647(5,166)
(7,165)649486916(8,165)
(8,165)876031902(9,165)
(8,165)784474873(8,166)
(9,165)1(10,165)
(9,165)1(9,166)
(10,165)1(11,165)
(11,165)238165890(12,165)
(12,165)463419095(13,165)
(12,165)455207249(12,166)
(13,165)1189038092(14,165)
(13,165)67357085(13,166)
(15,165)599573835(16,165)
(15,165)159822492(15,166)
(16,165)340652299(16,166)
(0,166)569535027(1,166)
(1,166)214578130(2,166)
(1,166)385216639(1,167)
(2,166)151158505(3,166)
(2,166)402821164(2,167)
(4,166)677667740(5,166)
(4,166)607732153(4,167)
(5,166)108545277(6,166)
(6,166)195752954(6,167)
(7,166)893020151(7,167)
(9,166)374510499(10,166)
(9,166)1(9,167)
(10,166)448372120(11,166)
(11,166)829717748(11,167)
(12,166)515729205(12,167)
(13,166)616054956(13,167)
(14,166)31094685(14,167)
(15,166)123429002(15,167)
(0,167)34965124(1,167)
(0,167)508645642(0,168)
(1,167)40501334(1,168)
(3,167)587264983(4,167)
(4,167)778236397(4,168)
(5,167)426822931(6,167)
(6,167)121618081(6,168)
(7,167)300291985(7,168)
(8,167)674802484(9,167)
(9,167)365897495(10,167)
(9,167)1(9,168)
(11,167)881626700(11,168)
(13,167)911033296(14,167)
(13,167)1406887111(13,168)
(14,167)787832406(14,168)
(15,167)548713466(15,168)
(16,167)1262239230(16,168)
(0,168)589214801(0,169)
(1,168)220867933(2,168)
(2,168)1076334848(2,169)
(3,168)304932778(4,168)
(3,168)999104330(3,169)
(4,168)394635745(4,169)
(5,168)101954891(6,168)
(5,168)426550859(5,169)
(7,168)19480266(7,169)
(8,168)1(9,168)
(8,168)1(8,169)
(10,168)986367094(11,168)
(11,168)1061481094(11,169)
(12,168)245770557(12,169)
(13,168)571756624(13,169)
(14,168)373744209(14,169)
(15,168)962959010(16,168)
(15,168)587800245(15,169)
(1,169)605884419(1,170)
(2,169)910817197(3,169)
(2,169)35447625(2,170)
(6,169)1293648569(7,169)
(7,169)125219541(8,169)
(8,169)675745567(9,169)
(8,169)1(8,170)
(10,169)1176148222(11,169)
(12,169)1461921905(13,169)
(14,169)751476975(15,169)
(15,169)1661875219(16,169)
(15,169)998205441(15,170)
(0,170)885646096(1,170)
(1,170)367423410(2,170)
(2,170)504052718(2,171)
(3,170)224414231(4,170)
(4,170)875217055(5,170)
(4,170)177269620(4,171)
(6,170)1(7,170)
(6,170)1(6,171)
(7,170)1(8,170)
(7,170)227657780(7,171)
(9,170)510364130(10,170)
(9,170)450374615(9,171)
(11,170)1421563611(12,170)
(11,170)110785328(11,171)
(13,170)405143311(14,170)
(14,170)430162992(14,171)
(15,170)192963581(15,171)
(16,170)1723839781(16,171)
(0,171)254192615(1,171)
(0,171)16231476(0,172)
(1,171)80408852(1,172)
(2,171)304823083(3,171)
(3,171)686717489(4,171)
(4,171)1(5,171)
(4,171)1(4,172)
(5,171)1(6,171)
(8,171)203134686(9,171)
(8,171)35126092(8,172)
(9,171)959642372(9,172)
(10,171)233722336(11,171)
(10,171)313920014(10,172)
(12,171)1557524449(12,172)
(13,171)248234486(14,171)
(13,171)176040557(13,172)
(14,171)62809762(15,171)
(14,171)152047691(14,172)
(15,171)168279167(16,171)
(16,171)317002377(16,172)
(1,172)209822555(2,172)
(1,172)128502812(1,173)
(3,172)478901650(3,173)
(4,172)1(5,172)
(5,172)1(5,173)
(6,172)530226852(6,173)
(7,172)733361538(8,172)
(8,172)295304023(8,173)
(9,172)529026359(10,172)
(10,172)793159118(11,172)
(10,172)760916656(10,173)
(11,172)720000766(12,172)
(12,172)187301647(13,172)
(14,172)1040327624(15,172)
(14,172)11892267(14,173)
(16,172)361997403(16,173)
(0,173)126714295(1,173)
(1,173)145251280(2,173)
(2,173)615719492(3,173)
(2,173)605615945(2,174)
(4,173)956166759(5,173)
(4,173)1098864125(4,174)
(5,173)1(6,173)
(6,173)559176985(7,173)
(6,173)1(6,174)
(7,173)729829800(7,174)
(9,173)252134008(10,173)
(10,173)655794136(11,173)
(12,173)105859472(13,173)
(13,173)420686569(14,173)
(15,173)784902265(16,173)
(15,173)782683972(15,174)
(16,173)1440723270(16,174)
(0,174)930153545(1,174)
(1,174)412730878(2,174)
(2,174)1341927809(3,174)
(2,174)614745002(2,175)
(4,174)1167743255(4,175)
(5,174)1726920240(6,174)
(5,174)1686296266(5,175)
(6,174)1(6,175)
(8,174)796966350(8,175)
(9,174)837762764(9,175)
(10,174)75504084(11,174)
(10,174)511879173(10,175)
(11,174)617738645(12,174)
(11,174)833119431(11,175)
(13,174)639146646(14,174)
(14,174)710028549(15,174)
(0,175)98748588(1,175)
(1,175)1173169644(2,175)
(1,175)107443448(1,176)
(3,175)193429252(3,176)
(6,175)1(6,176)
(7,175)1(8,175)
(7,175)1(7,176)
(8,175)33100347(9,175)
(8,175)1(8,176)
(9,175)343070299(10,175)
(12,175)307354617(13,175)
(12,175)1304050568(12,176)
(14,175)239740886(14,176)
(15,175)70982721(16,175)
(15,175)1506777563(15,176)
(0,176)1244152366(1,176)
(1,176)1145092572(2,176)
(2,176)518155422(3,176)
(3,176)1210447462(4,176)
(3,176)214776751(3,177)
(4,176)145633910(5,176)
(4,176)308119430(4,177)
(5,176)21724789(5,177)
(6,176)1(7,176)
(7,176)5489097(7,177)
(8,176)1(9,176)
(9,176)1(10,176)
(10,176)1(10,177)
(11,176)324121985(12,176)
(12,176)1434303568(13,176)
(13,176)563862871(13,177)
(14,176)634845593(15,176)
(14,176)793597484(14,177)
(15,176)260334847(16,176)
(15,176)800749051(15,177)
(0,177)1405427420(1,177)
(1,177)428079172(2,177)
(1,177)1169095929(1,178)
(2,177)232059743(3,177)
(3,177)736198602(3,178)
(4,177)253784533(4,178)
(5,177)524815788(6,177)
(5,177)491811853(5,178)
(6,177)479610582(6,178)
(7,177)828169979(8,177)
(8,177)1023663516(8,178)
(9,177)1(10,177)
(9,177)1(9,178)
(11,177)527734584(12,177)
(11,177)80884026(11,178)
(12,177)1235318322(13,177)
(13,177)220284149(14,177)
(16,177)839610687(16,178)
(0,178)226586647(1,178)
(1,178)312331211(1,179)
(2,178)962785249(2,179)
(4,178)422497498(4,179)
(6,178)597203647(7,178)
(7,178)697046987(7,179)
(9,178)1(10,178)
(9,178)307741067(9,179)
(10,178)1(11,178)
(11,178)1(12,178)
(11,178)49155234(11,179)
(12,178)269439383(13,178)
(12,178)1(12,179)
(13,178)375848956(13,179)
(14,178)174356431(15,178)
(14,178)221237843(14,179)
(15,178)283118026(15,179)
(16,178)400943078(16,179)
(0,179)547602717(1,179)
(0,179)595449237(0,180)
(1,179)526134882(2,179)
(2,179)653151414(3,179)
(2,179)6857734(2,180)
(3,179)948632381(3,180)
(4,179)622015851(5,179)
(4,179)422185082(4,180)
(6,179)598858431(7,179)
(7,179)490125721(8,179)
(7,179)314046075(7,180)
(8,179)777762753(9,179)
(8,179)906599499(8,180)
(10,179)229337860(11,179)
(10,179)826917988(10,180)
(12,179)1(12,180)
(13,179)779543248(14,179)
(15,179)1180486327(15,180)
(16,179)1059846516(16,180)
(0,180)452125059(1,180)
(0,180)396731007(0,181)
(1,180)1066704251(1,181)
(4,180)343972584(5,180)
(4,180)442181170(4,181)
(5,180)1041039602(6,180)
(5,180)1194352482(5,181)
(6,180)658018659(6,181)
(9,180)115215752(9,181)
(11,180)1(12,180)
(11,180)1(11,181)
(12,180)893135111(13,180)
(12,180)381684691(12,181)
(13,180)893928490(14,180)
(15,180)322868797(16,180)
(0,181)872995610(0,182)
(2,181)697335073(2,182)
(3,181)1041307657(4,181)
(3,181)225325923(3,182)
(4,181)225141185(4,182)
(6,181)987624080(7,181)
(7,181)461267934(8,181)
(8,181)697091619(9,181)
(9,181)166929309(10,181)
(10,181)810683482(10,182)
(11,181)1(11,182)
(13,181)775193439(14,181)
(14,181)1248833849(14,182)
(15,181)677418705(15,182)
(16,181)1178092750(16,182)
(1,182)1011190115(2,182)
(2,182)769251832(3,182)
(4,182)998467042(5,182)
(4,182)321094500(4,183)
(5,182)168219344(5,183)
(6,182)629487278(7,182)
(6,182)39669968(6,183)
(7,182)264074765(7,183)
(8,182)431004074(9,182)
(8,182)89417741(8,183)
(10,182)979618074(10,183)
(11,182)1(12,182)
(12,182)1(12,183)
(13,182)391594281(14,182)
(14,182)373139024(14,183)
(15,182)206056788(16,182)
(16,182)1255347142(16,183)
(0,183)1217246904(1,183)
(1,183)1238163630(1,184)
(2,183)339861996(3,183)
(2,183)306094557(2,184)
(3,183)240493890(3,184)
(4,183)508081340(4,184)
(7,183)96807663(8,183)
(8,183)969903655(9,183)
(9,183)437250942(10,183)
(9,183)1076425737(9,184)
(11,183)1023503692(11,184)
(12,183)1(12,184)
(13,183)77502703(14,183)
(14,183)165346665(15,183)
(14,183)837301357(14,184)
(16,183)1382593569(16,184)
(0,184)423529828(0,185)
(1,184)763391824(2,184)
(2,184)147342196(2,185)
(4,184)261558134(5,184)
(4,184)42513996(4,185)
(5,184)1362358256(5,185)
(6,184)1459165919(7,184)
(7,184)310964500(8,184)
(8,184)388108008(8,185)
(9,184)201395035(9,185)
(10,184)770249065(10,185)
(11,184)37863391(12,184)
(11,184)318856788(11,185)
(12,184)1(13,184)
(13,184)1(13,185)
(14,184)862613663(15,184)
(15,184)5255516(16,184)
(15,184)1294776000(15,185)
(16,184)769461969(16,185)
(0,185)768647340(1,185)
(0,185)835980478(0,186)
(1,185)916804166(1,186)
(2,185)465875185(3,185)
(3,185)154194990(4,185)
(5,185)1139915712(6,185)
(6,185)1009778486(6,186)
(7,185)756523860(8,185)
(8,185)1119750736(9,185)
(8,185)7615371(8,186)
(10,185)1438607524(10,186)
(12,185)292317416(12,186)
(13,185)1(14,185)
(14,185)1(14,186)
(16,185)43111912(16,186)
(0,186)693713567(0,187)
(1,186)1159588753(2,186)
(2,186)89943759(3,186)
(2,186)695975746(2,187)
(3,186)248776153(4,186)
(5,186)1258554640(5,187)
(6,186)1360794332(6,187)
(7,186)333061420(8,186)
(8,186)1394367777(8,187)
(9,186)811520446(10,186)
(10,186)883677235(10,187)
(11,186)337856690(12,186)
(12,186)1(13,186)
(12,186)1(12,187)
(13,186)1(14,186)
(14,186)524264431(15,186)
(15,186)581908263(16,186)
(15,186)45937851(15,187)
(1,187)71630379(2,187)
(1,187)191955370(1,188)
(2,187)440731524(3,187)
(2,187)434351915(2,188)
(3,187)267122526(4,187)
(4,187)1195733555(5,187)
(6,187)594768858(6,188)
(7,187)813765145(7,188)
(9,187)672642657(9,188)
(10,187)1(11,187)
(10,187)1(10,188)
(11,187)1(12,187)
(13,187)474092276(14,187)
(13,187)581119796(13,188)
(16,187)757041428(16,188)
(0,188)162027271(0,189)
(1,188)1191393343(1,189)
(3,188)432354274(4,188)
(3,188)154561311(3,189)
(4,188)938949079(4,189)
(5,188)752443709(6,188)
(6,188)816088554(7,188)
(6,188)387723824(6,189)
(7,188)190123635(7,189)
(8,188)1086955872(9,188)
(9,188)351746911(10,188)
(9,188)447165574(9,189)
(10,188)1(10,189)
(11,188)45201722(12,188)
(11,188)301574756(11,189)
(12,188)775667032(13,188)
(13,188)736754883(14,188)
(14,188)745738932(14,189)
(15,188)907766203(16,188)
(16,188)807110224(16,189)
(0,189)537706007(0,190)
(1,189)43730944(1,190)
(2,189)476085218(3,189)
(3,189)787687308(3,190)
(5,189)171813258(6,189)
(7,189)669726877(8,189)
(10,189)1(10,190)
(11,189)1(12,189)
(11,189)1(11,190)
(12,189)1242548887(13,189)
(12,189)1(12,190)
(14,189)448071008(15,189)
(14,189)588861551(14,190)
(15,189)1126567558(16,189)
(15,189)738215951(15,190)
(0,190)975305786(1,190)
(0,190)781946895(0,191)
(2,190)567760009(3,190)
(3,190)613756817(3,191)
(4,190)47045174(4,191)
(5,190)738411469(5,191)
(6,190)298630896(6,191)
(7,190)163438629(8,190)
(8,190)115899795(9,190)
(8,190)495047404(8,191)
(9,190)329821117(9,191)
(10,190)1(10,191)
(11,190)1(11,191)
(12,190)1(13,190)
(13,190)1(13,191)
(15,190)1071358810(15,191)
(16,190)260010287(16,191)
(0,191)1040245116(1,191)
(0,191)400073831(0,192)
(1,191)967833840(2,191)
(2,191)1031160197(3,191)
(3,191)292088360(4,191)
(3,191)1014879014(3,192)
(4,191)406735121(5,191)
(5,191)1030226365(6,191)
(5,191)590719256(5,192)
(6,191)754157885(7,191)
(9,191)208365993(10,191)
(9,191)328161330(9,192)
(10,191)1(11,191)
(11,191)1020541436(11,192)
(12,191)1(13,191)
(12,191)1(12,192)
(14,191)822872945(15,191)
(15,191)1604736881(16,191)
(0,192)425087073(1,192)
(1,192)801935679(2,192)
(1,192)1369636346(1,193)
(3,192)424023697(3,193)
(4,192)104960314(4,193)
(5,192)859118200(6,192)
(6,192)1143736473(7,192)
(6,192)832040183(6,193)
(8,192)3979548(9,192)
(10,192)1024520984(10,193)
(12,192)1(12,193)
(13,192)1076807945(14,192)
(13,192)215004625(13,193)
(15,192)792442358(15,193)
(16,192)97344931(16,193)
(0,193)14595056(0,194)
(2,193)247111553(2,194)
(4,193)492914628(5,193)
(4,193)526313873(4,194)
(5,193)385918151(5,194)
(6,193)222906639(7,193)
(6,193)288528183(6,194)
(7,193)292507731(8,193)
(8,193)363799029(9,193)
(9,193)904030215(10,193)
(10,193)327370291(11,193)
(10,193)83674515(10,194)
(11,193)1157965215(11,194)
(12,193)1(13,193)
(12,193)542374916(12,194)
(13,193)214632775(14,193)
(13,193)1(13,194)
(15,193)894326926(16,193)
(15,193)311977706(15,194)
(0,194)423163040(1,194)
(1,194)938333655(2,194)
(2,194)56959469(2,195)
(3,194)549874097(4,194)
(5,194)90710152(6,194)
(5,194)838402281(5,195)
(7,194)197994112(8,194)
(8,194)538011877(9,194)
(8,194)300455080(8,195)
(9,194)627825371(10,194)
(9,194)281668627(9,195)
(12,194)557119897(12,195)
(13,194)414927880(14,194)
(13,194)1(13,195)
(15,194)1398615846(16,194)
(15,194)95823720(15,195)
(0,195)189465853(1,195)
(0,195)23831113(0,196)
(2,195)292354713(3,195)
(3,195)493843962(4,195)
(4,195)1130756994(4,196)
(5,195)114183359(6,195)
(5,195)328039045(5,196)
(6,195)526033157(7,195)
(7,195)414638439(7,196)
(8,195)807701785(8,196)
(9,195)528165875(10,195)
(10,195)967983728(11,195)
(10,195)65180449(10,196)
(13,195)745856663(14,195)
(13,195)1(13,196)
(14,195)250472831(15,195)
(15,195)431377810(15,196)
(16,195)439938684(16,196)
(0,196)173858426(0,197)
(1,196)466213139(2,196)
(2,196)440412381(3,196)
(2,196)499104946(2,197)
(4,196)768451427(4,197)
(6,196)845254211(7,196)
(8,196)482868597(9,196)
(8,196)29971334(8,197)
(10,196)388482407(11,196)
(11,196)1(12,196)
(11,196)1(11,197)
(12,196)1(13,196)
(13,196)369438099(13,197)
(14,196)1511204444(14,197)
(16,196)967407897(16,197)
(0,197)3792362(1,197)
(1,197)317731708(2,197)
(2,197)1429847929(3,197)
(3,197)1164432341(4,197)
(3,197)1086183135(3,198)
(4,197)233184072(5,197)
(4,197)491394814(4,198)
(6,197)16029071(7,197)
(6,197)187886793(6,198)
(7,197)670755390(8,197)
(8,197)217091775(9,197)
(9,197)91426112(9,198)
(10,197)1012310486(11,197)
(10,197)551061747(10,198)
(11,197)1(11,198)
(12,197)221615638(13,197)
(13,197)1223571523(14,197)
(13,197)994609178(13,198)
(14,197)532188400(15,197)
(14,197)152366546(14,198)
(15,197)29685873(16,197)
(15,197)43495773(15,198)
(16,197)535980762(16,198)
(0,198)347417581(1,198)
(0,198)1510008617(0,199)
(1,198)792372898(2,198)
(2,198)1153691951(3,198)
(4,198)472933090(5,198)
(4,198)148948928(4,199)
(5,198)164977999(6,198)
(6,198)377943325(7,198)
(7,198)1266959614(7,199)
(8,198)469369437(8,199)
(9,198)460223325(9,199)
(11,198)1(11,199)
(12,198)938237237(12,199)
(0,199)1995666010(1,199)
(2,199)1377946110(3,199)
(3,199)1001874314(4,199)
(5,199)897247251(6,199)
(6,199)1150823242(7,199)
(8,199)604435185(9,199)
(9,199)1315801242(10,199)
(11,199)1(12,199)
(12,199)1(13,199)
(13,199)1(14,199)
(14,199)1(15,199)
(15,199)1(16,199)
