30 50
(0,0)2087126626(1,0)
(0,0)1177220057(0,1)
(1,0)542653442(2,0)
(1,0)708351959(1,1)
(2,0)1615938025(3,0)
(2,0)811084115(2,1)
(3,0)1449297885(4,0)
(3,0)615503814(3,1)
(4,0)757537093(5,0)
(4,0)270741611(4,1)
(5,0)1352355143(6,0)
(5,0)309577175(5,1)
(6,0)152526327(7,0)
(6,0)1376604910(6,1)
(7,0)183158772(8,0)
(7,0)1296856901(7,1)
(8,0)1053250594(9,0)
(8,0)1463767543(8,1)
(9,0)227783239(10,0)
(9,0)2067296771(9,1)
(10,0)585373693(11,0)
(10,0)789163735(10,1)
(11,0)1311039006(12,0)
(11,0)1415648985(11,1)
(12,0)273044490(13,0)
(12,0)489461291(12,1)
(13,0)1313233116(14,0)
(13,0)1287270533(13,1)
(14,0)937134762(15,0)
(14,0)1181863954(14,1)
(15,0)211600364(16,0)
(15,0)414325353(15,1)
(16,0)1122677312(17,0)
(16,0)876777740(16,1)
(17,0)1687861855(18,0)
(17,0)754253806(17,1)
(18,0)1369757620(19,0)
(18,0)591131690(18,1)
(19,0)861873301(20,0)
(19,0)989676093(19,1)
(20,0)1299253268(21,0)
(20,0)2127294714(20,1)
(21,0)1356415976(22,0)
(21,0)66744796(21,1)
(22,0)1363601697(23,0)
(22,0)1451779596(22,1)
(23,0)768063491(24,0)
(23,0)1539574749(23,1)
(24,0)1459387872(25,0)
(24,0)269368643(24,1)
(25,0)1058532378(26,0)
(25,0)995846731(25,1)
(26,0)264012068(27,0)
(26,0)2044761566(26,1)
(27,0)386739209(28,0)
(27,0)222087736(27,1)
(28,0)1509358269(29,0)
(28,0)537056558(28,1)
(29,0)1699972326(29,1)
(0,1)299009383(1,1)
(0,1)1718920513(0,2)
(1,1)1930520877(2,1)
(1,1)2114297679(1,2)
(2,1)1089491344(3,1)
(2,1)1175787124(2,2)
(3,1)716165331(4,1)
(3,1)537291035(3,2)
(4,1)1907048655(5,1)
(4,1)1680623034(4,2)
(5,1)395012687(6,1)
(5,1)1705841424(5,2)
(6,1)857611045(7,1)
(6,1)1886859721(6,2)
(7,1)1095792050(8,1)
(7,1)461757483(7,2)
(8,1)1825359180(9,1)
(8,1)161906993(8,2)
(9,1)929970484(10,1)
(9,1)487883151(9,2)
(10,1)1947271023(11,1)
(10,1)2094727823(10,2)
(11,1)1005776553(12,1)
(11,1)1925817215(11,2)
(12,1)42345636(13,1)
(12,1)1844548941(12,2)
(13,1)83804503(14,1)
(13,1)1227864289(13,2)
(14,1)589738910(15,1)
(14,1)579402194(14,2)
(15,1)150839059(16,1)
(15,1)1783776829(15,2)
(16,1)1750590860(17,1)
(16,1)888748294(16,2)
(17,1)2064535418(18,1)
(17,1)2081359936(17,2)
(18,1)471167323(19,1)
(18,1)692598556(18,2)
(19,1)225737942(20,1)
(19,1)633217101(19,2)
(20,1)191574878(21,1)
(20,1)230732331(20,2)
(21,1)2117592052(22,1)
(21,1)620750629(21,2)
(22,1)1082508112(23,1)
(22,1)1049185923(22,2)
(23,1)1211092916(24,1)
(23,1)1065900454(23,2)
(24,1)1553783605(25,1)
(24,1)760383644(24,2)
(25,1)707627819(26,1)
(25,1)2141063400(25,2)
(26,1)1919396968(27,1)
(26,1)1353570981(26,2)
(27,1)1050636274(28,1)
(27,1)1713404372(27,2)
(28,1)793785013(29,1)
(28,1)1961742604(28,2)
(29,1)1134440777(29,2)
(0,2)1383523924(1,2)
(0,2)393661150(0,3)
(1,2)544500210(2,2)
(1,2)770733958(1,3)
(2,2)373841171(3,2)
(2,2)124788570(2,3)
(3,2)41840340(4,2)
(3,2)478376498(3,3)
(4,2)949543822(5,2)
(4,2)1066439727(4,3)
(5,2)1292177670(6,2)
(5,2)675057441(5,3)
(6,2)866632319(7,2)
(6,2)1180276153(6,3)
(7,2)1150384557(8,2)
(7,2)1912928299(7,3)
(8,2)847952764(9,2)
(8,2)1915818242(8,3)
(9,2)979427510(10,2)
(9,2)68801364(9,3)
(10,2)1622584969(11,2)
(10,2)1608336408(10,3)
(11,2)168480580(12,2)
(11,2)973007263(11,3)
(12,2)744920583(13,2)
(12,2)828672302(12,3)
(13,2)1879308577(14,2)
(13,2)1881884952(13,3)
(14,2)528186318(15,2)
(14,2)559179539(14,3)
(15,2)952840689(16,2)
(15,2)866265706(15,3)
(16,2)1636999665(17,2)
(16,2)1911710242(16,3)
(17,2)2036498812(18,2)
(17,2)1497340899(17,3)
(18,2)1975717398(19,2)
(18,2)2010840836(18,3)
(19,2)929796915(20,2)
(19,2)2078339152(19,3)
(20,2)605912945(21,2)
(20,2)777777572(20,3)
(21,2)1958053725(22,2)
(21,2)74490937(21,3)
(22,2)1987419237(23,2)
(22,2)1472545265(22,3)
(23,2)1240879859(24,2)
(23,2)960954634(23,3)
(24,2)1029755998(25,2)
(24,2)687888353(24,3)
(25,2)148741113(26,2)
(25,2)72823722(25,3)
(26,2)1045830985(27,2)
(26,2)504857320(26,3)
(27,2)1333529622(28,2)
(27,2)317221693(27,3)
(28,2)51622998(29,2)
(28,2)1790751568(28,3)
(29,2)1065354551(29,3)
(0,3)579809316(1,3)
(0,3)202447459(0,4)
(1,3)1155288148(2,3)
(1,3)1931620258(1,4)
(2,3)1421136275(3,3)
(2,3)344035910(2,4)
(3,3)233051074(4,3)
(3,3)505145400(3,4)
(4,3)333379150(5,3)
(4,3)1284493463(4,4)
(5,3)66806730(6,3)
(5,3)163906578(5,4)
(6,3)769819523(7,3)
(6,3)1111156722(6,4)
(7,3)921726799(8,3)
(7,3)141297668(7,4)
(8,3)2128716905(9,3)
(8,3)94881140(8,4)
(9,3)1335761000(10,3)
(9,3)1882681433(9,4)
(10,3)764953784(11,3)
(10,3)669121610(10,4)
(11,3)817862723(12,3)
(11,3)1408584722(11,4)
(12,3)306932059(13,3)
(12,3)1269811104(12,4)
(13,3)455857078(14,3)
(13,3)1135084417(13,4)
(14,3)1186707415(15,3)
(14,3)2097683627(14,4)
(15,3)152647438(16,3)
(15,3)1521211630(15,4)
(16,3)1305348240(17,3)
(16,3)1766516731(16,4)
(17,3)2110552641(18,3)
(17,3)1307935586(17,4)
(18,3)1813080986(19,3)
(18,3)579000867(18,4)
(19,3)1863494330(20,3)
(19,3)196120067(19,4)
(20,3)360026645(21,3)
(20,3)2146460136(20,4)
(21,3)1110133210(22,3)
(21,3)1930301060(21,4)
(22,3)2071598728(23,3)
(22,3)1129846168(22,4)
(23,3)1224727309(24,3)
(23,3)2031860009(23,4)
(24,3)1767057795(25,3)
(24,3)2052831985(24,4)
(25,3)574469947(26,3)
(25,3)413004661(25,4)
(26,3)1821589383(27,3)
(26,3)384527931(26,4)
(27,3)1654339035(28,3)
(27,3)1392332671(27,4)
(28,3)379933440(29,3)
(28,3)2128521442(28,4)
(29,3)2110196113(29,4)
(0,4)1566640855(1,4)
(0,4)2078721421(0,5)
(1,4)83885211(2,4)
(1,4)1483924095(1,5)
(2,4)641788687(3,4)
(2,4)1185673938(2,5)
(3,4)1148742931(4,4)
(3,4)1391820797(3,5)
(4,4)1057418136(5,4)
(4,4)1220789554(4,5)
(5,4)936800236(6,4)
(5,4)1344862998(5,5)
(6,4)1704889643(7,4)
(6,4)1056394624(6,5)
(7,4)19044187(8,4)
(7,4)719617649(7,5)
(8,4)643732729(9,4)
(8,4)687252163(8,5)
(9,4)1911979472(10,4)
(9,4)2050904196(9,5)
(10,4)1670478343(11,4)
(10,4)549081067(10,5)
(11,4)1123551014(12,4)
(11,4)177500485(11,5)
(12,4)1999089868(13,4)
(12,4)2055006274(12,5)
(13,4)1561861661(14,4)
(13,4)368400037(13,5)
(14,4)748333477(15,4)
(14,4)1980127662(14,5)
(15,4)1911365435(16,4)
(15,4)1524574127(15,5)
(16,4)861014574(17,4)
(16,4)167490684(16,5)
(17,4)1353164622(18,4)
(17,4)1995250646(17,5)
(18,4)1239587796(19,4)
(18,4)1502803262(18,5)
(19,4)576109168(20,4)
(19,4)354423905(19,5)
(20,4)1699286903(21,4)
(20,4)149522284(20,5)
(21,4)1205916908(22,4)
(21,4)1512909405(21,5)
(22,4)85043406(23,4)
(22,4)1256692898(22,5)
(23,4)1943945062(24,4)
(23,4)1224961095(23,5)
(24,4)1128381644(25,4)
(24,4)728776135(24,5)
(25,4)1277857202(26,4)
(25,4)1708440886(25,5)
(26,4)1885941372(27,4)
(26,4)651376339(26,5)
(27,4)558898966(28,4)
(27,4)253924569(27,5)
(28,4)622324606(29,4)
(28,4)1737547592(28,5)
(29,4)2120760627(29,5)
(0,5)1370658084(1,5)
(0,5)1570191607(0,6)
(1,5)1334073394(2,5)
(1,5)1497851106(1,6)
(2,5)211382033(3,5)
(2,5)1538148768(2,6)
(3,5)743829743(4,5)
(3,5)1181840393(3,6)
(4,5)273944541(5,5)
(4,5)1714185295(4,6)
(5,5)142810815(6,5)
(5,5)1098253648(5,6)
(6,5)650056904(7,5)
(6,5)423466825(6,6)
(7,5)1629383733(8,5)
(7,5)1655720220(7,6)
(8,5)1740763626(9,5)
(8,5)1906749802(8,6)
(9,5)1703211216(10,5)
(9,5)706861181(9,6)
(10,5)1835242825(11,5)
(10,5)322056114(10,6)
(11,5)1599913316(12,5)
(11,5)1264168455(11,6)
(12,5)1002626179(13,5)
(12,5)339135516(12,6)
(13,5)898034482(14,5)
(13,5)1853837885(13,6)
(14,5)328678844(15,5)
(14,5)592690123(14,6)
(15,5)15398082(16,5)
(15,5)871311462(15,6)
(16,5)221678920(17,5)
(16,5)1699336928(16,6)
(17,5)1090002048(18,5)
(17,5)1349471477(17,6)
(18,5)383828222(19,5)
(18,5)433060953(18,6)
(19,5)2147246248(20,5)
(19,5)1833831791(19,6)
(20,5)784601792(21,5)
(20,5)657772763(20,6)
(21,5)1081239588(22,5)
(21,5)142573416(21,6)
(22,5)1798293636(23,5)
(22,5)1434658696(22,6)
(23,5)1193924850(24,5)
(23,5)563139673(23,6)
(24,5)1270000854(25,5)
(24,5)1391573615(24,6)
(25,5)1713629729(26,5)
(25,5)749652419(25,6)
(26,5)2013820874(27,5)
(26,5)957760031(26,6)
(27,5)1296895548(28,5)
(27,5)1166059397(27,6)
(28,5)872413635(29,5)
(28,5)868963405(28,6)
(29,5)47446382(29,6)
(0,6)1201092479(1,6)
(0,6)1461653528(0,7)
(1,6)1477051611(2,6)
(1,6)918757844(1,7)
(2,6)1140436765(3,6)
(2,6)752945759(2,7)
(3,6)1842947807(4,6)
(3,6)679039440(3,7)
(4,6)1062867662(5,6)
(4,6)1573497718(4,7)
(5,6)1573260319(6,6)
(5,6)1529295951(5,7)
(6,6)166414095(7,6)
(6,6)1720640425(6,7)
(7,6)654396365(8,6)
(7,6)1715833735(7,7)
(8,6)1366643723(9,6)
(8,6)1601072791(8,7)
(9,6)647513993(10,6)
(9,6)1217536038(9,7)
(10,6)340053245(11,6)
(10,6)610733690(10,7)
(11,6)176879771(12,6)
(11,6)1397166412(11,7)
(12,6)1263503638(13,6)
(12,6)1297813276(12,7)
(13,6)447225176(14,6)
(13,6)1342939169(13,7)
(14,6)67869156(15,6)
(14,6)2132467043(14,7)
(15,6)1446636924(16,6)
(15,6)494671559(15,7)
(16,6)1413429403(17,6)
(16,6)1268961635(16,7)
(17,6)2021907394(18,6)
(17,6)776204887(17,7)
(18,6)1455244327(19,6)
(18,6)406382520(18,7)
(19,6)1979880239(20,6)
(19,6)1717371553(19,7)
(20,6)1099183856(21,6)
(20,6)370628341(20,7)
(21,6)2091268766(22,6)
(21,6)1405656910(21,7)
(22,6)974006997(23,6)
(22,6)1265597951(22,7)
(23,6)719187094(24,6)
(23,6)598181483(23,7)
(24,6)1815717521(25,6)
(24,6)193167072(24,7)
(25,6)803900763(26,6)
(25,6)1366701088(25,7)
(26,6)616383852(27,6)
(26,6)8287118(26,7)
(27,6)1306100395(28,6)
(27,6)980780534(27,7)
(28,6)176236055(29,6)
(28,6)1879887491(28,7)
(29,6)1753325571(29,7)
(0,7)244105211(1,7)
(0,7)1864870886(0,8)
(1,7)1164024162(2,7)
(1,7)100513482(1,8)
(2,7)1513942886(3,7)
(2,7)1513066846(2,8)
(3,7)1387490592(4,7)
(3,7)1940229049(3,8)
(4,7)1247989728(5,7)
(4,7)1920325406(4,8)
(5,7)1752721997(6,7)
(5,7)957378498(5,8)
(6,7)2056562354(7,7)
(6,7)1618618069(6,8)
(7,7)1562403187(8,7)
(7,7)1010895259(7,8)
(8,7)1984902256(9,7)
(8,7)1174676658(8,8)
(9,7)1893863752(10,7)
(9,7)13101022(9,8)
(10,7)1828818544(11,7)
(10,7)30585681(10,8)
(11,7)834486444(12,7)
(11,7)1113081192(11,8)
(12,7)1729465045(13,7)
(12,7)1837105662(12,8)
(13,7)995722409(14,7)
(13,7)1815266978(13,8)
(14,7)1991503034(15,7)
(14,7)1461868888(14,8)
(15,7)1179256126(16,7)
(15,7)601564333(15,8)
(16,7)702077815(17,7)
(16,7)88124597(16,8)
(17,7)1601191444(18,7)
(17,7)195796641(17,8)
(18,7)2136025690(19,7)
(18,7)68537053(18,8)
(19,7)1988862460(20,7)
(19,7)841198388(19,8)
(20,7)1798576886(21,7)
(20,7)1236531771(20,8)
(21,7)707666192(22,7)
(21,7)1594100809(21,8)
(22,7)457512421(23,7)
(22,7)1707655593(22,8)
(23,7)734848603(24,7)
(23,7)122585732(23,8)
(24,7)135686754(25,7)
(24,7)294931029(24,8)
(25,7)325516710(26,7)
(25,7)481228707(25,8)
(26,7)1594309900(27,7)
(26,7)1964505298(26,8)
(27,7)1654127313(28,7)
(27,7)1160003154(27,8)
(28,7)827786485(29,7)
(28,7)1176291297(28,8)
(29,7)502366074(29,8)
(0,8)671805871(1,8)
(0,8)490676537(0,9)
(1,8)1669932663(2,8)
(1,8)1103930407(1,9)
(2,8)1806008223(3,8)
(2,8)759930468(2,9)
(3,8)213638264(4,8)
(3,8)1865729304(3,9)
(4,8)1854271347(5,8)
(4,8)1874545276(4,9)
(5,8)1715924088(6,8)
(5,8)1054836653(5,9)
(6,8)705929891(7,8)
(6,8)943319470(6,9)
(7,8)1650985662(8,8)
(7,8)1162541250(7,9)
(8,8)1620053671(9,8)
(8,8)266101836(8,9)
(9,8)1000950439(10,8)
(9,8)1773571394(9,9)
(10,8)1909258149(11,8)
(10,8)1914984700(10,9)
(11,8)93017763(12,8)
(11,8)1482179147(11,9)
(12,8)929005399(13,8)
(12,8)1726279799(12,9)
(13,8)1232923464(14,8)
(13,8)1253020917(13,9)
(14,8)2080807402(15,8)
(14,8)2105296696(14,9)
(15,8)448489585(16,8)
(15,8)1735289539(15,9)
(16,8)691736298(17,8)
(16,8)605129625(16,9)
(17,8)1365060094(18,8)
(17,8)2118422248(17,9)
(18,8)1836667905(19,8)
(18,8)350260873(18,9)
(19,8)77322502(20,8)
(19,8)1578698358(19,9)
(20,8)486051363(21,8)
(20,8)1543455604(20,9)
(21,8)339291426(22,8)
(21,8)1793246590(21,9)
(22,8)808304192(23,8)
(22,8)1191981255(22,9)
(23,8)1458083091(24,8)
(23,8)1990277088(23,9)
(24,8)1616364835(25,8)
(24,8)280874215(24,9)
(25,8)48375268(26,8)
(25,8)311549883(25,9)
(26,8)1793729030(27,8)
(26,8)1378139336(26,9)
(27,8)956935487(28,8)
(27,8)141393031(27,9)
(28,8)1394413948(29,8)
(28,8)575250781(28,9)
(29,8)42375304(29,9)
(0,9)1327737703(1,9)
(0,9)533063829(0,10)
(1,9)981553414(2,9)
(1,9)1777664843(1,10)
(2,9)321917493(3,9)
(2,9)1932867328(2,10)
(3,9)1150443774(4,9)
(3,9)952492014(3,10)
(4,9)641676271(5,9)
(4,9)672178367(4,10)
(5,9)749500869(6,9)
(5,9)581658485(5,10)
(6,9)1067709848(7,9)
(6,9)37648227(6,10)
(7,9)376939653(8,9)
(7,9)395263811(7,10)
(8,9)1203568004(9,9)
(8,9)112207455(8,10)
(9,9)1570290547(10,9)
(9,9)219733094(9,10)
(10,9)1836097929(11,9)
(10,9)1484442219(10,10)
(11,9)1532817487(12,9)
(11,9)1881840430(11,10)
(12,9)1528085812(13,9)
(12,9)1066753617(12,10)
(13,9)2023689104(14,9)
(13,9)1674210518(13,10)
(14,9)921140819(15,9)
(14,9)2103336593(14,10)
(15,9)488916774(16,9)
(15,9)2066064408(15,10)
(16,9)1696245603(17,9)
(16,9)101394874(16,10)
(17,9)2034262202(18,9)
(17,9)1470470188(17,10)
(18,9)275478554(19,9)
(18,9)2018163097(18,10)
(19,9)542857816(20,9)
(19,9)1037222329(19,10)
(20,9)1618880814(21,9)
(20,9)917154826(20,10)
(21,9)954803053(22,9)
(21,9)1292358685(21,10)
(22,9)1687622496(23,9)
(22,9)539107014(22,10)
(23,9)651314470(24,9)
(23,9)1331742707(23,10)
(24,9)1551475801(25,9)
(24,9)743706852(24,10)
(25,9)80665424(26,9)
(25,9)74121369(25,10)
(26,9)1955961799(27,9)
(26,9)1240090082(26,10)
(27,9)159360051(28,9)
(27,9)1613482911(27,10)
(28,9)1140209782(29,9)
(28,9)1336563963(28,10)
(29,9)35565507(29,10)
(0,10)2061350601(1,10)
(0,10)1292416908(0,11)
(1,10)1781333682(2,10)
(1,10)2101629916(1,11)
(2,10)1650391871(3,10)
(2,10)15261827(2,11)
(3,10)2049524029(4,10)
(3,10)1104320222(3,11)
(4,10)1379798776(5,10)
(4,10)1521071320(4,11)
(5,10)2063929136(6,10)
(5,10)939262710(5,11)
(6,10)410659876(7,10)
(6,10)149469954(6,11)
(7,10)1104273008(8,10)
(7,10)1208804173(7,11)
(8,10)748943022(9,10)
(8,10)949766891(8,11)
(9,10)1601081361(10,10)
(9,10)288532067(9,11)
(10,10)1840007868(11,10)
(10,10)1492649874(10,11)
(11,10)1573315298(12,10)
(11,10)1675202730(11,11)
(12,10)1483680881(13,10)
(12,10)932614302(12,11)
(13,10)1091974353(14,10)
(13,10)1039314562(13,11)
(14,10)32040696(15,10)
(14,10)672761196(14,11)
(15,10)1965178104(16,10)
(15,10)1127539860(15,11)
(16,10)1081686128(17,10)
(16,10)2093391297(16,11)
(17,10)2108653124(18,10)
(17,10)1599028138(17,11)
(18,10)555864712(19,10)
(18,10)584594352(18,11)
(19,10)2105665672(20,10)
(19,10)2010693505(19,11)
(20,10)802472568(21,10)
(20,10)1935663488(20,11)
(21,10)2085133443(22,10)
(21,10)2022111161(21,11)
(22,10)1083431686(23,10)
(22,10)1213132444(22,11)
(23,10)15415687(24,10)
(23,10)1041922803(23,11)
(24,10)1330454870(25,10)
(24,10)1832374708(24,11)
(25,10)1177540935(26,10)
(25,10)1616497048(25,11)
(26,10)1144216130(27,10)
(26,10)1022979090(26,11)
(27,10)1955593392(28,10)
(27,10)603372585(27,11)
(28,10)1642687147(29,10)
(28,10)480413363(28,11)
(29,10)900084097(29,11)
(0,11)1674727843(1,11)
(0,11)1153174559(0,12)
(1,11)970869015(2,11)
(1,11)2027623957(1,12)
(2,11)961826438(3,11)
(2,11)1620635492(2,12)
(3,11)1581804968(4,11)
(3,11)422413505(3,12)
(4,11)978278217(5,11)
(4,11)1546420790(4,12)
(5,11)1504602814(6,11)
(5,11)1445014826(5,12)
(6,11)100003746(7,11)
(6,11)766458058(6,12)
(7,11)704107853(8,11)
(7,11)1379230327(7,12)
(8,11)315178366(9,11)
(8,11)1313136190(8,12)
(9,11)1328551878(10,11)
(9,11)1746030656(9,12)
(10,11)929001878(11,11)
(10,11)69426(10,12)
(11,11)1177610361(12,11)
(11,11)797565278(11,12)
(12,11)1941781409(13,11)
(12,11)1951980968(12,12)
(13,11)1760090712(14,11)
(13,11)1780982947(13,12)
(14,11)1276186446(15,11)
(14,11)274711124(14,12)
(15,11)1427885684(16,11)
(15,11)512691161(15,12)
(16,11)392831470(17,11)
(16,11)803430642(16,12)
(17,11)276582486(18,11)
(17,11)251271051(17,12)
(18,11)673684557(19,11)
(18,11)1354657908(18,12)
(19,11)753595050(20,11)
(19,11)1858387455(19,12)
(20,11)1155918633(21,11)
(20,11)1651962774(20,12)
(21,11)270937184(22,11)
(21,11)110714217(21,12)
(22,11)1489944544(23,11)
(22,11)1255922379(22,12)
(23,11)421574921(24,11)
(23,11)975045037(23,12)
(24,11)573592045(25,11)
(24,11)1805122910(24,12)
(25,11)1805192337(26,11)
(25,11)1750126799(25,12)
(26,11)400208430(27,11)
(26,11)1502593923(26,12)
(27,11)1307091243(28,11)
(27,11)835319050(27,12)
(28,11)468818349(29,11)
(28,11)194506191(28,12)
(29,11)919698307(29,12)
(0,12)1745004796(1,12)
(0,12)469217315(0,13)
(1,12)1897102999(2,12)
(1,12)1432389468(1,13)
(2,12)1825220939(3,12)
(2,12)400951790(2,13)
(3,12)677534276(4,12)
(3,12)890403(3,13)
(4,12)674574960(5,12)
(4,12)1032395199(4,13)
(5,12)1785990250(6,12)
(5,12)388438083(5,13)
(6,12)1544356716(7,12)
(6,12)179054086(6,13)
(7,12)449991271(8,12)
(7,12)1896704467(7,13)
(8,12)1239165363(9,12)
(8,12)652795447(8,13)
(9,12)1074370369(10,12)
(9,12)1425036308(9,13)
(10,12)1998628354(11,12)
(10,12)896804626(10,13)
(11,12)554513315(12,12)
(11,12)677013520(11,13)
(12,12)1077221950(13,12)
(12,12)1353738629(12,13)
(13,12)513346225(14,12)
(13,12)1389832365(13,13)
(14,12)1858650715(15,12)
(14,12)1271728141(14,13)
(15,12)1740945457(16,12)
(15,12)1433044532(15,13)
(16,12)717950353(17,12)
(16,12)1456171863(16,13)
(17,12)1857123653(18,12)
(17,12)1490564808(17,13)
(18,12)1491455211(19,12)
(18,12)395687644(18,13)
(19,12)1428082843(20,12)
(19,12)387174281(19,13)
(20,12)775612365(21,12)
(20,12)18546523(20,13)
(21,12)197600610(22,12)
(21,12)1066589445(21,13)
(22,12)815810264(23,12)
(22,12)172485433(22,13)
(23,12)825280881(24,12)
(23,12)647591881(23,13)
(24,12)2072628189(25,12)
(24,12)2054975628(24,13)
(25,12)804296606(26,12)
(25,12)1899651250(25,13)
(26,12)429181122(27,12)
(26,12)1923772895(26,13)
(27,12)1130027877(28,12)
(27,12)1358809921(27,13)
(28,12)601158638(29,12)
(28,12)1506403073(28,13)
(29,12)1643374102(29,13)
(0,13)312325705(1,13)
(0,13)630647566(0,14)
(1,13)224109375(2,13)
(1,13)928934986(1,14)
(2,13)1646885339(3,13)
(2,13)1768497568(2,14)
(3,13)1478137573(4,13)
(3,13)1714674184(3,14)
(4,13)1058645747(5,13)
(4,13)2042572983(4,14)
(5,13)1323172179(6,13)
(5,13)1865311855(5,14)
(6,13)493440572(7,13)
(6,13)1077192271(6,14)
(7,13)1274792881(8,13)
(7,13)242277976(7,14)
(8,13)1058088241(9,13)
(8,13)665926005(8,14)
(9,13)1491206886(10,13)
(9,13)1922384762(9,14)
(10,13)1847529303(11,13)
(10,13)965580221(10,14)
(11,13)1769876827(12,13)
(11,13)1243374488(11,14)
(12,13)1672555611(13,13)
(12,13)1623818551(12,14)
(13,13)606362780(14,13)
(13,13)981203100(13,14)
(14,13)1582361738(15,13)
(14,13)1031475036(14,14)
(15,13)1662122602(16,13)
(15,13)102253234(15,14)
(16,13)1031188220(17,13)
(16,13)1894687444(16,14)
(17,13)1515701364(18,13)
(17,13)1886231978(17,14)
(18,13)1453422514(19,13)
(18,13)530589912(18,14)
(19,13)425679247(20,13)
(19,13)846355290(19,14)
(20,13)564183497(21,13)
(20,13)364584613(20,14)
(21,13)1441776884(22,13)
(21,13)1748851426(21,14)
(22,13)1991129403(23,13)
(22,13)1057624069(22,14)
(23,13)1723550074(24,13)
(23,13)569086117(23,14)
(24,13)343987231(25,13)
(24,13)901733996(24,14)
(25,13)1867314217(26,13)
(25,13)1067273313(25,14)
(26,13)163164153(27,13)
(26,13)44032887(26,14)
(27,13)1667851438(28,13)
(27,13)1489707396(27,14)
(28,13)323426848(29,13)
(28,13)1835719764(28,14)
(29,13)126730570(29,14)
(0,14)1905788586(1,14)
(0,14)719711152(0,15)
(1,14)234350107(2,14)
(1,14)228983804(1,15)
(2,14)1260172024(3,14)
(2,14)1652992382(2,15)
(3,14)1021210099(4,14)
(3,14)2120582085(3,15)
(4,14)1426520951(5,14)
(4,14)1790761936(4,15)
(5,14)68957536(6,14)
(5,14)1867565389(5,15)
(6,14)284265238(7,14)
(6,14)1791105564(6,15)
(7,14)1085398801(8,14)
(7,14)1817808962(7,15)
(8,14)1661454717(9,14)
(8,14)1341889307(8,15)
(9,14)917955733(10,14)
(9,14)1654484918(9,15)
(10,14)1998472150(11,14)
(10,14)415705065(10,15)
(11,14)135535634(12,14)
(11,14)1985229046(11,15)
(12,14)909552(13,14)
(12,14)2042505037(12,15)
(13,14)1562872827(14,14)
(13,14)1625243030(13,15)
(14,14)1948669878(15,14)
(14,14)1836629316(14,15)
(15,14)408856821(16,14)
(15,14)1689603397(15,15)
(16,14)1918587201(17,14)
(16,14)1706974817(16,15)
(17,14)1212483551(18,14)
(17,14)643206928(17,15)
(18,14)616305365(19,14)
(18,14)1031275577(18,15)
(19,14)674553866(20,14)
(19,14)86210002(19,15)
(20,14)1953775391(21,14)
(20,14)2042826316(20,15)
(21,14)1686448232(22,14)
(21,14)743511402(21,15)
(22,14)413836716(23,14)
(22,14)90556981(22,15)
(23,14)1432446288(24,14)
(23,14)624363385(23,15)
(24,14)131364656(25,14)
(24,14)2075291434(24,15)
(25,14)343512851(26,14)
(25,14)202918374(25,15)
(26,14)40663772(27,14)
(26,14)2129836806(26,15)
(27,14)2024858195(28,14)
(27,14)479048486(27,15)
(28,14)2104291516(29,14)
(28,14)41573324(28,15)
(29,14)1440247374(29,15)
(0,15)1905477747(1,15)
(0,15)1878202641(0,16)
(1,15)139575814(2,15)
(1,15)982367123(1,16)
(2,15)753470676(3,15)
(2,15)1464968916(2,16)
(3,15)529968819(4,15)
(3,15)782782742(3,16)
(4,15)1399088107(5,15)
(4,15)1784746253(4,16)
(5,15)311816471(6,15)
(5,15)616178822(5,16)
(6,15)422470565(7,15)
(6,15)1294430775(6,16)
(7,15)833395359(8,15)
(7,15)1055327873(7,16)
(8,15)1469164590(9,15)
(8,15)513027547(8,16)
(9,15)1945473835(10,15)
(9,15)1457758745(9,16)
(10,15)1589123401(11,15)
(10,15)1396972376(10,16)
(11,15)1740485227(12,15)
(11,15)908561(11,16)
(12,15)41572334(13,15)
(12,15)1571476559(12,16)
(13,15)1448851106(14,15)
(13,15)72050065(13,16)
(14,15)28857934(15,15)
(14,15)83145658(14,16)
(15,15)1961348299(16,15)
(15,15)741614832(15,16)
(16,15)1723981955(17,15)
(16,15)1934335681(16,16)
(17,15)1251820949(18,15)
(17,15)2100924113(17,16)
(18,15)736223207(19,15)
(18,15)329968983(18,16)
(19,15)2114715236(20,15)
(19,15)1781789768(19,16)
(20,15)250484942(21,15)
(20,15)2135311314(20,16)
(21,15)1282258441(22,15)
(21,15)279048060(21,16)
(22,15)1334375933(23,15)
(22,15)672955508(22,16)
(23,15)1185983055(24,15)
(23,15)2115653801(23,16)
(24,15)1425928898(25,15)
(24,15)656056875(24,16)
(25,15)2053029251(26,15)
(25,15)983973242(25,16)
(26,15)984881804(27,15)
(26,15)867568651(26,16)
(27,15)291561562(28,15)
(27,15)1646030831(27,16)
(28,15)1718080896(29,15)
(28,15)1026454138(28,16)
(29,15)1740412668(29,16)
(0,16)1746938830(1,16)
(0,16)1109599796(0,17)
(1,16)923464448(2,16)
(1,16)334543852(1,17)
(2,16)2058525807(3,16)
(2,16)1533790863(2,17)
(3,16)638128164(4,16)
(3,16)876904913(3,17)
(4,16)1613128121(5,16)
(4,16)241011142(4,17)
(5,16)208242730(6,16)
(5,16)272434285(5,17)
(6,16)522919227(7,16)
(6,16)1600955787(6,17)
(7,16)735730581(8,16)
(7,16)487290790(7,17)
(8,16)1821666724(9,16)
(8,16)1195874735(8,17)
(9,16)234374142(10,16)
(9,16)703900734(9,17)
(10,16)2129829632(11,16)
(10,16)330239951(10,17)
(11,16)235785555(12,16)
(11,16)1218347385(11,17)
(12,16)55745541(13,16)
(12,16)849914635(12,17)
(13,16)1141476197(14,16)
(13,16)1881816386(13,17)
(14,16)1452413634(15,16)
(14,16)1082199679(14,17)
(15,16)44315827(16,16)
(15,16)734405217(15,17)
(16,16)1068949069(17,16)
(16,16)1051868817(16,17)
(17,16)438176032(18,16)
(17,16)967780275(17,17)
(18,16)1844685189(19,16)
(18,16)979991228(18,17)
(19,16)1221002370(20,16)
(19,16)1076304197(19,17)
(20,16)1348738482(21,16)
(20,16)1310329662(20,17)
(21,16)763801801(22,16)
(21,16)1429245100(21,17)
(22,16)1916535891(23,16)
(22,16)1871657709(22,17)
(23,16)920048797(24,16)
(23,16)1499532382(23,17)
(24,16)55949468(25,16)
(24,16)1590718967(24,17)
(25,16)1920958918(26,16)
(25,16)1154422939(25,17)
(26,16)225286676(27,16)
(26,16)38295452(26,17)
(27,16)888210087(28,16)
(27,16)9260825(27,17)
(28,16)1891077211(29,16)
(28,16)281032217(28,17)
(29,16)2029686284(29,17)
(0,17)1196007198(1,17)
(0,17)1363231896(0,18)
(1,17)1407547724(2,17)
(1,17)616607853(1,18)
(2,17)1685556922(3,17)
(2,17)100392367(2,18)
(3,17)538568399(4,17)
(3,17)227844351(3,18)
(4,17)2072529540(5,17)
(4,17)518064502(4,18)
(5,17)1739066872(6,17)
(5,17)1614872596(5,18)
(6,17)816127430(7,17)
(6,17)1235375554(6,18)
(7,17)1999177356(8,17)
(7,17)1020828325(7,18)
(8,17)789880568(9,17)
(8,17)540301492(8,18)
(9,17)1460350289(10,17)
(9,17)1351226090(9,18)
(10,17)1407175559(11,17)
(10,17)233115887(10,18)
(11,17)6591157(12,17)
(11,17)467289580(11,18)
(12,17)692576257(13,17)
(12,17)1445471011(12,18)
(13,17)186197451(14,17)
(13,17)15851983(13,18)
(14,17)1906929194(15,17)
(14,17)973608474(14,18)
(15,17)189356723(16,17)
(15,17)68400087(15,18)
(16,17)685007941(17,17)
(16,17)955452744(16,18)
(17,17)1055845111(18,17)
(17,17)1596904447(17,18)
(18,17)1824748798(19,17)
(18,17)223081215(18,18)
(19,17)741145718(20,17)
(19,17)1594413511(19,18)
(20,17)1061802459(21,17)
(20,17)1749794691(20,18)
(21,17)837686597(22,17)
(21,17)332728942(21,18)
(22,17)1353557267(23,17)
(22,17)1877929890(22,18)
(23,17)270747734(24,17)
(23,17)689380305(23,18)
(24,17)2040606396(25,17)
(24,17)2143437835(24,18)
(25,17)229070074(26,17)
(25,17)1731098023(25,18)
(26,17)50903955(27,17)
(26,17)1300298307(26,18)
(27,17)598285670(28,17)
(27,17)235661232(27,18)
(28,17)251513215(29,17)
(28,17)743480212(28,18)
(29,17)784483121(29,18)
(0,18)10958761(1,18)
(0,18)1717088687(0,19)
(1,18)1906445410(2,18)
(1,18)852883209(1,19)
(2,18)1537891150(3,18)
(2,18)966411506(2,19)
(3,18)2022256617(4,18)
(3,18)1355866209(3,19)
(4,18)1033131359(5,18)
(4,18)1760972365(4,19)
(5,18)354634435(6,18)
(5,18)1469186480(5,19)
(6,18)383505292(7,18)
(6,18)635442402(6,19)
(7,18)1473129000(8,18)
(7,18)687363378(7,19)
(8,18)2040920645(9,18)
(8,18)113951534(8,19)
(9,18)384699268(10,18)
(9,18)15025657(9,19)
(10,18)2055632053(11,18)
(10,18)2036874833(10,19)
(11,18)118461259(12,18)
(11,18)2115797291(11,19)
(12,18)19217598(13,18)
(12,18)1208446712(12,19)
(13,18)1806732383(14,18)
(13,18)354122491(13,19)
(14,18)605635706(15,18)
(14,18)762697811(14,19)
(15,18)332302850(16,18)
(15,18)443731856(15,19)
(16,18)1296615065(17,18)
(16,18)616594468(16,19)
(17,18)1583005974(18,18)
(17,18)91264612(17,19)
(18,18)1447130821(19,18)
(18,18)687022567(18,19)
(19,18)300511285(20,18)
(19,18)1457778943(19,19)
(20,18)779481776(21,18)
(20,18)332778532(20,19)
(21,18)968220935(22,18)
(21,18)655145720(21,19)
(22,18)1342509098(23,18)
(22,18)1162987068(22,19)
(23,18)1276938602(24,18)
(23,18)293866287(23,19)
(24,18)308891944(25,18)
(24,18)1235946096(24,19)
(25,18)1125337281(26,18)
(25,18)1661637870(25,19)
(26,18)1629951513(27,18)
(26,18)217040350(26,19)
(27,18)1425487062(28,18)
(27,18)1243798540(27,19)
(28,18)1597921032(29,18)
(28,18)1649169111(28,19)
(29,18)1084735797(29,19)
(0,19)56073090(1,19)
(0,19)264383274(0,20)
(1,19)596686124(2,19)
(1,19)1528467654(1,20)
(2,19)677599071(3,19)
(2,19)672667558(2,20)
(3,19)108189884(4,19)
(3,19)687950736(3,20)
(4,19)2135081557(5,19)
(4,19)1364621639(4,20)
(5,19)1665132924(6,19)
(5,19)1565968828(5,20)
(6,19)197966956(7,19)
(6,19)320376442(6,20)
(7,19)1288597377(8,19)
(7,19)172794996(7,20)
(8,19)1515304095(9,19)
(8,19)1360954024(8,20)
(9,19)490408978(10,19)
(9,19)1582463664(9,20)
(10,19)1891355608(11,19)
(10,19)603766543(10,20)
(11,19)1729103824(12,19)
(11,19)4563200(11,20)
(12,19)1634514713(13,19)
(12,19)2108395958(12,20)
(13,19)1386399373(14,19)
(13,19)825418716(13,20)
(14,19)275856100(15,19)
(14,19)1136200176(14,20)
(15,19)1400583451(16,19)
(15,19)323651522(15,20)
(16,19)1852119176(17,19)
(16,19)331929191(16,20)
(17,19)1004596749(18,19)
(17,19)1997269575(17,20)
(18,19)537736664(19,19)
(18,19)382234600(18,20)
(19,19)1746856239(20,19)
(19,19)1112786634(19,20)
(20,19)531271814(21,19)
(20,19)525334573(20,20)
(21,19)845711015(22,19)
(21,19)1264505515(21,20)
(22,19)1437300511(23,19)
(22,19)729238770(22,20)
(23,19)2090192794(24,19)
(23,19)2134308392(23,20)
(24,19)1569288408(25,19)
(24,19)805120958(24,20)
(25,19)1408887501(26,19)
(25,19)433118124(25,20)
(26,19)437681324(27,19)
(26,19)1313160369(26,20)
(27,19)1274072679(28,19)
(27,19)990507677(27,20)
(28,19)1815926394(29,19)
(28,19)2072196037(28,20)
(29,19)512988404(29,20)
(0,20)2091782494(1,20)
(0,20)1060912565(0,21)
(1,20)314012368(2,20)
(1,20)836639927(1,21)
(2,20)541275455(3,20)
(2,20)276228037(2,21)
(3,20)1280824787(4,20)
(3,20)163798296(3,21)
(4,20)701534960(5,20)
(4,20)923510055(4,21)
(5,20)522882646(6,20)
(5,20)246127773(5,21)
(6,20)777399587(7,20)
(6,20)1226869533(6,21)
(7,20)2072580549(8,20)
(7,20)1787388161(7,21)
(8,20)1077205025(9,20)
(8,20)1506638357(8,21)
(9,20)1449347503(10,20)
(9,20)2059405293(9,21)
(10,20)1481210054(11,20)
(10,20)1882325983(10,21)
(11,20)1143729837(12,20)
(11,20)1882465627(11,21)
(12,20)172663303(13,20)
(12,20)646886775(12,21)
(13,20)1920959454(14,20)
(13,20)2134237514(13,21)
(14,20)1802680260(15,20)
(14,20)97375692(14,21)
(15,20)1158288257(16,20)
(15,20)286464211(15,21)
(16,20)1123104138(17,20)
(16,20)1746979107(16,21)
(17,20)2023207144(18,20)
(17,20)1472300626(17,21)
(18,20)1636098922(19,20)
(18,20)1664379593(18,21)
(19,20)440406001(20,20)
(19,20)1156548283(19,21)
(20,20)1402676056(21,20)
(20,20)190150234(20,21)
(21,20)1417019767(22,20)
(21,20)963288647(21,21)
(22,20)603193161(23,20)
(22,20)32591995(22,21)
(23,20)1539230352(24,20)
(23,20)1342116668(23,21)
(24,20)1254038314(25,20)
(24,20)1680398186(24,21)
(25,20)1415240521(26,20)
(25,20)841094207(25,21)
(26,20)576076186(27,20)
(26,20)587764720(26,21)
(27,20)1234651495(28,20)
(27,20)411486710(27,21)
(28,20)398240577(29,20)
(28,20)748739489(28,21)
(29,20)1008127301(29,21)
(0,21)53437189(1,21)
(0,21)846115181(0,22)
(1,21)2004403439(2,21)
(1,21)1294591512(1,22)
(2,21)270212002(3,21)
(2,21)1800416296(2,22)
(3,21)1676139793(4,21)
(3,21)1329220417(3,22)
(4,21)817835691(5,21)
(4,21)1934591596(4,22)
(5,21)227513949(6,21)
(5,21)685204428(5,22)
(6,21)2087880485(7,21)
(6,21)1007985925(6,22)
(7,21)277522044(8,21)
(7,21)1190802596(7,22)
(8,21)1793995757(9,21)
(8,21)2120472480(8,22)
(9,21)1512219185(10,21)
(9,21)1619638713(9,22)
(10,21)726193379(11,21)
(10,21)1326910295(10,22)
(11,21)594667169(12,21)
(11,21)205829744(11,22)
(12,21)781905931(13,21)
(12,21)1313958099(12,22)
(13,21)401125946(14,21)
(13,21)1006153879(13,22)
(14,21)1404394456(15,21)
(14,21)1530645420(14,22)
(15,21)229276954(16,21)
(15,21)1409253247(15,22)
(16,21)556361112(17,21)
(16,21)1457831646(16,22)
(17,21)1110764294(18,21)
(17,21)86196745(17,22)
(18,21)1415417162(19,21)
(18,21)826573114(18,22)
(19,21)613681062(20,21)
(19,21)639420439(19,22)
(20,21)1324624868(21,21)
(20,21)85769205(20,22)
(21,21)1093755130(22,21)
(21,21)841195011(21,22)
(22,21)2031997608(23,21)
(22,21)1265021705(22,22)
(23,21)1238010537(24,21)
(23,21)1371277174(23,22)
(24,21)843432239(25,21)
(24,21)1678509717(24,22)
(25,21)857936365(26,21)
(25,21)602746074(25,22)
(26,21)808575819(27,21)
(26,21)1569625618(26,22)
(27,21)736100069(28,21)
(27,21)1452603534(27,22)
(28,21)311273765(29,21)
(28,21)1590481750(28,22)
(29,21)1137226015(29,22)
(0,22)1715668222(1,22)
(0,22)973643522(0,23)
(1,22)1202920476(2,22)
(1,22)398995615(1,23)
(2,22)955356727(3,22)
(2,22)1026016220(2,23)
(3,22)2136780514(4,22)
(3,22)1289117221(3,23)
(4,22)557050735(5,22)
(4,22)1781929841(4,23)
(5,22)248127256(6,22)
(5,22)628717306(5,23)
(6,22)1953342174(7,22)
(6,22)642819940(6,23)
(7,22)1736575070(8,22)
(7,22)1089322267(7,23)
(8,22)973836227(9,22)
(8,22)1070880231(8,23)
(9,22)161407120(10,22)
(9,22)960368597(9,23)
(10,22)1803800836(11,22)
(10,22)504862297(10,23)
(11,22)1362798662(12,22)
(11,22)764153195(11,23)
(12,22)1572729014(13,22)
(12,22)1225942807(12,23)
(13,22)1962042876(14,22)
(13,22)667918548(13,23)
(14,22)979192313(15,22)
(14,22)1015727116(14,23)
(15,22)1989370638(16,22)
(15,22)951785244(15,23)
(16,22)1350780859(17,22)
(16,22)547376887(16,23)
(17,22)1573393107(18,22)
(17,22)1044807467(17,23)
(18,22)186441040(19,22)
(18,22)158653938(18,23)
(19,22)1940583779(20,22)
(19,22)1562689974(19,23)
(20,22)43923632(21,22)
(20,22)743491776(20,23)
(21,22)1386311716(22,22)
(21,22)41227387(21,23)
(22,22)1130549655(23,22)
(22,22)1997265806(22,23)
(23,22)920662389(24,22)
(23,22)975403139(23,23)
(24,22)1935771736(25,22)
(24,22)2104385882(24,23)
(25,22)461764531(26,22)
(25,22)1082069509(25,23)
(26,22)1846222704(27,22)
(26,22)1592088924(26,23)
(27,22)670548083(28,22)
(27,22)1824563193(27,23)
(28,22)344998093(29,22)
(28,22)1271468070(28,23)
(29,22)485107312(29,23)
(0,23)1324190407(1,23)
(0,23)139711538(0,24)
(1,23)2129082177(2,23)
(1,23)1436892556(1,24)
(2,23)640189767(3,23)
(2,23)1871567294(2,24)
(3,23)1297476754(4,23)
(3,23)1026405996(3,24)
(4,23)1212847036(5,23)
(4,23)798843705(4,24)
(5,23)591943836(6,23)
(5,23)712683080(5,24)
(6,23)756606712(7,23)
(6,23)1956338812(6,24)
(7,23)1195166881(8,23)
(7,23)633171224(7,24)
(8,23)1763720879(9,23)
(8,23)606388870(8,24)
(9,23)1527051259(10,23)
(9,23)23086372(9,24)
(10,23)1958858108(11,23)
(10,23)1720623113(10,24)
(11,23)34903997(12,23)
(11,23)461637120(11,24)
(12,23)160376177(13,23)
(12,23)1403463384(12,24)
(13,23)2074011468(14,23)
(13,23)1859467190(13,24)
(14,23)56981636(15,23)
(14,23)1431844247(14,24)
(15,23)1571555786(16,23)
(15,23)411635132(15,24)
(16,23)1848527688(17,23)
(16,23)1381172043(16,24)
(17,23)1105255689(18,23)
(17,23)1553154315(17,24)
(18,23)432076663(19,23)
(18,23)341233807(18,24)
(19,23)1140077512(20,23)
(19,23)255248795(19,24)
(20,23)967931875(21,23)
(20,23)1644923699(20,24)
(21,23)1453778864(22,23)
(21,23)1732021348(21,24)
(22,23)217708924(23,23)
(22,23)1724538587(22,24)
(23,23)183443809(24,23)
(23,23)501462097(23,24)
(24,23)524548469(25,23)
(24,23)1981429803(24,24)
(25,23)1554569269(26,23)
(25,23)1710495068(25,24)
(26,23)24648541(27,23)
(26,23)335922929(26,24)
(27,23)1739386313(28,23)
(27,23)1589473266(27,24)
(28,23)1301456808(29,23)
(28,23)185024718(28,24)
(29,23)1665914133(29,24)
(0,24)1358438444(1,24)
(0,24)1616868965(0,25)
(1,24)1040941103(2,24)
(1,24)2077549265(1,25)
(2,24)1778593305(3,24)
(2,24)592126839(2,25)
(3,24)1697382529(4,24)
(3,24)446611770(3,25)
(4,24)878688433(5,24)
(4,24)2119827112(4,25)
(5,24)1112420976(6,24)
(5,24)1952631324(5,25)
(6,24)773079552(7,24)
(6,24)376128485(6,25)
(7,24)1829907349(8,24)
(7,24)696958677(7,25)
(8,24)914667601(9,24)
(8,24)350134491(8,25)
(9,24)533578301(10,24)
(9,24)183885798(9,25)
(10,24)708434267(11,24)
(10,24)748613757(10,25)
(11,24)155699378(12,24)
(11,24)96589721(11,25)
(12,24)121238262(13,24)
(12,24)1044357196(12,25)
(13,24)636259861(14,24)
(13,24)1745172644(13,25)
(14,24)899145804(15,24)
(14,24)306262980(14,25)
(15,24)1923131946(16,24)
(15,24)154690347(15,25)
(16,24)84755964(17,24)
(16,24)110100601(16,25)
(17,24)702227440(18,24)
(17,24)816589401(17,25)
(18,24)1263201172(19,24)
(18,24)1863349270(18,25)
(19,24)1835692734(20,24)
(19,24)252126321(19,25)
(20,24)57273998(21,24)
(20,24)2141889605(20,25)
(21,24)370534442(22,24)
(21,24)800630063(21,25)
(22,24)1497588740(23,24)
(22,24)830353550(22,25)
(23,24)1180488041(24,24)
(23,24)52958143(23,25)
(24,24)236843941(25,24)
(24,24)264772693(24,25)
(25,24)1013386450(26,24)
(25,24)1714066342(25,25)
(26,24)1810656064(27,24)
(26,24)945278208(26,25)
(27,24)1989635404(28,24)
(27,24)1169085828(27,25)
(28,24)766774824(29,24)
(28,24)1931894326(28,25)
(29,24)478411618(29,25)
(0,25)1665920629(1,25)
(0,25)90673659(0,26)
(1,25)2013805605(2,25)
(1,25)633101965(1,26)
(2,25)717857929(3,25)
(2,25)1776021230(2,26)
(3,25)330765022(4,25)
(3,25)682911358(3,26)
(4,25)1946112530(5,25)
(4,25)433723551(4,26)
(5,25)121932638(6,25)
(5,25)582891344(5,26)
(6,25)640165342(7,25)
(6,25)1940518488(6,26)
(7,25)163569282(8,25)
(7,25)922562701(7,26)
(8,25)272667793(9,25)
(8,25)1470518892(8,26)
(9,25)503523285(10,25)
(9,25)216527426(9,26)
(10,25)453371367(11,25)
(10,25)537440486(10,26)
(11,25)1550826937(12,25)
(11,25)70105980(11,26)
(12,25)1880762044(13,25)
(12,25)1398649576(12,26)
(13,25)1240801332(14,25)
(13,25)572429117(13,26)
(14,25)1339203942(15,25)
(14,25)1665172722(14,26)
(15,25)1755846381(16,25)
(15,25)1719212950(15,26)
(16,25)204831267(17,25)
(16,25)857640923(16,26)
(17,25)486178505(18,25)
(17,25)1622168338(17,26)
(18,25)157596049(19,25)
(18,25)922689197(18,26)
(19,25)1356412748(20,25)
(19,25)816943527(19,26)
(20,25)1399834871(21,25)
(20,25)2103708579(20,26)
(21,25)1896743419(22,25)
(21,25)1478345386(21,26)
(22,25)253424439(23,25)
(22,25)2040000213(22,26)
(23,25)1363035457(24,25)
(23,25)2060312702(23,26)
(24,25)129356480(25,25)
(24,25)526092232(24,26)
(25,25)1063532719(26,25)
(25,25)1866558743(25,26)
(26,25)1936664723(27,25)
(26,25)582727847(26,26)
(27,25)1981377423(28,25)
(27,25)466876008(27,26)
(28,25)1039305125(29,25)
(28,25)1669943119(28,26)
(29,25)1074695108(29,26)
(0,26)231025419(1,26)
(0,26)1187632193(0,27)
(1,26)795994927(2,26)
(1,26)646424410(1,27)
(2,26)851255678(3,26)
(2,26)1088666342(2,27)
(3,26)1574844847(4,26)
(3,26)270679617(3,27)
(4,26)428275666(5,26)
(4,26)1773944875(4,27)
(5,26)982873975(6,26)
(5,26)244304727(5,27)
(6,26)1644139598(7,26)
(6,26)384500598(6,27)
(7,26)133760369(8,26)
(7,26)313735714(7,27)
(8,26)567160153(9,26)
(8,26)1536656164(8,27)
(9,26)752207973(10,26)
(9,26)46589423(9,27)
(10,26)175945903(11,26)
(10,26)1093252386(10,27)
(11,26)9301457(12,26)
(11,26)471283068(11,27)
(12,26)260464143(13,26)
(12,26)758673751(12,27)
(13,26)592567526(14,26)
(13,26)476177465(13,27)
(14,26)1515482590(15,26)
(14,26)1930407262(14,27)
(15,26)970555808(16,26)
(15,26)1667262634(15,27)
(16,26)166203397(17,26)
(16,26)1746508010(16,27)
(17,26)687690704(18,26)
(17,26)1766550735(17,27)
(18,26)2037230352(19,26)
(18,26)1017459075(18,27)
(19,26)643920302(20,26)
(19,26)115051904(19,27)
(20,26)359356631(21,26)
(20,26)318022371(20,27)
(21,26)702522969(22,26)
(21,26)1626794277(21,27)
(22,26)1940529991(23,26)
(22,26)2003496229(22,27)
(23,26)1392668745(24,26)
(23,26)836283338(23,27)
(24,26)882872762(25,26)
(24,26)360206497(24,27)
(25,26)1453458883(26,26)
(25,26)2144876719(25,27)
(26,26)468676139(27,26)
(26,26)1058818665(26,27)
(27,26)1817492416(28,26)
(27,26)1462760340(27,27)
(28,26)1938937805(29,26)
(28,26)729140283(28,27)
(29,26)262576295(29,27)
(0,27)1306936747(1,27)
(0,27)512063897(0,28)
(1,27)1482619705(2,27)
(1,27)1929838929(1,28)
(2,27)2096042326(3,27)
(2,27)905961109(2,28)
(3,27)1593651814(4,27)
(3,27)1101686792(3,28)
(4,27)991433497(5,27)
(4,27)966017753(4,28)
(5,27)1609938055(6,27)
(5,27)1708703718(5,28)
(6,27)2068060349(7,27)
(6,27)1309455868(6,28)
(7,27)2011978837(8,27)
(7,27)1089248685(7,28)
(8,27)882295028(9,27)
(8,27)1924072930(8,28)
(9,27)1169258028(10,27)
(9,27)700778527(9,28)
(10,27)1583651289(11,27)
(10,27)1242501525(10,28)
(11,27)548476760(12,27)
(11,27)1166651099(11,28)
(12,27)1635327238(13,27)
(12,27)494986307(12,28)
(13,27)164995075(14,27)
(13,27)2011237100(13,28)
(14,27)1802691257(15,27)
(14,27)216983873(14,28)
(15,27)729047771(16,27)
(15,27)427571370(15,28)
(16,27)209926652(17,27)
(16,27)962144357(16,28)
(17,27)1868105466(18,27)
(17,27)64183828(17,28)
(18,27)1165870621(19,27)
(18,27)158485330(18,28)
(19,27)1124503084(20,27)
(19,27)1314273632(19,28)
(20,27)875493702(21,27)
(20,27)9820470(20,28)
(21,27)1319276338(22,27)
(21,27)586957491(21,28)
(22,27)1676206176(23,27)
(22,27)796070403(22,28)
(23,27)572659686(24,27)
(23,27)1183771527(23,28)
(24,27)1884550054(25,27)
(24,27)411017557(24,28)
(25,27)1653519082(26,27)
(25,27)1741917714(25,28)
(26,27)761085165(27,27)
(26,27)1320717696(26,28)
(27,27)1815704003(28,27)
(27,27)54512195(27,28)
(28,27)2065749295(29,27)
(28,27)248928755(28,28)
(29,27)1980699078(29,28)
(0,28)1720956905(1,28)
(0,28)465912629(0,29)
(1,28)1194960400(2,28)
(1,28)260786801(1,29)
(2,28)470713453(3,28)
(2,28)535617614(2,29)
(3,28)256239432(4,28)
(3,28)1259144228(3,29)
(4,28)277531201(5,28)
(4,28)629198783(4,29)
(5,28)1753701867(6,28)
(5,28)1570513065(5,29)
(6,28)298523119(7,28)
(6,28)287351671(6,29)
(7,28)1606628009(8,28)
(7,28)193175711(7,29)
(8,28)1869381887(9,28)
(8,28)1094593523(8,29)
(9,28)1667253209(10,28)
(9,28)642915888(9,29)
(10,28)379982295(11,28)
(10,28)132915796(10,29)
(11,28)1786434879(12,28)
(11,28)1261687275(11,29)
(12,28)2022772440(13,28)
(12,28)1700699991(12,29)
(13,28)1368920346(14,28)
(13,28)1840947074(13,29)
(14,28)1759212721(15,28)
(14,28)124217547(14,29)
(15,28)590130176(16,28)
(15,28)1202135776(15,29)
(16,28)1462922577(17,28)
(16,28)1332685978(16,29)
(17,28)1868303592(18,28)
(17,28)1785090576(17,29)
(18,28)896751157(19,28)
(18,28)1933636030(18,29)
(19,28)415351166(20,28)
(19,28)2124543025(19,29)
(20,28)1547572442(21,28)
(20,28)1174282358(20,29)
(21,28)1461634030(22,28)
(21,28)21569385(21,29)
(22,28)214745096(23,28)
(22,28)1846095561(22,29)
(23,28)793205436(24,28)
(23,28)920778391(23,29)
(24,28)1563694280(25,28)
(24,28)2084126984(24,29)
(25,28)69559132(26,28)
(25,28)312974997(25,29)
(26,28)1574662272(27,28)
(26,28)1943676575(26,29)
(27,28)1496892918(28,28)
(27,28)1855994011(27,29)
(28,28)1549457437(29,28)
(28,28)1449951064(28,29)
(29,28)718329616(29,29)
(0,29)1161186511(1,29)
(0,29)1574168612(0,30)
(1,29)16815140(2,29)
(1,29)1920465392(1,30)
(2,29)1235904322(3,29)
(2,29)346388841(2,30)
(3,29)67208786(4,29)
(3,29)1801905717(3,30)
(4,29)551173226(5,29)
(4,29)1022056704(4,30)
(5,29)1437407870(6,29)
(5,29)44268163(5,30)
(6,29)1591840605(7,29)
(6,29)1725455584(6,30)
(7,29)1039605966(8,29)
(7,29)1458977256(7,30)
(8,29)1673722352(9,29)
(8,29)1290452518(8,30)
(9,29)2083657955(10,29)
(9,29)1960384358(9,30)
(10,29)1376594990(11,29)
(10,29)1610365688(10,30)
(11,29)1679924821(12,29)
(11,29)249149304(11,30)
(12,29)1823811577(13,29)
(12,29)1172787917(12,30)
(13,29)522197187(14,29)
(13,29)1388435184(13,30)
(14,29)790408974(15,29)
(14,29)1126278993(14,30)
(15,29)552963957(16,29)
(15,29)1240526803(15,30)
(16,29)1013508547(17,29)
(16,29)1951595485(16,30)
(17,29)150500678(18,29)
(17,29)569779098(17,30)
(18,29)224201167(19,29)
(18,29)101929221(18,30)
(19,29)1123985926(20,29)
(19,29)217709464(19,30)
(20,29)261977627(21,29)
(20,29)775374393(20,30)
(21,29)353346329(22,29)
(21,29)413910148(21,30)
(22,29)1872887404(23,29)
(22,29)1853818232(22,30)
(23,29)996787103(24,29)
(23,29)1392952296(23,30)
(24,29)1205853006(25,29)
(24,29)1399126109(24,30)
(25,29)862008149(26,29)
(25,29)932961410(25,30)
(26,29)1182110714(27,29)
(26,29)434964348(26,30)
(27,29)1607752265(28,29)
(27,29)394449322(27,30)
(28,29)1782884507(29,29)
(28,29)858438643(28,30)
(29,29)2129949452(29,30)
(0,30)425809833(1,30)
(0,30)1984717637(0,31)
(1,30)390197946(2,30)
(1,30)1222992607(1,31)
(2,30)89017506(3,30)
(2,30)229921670(2,31)
(3,30)380422348(4,30)
(3,30)959977044(3,31)
(4,30)1184178211(5,30)
(4,30)190946728(4,31)
(5,30)1314932654(6,30)
(5,30)598131813(5,31)
(6,30)860109440(7,30)
(6,30)1959552604(6,31)
(7,30)165415286(8,30)
(7,30)1728842802(7,31)
(8,30)1454246559(9,30)
(8,30)566444025(8,31)
(9,30)1563231128(10,30)
(9,30)1558367582(9,31)
(10,30)616736940(11,30)
(10,30)705889020(10,31)
(11,30)1567897169(12,30)
(11,30)348708890(11,31)
(12,30)1530819604(13,30)
(12,30)1051701288(12,31)
(13,30)511969905(14,30)
(13,30)1962346492(13,31)
(14,30)1597747351(15,30)
(14,30)241774600(14,31)
(15,30)79008589(16,30)
(15,30)494435709(15,31)
(16,30)1717428316(17,30)
(16,30)2023557184(16,31)
(17,30)105995206(18,30)
(17,30)469206535(17,31)
(18,30)1429183580(19,30)
(18,30)1806445822(18,31)
(19,30)1997392550(20,30)
(19,30)486417554(19,31)
(20,30)1084549367(21,30)
(20,30)465878143(20,31)
(21,30)277947100(22,30)
(21,30)1164841556(21,31)
(22,30)746200711(23,30)
(22,30)1944658808(22,31)
(23,30)363619185(24,30)
(23,30)443362386(23,31)
(24,30)2001729968(25,30)
(24,30)52963622(24,31)
(25,30)758852642(26,30)
(25,30)1926850313(25,31)
(26,30)128075555(27,30)
(26,30)470983260(26,31)
(27,30)1522684548(28,30)
(27,30)179266163(27,31)
(28,30)2141612655(29,30)
(28,30)1658895159(28,31)
(29,30)2034654453(29,31)
(0,31)1591876358(1,31)
(0,31)1900669759(0,32)
(1,31)1979678348(2,31)
(1,31)381606514(1,32)
(2,31)2099034830(3,31)
(2,31)1467949894(2,32)
(3,31)1573945100(4,31)
(3,31)301401236(3,32)
(4,31)1730584816(5,31)
(4,31)1757997004(4,32)
(5,31)1607905907(6,31)
(5,31)2060362655(5,32)
(6,31)997428374(7,31)
(6,31)48979311(6,32)
(7,31)326926411(8,31)
(7,31)625263815(7,32)
(8,31)1371464526(9,31)
(8,31)794603534(8,32)
(9,31)1158222719(10,31)
(9,31)770288797(9,32)
(10,31)624535117(11,31)
(10,31)1424428148(10,32)
(11,31)35797142(12,31)
(11,31)937589384(11,32)
(12,31)1065664939(13,31)
(12,31)1095518377(12,32)
(13,31)470719277(14,31)
(13,31)215063306(13,32)
(14,31)209192313(15,31)
(14,31)577076451(14,32)
(15,31)330262562(16,31)
(15,31)357890082(15,32)
(16,31)739496596(17,31)
(16,31)1801068672(16,32)
(17,31)1121534918(18,31)
(17,31)162457263(17,32)
(18,31)463858499(19,31)
(18,31)691047778(18,32)
(19,31)301561135(20,31)
(19,31)547996371(19,32)
(20,31)460875378(21,31)
(20,31)46959667(20,32)
(21,31)95938978(22,31)
(21,31)1909467042(21,32)
(22,31)387247209(23,31)
(22,31)1458303752(22,32)
(23,31)105423639(24,31)
(23,31)422865390(23,32)
(24,31)1193154187(25,31)
(24,31)1758711736(24,32)
(25,31)1035656236(26,31)
(25,31)1263646358(25,32)
(26,31)53752095(27,31)
(26,31)1817689305(26,32)
(27,31)765724034(28,31)
(27,31)1071453379(27,32)
(28,31)1286516685(29,31)
(28,31)1119417034(28,32)
(29,31)1236443312(29,32)
(0,32)1495708998(1,32)
(0,32)1696493485(0,33)
(1,32)2026756048(2,32)
(1,32)1594333394(1,33)
(2,32)186346343(3,32)
(2,32)1149294022(2,33)
(3,32)123345293(4,32)
(3,32)41729663(3,33)
(4,32)505588162(5,32)
(4,32)877394121(4,33)
(5,32)1178955256(6,32)
(5,32)671341664(5,33)
(6,32)1132217042(7,32)
(6,32)552547829(6,33)
(7,32)648486807(8,32)
(7,32)940938650(7,33)
(8,32)1328185860(9,32)
(8,32)443037146(8,33)
(9,32)548460785(10,32)
(9,32)1071352197(9,33)
(10,32)117022737(11,32)
(10,32)939413948(10,33)
(11,32)1975070184(12,32)
(11,32)1812107144(11,33)
(12,32)1865859239(13,32)
(12,32)1934712042(12,33)
(13,32)552952428(14,32)
(13,32)899039915(13,33)
(14,32)38072952(15,32)
(14,32)837792625(14,33)
(15,32)386802463(16,32)
(15,32)1789395740(15,33)
(16,32)1236245487(17,32)
(16,32)1533781951(16,33)
(17,32)535592325(18,32)
(17,32)266074863(17,33)
(18,32)307804526(19,32)
(18,32)1422591830(18,33)
(19,32)152502303(20,32)
(19,32)658937618(19,33)
(20,32)1330279282(21,32)
(20,32)813392688(20,33)
(21,32)1365940517(22,32)
(21,32)1331457560(21,33)
(22,32)124912562(23,32)
(22,32)315012676(22,33)
(23,32)758049823(24,32)
(23,32)2014427324(23,33)
(24,32)938295874(25,32)
(24,32)1453098422(24,33)
(25,32)245028722(26,32)
(25,32)1306510608(25,33)
(26,32)971134104(27,32)
(26,32)1055318611(26,33)
(27,32)842547005(28,32)
(27,32)72615259(27,33)
(28,32)971655174(29,32)
(28,32)689509695(28,33)
(29,32)1395499433(29,33)
(0,33)1009728127(1,33)
(0,33)1527302321(0,34)
(1,33)1914104784(2,33)
(1,33)1037411526(1,34)
(2,33)126173365(3,33)
(2,33)396026430(2,34)
(3,33)931618755(4,33)
(3,33)32695999(3,34)
(4,33)340500525(5,33)
(4,33)1548765195(4,34)
(5,33)1701267498(6,33)
(5,33)1590556374(5,34)
(6,33)773352008(7,33)
(6,33)1153893213(6,34)
(7,33)372350082(8,33)
(7,33)885241410(7,34)
(8,33)1010153973(9,33)
(8,33)1088364685(8,34)
(9,33)1846414508(10,33)
(9,33)239293758(9,34)
(10,33)1177589632(11,33)
(10,33)315768747(10,34)
(11,33)560797470(12,33)
(11,33)1005441468(11,34)
(12,33)1976575573(13,33)
(12,33)85424595(12,34)
(13,33)927971600(14,33)
(13,33)633412729(13,34)
(14,33)1605067903(15,33)
(14,33)518601620(14,34)
(15,33)2045903941(16,33)
(15,33)175987386(15,34)
(16,33)1213398912(17,33)
(16,33)467312382(16,34)
(17,33)863338812(18,33)
(17,33)1812525077(17,34)
(18,33)1845221076(19,33)
(18,33)1339572277(18,34)
(19,33)740853824(20,33)
(19,33)1794957568(19,34)
(20,33)1238030294(21,33)
(20,33)38237953(20,34)
(21,33)1192131166(22,33)
(21,33)294637674(21,34)
(22,33)1179879085(23,33)
(22,33)2011382302(22,34)
(23,33)952263339(24,33)
(23,33)1564481248(23,34)
(24,33)1803775007(25,33)
(24,33)42549410(24,34)
(25,33)358318157(26,33)
(25,33)651194199(25,34)
(26,33)1656635668(27,33)
(26,33)833880991(26,34)
(27,33)919305587(28,33)
(27,33)919115627(27,34)
(28,33)1552528356(29,33)
(28,33)1485727593(28,34)
(29,33)1847277187(29,34)
(0,34)1010112612(1,34)
(0,34)2004329213(0,35)
(1,34)1902749507(2,34)
(1,34)2023264573(1,35)
(2,34)1089179837(3,34)
(2,34)1477424994(2,35)
(3,34)193280159(4,34)
(3,34)1567790936(3,35)
(4,34)1265528365(5,34)
(4,34)281268466(4,35)
(5,34)1022122290(6,34)
(5,34)1988237727(5,35)
(6,34)1078784373(7,34)
(6,34)1303766318(6,35)
(7,34)348413837(8,34)
(7,34)1316759965(7,35)
(8,34)349155402(9,34)
(8,34)942683027(8,35)
(9,34)1894946367(10,34)
(9,34)1912895085(9,35)
(10,34)1569186444(11,34)
(10,34)391704812(10,35)
(11,34)750022969(12,34)
(11,34)398656918(11,35)
(12,34)2055292586(13,34)
(12,34)255583788(12,35)
(13,34)1174889375(14,34)
(13,34)1669138597(13,35)
(14,34)1074183305(15,34)
(14,34)1393536531(14,35)
(15,34)1250382097(16,34)
(15,34)874682914(15,35)
(16,34)750463840(17,34)
(16,34)2084295917(16,35)
(17,34)1414237264(18,34)
(17,34)1005647956(17,35)
(18,34)425955244(19,34)
(18,34)1839643677(18,35)
(19,34)2120912144(20,34)
(19,34)1607517423(19,35)
(20,34)1448271502(21,34)
(20,34)1691483609(20,35)
(21,34)847766280(22,34)
(21,34)995550786(21,35)
(22,34)164827103(23,34)
(22,34)379572227(22,35)
(23,34)1322255254(24,34)
(23,34)1196180117(23,35)
(24,34)961591554(25,34)
(24,34)513982505(24,35)
(25,34)905687317(26,34)
(25,34)1069717973(25,35)
(26,34)1468374892(27,34)
(26,34)383294351(26,35)
(27,34)638878139(28,34)
(27,34)1655710287(27,35)
(28,34)1177365236(29,34)
(28,34)1376183830(28,35)
(29,34)1813767514(29,35)
(0,35)104064893(1,35)
(0,35)622236714(0,36)
(1,35)1872618811(2,35)
(1,35)540966780(1,36)
(2,35)1291430620(3,35)
(2,35)40877163(2,36)
(3,35)1455114427(4,35)
(3,35)730783119(3,36)
(4,35)1156738363(5,35)
(4,35)983590650(4,36)
(5,35)957019146(6,35)
(5,35)915148202(5,36)
(6,35)215936056(7,35)
(6,35)700738325(6,36)
(7,35)1548504605(8,35)
(7,35)1952569932(7,36)
(8,35)2117397036(9,35)
(8,35)595508283(8,36)
(9,35)1917763537(10,35)
(9,35)597201074(9,36)
(10,35)1558792628(11,35)
(10,35)483895893(10,36)
(11,35)1389583211(12,35)
(11,35)839997863(11,36)
(12,35)160889107(13,35)
(12,35)1942086979(12,36)
(13,35)433481470(14,35)
(13,35)897809850(13,36)
(14,35)2075175086(15,35)
(14,35)1537072937(14,36)
(15,35)11826003(16,35)
(15,35)99765336(15,36)
(16,35)640732117(17,35)
(16,35)31756331(16,36)
(17,35)72633494(18,35)
(17,35)1884444814(17,36)
(18,35)467744285(19,35)
(18,35)1932162737(18,36)
(19,35)768269739(20,35)
(19,35)1527747921(19,36)
(20,35)295412475(21,35)
(20,35)1624482649(20,36)
(21,35)177737326(22,35)
(21,35)1725288885(21,36)
(22,35)1530375170(23,35)
(22,35)511348531(22,36)
(23,35)1106856814(24,35)
(23,35)1726241931(23,36)
(24,35)175959357(25,35)
(24,35)1500288558(24,36)
(25,35)1984184451(26,35)
(25,35)877136704(25,36)
(26,35)1717134567(27,35)
(26,35)1734751985(26,36)
(27,35)1529355317(28,35)
(27,35)1226284014(27,36)
(28,35)2124093864(29,35)
(28,35)1878023674(28,36)
(29,35)1962836787(29,36)
(0,36)2051785302(1,36)
(0,36)1267612963(0,37)
(1,36)1279438967(2,36)
(1,36)2062602124(1,37)
(2,36)555850593(3,36)
(2,36)2083541634(2,37)
(3,36)8691480(4,36)
(3,36)1016400133(3,37)
(4,36)1484144419(5,36)
(4,36)340529682(4,37)
(5,36)1108799422(6,36)
(5,36)1536439402(5,37)
(6,36)1831851877(7,36)
(6,36)961143420(6,37)
(7,36)1138880746(8,36)
(7,36)686604659(7,37)
(8,36)69496181(9,36)
(8,36)195716761(8,37)
(9,36)1302573575(10,36)
(9,36)717639029(9,37)
(10,36)893598386(11,36)
(10,36)1569784739(10,37)
(11,36)1406485543(12,36)
(11,36)32226631(11,37)
(12,36)1749361198(13,36)
(12,36)480866723(12,37)
(13,36)2010222040(14,36)
(13,36)485285909(13,37)
(14,36)461896126(15,36)
(14,36)1479901224(14,37)
(15,36)600030540(16,36)
(15,36)1825575180(15,37)
(16,36)1740693656(17,36)
(16,36)366197780(16,37)
(17,36)302255766(18,36)
(17,36)1879469507(17,37)
(18,36)748385992(19,36)
(18,36)149060601(18,37)
(19,36)489590283(20,36)
(19,36)310947247(19,37)
(20,36)1847386649(21,36)
(20,36)85046763(20,37)
(21,36)1046190183(22,36)
(21,36)1598389705(21,37)
(22,36)137510717(23,36)
(22,36)1531754878(22,37)
(23,36)1727471639(24,36)
(23,36)37587281(23,37)
(24,36)755226310(25,36)
(24,36)207006898(24,37)
(25,36)1776791638(26,36)
(25,36)882561567(25,37)
(26,36)914788198(27,36)
(26,36)1648824696(26,37)
(27,36)2129691420(28,36)
(27,36)1035793533(27,37)
(28,36)1521079442(29,36)
(28,36)516665749(28,37)
(29,36)1992429812(29,37)
(0,37)1982975568(1,37)
(0,37)1996566973(0,38)
(1,37)449113865(2,37)
(1,37)1670521344(1,38)
(2,37)1263731352(3,37)
(2,37)201689701(2,38)
(3,37)503945467(4,37)
(3,37)181099724(3,38)
(4,37)929485717(5,37)
(4,37)1412791953(4,38)
(5,37)1902382237(6,37)
(5,37)814892714(5,38)
(6,37)514795715(7,37)
(6,37)1014532480(6,38)
(7,37)2060722664(8,37)
(7,37)1353288294(7,38)
(8,37)1490799011(9,37)
(8,37)2046550594(8,38)
(9,37)1626538585(10,37)
(9,37)2098309945(9,38)
(10,37)706052608(11,37)
(10,37)1697805910(10,38)
(11,37)1327113900(12,37)
(11,37)361616504(11,38)
(12,37)1276404703(13,37)
(12,37)207393656(12,38)
(13,37)189601428(14,37)
(13,37)215423785(13,38)
(14,37)1736503227(15,37)
(14,37)1793070452(14,38)
(15,37)1642153777(16,37)
(15,37)34547593(15,38)
(16,37)1705068937(17,37)
(16,37)1571995148(16,38)
(17,37)1773684849(18,37)
(17,37)2091267643(17,38)
(18,37)124883719(19,37)
(18,37)821316642(18,38)
(19,37)86624947(20,37)
(19,37)130146668(19,38)
(20,37)945039383(21,37)
(20,37)1054369436(20,38)
(21,37)2068901917(22,37)
(21,37)1989007184(21,38)
(22,37)1194811831(23,37)
(22,37)1459835098(22,38)
(23,37)1358902044(24,37)
(23,37)1982140933(23,38)
(24,37)1932967230(25,37)
(24,37)538127194(24,38)
(25,37)88449456(26,37)
(25,37)837956982(25,38)
(26,37)1199573486(27,37)
(26,37)491536190(26,38)
(27,37)698929847(28,37)
(27,37)1415563356(27,38)
(28,37)1630987141(29,37)
(28,37)328494541(28,38)
(29,37)888531275(29,38)
(0,38)1220006721(1,38)
(0,38)2121564993(0,39)
(1,38)1616235123(2,38)
(1,38)923078868(1,39)
(2,38)480664158(3,38)
(2,38)644518221(2,39)
(3,38)270719422(4,38)
(3,38)1560019118(3,39)
(4,38)1684902837(5,38)
(4,38)1301980800(4,39)
(5,38)1388605747(6,38)
(5,38)400866090(5,39)
(6,38)1345905473(7,38)
(6,38)591788626(6,39)
(7,38)513206895(8,38)
(7,38)1230129284(7,39)
(8,38)277457467(9,38)
(8,38)658256924(8,39)
(9,38)2017158968(10,38)
(9,38)347864180(9,39)
(10,38)133347762(11,38)
(10,38)815584661(10,39)
(11,38)904034118(12,38)
(11,38)707632302(11,39)
(12,38)1907205789(13,38)
(12,38)624883953(12,39)
(13,38)1323813800(14,38)
(13,38)172113826(13,39)
(14,38)1803100968(15,38)
(14,38)88216682(14,39)
(15,38)62298028(16,38)
(15,38)64861427(15,39)
(16,38)987940296(17,38)
(16,38)875624041(16,39)
(17,38)1520142262(18,38)
(17,38)1678533151(17,39)
(18,38)1091068621(19,38)
(18,38)1468604454(18,39)
(19,38)623101606(20,38)
(19,38)1790861684(19,39)
(20,38)44244126(21,38)
(20,38)628487810(20,39)
(21,38)1220276436(22,38)
(21,38)2011707353(21,39)
(22,38)1094352989(23,38)
(22,38)1390149600(22,39)
(23,38)2048406524(24,38)
(23,38)1733483331(23,39)
(24,38)2081347511(25,38)
(24,38)1371810456(24,39)
(25,38)39911470(26,38)
(25,38)1918081844(25,39)
(26,38)478230499(27,38)
(26,38)67211626(26,39)
(27,38)692095579(28,38)
(27,38)943945588(27,39)
(28,38)1116059414(29,38)
(28,38)237952640(28,39)
(29,38)2015909379(29,39)
(0,39)771676734(1,39)
(0,39)326169322(0,40)
(1,39)388467350(2,39)
(1,39)2080770806(1,40)
(2,39)921227454(3,39)
(2,39)1647300775(2,40)
(3,39)1019959389(4,39)
(3,39)2067000501(3,40)
(4,39)1010585474(5,39)
(4,39)242348260(4,40)
(5,39)865449866(6,39)
(5,39)663337425(5,40)
(6,39)707581552(7,39)
(6,39)1639073285(6,40)
(7,39)711866073(8,39)
(7,39)729673572(7,40)
(8,39)1824026561(9,39)
(8,39)2097731152(8,40)
(9,39)1998654028(10,39)
(9,39)297865757(9,40)
(10,39)231729620(11,39)
(10,39)1048353370(10,40)
(11,39)1088264840(12,39)
(11,39)1769252224(11,40)
(12,39)99999075(13,39)
(12,39)298941246(12,40)
(13,39)991036825(14,39)
(13,39)2032210428(13,40)
(14,39)1000786194(15,39)
(14,39)337951715(14,40)
(15,39)664121038(16,39)
(15,39)859462556(15,40)
(16,39)792749715(17,39)
(16,39)1772462929(16,40)
(17,39)1272280056(18,39)
(17,39)1052588388(17,40)
(18,39)972105242(19,39)
(18,39)1713977169(18,40)
(19,39)1956325430(20,39)
(19,39)144755798(19,40)
(20,39)808093223(21,39)
(20,39)1982690716(20,40)
(21,39)1474280353(22,39)
(21,39)674291648(21,40)
(22,39)1403965220(23,39)
(22,39)1515674775(22,40)
(23,39)1465922279(24,39)
(23,39)38662779(23,40)
(24,39)336528536(25,39)
(24,39)1080508134(24,40)
(25,39)2128861504(26,39)
(25,39)1317092659(25,40)
(26,39)938861236(27,39)
(26,39)568258156(26,40)
(27,39)867199403(28,39)
(27,39)1069642696(27,40)
(28,39)954369476(29,39)
(28,39)1038860311(28,40)
(29,39)1858236228(29,40)
(0,40)1955155670(1,40)
(0,40)1376812027(0,41)
(1,40)2040933065(2,40)
(1,40)570215137(1,41)
(2,40)1362964852(3,40)
(2,40)1580134951(2,41)
(3,40)704931360(4,40)
(3,40)946037805(3,41)
(4,40)1918143047(5,40)
(4,40)929458373(4,41)
(5,40)738300155(6,40)
(5,40)849687158(5,41)
(6,40)1657780381(7,40)
(6,40)1753350116(6,41)
(7,40)1080146821(8,40)
(7,40)1412591804(7,41)
(8,40)669073376(9,40)
(8,40)1025971509(8,41)
(9,40)344410140(10,40)
(9,40)1118809600(9,41)
(10,40)1455338136(11,40)
(10,40)1749581510(10,41)
(11,40)1730959366(12,40)
(11,40)1661502800(11,41)
(12,40)452880388(13,40)
(12,40)2023596293(12,41)
(13,40)743312048(14,40)
(13,40)653118414(13,41)
(14,40)1607487890(15,40)
(14,40)1491740699(14,41)
(15,40)721069078(16,40)
(15,40)454064628(15,41)
(16,40)1024279765(17,40)
(16,40)1415159913(16,41)
(17,40)847811216(18,40)
(17,40)614518495(17,41)
(18,40)1560556301(19,40)
(18,40)239760969(18,41)
(19,40)1169219343(20,40)
(19,40)1552742576(19,41)
(20,40)254946086(21,40)
(20,40)1331215700(20,41)
(21,40)937082168(22,40)
(21,40)1907519498(21,41)
(22,40)1172627654(23,40)
(22,40)1912726468(22,41)
(23,40)791214329(24,40)
(23,40)2017228990(23,41)
(24,40)988554942(25,40)
(24,40)1841701031(24,41)
(25,40)1443798893(26,40)
(25,40)1135624469(25,41)
(26,40)649643621(27,40)
(26,40)296409431(26,41)
(27,40)172522076(28,40)
(27,40)1027274612(27,41)
(28,40)1680393026(29,40)
(28,40)1102524009(28,41)
(29,40)915834124(29,41)
(0,41)1140397269(1,41)
(0,41)446781061(0,42)
(1,41)1167850139(2,41)
(1,41)1369898752(1,42)
(2,41)246694870(3,41)
(2,41)408073534(2,42)
(3,41)1255884750(4,41)
(3,41)1782368635(3,42)
(4,41)1195441288(5,41)
(4,41)486455839(4,42)
(5,41)1655675182(6,41)
(5,41)661143679(5,42)
(6,41)916089765(7,41)
(6,41)379173340(6,42)
(7,41)1316255509(8,41)
(7,41)1415711033(7,42)
(8,41)440855039(9,41)
(8,41)681332585(8,42)
(9,41)1472546914(10,41)
(9,41)1186000851(9,42)
(10,41)27072145(11,41)
(10,41)135072422(10,42)
(11,41)1578871316(12,41)
(11,41)460687736(11,42)
(12,41)1110331357(13,41)
(12,41)323481576(12,42)
(13,41)496003652(14,41)
(13,41)458662280(13,42)
(14,41)2139055306(15,41)
(14,41)65371719(14,42)
(15,41)512152780(16,41)
(15,41)1411837776(15,42)
(16,41)634252881(17,41)
(16,41)1131968927(16,42)
(17,41)1540042461(18,41)
(17,41)1680002919(17,42)
(18,41)1314887906(19,41)
(18,41)880947751(18,42)
(19,41)1367403590(20,41)
(19,41)648443564(19,42)
(20,41)1309587243(21,41)
(20,41)362845546(20,42)
(21,41)742018887(22,41)
(21,41)875595125(21,42)
(22,41)143822510(23,41)
(22,41)78193360(22,42)
(23,41)759525946(24,41)
(23,41)2058274396(23,42)
(24,41)1096791599(25,41)
(24,41)584677549(24,42)
(25,41)719749972(26,41)
(25,41)84589212(25,42)
(26,41)545276948(27,41)
(26,41)1123863744(26,42)
(27,41)1447345321(28,41)
(27,41)151137640(27,42)
(28,41)609799920(29,41)
(28,41)1655608306(28,42)
(29,41)1943348973(29,42)
(0,42)601371578(1,42)
(0,42)1720980025(0,43)
(1,42)85649157(2,42)
(1,42)1207703102(1,43)
(2,42)1841955983(3,42)
(2,42)1733340506(2,43)
(3,42)1125899319(4,42)
(3,42)1765652076(3,43)
(4,42)933056335(5,42)
(4,42)575420086(4,43)
(5,42)1942823676(6,42)
(5,42)1774342883(5,43)
(6,42)936446478(7,42)
(6,42)1295901881(6,43)
(7,42)2037920768(8,42)
(7,42)670935153(7,43)
(8,42)814757663(9,42)
(8,42)1014639839(8,43)
(9,42)1774165785(10,42)
(9,42)1948711516(9,43)
(10,42)898019467(11,42)
(10,42)1399435213(10,43)
(11,42)2119185185(12,42)
(11,42)1858754997(11,43)
(12,42)256548298(13,42)
(12,42)2021883212(12,43)
(13,42)1321744885(14,42)
(13,42)122839177(13,43)
(14,42)732639097(15,42)
(14,42)1912156604(14,43)
(15,42)1485652981(16,42)
(15,42)1117610210(15,43)
(16,42)177829664(17,42)
(16,42)1334010675(16,43)
(17,42)919867533(18,42)
(17,42)1571302138(17,43)
(18,42)1189470566(19,42)
(18,42)2019785647(18,43)
(19,42)447722085(20,42)
(19,42)2045766853(19,43)
(20,42)1672626088(21,42)
(20,42)2122526901(20,43)
(21,42)1270945135(22,42)
(21,42)243062114(21,43)
(22,42)913997267(23,42)
(22,42)461588919(22,43)
(23,42)1476228758(24,42)
(23,42)1161382255(23,43)
(24,42)962610124(25,42)
(24,42)1728754931(24,43)
(25,42)980706496(26,42)
(25,42)1102910895(25,43)
(26,42)814182244(27,42)
(26,42)1860629591(26,43)
(27,42)1735029155(28,42)
(27,42)952408033(27,43)
(28,42)1075247210(29,42)
(28,42)1070730542(28,43)
(29,42)909290392(29,43)
(0,43)1807886307(1,43)
(0,43)835403498(0,44)
(1,43)173572831(2,43)
(1,43)2026900603(1,44)
(2,43)57246619(3,43)
(2,43)994413334(2,44)
(3,43)1914280868(4,43)
(3,43)1744874969(3,44)
(4,43)786861888(5,43)
(4,43)2077032267(4,44)
(5,43)377270704(6,43)
(5,43)1812564073(5,44)
(6,43)1337706513(7,43)
(6,43)761905141(6,44)
(7,43)2032850276(8,43)
(7,43)620332818(7,44)
(8,43)1534330086(9,43)
(8,43)1799295432(8,44)
(9,43)1128040542(10,43)
(9,43)1046748884(9,44)
(10,43)2009359008(11,43)
(10,43)1115601369(10,44)
(11,43)2096307865(12,43)
(11,43)83467789(11,44)
(12,43)897650034(13,43)
(12,43)1722504951(12,44)
(13,43)1310050459(14,43)
(13,43)901232250(13,44)
(14,43)1976479460(15,43)
(14,43)1968380576(14,44)
(15,43)656300427(16,43)
(15,43)71857203(15,44)
(16,43)2098757806(17,43)
(16,43)1636882119(16,44)
(17,43)483811805(18,43)
(17,43)829873258(17,44)
(18,43)427264580(19,43)
(18,43)8520778(18,44)
(19,43)2085553045(20,43)
(19,43)250609025(19,44)
(20,43)2063173098(21,43)
(20,43)1214126468(20,44)
(21,43)1976031609(22,43)
(21,43)315340101(21,44)
(22,43)935672920(23,43)
(22,43)1253395964(22,44)
(23,43)905207748(24,43)
(23,43)1861398238(23,44)
(24,43)760663474(25,43)
(24,43)322519358(24,44)
(25,43)1438120727(26,43)
(25,43)2033248291(25,44)
(26,43)2116716080(27,43)
(26,43)622538834(26,44)
(27,43)197560137(28,43)
(27,43)1386944944(27,44)
(28,43)140693546(29,43)
(28,43)866882466(28,44)
(29,43)1507610596(29,44)
(0,44)2117173006(1,44)
(0,44)687779395(0,45)
(1,44)1344079822(2,44)
(1,44)1579467800(1,45)
(2,44)1530741958(3,44)
(2,44)1606571477(2,45)
(3,44)2090383282(4,44)
(3,44)26469432(3,45)
(4,44)453734012(5,44)
(4,44)1539262736(4,45)
(5,44)1477332133(6,44)
(5,44)193508660(5,45)
(6,44)109198110(7,44)
(6,44)1667860480(6,45)
(7,44)1496408442(8,44)
(7,44)1792672235(7,45)
(8,44)580861507(9,44)
(8,44)1362594074(8,45)
(9,44)120318175(10,44)
(9,44)1210323032(9,45)
(10,44)1970986506(11,44)
(10,44)903380865(10,45)
(11,44)194017944(12,44)
(11,44)6082818(11,45)
(12,44)2122798898(13,44)
(12,44)446041692(12,45)
(13,44)643601829(14,44)
(13,44)1580962888(13,45)
(14,44)1721656434(15,44)
(14,44)842197717(14,45)
(15,44)1529977112(16,44)
(15,44)3728778(15,45)
(16,44)1583196578(17,44)
(16,44)1691345792(16,45)
(17,44)1150433621(18,44)
(17,44)726573286(17,45)
(18,44)753042718(19,44)
(18,44)966454888(18,45)
(19,44)358233977(20,44)
(19,44)1093333255(19,45)
(20,44)1286841915(21,44)
(20,44)1206776731(20,45)
(21,44)727153563(22,44)
(21,44)1835566110(21,45)
(22,44)1480754697(23,44)
(22,44)1396040026(22,45)
(23,44)611150452(24,44)
(23,44)76078357(23,45)
(24,44)1286401389(25,44)
(24,44)2061616204(24,45)
(25,44)817513421(26,44)
(25,44)731468627(25,45)
(26,44)737551445(27,44)
(26,44)1109904247(26,45)
(27,44)1555945939(28,44)
(27,44)1011531365(27,45)
(28,44)445010605(29,44)
(28,44)712866696(28,45)
(29,44)52064121(29,45)
(0,45)19183391(1,45)
(0,45)1555064413(0,46)
(1,45)937557877(2,45)
(1,45)55792899(1,46)
(2,45)1638989477(3,45)
(2,45)1710529183(2,46)
(3,45)713479156(4,45)
(3,45)1664131163(3,46)
(4,45)269690233(5,45)
(4,45)457960717(4,46)
(5,45)816194694(6,45)
(5,45)1806812412(5,46)
(6,45)946170679(7,45)
(6,45)1476466964(6,46)
(7,45)56136880(8,45)
(7,45)504277157(7,46)
(8,45)1985031854(9,45)
(8,45)194727057(8,46)
(9,45)805877510(10,45)
(9,45)132215237(9,46)
(10,45)1418616627(11,45)
(10,45)1899164411(10,46)
(11,45)569194184(12,45)
(11,45)1537346137(11,46)
(12,45)127413935(13,45)
(12,45)381037226(12,46)
(13,45)1936983166(14,45)
(13,45)1580725550(13,46)
(14,45)2025736155(15,45)
(14,45)840280631(14,46)
(15,45)247861396(16,45)
(15,45)1989047287(15,46)
(16,45)2044840186(17,45)
(16,45)2044919547(16,46)
(17,45)1607965082(18,45)
(17,45)1185419273(17,46)
(18,45)702066788(19,45)
(18,45)1536346015(18,46)
(19,45)1994306732(20,45)
(19,45)173960591(19,46)
(20,45)1980773003(21,45)
(20,45)971757021(20,46)
(21,45)300740338(22,45)
(21,45)663017779(21,46)
(22,45)1167294936(23,45)
(22,45)779460034(22,46)
(23,45)974187092(24,45)
(23,45)356877218(23,46)
(24,45)489092455(25,45)
(24,45)1004843142(24,46)
(25,45)756523905(26,45)
(25,45)1780064602(25,46)
(26,45)1169927091(27,45)
(26,45)1907709082(26,46)
(27,45)141262661(28,45)
(27,45)1325718090(27,46)
(28,45)758959992(29,45)
(28,45)1297341026(28,46)
(29,45)2078245827(29,46)
(0,46)637212499(1,46)
(0,46)2137621657(0,47)
(1,46)237999405(2,46)
(1,46)1919809466(1,47)
(2,46)1817166004(3,46)
(2,46)534648398(2,47)
(3,46)2142613481(4,46)
(3,46)1423418678(3,47)
(4,46)2125485466(5,46)
(4,46)1206028371(4,47)
(5,46)1052851455(6,46)
(5,46)169090424(5,47)
(6,46)2379779(7,46)
(6,46)949758840(6,47)
(7,46)1250499178(8,46)
(7,46)1715869234(7,47)
(8,46)735680522(9,46)
(8,46)781839813(8,47)
(9,46)1756026905(10,46)
(9,46)1607376396(9,47)
(10,46)2096468851(11,46)
(10,46)1740523665(10,47)
(11,46)349563922(12,46)
(11,46)1388607859(11,47)
(12,46)411051303(13,46)
(12,46)1856694286(12,47)
(13,46)1997956947(14,46)
(13,46)1675282012(13,47)
(14,46)286758356(15,46)
(14,46)1708392329(14,47)
(15,46)1698530339(16,46)
(15,46)1928719126(15,47)
(16,46)1701044944(17,46)
(16,46)923970856(16,47)
(17,46)1458619254(18,46)
(17,46)1936529744(17,47)
(18,46)1212464775(19,46)
(18,46)1370727300(18,47)
(19,46)429272023(20,46)
(19,46)1453749087(19,47)
(20,46)1622839511(21,46)
(20,46)1190466593(20,47)
(21,46)2140225433(22,46)
(21,46)1482123478(21,47)
(22,46)1050509065(23,46)
(22,46)1625219290(22,47)
(23,46)259575456(24,46)
(23,46)1243240963(23,47)
(24,46)703133711(25,46)
(24,46)1786189587(24,47)
(25,46)1379229604(26,46)
(25,46)2015602361(25,47)
(26,46)1256726573(27,46)
(26,46)652118915(26,47)
(27,46)361329553(28,46)
(27,46)1728793527(27,47)
(28,46)1256591891(29,46)
(28,46)1667777876(28,47)
(29,46)211802852(29,47)
(0,47)1543350248(1,47)
(0,47)1228686557(0,48)
(1,47)779733248(2,47)
(1,47)2140521978(1,48)
(2,47)1694083274(3,47)
(2,47)319837456(2,48)
(3,47)1778456710(4,47)
(3,47)568779345(3,48)
(4,47)1781244120(5,47)
(4,47)917326926(4,48)
(5,47)1346598949(6,47)
(5,47)1084722150(5,48)
(6,47)560078013(7,47)
(6,47)824227065(6,48)
(7,47)816968851(8,47)
(7,47)681238779(7,48)
(8,47)1731747844(9,47)
(8,47)37813656(8,48)
(9,47)297389112(10,47)
(9,47)2060209814(9,48)
(10,47)615859878(11,47)
(10,47)1370453784(10,48)
(11,47)602199740(12,47)
(11,47)165507825(11,48)
(12,47)1422234398(13,47)
(12,47)1267978793(12,48)
(13,47)1629308346(14,47)
(13,47)183509619(13,48)
(14,47)1440101511(15,47)
(14,47)942528626(14,48)
(15,47)23731536(16,47)
(15,47)1841111198(15,48)
(16,47)1834149528(17,47)
(16,47)835968111(16,48)
(17,47)1155805567(18,47)
(17,47)803464784(17,48)
(18,47)1372244129(19,47)
(18,47)1380749154(18,48)
(19,47)150592432(20,47)
(19,47)786778629(19,48)
(20,47)1871500779(21,47)
(20,47)1006004601(20,48)
(21,47)1830231667(22,47)
(21,47)1497191381(21,48)
(22,47)30946512(23,47)
(22,47)284095145(22,48)
(23,47)321908801(24,47)
(23,47)499716870(23,48)
(24,47)412443036(25,47)
(24,47)1762694357(24,48)
(25,47)985664493(26,47)
(25,47)619297913(25,48)
(26,47)784805738(27,47)
(26,47)1028302914(26,48)
(27,47)148798059(28,47)
(27,47)1587864233(27,48)
(28,47)1771373853(29,47)
(28,47)59556489(28,48)
(29,47)1778106405(29,48)
(0,48)1063991716(1,48)
(0,48)1002085115(0,49)
(1,48)1025816651(2,48)
(1,48)1471733955(1,49)
(2,48)1158399835(3,48)
(2,48)1899959827(2,49)
(3,48)908281746(4,48)
(3,48)1829281436(3,49)
(4,48)1054041917(5,48)
(4,48)391665341(4,49)
(5,48)542257773(6,48)
(5,48)1695060375(5,49)
(6,48)1419077507(7,48)
(6,48)2060046519(6,49)
(7,48)1742794538(8,48)
(7,48)2039449154(7,49)
(8,48)2070395667(9,48)
(8,48)1703172652(8,49)
(9,48)2025081453(10,48)
(9,48)95027760(9,49)
(10,48)507470796(11,48)
(10,48)1685606376(10,49)
(11,48)523787221(12,48)
(11,48)496895718(11,49)
(12,48)1281701456(13,48)
(12,48)1535773711(12,49)
(13,48)1684571770(14,48)
(13,48)2111651454(13,49)
(14,48)1735541659(15,48)
(14,48)1341257945(14,49)
(15,48)195859413(16,48)
(15,48)1315194528(15,49)
(16,48)639444835(17,48)
(16,48)652049727(16,49)
(17,48)404525906(18,48)
(17,48)1221676064(17,49)
(18,48)903473852(19,48)
(18,48)1797844671(18,49)
(19,48)42026364(20,48)
(19,48)1312807652(19,49)
(20,48)860384380(21,48)
(20,48)1957515770(20,49)
(21,48)1870078641(22,48)
(21,48)584284138(21,49)
(22,48)476249644(23,48)
(22,48)131978239(22,49)
(23,48)1835150891(24,48)
(23,48)1465389531(23,49)
(24,48)1560417291(25,48)
(24,48)399161663(24,49)
(25,48)2084768039(26,48)
(25,48)1712748696(25,49)
(26,48)62160766(27,48)
(26,48)2067888087(26,49)
(27,48)1456178150(28,48)
(27,48)461071612(27,49)
(28,48)425239419(29,48)
(28,48)1343862222(28,49)
(29,48)993266273(29,49)
(0,49)537636520(1,49)
(1,49)13297430(2,49)
(2,49)160977153(3,49)
(3,49)733495933(4,49)
(4,49)665347158(5,49)
(5,49)800421988(6,49)
(6,49)1955171997(7,49)
(7,49)1069873064(8,49)
(8,49)450783011(9,49)
(9,49)711162202(10,49)
(10,49)235197069(11,49)
(11,49)492809376(12,49)
(12,49)521194324(13,49)
(13,49)1095581449(14,49)
(14,49)1077093514(15,49)
(15,49)243789317(16,49)
(16,49)1227559688(17,49)
(17,49)1553343158(18,49)
(18,49)1709178848(19,49)
(19,49)915226931(20,49)
(20,49)1952504822(21,49)
(21,49)1122112491(22,49)
(22,49)480491979(23,49)
(23,49)1889789213(24,49)
(24,49)1042516930(25,49)
(25,49)542652745(26,49)
(26,49)203377178(27,49)
(27,49)351211433(28,49)
(28,49)1886514967(29,49)
