17 50
(0,0)2087126626(1,0)
(0,0)1177220057(0,1)
(1,0)542653442(2,0)
(1,0)708351959(1,1)
(2,0)1615938025(3,0)
(2,0)811084115(2,1)
(3,0)1449297885(4,0)
(3,0)615503814(3,1)
(4,0)757537093(5,0)
(4,0)270741611(4,1)
(5,0)1352355143(6,0)
(5,0)309577175(5,1)
(6,0)152526327(7,0)
(6,0)1376604910(6,1)
(7,0)183158772(8,0)
(7,0)1296856901(7,1)
(8,0)1053250594(9,0)
(8,0)1463767543(8,1)
(9,0)227783239(10,0)
(9,0)2067296771(9,1)
(10,0)585373693(11,0)
(10,0)789163735(10,1)
(11,0)1311039006(12,0)
(11,0)1415648985(11,1)
(12,0)273044490(13,0)
(12,0)489461291(12,1)
(13,0)1313233116(14,0)
(13,0)1287270533(13,1)
(14,0)937134762(15,0)
(14,0)1181863954(14,1)
(15,0)211600364(16,0)
(15,0)414325353(15,1)
(16,0)876777740(16,1)
(0,1)754253806(1,1)
(0,1)1122677312(0,2)
(1,1)591131690(2,1)
(1,1)1687861855(1,2)
(2,1)989676093(3,1)
(2,1)1369757620(2,2)
(3,1)2127294714(4,1)
(3,1)861873301(3,2)
(4,1)66744796(5,1)
(4,1)1299253268(4,2)
(5,1)1451779596(6,1)
(5,1)1356415976(5,2)
(6,1)1539574749(7,1)
(6,1)1363601697(6,2)
(7,1)269368643(8,1)
(7,1)768063491(7,2)
(8,1)995846731(9,1)
(8,1)1459387872(8,2)
(9,1)2044761566(10,1)
(9,1)1058532378(9,2)
(10,1)222087736(11,1)
(10,1)264012068(10,2)
(11,1)537056558(12,1)
(11,1)386739209(11,2)
(12,1)1699972326(13,1)
(12,1)1509358269(12,2)
(13,1)299009383(14,1)
(13,1)1718920513(13,2)
(14,1)1930520877(15,1)
(14,1)2114297679(14,2)
(15,1)1089491344(16,1)
(15,1)1175787124(15,2)
(16,1)537291035(16,2)
(0,2)1680623034(1,2)
(0,2)716165331(0,3)
(1,2)1705841424(2,2)
(1,2)1907048655(1,3)
(2,2)1886859721(3,2)
(2,2)395012687(2,3)
(3,2)461757483(4,2)
(3,2)857611045(3,3)
(4,2)161906993(5,2)
(4,2)1095792050(4,3)
(5,2)487883151(6,2)
(5,2)1825359180(5,3)
(6,2)2094727823(7,2)
(6,2)929970484(6,3)
(7,2)1925817215(8,2)
(7,2)1947271023(7,3)
(8,2)1844548941(9,2)
(8,2)1005776553(8,3)
(9,2)1227864289(10,2)
(9,2)42345636(9,3)
(10,2)579402194(11,2)
(10,2)83804503(10,3)
(11,2)1783776829(12,2)
(11,2)589738910(11,3)
(12,2)888748294(13,2)
(12,2)150839059(12,3)
(13,2)2081359936(14,2)
(13,2)1750590860(13,3)
(14,2)692598556(15,2)
(14,2)2064535418(14,3)
(15,2)633217101(16,2)
(15,2)471167323(15,3)
(16,2)225737942(16,3)
(0,3)191574878(1,3)
(0,3)230732331(0,4)
(1,3)2117592052(2,3)
(1,3)620750629(1,4)
(2,3)1082508112(3,3)
(2,3)1049185923(2,4)
(3,3)1211092916(4,3)
(3,3)1065900454(3,4)
(4,3)1553783605(5,3)
(4,3)760383644(4,4)
(5,3)707627819(6,3)
(5,3)2141063400(5,4)
(6,3)1919396968(7,3)
(6,3)1353570981(6,4)
(7,3)1050636274(8,3)
(7,3)1713404372(7,4)
(8,3)793785013(9,3)
(8,3)1961742604(8,4)
(9,3)393661150(10,3)
(9,3)1134440777(9,4)
(10,3)770733958(11,3)
(10,3)1383523924(10,4)
(11,3)124788570(12,3)
(11,3)544500210(11,4)
(12,3)478376498(13,3)
(12,3)373841171(12,4)
(13,3)1066439727(14,3)
(13,3)41840340(13,4)
(14,3)675057441(15,3)
(14,3)949543822(14,4)
(15,3)1180276153(16,3)
(15,3)1292177670(15,4)
(16,3)866632319(16,4)
(0,4)1150384557(1,4)
(0,4)1912928299(0,5)
(1,4)847952764(2,4)
(1,4)1915818242(1,5)
(2,4)979427510(3,4)
(2,4)68801364(2,5)
(3,4)1622584969(4,4)
(3,4)1608336408(3,5)
(4,4)168480580(5,4)
(4,4)973007263(4,5)
(5,4)744920583(6,4)
(5,4)828672302(5,5)
(6,4)1879308577(7,4)
(6,4)1881884952(6,5)
(7,4)528186318(8,4)
(7,4)559179539(7,5)
(8,4)952840689(9,4)
(8,4)866265706(8,5)
(9,4)1636999665(10,4)
(9,4)1911710242(9,5)
(10,4)2036498812(11,4)
(10,4)1497340899(10,5)
(11,4)1975717398(12,4)
(11,4)2010840836(11,5)
(12,4)929796915(13,4)
(12,4)2078339152(12,5)
(13,4)605912945(14,4)
(13,4)777777572(13,5)
(14,4)1958053725(15,4)
(14,4)74490937(14,5)
(15,4)1987419237(16,4)
(15,4)1472545265(15,5)
(16,4)960954634(16,5)
(0,5)687888353(1,5)
(0,5)1240879859(0,6)
(1,5)72823722(2,5)
(1,5)1029755998(1,6)
(2,5)504857320(3,5)
(2,5)148741113(2,6)
(3,5)317221693(4,5)
(3,5)1045830985(3,6)
(4,5)1790751568(5,5)
(4,5)1333529622(4,6)
(5,5)1065354551(6,5)
(5,5)51622998(5,6)
(6,5)579809316(7,5)
(6,5)202447459(6,6)
(7,5)1155288148(8,5)
(7,5)1931620258(7,6)
(8,5)1421136275(9,5)
(8,5)344035910(8,6)
(9,5)233051074(10,5)
(9,5)505145400(9,6)
(10,5)333379150(11,5)
(10,5)1284493463(10,6)
(11,5)66806730(12,5)
(11,5)163906578(11,6)
(12,5)769819523(13,5)
(12,5)1111156722(12,6)
(13,5)921726799(14,5)
(13,5)141297668(13,6)
(14,5)2128716905(15,5)
(14,5)94881140(14,6)
(15,5)1335761000(16,5)
(15,5)1882681433(15,6)
(16,5)669121610(16,6)
(0,6)1408584722(1,6)
(0,6)764953784(0,7)
(1,6)1269811104(2,6)
(1,6)817862723(1,7)
(2,6)1135084417(3,6)
(2,6)306932059(2,7)
(3,6)2097683627(4,6)
(3,6)455857078(3,7)
(4,6)1521211630(5,6)
(4,6)1186707415(4,7)
(5,6)1766516731(6,6)
(5,6)152647438(5,7)
(6,6)1307935586(7,6)
(6,6)1305348240(6,7)
(7,6)579000867(8,6)
(7,6)2110552641(7,7)
(8,6)196120067(9,6)
(8,6)1813080986(8,7)
(9,6)2146460136(10,6)
(9,6)1863494330(9,7)
(10,6)1930301060(11,6)
(10,6)360026645(10,7)
(11,6)1129846168(12,6)
(11,6)1110133210(11,7)
(12,6)2031860009(13,6)
(12,6)2071598728(12,7)
(13,6)2052831985(14,6)
(13,6)1224727309(13,7)
(14,6)413004661(15,6)
(14,6)1767057795(14,7)
(15,6)384527931(16,6)
(15,6)574469947(15,7)
(16,6)1821589383(16,7)
(0,7)1654339035(1,7)
(0,7)1392332671(0,8)
(1,7)379933440(2,7)
(1,7)2128521442(1,8)
(2,7)2078721421(3,7)
(2,7)2110196113(2,8)
(3,7)1483924095(4,7)
(3,7)1566640855(3,8)
(4,7)1185673938(5,7)
(4,7)83885211(4,8)
(5,7)1391820797(6,7)
(5,7)641788687(5,8)
(6,7)1220789554(7,7)
(6,7)1148742931(6,8)
(7,7)1344862998(8,7)
(7,7)1057418136(7,8)
(8,7)1056394624(9,7)
(8,7)936800236(8,8)
(9,7)719617649(10,7)
(9,7)1704889643(9,8)
(10,7)687252163(11,7)
(10,7)19044187(10,8)
(11,7)2050904196(12,7)
(11,7)643732729(11,8)
(12,7)549081067(13,7)
(12,7)1911979472(12,8)
(13,7)177500485(14,7)
(13,7)1670478343(13,8)
(14,7)2055006274(15,7)
(14,7)1123551014(14,8)
(15,7)368400037(16,7)
(15,7)1999089868(15,8)
(16,7)1561861661(16,8)
(0,8)748333477(1,8)
(0,8)1980127662(0,9)
(1,8)1911365435(2,8)
(1,8)1524574127(1,9)
(2,8)861014574(3,8)
(2,8)167490684(2,9)
(3,8)1353164622(4,8)
(3,8)1995250646(3,9)
(4,8)1239587796(5,8)
(4,8)1502803262(4,9)
(5,8)576109168(6,8)
(5,8)354423905(5,9)
(6,8)1699286903(7,8)
(6,8)149522284(6,9)
(7,8)1205916908(8,8)
(7,8)1512909405(7,9)
(8,8)85043406(9,8)
(8,8)1256692898(8,9)
(9,8)1943945062(10,8)
(9,8)1224961095(9,9)
(10,8)1128381644(11,8)
(10,8)728776135(10,9)
(11,8)1277857202(12,8)
(11,8)1708440886(11,9)
(12,8)1885941372(13,8)
(12,8)651376339(12,9)
(13,8)558898966(14,8)
(13,8)253924569(13,9)
(14,8)622324606(15,8)
(14,8)1737547592(14,9)
(15,8)1570191607(16,8)
(15,8)2120760627(15,9)
(16,8)1370658084(16,9)
(0,9)1334073394(1,9)
(0,9)1497851106(0,10)
(1,9)211382033(2,9)
(1,9)1538148768(1,10)
(2,9)743829743(3,9)
(2,9)1181840393(2,10)
(3,9)273944541(4,9)
(3,9)1714185295(3,10)
(4,9)142810815(5,9)
(4,9)1098253648(4,10)
(5,9)650056904(6,9)
(5,9)423466825(5,10)
(6,9)1629383733(7,9)
(6,9)1655720220(6,10)
(7,9)1740763626(8,9)
(7,9)1906749802(7,10)
(8,9)1703211216(9,9)
(8,9)706861181(8,10)
(9,9)1835242825(10,9)
(9,9)322056114(9,10)
(10,9)1599913316(11,9)
(10,9)1264168455(10,10)
(11,9)1002626179(12,9)
(11,9)339135516(11,10)
(12,9)898034482(13,9)
(12,9)1853837885(12,10)
(13,9)328678844(14,9)
(13,9)592690123(13,10)
(14,9)15398082(15,9)
(14,9)871311462(14,10)
(15,9)221678920(16,9)
(15,9)1699336928(15,10)
(16,9)1349471477(16,10)
(0,10)433060953(1,10)
(0,10)1090002048(0,11)
(1,10)1833831791(2,10)
(1,10)383828222(1,11)
(2,10)657772763(3,10)
(2,10)2147246248(2,11)
(3,10)142573416(4,10)
(3,10)784601792(3,11)
(4,10)1434658696(5,10)
(4,10)1081239588(4,11)
(5,10)563139673(6,10)
(5,10)1798293636(5,11)
(6,10)1391573615(7,10)
(6,10)1193924850(6,11)
(7,10)749652419(8,10)
(7,10)1270000854(7,11)
(8,10)957760031(9,10)
(8,10)1713629729(8,11)
(9,10)1166059397(10,10)
(9,10)2013820874(9,11)
(10,10)868963405(11,10)
(10,10)1296895548(10,11)
(11,10)47446382(12,10)
(11,10)872413635(11,11)
(12,10)1201092479(13,10)
(12,10)1461653528(12,11)
(13,10)1477051611(14,10)
(13,10)918757844(13,11)
(14,10)1140436765(15,10)
(14,10)752945759(14,11)
(15,10)1842947807(16,10)
(15,10)679039440(15,11)
(16,10)1573497718(16,11)
(0,11)1529295951(1,11)
(0,11)1062867662(0,12)
(1,11)1720640425(2,11)
(1,11)1573260319(1,12)
(2,11)1715833735(3,11)
(2,11)166414095(2,12)
(3,11)1601072791(4,11)
(3,11)654396365(3,12)
(4,11)1217536038(5,11)
(4,11)1366643723(4,12)
(5,11)610733690(6,11)
(5,11)647513993(5,12)
(6,11)1397166412(7,11)
(6,11)340053245(6,12)
(7,11)1297813276(8,11)
(7,11)176879771(7,12)
(8,11)1342939169(9,11)
(8,11)1263503638(8,12)
(9,11)2132467043(10,11)
(9,11)447225176(9,12)
(10,11)494671559(11,11)
(10,11)67869156(10,12)
(11,11)1268961635(12,11)
(11,11)1446636924(11,12)
(12,11)776204887(13,11)
(12,11)1413429403(12,12)
(13,11)406382520(14,11)
(13,11)2021907394(13,12)
(14,11)1717371553(15,11)
(14,11)1455244327(14,12)
(15,11)370628341(16,11)
(15,11)1979880239(15,12)
(16,11)1099183856(16,12)
(0,12)2091268766(1,12)
(0,12)1405656910(0,13)
(1,12)974006997(2,12)
(1,12)1265597951(1,13)
(2,12)719187094(3,12)
(2,12)598181483(2,13)
(3,12)1815717521(4,12)
(3,12)193167072(3,13)
(4,12)803900763(5,12)
(4,12)1366701088(4,13)
(5,12)616383852(6,12)
(5,12)8287118(5,13)
(6,12)1306100395(7,12)
(6,12)980780534(6,13)
(7,12)176236055(8,12)
(7,12)1879887491(7,13)
(8,12)1864870886(9,12)
(8,12)1753325571(8,13)
(9,12)100513482(10,12)
(9,12)244105211(9,13)
(10,12)1513066846(11,12)
(10,12)1164024162(10,13)
(11,12)1940229049(12,12)
(11,12)1513942886(11,13)
(12,12)1920325406(13,12)
(12,12)1387490592(12,13)
(13,12)957378498(14,12)
(13,12)1247989728(13,13)
(14,12)1618618069(15,12)
(14,12)1752721997(14,13)
(15,12)1010895259(16,12)
(15,12)2056562354(15,13)
(16,12)1562403187(16,13)
(0,13)1984902256(1,13)
(0,13)1174676658(0,14)
(1,13)1893863752(2,13)
(1,13)13101022(1,14)
(2,13)1828818544(3,13)
(2,13)30585681(2,14)
(3,13)834486444(4,13)
(3,13)1113081192(3,14)
(4,13)1729465045(5,13)
(4,13)1837105662(4,14)
(5,13)995722409(6,13)
(5,13)1815266978(5,14)
(6,13)1991503034(7,13)
(6,13)1461868888(6,14)
(7,13)1179256126(8,13)
(7,13)601564333(7,14)
(8,13)702077815(9,13)
(8,13)88124597(8,14)
(9,13)1601191444(10,13)
(9,13)195796641(9,14)
(10,13)2136025690(11,13)
(10,13)68537053(10,14)
(11,13)1988862460(12,13)
(11,13)841198388(11,14)
(12,13)1798576886(13,13)
(12,13)1236531771(12,14)
(13,13)707666192(14,13)
(13,13)1594100809(13,14)
(14,13)457512421(15,13)
(14,13)1707655593(14,14)
(15,13)734848603(16,13)
(15,13)122585732(15,14)
(16,13)294931029(16,14)
(0,14)481228707(1,14)
(0,14)135686754(0,15)
(1,14)1964505298(2,14)
(1,14)325516710(1,15)
(2,14)1160003154(3,14)
(2,14)1594309900(2,15)
(3,14)1176291297(4,14)
(3,14)1654127313(3,15)
(4,14)502366074(5,14)
(4,14)827786485(4,15)
(5,14)671805871(6,14)
(5,14)490676537(5,15)
(6,14)1669932663(7,14)
(6,14)1103930407(6,15)
(7,14)1806008223(8,14)
(7,14)759930468(7,15)
(8,14)213638264(9,14)
(8,14)1865729304(8,15)
(9,14)1854271347(10,14)
(9,14)1874545276(9,15)
(10,14)1715924088(11,14)
(10,14)1054836653(10,15)
(11,14)705929891(12,14)
(11,14)943319470(11,15)
(12,14)1650985662(13,14)
(12,14)1162541250(12,15)
(13,14)1620053671(14,14)
(13,14)266101836(13,15)
(14,14)1000950439(15,14)
(14,14)1773571394(14,15)
(15,14)1909258149(16,14)
(15,14)1914984700(15,15)
(16,14)1482179147(16,15)
(0,15)1726279799(1,15)
(0,15)93017763(0,16)
(1,15)1253020917(2,15)
(1,15)929005399(1,16)
(2,15)2105296696(3,15)
(2,15)1232923464(2,16)
(3,15)1735289539(4,15)
(3,15)2080807402(3,16)
(4,15)605129625(5,15)
(4,15)448489585(4,16)
(5,15)2118422248(6,15)
(5,15)691736298(5,16)
(6,15)350260873(7,15)
(6,15)1365060094(6,16)
(7,15)1578698358(8,15)
(7,15)1836667905(7,16)
(8,15)1543455604(9,15)
(8,15)77322502(8,16)
(9,15)1793246590(10,15)
(9,15)486051363(9,16)
(10,15)1191981255(11,15)
(10,15)339291426(10,16)
(11,15)1990277088(12,15)
(11,15)808304192(11,16)
(12,15)280874215(13,15)
(12,15)1458083091(12,16)
(13,15)311549883(14,15)
(13,15)1616364835(13,16)
(14,15)1378139336(15,15)
(14,15)48375268(14,16)
(15,15)141393031(16,15)
(15,15)1793729030(15,16)
(16,15)956935487(16,16)
(0,16)1394413948(1,16)
(0,16)575250781(0,17)
(1,16)533063829(2,16)
(1,16)42375304(1,17)
(2,16)1777664843(3,16)
(2,16)1327737703(2,17)
(3,16)1932867328(4,16)
(3,16)981553414(3,17)
(4,16)952492014(5,16)
(4,16)321917493(4,17)
(5,16)672178367(6,16)
(5,16)1150443774(5,17)
(6,16)581658485(7,16)
(6,16)641676271(6,17)
(7,16)37648227(8,16)
(7,16)749500869(7,17)
(8,16)395263811(9,16)
(8,16)1067709848(8,17)
(9,16)112207455(10,16)
(9,16)376939653(9,17)
(10,16)219733094(11,16)
(10,16)1203568004(10,17)
(11,16)1484442219(12,16)
(11,16)1570290547(11,17)
(12,16)1881840430(13,16)
(12,16)1836097929(12,17)
(13,16)1066753617(14,16)
(13,16)1532817487(13,17)
(14,16)1674210518(15,16)
(14,16)1528085812(14,17)
(15,16)2103336593(16,16)
(15,16)2023689104(15,17)
(16,16)921140819(16,17)
(0,17)488916774(1,17)
(0,17)2066064408(0,18)
(1,17)1696245603(2,17)
(1,17)101394874(1,18)
(2,17)2034262202(3,17)
(2,17)1470470188(2,18)
(3,17)275478554(4,17)
(3,17)2018163097(3,18)
(4,17)542857816(5,17)
(4,17)1037222329(4,18)
(5,17)1618880814(6,17)
(5,17)917154826(5,18)
(6,17)954803053(7,17)
(6,17)1292358685(6,18)
(7,17)1687622496(8,17)
(7,17)539107014(7,18)
(8,17)651314470(9,17)
(8,17)1331742707(8,18)
(9,17)1551475801(10,17)
(9,17)743706852(9,18)
(10,17)80665424(11,17)
(10,17)74121369(10,18)
(11,17)1955961799(12,17)
(11,17)1240090082(11,18)
(12,17)159360051(13,17)
(12,17)1613482911(12,18)
(13,17)1140209782(14,17)
(13,17)1336563963(13,18)
(14,17)1292416908(15,17)
(14,17)35565507(14,18)
(15,17)2101629916(16,17)
(15,17)2061350601(15,18)
(16,17)1781333682(16,18)
(0,18)1650391871(1,18)
(0,18)15261827(0,19)
(1,18)2049524029(2,18)
(1,18)1104320222(1,19)
(2,18)1379798776(3,18)
(2,18)1521071320(2,19)
(3,18)2063929136(4,18)
(3,18)939262710(3,19)
(4,18)410659876(5,18)
(4,18)149469954(4,19)
(5,18)1104273008(6,18)
(5,18)1208804173(5,19)
(6,18)748943022(7,18)
(6,18)949766891(6,19)
(7,18)1601081361(8,18)
(7,18)288532067(7,19)
(8,18)1840007868(9,18)
(8,18)1492649874(8,19)
(9,18)1573315298(10,18)
(9,18)1675202730(9,19)
(10,18)1483680881(11,18)
(10,18)932614302(10,19)
(11,18)1091974353(12,18)
(11,18)1039314562(11,19)
(12,18)32040696(13,18)
(12,18)672761196(12,19)
(13,18)1965178104(14,18)
(13,18)1127539860(13,19)
(14,18)1081686128(15,18)
(14,18)2093391297(14,19)
(15,18)2108653124(16,18)
(15,18)1599028138(15,19)
(16,18)584594352(16,19)
(0,19)2010693505(1,19)
(0,19)555864712(0,20)
(1,19)1935663488(2,19)
(1,19)2105665672(1,20)
(2,19)2022111161(3,19)
(2,19)802472568(2,20)
(3,19)1213132444(4,19)
(3,19)2085133443(3,20)
(4,19)1041922803(5,19)
(4,19)1083431686(4,20)
(5,19)1832374708(6,19)
(5,19)15415687(5,20)
(6,19)1616497048(7,19)
(6,19)1330454870(6,20)
(7,19)1022979090(8,19)
(7,19)1177540935(7,20)
(8,19)603372585(9,19)
(8,19)1144216130(8,20)
(9,19)480413363(10,19)
(9,19)1955593392(9,20)
(10,19)900084097(11,19)
(10,19)1642687147(10,20)
(11,19)1674727843(12,19)
(11,19)1153174559(11,20)
(12,19)970869015(13,19)
(12,19)2027623957(12,20)
(13,19)961826438(14,19)
(13,19)1620635492(13,20)
(14,19)1581804968(15,19)
(14,19)422413505(14,20)
(15,19)978278217(16,19)
(15,19)1546420790(15,20)
(16,19)1445014826(16,20)
(0,20)766458058(1,20)
(0,20)1504602814(0,21)
(1,20)1379230327(2,20)
(1,20)100003746(1,21)
(2,20)1313136190(3,20)
(2,20)704107853(2,21)
(3,20)1746030656(4,20)
(3,20)315178366(3,21)
(4,20)69426(5,20)
(4,20)1328551878(4,21)
(5,20)797565278(6,20)
(5,20)929001878(5,21)
(6,20)1951980968(7,20)
(6,20)1177610361(6,21)
(7,20)1780982947(8,20)
(7,20)1941781409(7,21)
(8,20)274711124(9,20)
(8,20)1760090712(8,21)
(9,20)512691161(10,20)
(9,20)1276186446(9,21)
(10,20)803430642(11,20)
(10,20)1427885684(10,21)
(11,20)251271051(12,20)
(11,20)392831470(11,21)
(12,20)1354657908(13,20)
(12,20)276582486(12,21)
(13,20)1858387455(14,20)
(13,20)673684557(13,21)
(14,20)1651962774(15,20)
(14,20)753595050(14,21)
(15,20)110714217(16,20)
(15,20)1155918633(15,21)
(16,20)270937184(16,21)
(0,21)1489944544(1,21)
(0,21)1255922379(0,22)
(1,21)421574921(2,21)
(1,21)975045037(1,22)
(2,21)573592045(3,21)
(2,21)1805122910(2,22)
(3,21)1805192337(4,21)
(3,21)1750126799(3,22)
(4,21)400208430(5,21)
(4,21)1502593923(4,22)
(5,21)1307091243(6,21)
(5,21)835319050(5,22)
(6,21)468818349(7,21)
(6,21)194506191(6,22)
(7,21)469217315(8,21)
(7,21)919698307(7,22)
(8,21)1432389468(9,21)
(8,21)1745004796(8,22)
(9,21)400951790(10,21)
(9,21)1897102999(9,22)
(10,21)890403(11,21)
(10,21)1825220939(10,22)
(11,21)1032395199(12,21)
(11,21)677534276(11,22)
(12,21)388438083(13,21)
(12,21)674574960(12,22)
(13,21)179054086(14,21)
(13,21)1785990250(13,22)
(14,21)1896704467(15,21)
(14,21)1544356716(14,22)
(15,21)652795447(16,21)
(15,21)449991271(15,22)
(16,21)1239165363(16,22)
(0,22)1074370369(1,22)
(0,22)1425036308(0,23)
(1,22)1998628354(2,22)
(1,22)896804626(1,23)
(2,22)554513315(3,22)
(2,22)677013520(2,23)
(3,22)1077221950(4,22)
(3,22)1353738629(3,23)
(4,22)513346225(5,22)
(4,22)1389832365(4,23)
(5,22)1858650715(6,22)
(5,22)1271728141(5,23)
(6,22)1740945457(7,22)
(6,22)1433044532(6,23)
(7,22)717950353(8,22)
(7,22)1456171863(7,23)
(8,22)1857123653(9,22)
(8,22)1490564808(8,23)
(9,22)1491455211(10,22)
(9,22)395687644(9,23)
(10,22)1428082843(11,22)
(10,22)387174281(10,23)
(11,22)775612365(12,22)
(11,22)18546523(11,23)
(12,22)197600610(13,22)
(12,22)1066589445(12,23)
(13,22)815810264(14,22)
(13,22)172485433(13,23)
(14,22)825280881(15,22)
(14,22)647591881(14,23)
(15,22)2072628189(16,22)
(15,22)2054975628(15,23)
(16,22)1899651250(16,23)
(0,23)1923772895(1,23)
(0,23)804296606(0,24)
(1,23)1358809921(2,23)
(1,23)429181122(1,24)
(2,23)1506403073(3,23)
(2,23)1130027877(2,24)
(3,23)1643374102(4,23)
(3,23)601158638(3,24)
(4,23)312325705(5,23)
(4,23)630647566(4,24)
(5,23)224109375(6,23)
(5,23)928934986(5,24)
(6,23)1646885339(7,23)
(6,23)1768497568(6,24)
(7,23)1478137573(8,23)
(7,23)1714674184(7,24)
(8,23)1058645747(9,23)
(8,23)2042572983(8,24)
(9,23)1323172179(10,23)
(9,23)1865311855(9,24)
(10,23)493440572(11,23)
(10,23)1077192271(10,24)
(11,23)1274792881(12,23)
(11,23)242277976(11,24)
(12,23)1058088241(13,23)
(12,23)665926005(12,24)
(13,23)1491206886(14,23)
(13,23)1922384762(13,24)
(14,23)1847529303(15,23)
(14,23)965580221(14,24)
(15,23)1769876827(16,23)
(15,23)1243374488(15,24)
(16,23)1623818551(16,24)
(0,24)981203100(1,24)
(0,24)1672555611(0,25)
(1,24)1031475036(2,24)
(1,24)606362780(1,25)
(2,24)102253234(3,24)
(2,24)1582361738(2,25)
(3,24)1894687444(4,24)
(3,24)1662122602(3,25)
(4,24)1886231978(5,24)
(4,24)1031188220(4,25)
(5,24)530589912(6,24)
(5,24)1515701364(5,25)
(6,24)846355290(7,24)
(6,24)1453422514(6,25)
(7,24)364584613(8,24)
(7,24)425679247(7,25)
(8,24)1748851426(9,24)
(8,24)564183497(8,25)
(9,24)1057624069(10,24)
(9,24)1441776884(9,25)
(10,24)569086117(11,24)
(10,24)1991129403(10,25)
(11,24)901733996(12,24)
(11,24)1723550074(11,25)
(12,24)1067273313(13,24)
(12,24)343987231(12,25)
(13,24)44032887(14,24)
(13,24)1867314217(13,25)
(14,24)1489707396(15,24)
(14,24)163164153(14,25)
(15,24)1835719764(16,24)
(15,24)1667851438(15,25)
(16,24)323426848(16,25)
(0,25)719711152(1,25)
(0,25)126730570(0,26)
(1,25)228983804(2,25)
(1,25)1905788586(1,26)
(2,25)1652992382(3,25)
(2,25)234350107(2,26)
(3,25)2120582085(4,25)
(3,25)1260172024(3,26)
(4,25)1790761936(5,25)
(4,25)1021210099(4,26)
(5,25)1867565389(6,25)
(5,25)1426520951(5,26)
(6,25)1791105564(7,25)
(6,25)68957536(6,26)
(7,25)1817808962(8,25)
(7,25)284265238(7,26)
(8,25)1341889307(9,25)
(8,25)1085398801(8,26)
(9,25)1654484918(10,25)
(9,25)1661454717(9,26)
(10,25)415705065(11,25)
(10,25)917955733(10,26)
(11,25)1985229046(12,25)
(11,25)1998472150(11,26)
(12,25)2042505037(13,25)
(12,25)135535634(12,26)
(13,25)1625243030(14,25)
(13,25)909552(13,26)
(14,25)1836629316(15,25)
(14,25)1562872827(14,26)
(15,25)1689603397(16,25)
(15,25)1948669878(15,26)
(16,25)408856821(16,26)
(0,26)1918587201(1,26)
(0,26)1706974817(0,27)
(1,26)1212483551(2,26)
(1,26)643206928(1,27)
(2,26)616305365(3,26)
(2,26)1031275577(2,27)
(3,26)674553866(4,26)
(3,26)86210002(3,27)
(4,26)1953775391(5,26)
(4,26)2042826316(4,27)
(5,26)1686448232(6,26)
(5,26)743511402(5,27)
(6,26)413836716(7,26)
(6,26)90556981(6,27)
(7,26)1432446288(8,26)
(7,26)624363385(7,27)
(8,26)131364656(9,26)
(8,26)2075291434(8,27)
(9,26)343512851(10,26)
(9,26)202918374(9,27)
(10,26)40663772(11,26)
(10,26)2129836806(10,27)
(11,26)2024858195(12,26)
(11,26)479048486(11,27)
(12,26)2104291516(13,26)
(12,26)41573324(12,27)
(13,26)1878202641(14,26)
(13,26)1440247374(13,27)
(14,26)982367123(15,26)
(14,26)1905477747(14,27)
(15,26)1464968916(16,26)
(15,26)139575814(15,27)
(16,26)753470676(16,27)
(0,27)529968819(1,27)
(0,27)782782742(0,28)
(1,27)1399088107(2,27)
(1,27)1784746253(1,28)
(2,27)311816471(3,27)
(2,27)616178822(2,28)
(3,27)422470565(4,27)
(3,27)1294430775(3,28)
(4,27)833395359(5,27)
(4,27)1055327873(4,28)
(5,27)1469164590(6,27)
(5,27)513027547(5,28)
(6,27)1945473835(7,27)
(6,27)1457758745(6,28)
(7,27)1589123401(8,27)
(7,27)1396972376(7,28)
(8,27)1740485227(9,27)
(8,27)908561(8,28)
(9,27)41572334(10,27)
(9,27)1571476559(9,28)
(10,27)1448851106(11,27)
(10,27)72050065(10,28)
(11,27)28857934(12,27)
(11,27)83145658(11,28)
(12,27)1961348299(13,27)
(12,27)741614832(12,28)
(13,27)1723981955(14,27)
(13,27)1934335681(13,28)
(14,27)1251820949(15,27)
(14,27)2100924113(14,28)
(15,27)736223207(16,27)
(15,27)329968983(15,28)
(16,27)1781789768(16,28)
(0,28)2135311314(1,28)
(0,28)2114715236(0,29)
(1,28)279048060(2,28)
(1,28)250484942(1,29)
(2,28)672955508(3,28)
(2,28)1282258441(2,29)
(3,28)2115653801(4,28)
(3,28)1334375933(3,29)
(4,28)656056875(5,28)
(4,28)1185983055(4,29)
(5,28)983973242(6,28)
(5,28)1425928898(5,29)
(6,28)867568651(7,28)
(6,28)2053029251(6,29)
(7,28)1646030831(8,28)
(7,28)984881804(7,29)
(8,28)1026454138(9,28)
(8,28)291561562(8,29)
(9,28)1740412668(10,28)
(9,28)1718080896(9,29)
(10,28)1746938830(11,28)
(10,28)1109599796(10,29)
(11,28)923464448(12,28)
(11,28)334543852(11,29)
(12,28)2058525807(13,28)
(12,28)1533790863(12,29)
(13,28)638128164(14,28)
(13,28)876904913(13,29)
(14,28)1613128121(15,28)
(14,28)241011142(14,29)
(15,28)208242730(16,28)
(15,28)272434285(15,29)
(16,28)1600955787(16,29)
(0,29)487290790(1,29)
(0,29)522919227(0,30)
(1,29)1195874735(2,29)
(1,29)735730581(1,30)
(2,29)703900734(3,29)
(2,29)1821666724(2,30)
(3,29)330239951(4,29)
(3,29)234374142(3,30)
(4,29)1218347385(5,29)
(4,29)2129829632(4,30)
(5,29)849914635(6,29)
(5,29)235785555(5,30)
(6,29)1881816386(7,29)
(6,29)55745541(6,30)
(7,29)1082199679(8,29)
(7,29)1141476197(7,30)
(8,29)734405217(9,29)
(8,29)1452413634(8,30)
(9,29)1051868817(10,29)
(9,29)44315827(9,30)
(10,29)967780275(11,29)
(10,29)1068949069(10,30)
(11,29)979991228(12,29)
(11,29)438176032(11,30)
(12,29)1076304197(13,29)
(12,29)1844685189(12,30)
(13,29)1310329662(14,29)
(13,29)1221002370(13,30)
(14,29)1429245100(15,29)
(14,29)1348738482(14,30)
(15,29)1871657709(16,29)
(15,29)763801801(15,30)
(16,29)1916535891(16,30)
(0,30)920048797(1,30)
(0,30)1499532382(0,31)
(1,30)55949468(2,30)
(1,30)1590718967(1,31)
(2,30)1920958918(3,30)
(2,30)1154422939(2,31)
(3,30)225286676(4,30)
(3,30)38295452(3,31)
(4,30)888210087(5,30)
(4,30)9260825(4,31)
(5,30)1891077211(6,30)
(5,30)281032217(5,31)
(6,30)1363231896(7,30)
(6,30)2029686284(6,31)
(7,30)616607853(8,30)
(7,30)1196007198(7,31)
(8,30)100392367(9,30)
(8,30)1407547724(8,31)
(9,30)227844351(10,30)
(9,30)1685556922(9,31)
(10,30)518064502(11,30)
(10,30)538568399(10,31)
(11,30)1614872596(12,30)
(11,30)2072529540(11,31)
(12,30)1235375554(13,30)
(12,30)1739066872(12,31)
(13,30)1020828325(14,30)
(13,30)816127430(13,31)
(14,30)540301492(15,30)
(14,30)1999177356(14,31)
(15,30)1351226090(16,30)
(15,30)789880568(15,31)
(16,30)1460350289(16,31)
(0,31)1407175559(1,31)
(0,31)233115887(0,32)
(1,31)6591157(2,31)
(1,31)467289580(1,32)
(2,31)692576257(3,31)
(2,31)1445471011(2,32)
(3,31)186197451(4,31)
(3,31)15851983(3,32)
(4,31)1906929194(5,31)
(4,31)973608474(4,32)
(5,31)189356723(6,31)
(5,31)68400087(5,32)
(6,31)685007941(7,31)
(6,31)955452744(6,32)
(7,31)1055845111(8,31)
(7,31)1596904447(7,32)
(8,31)1824748798(9,31)
(8,31)223081215(8,32)
(9,31)741145718(10,31)
(9,31)1594413511(9,32)
(10,31)1061802459(11,31)
(10,31)1749794691(10,32)
(11,31)837686597(12,31)
(11,31)332728942(11,32)
(12,31)1353557267(13,31)
(12,31)1877929890(12,32)
(13,31)270747734(14,31)
(13,31)689380305(13,32)
(14,31)2040606396(15,31)
(14,31)2143437835(14,32)
(15,31)229070074(16,31)
(15,31)1731098023(15,32)
(16,31)1300298307(16,32)
(0,32)235661232(1,32)
(0,32)50903955(0,33)
(1,32)743480212(2,32)
(1,32)598285670(1,33)
(2,32)784483121(3,32)
(2,32)251513215(2,33)
(3,32)10958761(4,32)
(3,32)1717088687(3,33)
(4,32)1906445410(5,32)
(4,32)852883209(4,33)
(5,32)1537891150(6,32)
(5,32)966411506(5,33)
(6,32)2022256617(7,32)
(6,32)1355866209(6,33)
(7,32)1033131359(8,32)
(7,32)1760972365(7,33)
(8,32)354634435(9,32)
(8,32)1469186480(8,33)
(9,32)383505292(10,32)
(9,32)635442402(9,33)
(10,32)1473129000(11,32)
(10,32)687363378(10,33)
(11,32)2040920645(12,32)
(11,32)113951534(11,33)
(12,32)384699268(13,32)
(12,32)15025657(12,33)
(13,32)2055632053(14,32)
(13,32)2036874833(13,33)
(14,32)118461259(15,32)
(14,32)2115797291(14,33)
(15,32)19217598(16,32)
(15,32)1208446712(15,33)
(16,32)354122491(16,33)
(0,33)762697811(1,33)
(0,33)1806732383(0,34)
(1,33)443731856(2,33)
(1,33)605635706(1,34)
(2,33)616594468(3,33)
(2,33)332302850(2,34)
(3,33)91264612(4,33)
(3,33)1296615065(3,34)
(4,33)687022567(5,33)
(4,33)1583005974(4,34)
(5,33)1457778943(6,33)
(5,33)1447130821(5,34)
(6,33)332778532(7,33)
(6,33)300511285(6,34)
(7,33)655145720(8,33)
(7,33)779481776(7,34)
(8,33)1162987068(9,33)
(8,33)968220935(8,34)
(9,33)293866287(10,33)
(9,33)1342509098(9,34)
(10,33)1235946096(11,33)
(10,33)1276938602(10,34)
(11,33)1661637870(12,33)
(11,33)308891944(11,34)
(12,33)217040350(13,33)
(12,33)1125337281(12,34)
(13,33)1243798540(14,33)
(13,33)1629951513(13,34)
(14,33)1649169111(15,33)
(14,33)1425487062(14,34)
(15,33)1084735797(16,33)
(15,33)1597921032(15,34)
(16,33)264383274(16,34)
(0,34)1528467654(1,34)
(0,34)56073090(0,35)
(1,34)672667558(2,34)
(1,34)596686124(1,35)
(2,34)687950736(3,34)
(2,34)677599071(2,35)
(3,34)1364621639(4,34)
(3,34)108189884(3,35)
(4,34)1565968828(5,34)
(4,34)2135081557(4,35)
(5,34)320376442(6,34)
(5,34)1665132924(5,35)
(6,34)172794996(7,34)
(6,34)197966956(6,35)
(7,34)1360954024(8,34)
(7,34)1288597377(7,35)
(8,34)1582463664(9,34)
(8,34)1515304095(8,35)
(9,34)603766543(10,34)
(9,34)490408978(9,35)
(10,34)4563200(11,34)
(10,34)1891355608(10,35)
(11,34)2108395958(12,34)
(11,34)1729103824(11,35)
(12,34)825418716(13,34)
(12,34)1634514713(12,35)
(13,34)1136200176(14,34)
(13,34)1386399373(13,35)
(14,34)323651522(15,34)
(14,34)275856100(14,35)
(15,34)331929191(16,34)
(15,34)1400583451(15,35)
(16,34)1852119176(16,35)
(0,35)1004596749(1,35)
(0,35)1997269575(0,36)
(1,35)537736664(2,35)
(1,35)382234600(1,36)
(2,35)1746856239(3,35)
(2,35)1112786634(2,36)
(3,35)531271814(4,35)
(3,35)525334573(3,36)
(4,35)845711015(5,35)
(4,35)1264505515(4,36)
(5,35)1437300511(6,35)
(5,35)729238770(5,36)
(6,35)2090192794(7,35)
(6,35)2134308392(6,36)
(7,35)1569288408(8,35)
(7,35)805120958(7,36)
(8,35)1408887501(9,35)
(8,35)433118124(8,36)
(9,35)437681324(10,35)
(9,35)1313160369(9,36)
(10,35)1274072679(11,35)
(10,35)990507677(10,36)
(11,35)1815926394(12,35)
(11,35)2072196037(11,36)
(12,35)1060912565(13,35)
(12,35)512988404(12,36)
(13,35)836639927(14,35)
(13,35)2091782494(13,36)
(14,35)276228037(15,35)
(14,35)314012368(14,36)
(15,35)163798296(16,35)
(15,35)541275455(15,36)
(16,35)1280824787(16,36)
(0,36)701534960(1,36)
(0,36)923510055(0,37)
(1,36)522882646(2,36)
(1,36)246127773(1,37)
(2,36)777399587(3,36)
(2,36)1226869533(2,37)
(3,36)2072580549(4,36)
(3,36)1787388161(3,37)
(4,36)1077205025(5,36)
(4,36)1506638357(4,37)
(5,36)1449347503(6,36)
(5,36)2059405293(5,37)
(6,36)1481210054(7,36)
(6,36)1882325983(6,37)
(7,36)1143729837(8,36)
(7,36)1882465627(7,37)
(8,36)172663303(9,36)
(8,36)646886775(8,37)
(9,36)1920959454(10,36)
(9,36)2134237514(9,37)
(10,36)1802680260(11,36)
(10,36)97375692(10,37)
(11,36)1158288257(12,36)
(11,36)286464211(11,37)
(12,36)1123104138(13,36)
(12,36)1746979107(12,37)
(13,36)2023207144(14,36)
(13,36)1472300626(13,37)
(14,36)1636098922(15,36)
(14,36)1664379593(14,37)
(15,36)440406001(16,36)
(15,36)1156548283(15,37)
(16,36)190150234(16,37)
(0,37)963288647(1,37)
(0,37)1402676056(0,38)
(1,37)32591995(2,37)
(1,37)1417019767(1,38)
(2,37)1342116668(3,37)
(2,37)603193161(2,38)
(3,37)1680398186(4,37)
(3,37)1539230352(3,38)
(4,37)841094207(5,37)
(4,37)1254038314(4,38)
(5,37)587764720(6,37)
(5,37)1415240521(5,38)
(6,37)411486710(7,37)
(6,37)576076186(6,38)
(7,37)748739489(8,37)
(7,37)1234651495(7,38)
(8,37)1008127301(9,37)
(8,37)398240577(8,38)
(9,37)53437189(10,37)
(9,37)846115181(9,38)
(10,37)2004403439(11,37)
(10,37)1294591512(10,38)
(11,37)270212002(12,37)
(11,37)1800416296(11,38)
(12,37)1676139793(13,37)
(12,37)1329220417(12,38)
(13,37)817835691(14,37)
(13,37)1934591596(13,38)
(14,37)227513949(15,37)
(14,37)685204428(14,38)
(15,37)2087880485(16,37)
(15,37)1007985925(15,38)
(16,37)1190802596(16,38)
(0,38)2120472480(1,38)
(0,38)277522044(0,39)
(1,38)1619638713(2,38)
(1,38)1793995757(1,39)
(2,38)1326910295(3,38)
(2,38)1512219185(2,39)
(3,38)205829744(4,38)
(3,38)726193379(3,39)
(4,38)1313958099(5,38)
(4,38)594667169(4,39)
(5,38)1006153879(6,38)
(5,38)781905931(5,39)
(6,38)1530645420(7,38)
(6,38)401125946(6,39)
(7,38)1409253247(8,38)
(7,38)1404394456(7,39)
(8,38)1457831646(9,38)
(8,38)229276954(8,39)
(9,38)86196745(10,38)
(9,38)556361112(9,39)
(10,38)826573114(11,38)
(10,38)1110764294(10,39)
(11,38)639420439(12,38)
(11,38)1415417162(11,39)
(12,38)85769205(13,38)
(12,38)613681062(12,39)
(13,38)841195011(14,38)
(13,38)1324624868(13,39)
(14,38)1265021705(15,38)
(14,38)1093755130(14,39)
(15,38)1371277174(16,38)
(15,38)2031997608(15,39)
(16,38)1238010537(16,39)
(0,39)843432239(1,39)
(0,39)1678509717(0,40)
(1,39)857936365(2,39)
(1,39)602746074(1,40)
(2,39)808575819(3,39)
(2,39)1569625618(2,40)
(3,39)736100069(4,39)
(3,39)1452603534(3,40)
(4,39)311273765(5,39)
(4,39)1590481750(4,40)
(5,39)973643522(6,39)
(5,39)1137226015(5,40)
(6,39)398995615(7,39)
(6,39)1715668222(6,40)
(7,39)1026016220(8,39)
(7,39)1202920476(7,40)
(8,39)1289117221(9,39)
(8,39)955356727(8,40)
(9,39)1781929841(10,39)
(9,39)2136780514(9,40)
(10,39)628717306(11,39)
(10,39)557050735(10,40)
(11,39)642819940(12,39)
(11,39)248127256(11,40)
(12,39)1089322267(13,39)
(12,39)1953342174(12,40)
(13,39)1070880231(14,39)
(13,39)1736575070(13,40)
(14,39)960368597(15,39)
(14,39)973836227(14,40)
(15,39)504862297(16,39)
(15,39)161407120(15,40)
(16,39)1803800836(16,40)
(0,40)1362798662(1,40)
(0,40)764153195(0,41)
(1,40)1572729014(2,40)
(1,40)1225942807(1,41)
(2,40)1962042876(3,40)
(2,40)667918548(2,41)
(3,40)979192313(4,40)
(3,40)1015727116(3,41)
(4,40)1989370638(5,40)
(4,40)951785244(4,41)
(5,40)1350780859(6,40)
(5,40)547376887(5,41)
(6,40)1573393107(7,40)
(6,40)1044807467(6,41)
(7,40)186441040(8,40)
(7,40)158653938(7,41)
(8,40)1940583779(9,40)
(8,40)1562689974(8,41)
(9,40)43923632(10,40)
(9,40)743491776(9,41)
(10,40)1386311716(11,40)
(10,40)41227387(10,41)
(11,40)1130549655(12,40)
(11,40)1997265806(11,41)
(12,40)920662389(13,40)
(12,40)975403139(12,41)
(13,40)1935771736(14,40)
(13,40)2104385882(13,41)
(14,40)461764531(15,40)
(14,40)1082069509(14,41)
(15,40)1846222704(16,40)
(15,40)1592088924(15,41)
(16,40)1824563193(16,41)
(0,41)1271468070(1,41)
(0,41)670548083(0,42)
(1,41)485107312(2,41)
(1,41)344998093(1,42)
(2,41)1324190407(3,41)
(2,41)139711538(2,42)
(3,41)2129082177(4,41)
(3,41)1436892556(3,42)
(4,41)640189767(5,41)
(4,41)1871567294(4,42)
(5,41)1297476754(6,41)
(5,41)1026405996(5,42)
(6,41)1212847036(7,41)
(6,41)798843705(6,42)
(7,41)591943836(8,41)
(7,41)712683080(7,42)
(8,41)756606712(9,41)
(8,41)1956338812(8,42)
(9,41)1195166881(10,41)
(9,41)633171224(9,42)
(10,41)1763720879(11,41)
(10,41)606388870(10,42)
(11,41)1527051259(12,41)
(11,41)23086372(11,42)
(12,41)1958858108(13,41)
(12,41)1720623113(12,42)
(13,41)34903997(14,41)
(13,41)461637120(13,42)
(14,41)160376177(15,41)
(14,41)1403463384(14,42)
(15,41)2074011468(16,41)
(15,41)1859467190(15,42)
(16,41)1431844247(16,42)
(0,42)411635132(1,42)
(0,42)56981636(0,43)
(1,42)1381172043(2,42)
(1,42)1571555786(1,43)
(2,42)1553154315(3,42)
(2,42)1848527688(2,43)
(3,42)341233807(4,42)
(3,42)1105255689(3,43)
(4,42)255248795(5,42)
(4,42)432076663(4,43)
(5,42)1644923699(6,42)
(5,42)1140077512(5,43)
(6,42)1732021348(7,42)
(6,42)967931875(6,43)
(7,42)1724538587(8,42)
(7,42)1453778864(7,43)
(8,42)501462097(9,42)
(8,42)217708924(8,43)
(9,42)1981429803(10,42)
(9,42)183443809(9,43)
(10,42)1710495068(11,42)
(10,42)524548469(10,43)
(11,42)335922929(12,42)
(11,42)1554569269(11,43)
(12,42)1589473266(13,42)
(12,42)24648541(12,43)
(13,42)185024718(14,42)
(13,42)1739386313(13,43)
(14,42)1665914133(15,42)
(14,42)1301456808(14,43)
(15,42)1358438444(16,42)
(15,42)1616868965(15,43)
(16,42)2077549265(16,43)
(0,43)592126839(1,43)
(0,43)1040941103(0,44)
(1,43)446611770(2,43)
(1,43)1778593305(1,44)
(2,43)2119827112(3,43)
(2,43)1697382529(2,44)
(3,43)1952631324(4,43)
(3,43)878688433(3,44)
(4,43)376128485(5,43)
(4,43)1112420976(4,44)
(5,43)696958677(6,43)
(5,43)773079552(5,44)
(6,43)350134491(7,43)
(6,43)1829907349(6,44)
(7,43)183885798(8,43)
(7,43)914667601(7,44)
(8,43)748613757(9,43)
(8,43)533578301(8,44)
(9,43)96589721(10,43)
(9,43)708434267(9,44)
(10,43)1044357196(11,43)
(10,43)155699378(10,44)
(11,43)1745172644(12,43)
(11,43)121238262(11,44)
(12,43)306262980(13,43)
(12,43)636259861(12,44)
(13,43)154690347(14,43)
(13,43)899145804(13,44)
(14,43)110100601(15,43)
(14,43)1923131946(14,44)
(15,43)816589401(16,43)
(15,43)84755964(15,44)
(16,43)702227440(16,44)
(0,44)1263201172(1,44)
(0,44)1863349270(0,45)
(1,44)1835692734(2,44)
(1,44)252126321(1,45)
(2,44)57273998(3,44)
(2,44)2141889605(2,45)
(3,44)370534442(4,44)
(3,44)800630063(3,45)
(4,44)1497588740(5,44)
(4,44)830353550(4,45)
(5,44)1180488041(6,44)
(5,44)52958143(5,45)
(6,44)236843941(7,44)
(6,44)264772693(6,45)
(7,44)1013386450(8,44)
(7,44)1714066342(7,45)
(8,44)1810656064(9,44)
(8,44)945278208(8,45)
(9,44)1989635404(10,44)
(9,44)1169085828(9,45)
(10,44)766774824(11,44)
(10,44)1931894326(10,45)
(11,44)90673659(12,44)
(11,44)478411618(11,45)
(12,44)633101965(13,44)
(12,44)1665920629(12,45)
(13,44)1776021230(14,44)
(13,44)2013805605(13,45)
(14,44)682911358(15,44)
(14,44)717857929(14,45)
(15,44)433723551(16,44)
(15,44)330765022(15,45)
(16,44)1946112530(16,45)
(0,45)121932638(1,45)
(0,45)582891344(0,46)
(1,45)640165342(2,45)
(1,45)1940518488(1,46)
(2,45)163569282(3,45)
(2,45)922562701(2,46)
(3,45)272667793(4,45)
(3,45)1470518892(3,46)
(4,45)503523285(5,45)
(4,45)216527426(4,46)
(5,45)453371367(6,45)
(5,45)537440486(5,46)
(6,45)1550826937(7,45)
(6,45)70105980(6,46)
(7,45)1880762044(8,45)
(7,45)1398649576(7,46)
(8,45)1240801332(9,45)
(8,45)572429117(8,46)
(9,45)1339203942(10,45)
(9,45)1665172722(9,46)
(10,45)1755846381(11,45)
(10,45)1719212950(10,46)
(11,45)204831267(12,45)
(11,45)857640923(11,46)
(12,45)486178505(13,45)
(12,45)1622168338(12,46)
(13,45)157596049(14,45)
(13,45)922689197(13,46)
(14,45)1356412748(15,45)
(14,45)816943527(14,46)
(15,45)1399834871(16,45)
(15,45)2103708579(15,46)
(16,45)1478345386(16,46)
(0,46)2040000213(1,46)
(0,46)1896743419(0,47)
(1,46)2060312702(2,46)
(1,46)253424439(1,47)
(2,46)526092232(3,46)
(2,46)1363035457(2,47)
(3,46)1866558743(4,46)
(3,46)129356480(3,47)
(4,46)582727847(5,46)
(4,46)1063532719(4,47)
(5,46)466876008(6,46)
(5,46)1936664723(5,47)
(6,46)1669943119(7,46)
(6,46)1981377423(6,47)
(7,46)1074695108(8,46)
(7,46)1039305125(7,47)
(8,46)231025419(9,46)
(8,46)1187632193(8,47)
(9,46)795994927(10,46)
(9,46)646424410(9,47)
(10,46)851255678(11,46)
(10,46)1088666342(10,47)
(11,46)1574844847(12,46)
(11,46)270679617(11,47)
(12,46)428275666(13,46)
(12,46)1773944875(12,47)
(13,46)982873975(14,46)
(13,46)244304727(13,47)
(14,46)1644139598(15,46)
(14,46)384500598(14,47)
(15,46)133760369(16,46)
(15,46)313735714(15,47)
(16,46)1536656164(16,47)
(0,47)46589423(1,47)
(0,47)567160153(0,48)
(1,47)1093252386(2,47)
(1,47)752207973(1,48)
(2,47)471283068(3,47)
(2,47)175945903(2,48)
(3,47)758673751(4,47)
(3,47)9301457(3,48)
(4,47)476177465(5,47)
(4,47)260464143(4,48)
(5,47)1930407262(6,47)
(5,47)592567526(5,48)
(6,47)1667262634(7,47)
(6,47)1515482590(6,48)
(7,47)1746508010(8,47)
(7,47)970555808(7,48)
(8,47)1766550735(9,47)
(8,47)166203397(8,48)
(9,47)1017459075(10,47)
(9,47)687690704(9,48)
(10,47)115051904(11,47)
(10,47)2037230352(10,48)
(11,47)318022371(12,47)
(11,47)643920302(11,48)
(12,47)1626794277(13,47)
(12,47)359356631(12,48)
(13,47)2003496229(14,47)
(13,47)702522969(13,48)
(14,47)836283338(15,47)
(14,47)1940529991(14,48)
(15,47)360206497(16,47)
(15,47)1392668745(15,48)
(16,47)882872762(16,48)
(0,48)1453458883(1,48)
(0,48)2144876719(0,49)
(1,48)468676139(2,48)
(1,48)1058818665(1,49)
(2,48)1817492416(3,48)
(2,48)1462760340(2,49)
(3,48)1938937805(4,48)
(3,48)729140283(3,49)
(4,48)512063897(5,48)
(4,48)262576295(4,49)
(5,48)1929838929(6,48)
(5,48)1306936747(5,49)
(6,48)905961109(7,48)
(6,48)1482619705(6,49)
(7,48)1101686792(8,48)
(7,48)2096042326(7,49)
(8,48)966017753(9,48)
(8,48)1593651814(8,49)
(9,48)1708703718(10,48)
(9,48)991433497(9,49)
(10,48)1309455868(11,48)
(10,48)1609938055(10,49)
(11,48)1089248685(12,48)
(11,48)2068060349(11,49)
(12,48)1924072930(13,48)
(12,48)2011978837(12,49)
(13,48)700778527(14,48)
(13,48)882295028(13,49)
(14,48)1242501525(15,48)
(14,48)1169258028(14,49)
(15,48)1166651099(16,48)
(15,48)1583651289(15,49)
(16,48)548476760(16,49)
(0,49)494986307(1,49)
(1,49)1635327238(2,49)
(2,49)2011237100(3,49)
(3,49)164995075(4,49)
(4,49)216983873(5,49)
(5,49)1802691257(6,49)
(6,49)427571370(7,49)
(7,49)729047771(8,49)
(8,49)962144357(9,49)
(9,49)209926652(10,49)
(10,49)64183828(11,49)
(11,49)1868105466(12,49)
(12,49)158485330(13,49)
(13,49)1165870621(14,49)
(14,49)1314273632(15,49)
(15,49)1124503084(16,49)
