100 10
(0,0)1177220057(0,1)
(1,0)542653442(2,0)
(1,0)708351959(1,1)
(3,0)615503814(3,1)
(4,0)270741611(4,1)
(5,0)309577175(5,1)
(6,0)152526327(7,0)
(7,0)183158772(8,0)
(7,0)1296856901(7,1)
(8,0)1053250594(9,0)
(9,0)227783239(10,0)
(10,0)585373693(11,0)
(10,0)789163735(10,1)
(11,0)1311039006(12,0)
(12,0)273044490(13,0)
(12,0)489461291(12,1)
(14,0)937134762(15,0)
(15,0)211600364(16,0)
(15,0)414325353(15,1)
(16,0)1122677312(17,0)
(16,0)876777740(16,1)
(17,0)754253806(17,1)
(18,0)591131690(18,1)
(19,0)861873301(20,0)
(19,0)989676093(19,1)
(20,0)1299253268(21,0)
(21,0)1356415976(22,0)
(21,0)66744796(21,1)
(23,0)768063491(24,0)
(24,0)269368643(24,1)
(25,0)995846731(25,1)
(26,0)264012068(27,0)
(27,0)1(28,0)
(27,0)1(27,1)
(28,0)1509358269(29,0)
(28,0)1(28,1)
(30,0)299009383(30,1)
(31,0)1175787124(32,0)
(32,0)537291035(33,0)
(32,0)1089491344(32,1)
(33,0)1680623034(34,0)
(33,0)716165331(33,1)
(35,0)395012687(35,1)
(36,0)461757483(37,0)
(36,0)857611045(36,1)
(37,0)161906993(38,0)
(38,0)487883151(39,0)
(39,0)929970484(39,1)
(40,0)1925817215(41,0)
(41,0)1005776553(41,1)
(42,0)42345636(42,1)
(43,0)579402194(44,0)
(43,0)83804503(43,1)
(44,0)589738910(44,1)
(45,0)888748294(46,0)
(45,0)150839059(45,1)
(47,0)692598556(48,0)
(48,0)633217101(49,0)
(48,0)471167323(48,1)
(49,0)230732331(50,0)
(49,0)225737942(49,1)
(50,0)620750629(51,0)
(50,0)191574878(50,1)
(51,0)1049185923(52,0)
(52,0)1065900454(53,0)
(53,0)760383644(54,0)
(55,0)1353570981(56,0)
(55,0)707627819(55,1)
(57,0)1050636274(57,1)
(58,0)1134440777(59,0)
(58,0)793785013(58,1)
(59,0)393661150(59,1)
(60,0)544500210(61,0)
(60,0)770733958(60,1)
(61,0)373841171(62,0)
(61,0)124788570(61,1)
(62,0)41840340(63,0)
(62,0)478376498(62,1)
(64,0)675057441(64,1)
(65,0)1(66,0)
(65,0)1(65,1)
(66,0)1(67,0)
(67,0)1(68,0)
(68,0)979427510(69,0)
(68,0)1(68,1)
(70,0)168480580(71,0)
(70,0)973007263(70,1)
(71,0)744920583(72,0)
(71,0)828672302(71,1)
(73,0)528186318(74,0)
(73,0)559179539(73,1)
(74,0)952840689(75,0)
(74,0)866265706(74,1)
(76,0)1497340899(76,1)
(77,0)1975717398(78,0)
(78,0)929796915(79,0)
(79,0)605912945(80,0)
(80,0)74490937(80,1)
(81,0)1472545265(81,1)
(82,0)960954634(82,1)
(83,0)1029755998(84,0)
(83,0)687888353(83,1)
(84,0)148741113(85,0)
(84,0)72823722(84,1)
(85,0)1045830985(86,0)
(85,0)504857320(85,1)
(86,0)317221693(86,1)
(87,0)51622998(88,0)
(88,0)202447459(89,0)
(89,0)579809316(89,1)
(90,0)344035910(91,0)
(90,0)1155288148(90,1)
(91,0)505145400(92,0)
(92,0)233051074(92,1)
(93,0)163906578(94,0)
(93,0)333379150(93,1)
(94,0)66806730(94,1)
(95,0)141297668(96,0)
(95,0)769819523(95,1)
(96,0)94881140(97,0)
(98,0)669121610(99,0)
(98,0)1335761000(98,1)
(99,0)764953784(99,1)
(0,1)817862723(1,1)
(1,1)306932059(2,1)
(2,1)455857078(3,1)
(2,1)1135084417(2,2)
(3,1)1186707415(4,1)
(4,1)152647438(5,1)
(5,1)1305348240(6,1)
(7,1)579000867(7,2)
(8,1)196120067(8,2)
(9,1)360026645(10,1)
(10,1)1110133210(11,1)
(11,1)1129846168(11,2)
(12,1)1224727309(13,1)
(14,1)574469947(15,1)
(14,1)413004661(14,2)
(15,1)384527931(15,2)
(17,1)379933440(18,1)
(20,1)1185673938(21,1)
(20,1)83885211(20,2)
(21,1)641788687(21,2)
(22,1)1148742931(22,2)
(23,1)1057418136(23,2)
(24,1)936800236(24,2)
(25,1)719617649(26,1)
(26,1)1(27,1)
(26,1)1(26,2)
(27,1)643732729(27,2)
(28,1)1(29,1)
(29,1)1(30,1)
(30,1)1(30,2)
(31,1)368400037(32,1)
(33,1)748333477(33,2)
(34,1)167490684(35,1)
(35,1)861014574(35,2)
(37,1)354423905(38,1)
(38,1)149522284(39,1)
(38,1)576109168(38,2)
(40,1)1205916908(40,2)
(41,1)1224961095(42,1)
(41,1)85043406(41,2)
(42,1)728776135(43,1)
(43,1)1128381644(43,2)
(44,1)651376339(45,1)
(45,1)253924569(46,1)
(46,1)558898966(46,2)
(47,1)622324606(47,2)
(50,1)211382033(51,1)
(51,1)743829743(52,1)
(51,1)1181840393(51,2)
(52,1)273944541(53,1)
(53,1)142810815(54,1)
(54,1)650056904(55,1)
(54,1)423466825(54,2)
(55,1)1629383733(56,1)
(57,1)706861181(57,2)
(58,1)322056114(58,2)
(60,1)339135516(60,2)
(62,1)1(63,1)
(62,1)1(62,2)
(63,1)1(64,1)
(64,1)1(65,1)
(65,1)1090002048(66,1)
(66,1)383828222(67,1)
(66,1)433060953(66,2)
(68,1)1(69,1)
(68,1)657772763(68,2)
(69,1)1(69,2)
(71,1)1193924850(72,1)
(71,1)563139673(71,2)
(73,1)749652419(73,2)
(75,1)1166059397(75,2)
(76,1)872413635(77,1)
(76,1)868963405(76,2)
(77,1)1461653528(78,1)
(77,1)47446382(77,2)
(78,1)918757844(79,1)
(78,1)1201092479(78,2)
(79,1)752945759(80,1)
(80,1)679039440(81,1)
(80,1)1140436765(80,2)
(82,1)1062867662(82,2)
(84,1)166414095(84,2)
(85,1)654396365(85,2)
(87,1)610733690(88,1)
(87,1)647513993(87,2)
(88,1)340053245(88,2)
(89,1)176879771(89,2)
(91,1)447225176(91,2)
(92,1)494671559(93,1)
(92,1)67869156(92,2)
(94,1)776204887(95,1)
(95,1)406382520(96,1)
(97,1)370628341(98,1)
(98,1)1099183856(98,2)
(0,2)974006997(1,2)
(0,2)1265597951(0,3)
(1,2)719187094(2,2)
(1,2)598181483(1,3)
(2,2)193167072(2,3)
(3,2)803900763(4,2)
(4,2)616383852(5,2)
(4,2)8287118(4,3)
(5,2)1306100395(6,2)
(6,2)176236055(7,2)
(8,2)100513482(9,2)
(8,2)244105211(8,3)
(9,2)1513066846(10,2)
(12,2)957378498(13,2)
(12,2)1247989728(12,3)
(15,2)1174676658(16,2)
(16,2)13101022(17,2)
(17,2)30585681(18,2)
(18,2)1113081192(19,2)
(19,2)834486444(19,3)
(21,2)995722409(21,3)
(22,2)601564333(23,2)
(23,2)88124597(24,2)
(24,2)1(25,2)
(24,2)1(24,3)
(25,2)1(26,2)
(27,2)1236531771(28,2)
(29,2)707666192(29,3)
(30,2)1(31,2)
(30,2)457512421(30,3)
(31,2)1(32,2)
(31,2)734848603(31,3)
(32,2)1(32,3)
(33,2)325516710(33,3)
(34,2)1160003154(35,2)
(35,2)1176291297(36,2)
(36,2)502366074(37,2)
(36,2)827786485(36,3)
(37,2)671805871(38,2)
(37,2)490676537(37,3)
(38,2)1669932663(39,2)
(38,2)1103930407(38,3)
(39,2)759930468(39,3)
(40,2)213638264(41,2)
(42,2)1054836653(42,3)
(43,2)705929891(44,2)
(43,2)943319470(43,3)
(45,2)266101836(45,3)
(46,2)1000950439(47,2)
(48,2)93017763(49,2)
(49,2)929005399(50,2)
(50,2)1232923464(51,2)
(52,2)448489585(53,2)
(53,2)691736298(54,2)
(53,2)605129625(53,3)
(55,2)350260873(55,3)
(56,2)77322502(57,2)
(57,2)486051363(58,2)
(58,2)339291426(59,2)
(59,2)808304192(60,2)
(61,2)280874215(61,3)
(62,2)48375268(63,2)
(62,2)1(62,3)
(64,2)141393031(64,3)
(65,2)575250781(65,3)
(66,2)533063829(67,2)
(66,2)42375304(66,3)
(68,2)981553414(68,3)
(69,2)1(70,2)
(69,2)321917493(69,3)
(70,2)1(71,2)
(70,2)1150443774(70,3)
(71,2)1(72,2)
(71,2)641676271(71,3)
(72,2)1(73,2)
(72,2)749500869(72,3)
(73,2)1(74,2)
(74,2)112207455(75,2)
(74,2)1(74,3)
(75,2)219733094(76,2)
(78,2)1066753617(79,2)
(81,2)921140819(81,3)
(82,2)101394874(83,2)
(82,2)488916774(82,3)
(85,2)275478554(85,3)
(86,2)917154826(87,2)
(86,2)542857816(86,3)
(88,2)539107014(89,2)
(88,2)954803053(88,3)
(90,2)743706852(91,2)
(90,2)651314470(90,3)
(91,2)74121369(92,2)
(92,2)1240090082(93,2)
(92,2)80665424(92,3)
(94,2)1336563963(95,2)
(94,2)159360051(94,3)
(95,2)35565507(96,2)
(95,2)1140209782(95,3)
(97,2)1781333682(98,2)
(98,2)15261827(98,3)
(99,2)1104320222(99,3)
(1,3)1379798776(1,4)
(2,3)149469954(3,3)
(3,3)410659876(3,4)
(4,3)949766891(5,3)
(5,3)288532067(6,3)
(5,3)748943022(5,4)
(6,3)1492649874(7,3)
(8,3)932614302(9,3)
(9,3)1039314562(10,3)
(10,3)672761196(11,3)
(11,3)1127539860(12,3)
(11,3)32040696(11,4)
(13,3)1081686128(13,4)
(14,3)584594352(15,3)
(15,3)555864712(15,4)
(16,3)1935663488(17,3)
(17,3)802472568(17,4)
(18,3)1213132444(19,3)
(19,3)1(20,3)
(19,3)1(19,4)
(20,3)1(20,4)
(21,3)1330454870(21,4)
(22,3)1022979090(23,3)
(23,3)1(24,3)
(23,3)1(23,4)
(24,3)480413363(25,3)
(25,3)900084097(26,3)
(26,3)1153174559(26,4)
(27,3)970869015(28,3)
(28,3)961826438(29,3)
(29,3)422413505(29,4)
(31,3)1445014826(31,4)
(32,3)100003746(33,3)
(32,3)1(32,4)
(33,3)704107853(34,3)
(34,3)315178366(35,3)
(36,3)69426(36,4)
(37,3)797565278(37,4)
(40,3)274711124(40,4)
(41,3)512691161(41,4)
(42,3)392831470(43,3)
(43,3)276582486(44,3)
(43,3)251271051(43,4)
(44,3)673684557(45,3)
(44,3)1354657908(44,4)
(45,3)753595050(46,3)
(47,3)270937184(48,3)
(47,3)110714217(47,4)
(49,3)421574921(50,3)
(49,3)975045037(49,4)
(50,3)573592045(51,3)
(52,3)400208430(53,3)
(53,3)1307091243(54,3)
(53,3)835319050(53,4)
(54,3)468818349(55,3)
(54,3)194506191(54,4)
(55,3)469217315(56,3)
(55,3)919698307(55,4)
(57,3)400951790(58,3)
(58,3)890403(59,3)
(59,3)677534276(59,4)
(60,3)1(61,3)
(60,3)1(60,4)
(61,3)1(62,3)
(63,3)652795447(64,3)
(63,3)449991271(63,4)
(64,3)1239165363(64,4)
(65,3)896804626(66,3)
(66,3)677013520(67,3)
(67,3)554513315(67,4)
(69,3)513346225(69,4)
(72,3)717950353(72,4)
(73,3)395687644(74,3)
(74,3)1(75,3)
(75,3)1(76,3)
(76,3)1(77,3)
(76,3)775612365(76,4)
(77,3)1(78,3)
(77,3)197600610(77,4)
(78,3)1(79,3)
(79,3)1(79,4)
(80,3)1899651250(81,3)
(81,3)804296606(81,4)
(82,3)429181122(82,4)
(83,3)1130027877(83,4)
(84,3)601158638(84,4)
(85,3)312325705(86,3)
(85,3)630647566(85,4)
(86,3)224109375(87,3)
(89,3)1058645747(90,3)
(91,3)493440572(92,3)
(92,3)242277976(92,4)
(93,3)1058088241(94,3)
(93,3)665926005(93,4)
(95,3)965580221(95,4)
(96,3)1243374488(96,4)
(97,3)1623818551(97,4)
(98,3)606362780(99,3)
(98,3)981203100(98,4)
(0,4)102253234(1,4)
(2,4)1031188220(2,5)
(3,4)530589912(4,4)
(4,4)846355290(5,4)
(5,4)364584613(6,4)
(5,4)425679247(5,5)
(6,4)564183497(6,5)
(7,4)1057624069(8,4)
(8,4)569086117(9,4)
(9,4)901733996(10,4)
(10,4)1067273313(11,4)
(10,4)343987231(10,5)
(11,4)44032887(12,4)
(12,4)1489707396(13,4)
(12,4)163164153(12,5)
(14,4)126730570(15,4)
(14,4)323426848(14,5)
(15,4)719711152(15,5)
(16,4)1(17,4)
(16,4)1(16,5)
(17,4)1(18,4)
(18,4)1(19,4)
(20,4)1(21,4)
(21,4)1(22,4)
(22,4)1(23,4)
(24,4)917955733(25,4)
(25,4)415705065(25,5)
(26,4)135535634(27,4)
(27,4)909552(28,4)
(28,4)1562872827(29,4)
(30,4)408856821(31,4)
(32,4)1(32,5)
(33,4)616305365(34,4)
(34,4)674553866(35,4)
(34,4)86210002(34,5)
(36,4)743511402(36,5)
(37,4)413836716(38,4)
(37,4)90556981(37,5)
(38,4)624363385(38,5)
(39,4)131364656(40,4)
(40,4)1(41,4)
(40,4)1(40,5)
(41,4)1(42,4)
(42,4)1(42,5)
(43,4)41573324(43,5)
(44,4)1440247374(44,5)
(45,4)982367123(46,4)
(46,4)139575814(46,5)
(47,4)753470676(47,5)
(48,4)529968819(48,5)
(49,4)616178822(50,4)
(50,4)311816471(50,5)
(51,4)422470565(51,5)
(52,4)513027547(53,4)
(52,4)833395359(52,5)
(55,4)908561(56,4)
(57,4)1(58,4)
(57,4)1(57,5)
(58,4)1(59,4)
(59,4)1(60,4)
(59,4)28857934(59,5)
(61,4)1723981955(61,5)
(62,4)329968983(63,4)
(63,4)736223207(63,5)
(65,4)279048060(66,4)
(65,4)250484942(65,5)
(66,4)672955508(67,4)
(68,4)656056875(69,4)
(68,4)1185983055(68,5)
(69,4)983973242(70,4)
(70,4)867568651(71,4)
(71,4)984881804(71,5)
(72,4)1026454138(73,4)
(72,4)291561562(72,5)
(74,4)1109599796(74,5)
(75,4)923464448(76,4)
(75,4)334543852(75,5)
(77,4)638128164(78,4)
(78,4)241011142(78,5)
(79,4)1(80,4)
(79,4)272434285(79,5)
(80,4)1(81,4)
(81,4)735730581(82,4)
(81,4)1(81,5)
(83,4)234374142(84,4)
(84,4)330239951(84,5)
(85,4)235785555(86,4)
(86,4)55745541(87,4)
(86,4)849914635(86,5)
(87,4)1141476197(88,4)
(88,4)1082199679(88,5)
(89,4)1(90,4)
(89,4)1(89,5)
(90,4)1(91,4)
(91,4)1(92,4)
(91,4)967780275(91,5)
(92,4)1(92,5)
(93,4)1221002370(94,4)
(93,4)1076304197(93,5)
(95,4)763801801(96,4)
(97,4)920048797(98,4)
(98,4)55949468(99,4)
(99,4)1154422939(99,5)
(0,5)38295452(1,5)
(1,5)9260825(2,5)
(1,5)225286676(1,6)
(2,5)281032217(3,5)
(2,5)888210087(2,6)
(4,5)1196007198(5,5)
(6,5)100392367(6,6)
(7,5)538568399(8,5)
(7,5)227844351(7,6)
(8,5)518064502(8,6)
(9,5)1614872596(9,6)
(10,5)816127430(11,5)
(10,5)1235375554(10,6)
(11,5)1020828325(11,6)
(12,5)789880568(13,5)
(12,5)540301492(12,6)
(14,5)233115887(14,6)
(15,5)6591157(16,5)
(15,5)467289580(15,6)
(16,5)1(17,5)
(17,5)1(18,5)
(17,5)15851983(17,6)
(18,5)1(18,6)
(19,5)189356723(20,5)
(19,5)68400087(19,6)
(20,5)685007941(21,5)
(22,5)223081215(22,6)
(23,5)741145718(24,5)
(24,5)1061802459(25,5)
(25,5)837686597(26,5)
(25,5)1(25,6)
(27,5)270747734(28,5)
(27,5)689380305(27,6)
(29,5)229070074(30,5)
(30,5)50903955(31,5)
(31,5)598285670(32,5)
(31,5)235661232(31,6)
(32,5)1(33,5)
(32,5)743480212(32,6)
(33,5)1(33,6)
(34,5)852883209(35,5)
(34,5)10958761(34,6)
(35,5)966411506(36,5)
(39,5)354634435(39,6)
(40,5)1(40,6)
(41,5)113951534(42,5)
(42,5)1(43,5)
(43,5)1(43,6)
(45,5)1208446712(46,5)
(45,5)118461259(45,6)
(46,5)354122491(47,5)
(46,5)19217598(46,6)
(47,5)762697811(48,5)
(48,5)443731856(49,5)
(48,5)605635706(48,6)
(49,5)616594468(50,5)
(49,5)332302850(49,6)
(50,5)91264612(51,5)
(51,5)687022567(52,5)
(53,5)332778532(54,5)
(53,5)300511285(53,6)
(54,5)1(55,5)
(54,5)1(54,6)
(55,5)1(56,5)
(56,5)1(57,5)
(58,5)308891944(58,6)
(59,5)217040350(60,5)
(60,5)1243798540(61,5)
(62,5)1084735797(63,5)
(63,5)56073090(64,5)
(63,5)264383274(63,6)
(64,5)596686124(65,5)
(65,5)677599071(66,5)
(65,5)672667558(65,6)
(66,5)108189884(67,5)
(66,5)687950736(66,6)
(69,5)197966956(70,5)
(69,5)320376442(69,6)
(70,5)172794996(70,6)
(72,5)490408978(73,5)
(73,5)603766543(73,6)
(74,5)4563200(74,6)
(76,5)825418716(76,6)
(77,5)275856100(78,5)
(78,5)323651522(78,6)
(79,5)331929191(79,6)
(80,5)1004596749(81,5)
(81,5)537736664(82,5)
(81,5)1(81,6)
(83,5)531271814(84,5)
(83,5)525334573(83,6)
(84,5)845711015(85,5)
(85,5)729238770(85,6)
(87,5)805120958(87,6)
(88,5)433118124(88,6)
(89,5)1(90,5)
(90,5)1(90,6)
(92,5)1(92,6)
(93,5)836639927(94,5)
(94,5)276228037(95,5)
(94,5)314012368(94,6)
(95,5)163798296(96,5)
(95,5)541275455(95,6)
(96,5)923510055(97,5)
(97,5)246127773(98,5)
(97,5)701534960(97,6)
(98,5)1226869533(99,5)
(98,5)522882646(98,6)
(99,5)777399587(99,6)
(0,6)1787388161(0,7)
(2,6)1449347503(3,6)
(3,6)1481210054(4,6)
(4,6)1143729837(5,6)
(5,6)172663303(6,6)
(5,6)646886775(5,7)
(7,6)97375692(7,7)
(8,6)1158288257(9,6)
(8,6)286464211(8,7)
(9,6)1123104138(10,6)
(12,6)440406001(13,6)
(12,6)1156548283(12,7)
(13,6)190150234(13,7)
(15,6)603193161(16,6)
(15,6)32591995(15,7)
(18,6)1(18,7)
(19,6)576076186(20,6)
(20,6)411486710(20,7)
(21,6)398240577(22,6)
(21,6)748739489(21,7)
(23,6)1294591512(24,6)
(23,6)53437189(23,7)
(25,6)1329220417(26,6)
(25,6)1(25,7)
(27,6)685204428(28,6)
(28,6)1007985925(29,6)
(28,6)227513949(28,7)
(29,6)1190802596(30,6)
(30,6)277522044(30,7)
(33,6)1(34,6)
(33,6)726193379(33,7)
(34,6)1(34,7)
(35,6)781905931(35,7)
(36,6)401125946(36,7)
(37,6)1404394456(37,7)
(38,6)229276954(38,7)
(39,6)1(40,6)
(39,6)1(39,7)
(40,6)1110764294(40,7)
(41,6)639420439(42,6)
(42,6)85769205(43,6)
(42,6)613681062(42,7)
(43,6)1(44,6)
(44,6)1(44,7)
(47,6)602746074(48,6)
(49,6)808575819(49,7)
(50,6)736100069(50,7)
(51,6)311273765(51,7)
(52,6)973643522(52,7)
(53,6)398995615(53,7)
(54,6)955356727(55,6)
(54,6)1(54,7)
(56,6)557050735(57,6)
(57,6)248127256(58,6)
(57,6)628717306(57,7)
(59,6)1089322267(59,7)
(60,6)973836227(61,6)
(60,6)1070880231(60,7)
(61,6)161407120(62,6)
(61,6)960368597(61,7)
(62,6)504862297(62,7)
(63,6)764153195(63,7)
(64,6)1225942807(64,7)
(65,6)667918548(65,7)
(66,6)979192313(67,6)
(67,6)951785244(67,7)
(68,6)547376887(68,7)
(70,6)186441040(71,6)
(70,6)158653938(70,7)
(72,6)43923632(73,6)
(72,6)743491776(72,7)
(73,6)41227387(73,7)
(74,6)1130549655(75,6)
(75,6)920662389(76,6)
(75,6)975403139(75,7)
(77,6)461764531(78,6)
(80,6)344998093(81,6)
(81,6)139711538(82,6)
(81,6)1(81,7)
(84,6)640189767(84,7)
(85,6)798843705(86,6)
(85,6)1297476754(85,7)
(86,6)712683080(87,6)
(87,6)591943836(87,7)
(88,6)1(89,6)
(88,6)1(88,7)
(89,6)1(90,6)
(90,6)23086372(91,6)
(92,6)1(93,6)
(93,6)1(93,7)
(94,6)160376177(94,7)
(96,6)411635132(97,6)
(96,6)56981636(96,7)
(99,6)1105255689(99,7)
(0,7)432076663(1,7)
(0,7)341233807(0,8)
(1,7)1140077512(2,7)
(1,7)255248795(1,8)
(2,7)967931875(3,7)
(3,7)1453778864(4,7)
(4,7)217708924(5,7)
(5,7)183443809(6,7)
(5,7)501462097(5,8)
(6,7)524548469(7,7)
(8,7)24648541(9,7)
(8,7)335922929(8,8)
(10,7)1301456808(11,7)
(10,7)185024718(10,8)
(13,7)592126839(14,7)
(13,7)1040941103(13,8)
(14,7)446611770(15,7)
(16,7)878688433(16,8)
(17,7)376128485(18,7)
(18,7)1(19,7)
(18,7)773079552(18,8)
(19,7)1(20,7)
(20,7)1(21,7)
(21,7)1(21,8)
(22,7)1(23,7)
(22,7)1(22,8)
(23,7)1(24,7)
(23,7)155699378(23,8)
(24,7)1(24,8)
(25,7)306262980(26,7)
(25,7)1(25,8)
(26,7)154690347(27,7)
(26,7)899145804(26,8)
(27,7)110100601(28,7)
(28,7)84755964(28,8)
(29,7)702227440(29,8)
(30,7)252126321(31,7)
(32,7)57273998(32,8)
(33,7)370534442(33,8)
(34,7)1(35,7)
(35,7)1(36,7)
(36,7)1(36,8)
(37,7)1(38,7)
(37,7)1(37,8)
(38,7)1(39,7)
(40,7)478411618(41,7)
(41,7)90673659(41,8)
(42,7)633101965(42,8)
(43,7)717857929(44,7)
(44,7)1(45,7)
(44,7)682911358(44,8)
(45,7)1(45,8)
(46,7)1(47,7)
(46,7)1(46,8)
(47,7)1(48,7)
(48,7)1(49,7)
(49,7)1(50,7)
(50,7)1(51,7)
(50,7)216527426(50,8)
(51,7)1(52,7)
(51,7)537440486(51,8)
(52,7)1(52,8)
(54,7)1240801332(55,7)
(54,7)1(54,8)
(55,7)1339203942(56,7)
(57,7)204831267(58,7)
(57,7)857640923(57,8)
(58,7)486178505(59,7)
(59,7)157596049(60,7)
(59,7)922689197(59,8)
(60,7)816943527(60,8)
(63,7)253424439(64,7)
(65,7)129356480(66,7)
(65,7)526092232(65,8)
(67,7)582727847(67,8)
(68,7)466876008(68,8)
(69,7)1039305125(70,7)
(70,7)1074695108(70,8)
(71,7)646424410(72,7)
(71,7)231025419(71,8)
(72,7)795994927(72,8)
(73,7)270679617(74,7)
(73,7)851255678(73,8)
(75,7)244304727(76,7)
(75,7)428275666(75,8)
(76,7)384500598(77,7)
(77,7)313735714(78,7)
(78,7)133760369(78,8)
(79,7)46589423(80,7)
(79,7)567160153(79,8)
(81,7)1(82,7)
(81,7)175945903(81,8)
(82,7)1(83,7)
(82,7)9301457(82,8)
(83,7)1(84,7)
(83,7)260464143(83,8)
(84,7)1(84,8)
(86,7)970555808(86,8)
(87,7)166203397(87,8)
(88,7)1017459075(89,7)
(88,7)1(88,8)
(89,7)115051904(90,7)
(90,7)318022371(91,7)
(91,7)359356631(91,8)
(92,7)702522969(92,8)
(93,7)1(94,7)
(94,7)1(95,7)
(95,7)1(95,8)
(97,7)468676139(97,8)
(98,7)729140283(99,7)
(0,8)262576295(0,9)
(2,8)905961109(3,8)
(3,8)1101686792(4,8)
(4,8)966017753(5,8)
(5,8)991433497(5,9)
(6,8)1309455868(7,8)
(7,8)1089248685(8,8)
(9,8)700778527(10,8)
(9,8)882295028(9,9)
(10,8)1242501525(11,8)
(11,8)1166651099(12,8)
(12,8)494986307(13,8)
(12,8)548476760(12,9)
(14,8)216983873(15,8)
(14,8)164995075(14,9)
(15,8)427571370(16,8)
(16,8)962144357(17,8)
(16,8)729047771(16,9)
(17,8)64183828(18,8)
(17,8)209926652(17,9)
(18,8)158485330(19,8)
(20,8)9820470(21,8)
(21,8)1(22,8)
(21,8)875493702(21,9)
(24,8)1(25,8)
(24,8)572659686(24,9)
(27,8)54512195(28,8)
(28,8)248928755(29,8)
(30,8)465912629(30,9)
(31,8)260786801(31,9)
(32,8)470713453(33,8)
(32,8)535617614(32,9)
(33,8)256239432(34,8)
(34,8)277531201(35,8)
(36,8)1(37,8)
(36,8)287351671(36,9)
(37,8)1606628009(38,8)
(37,8)193175711(37,9)
(38,8)1094593523(38,9)
(39,8)642915888(39,9)
(40,8)379982295(41,8)
(40,8)132915796(40,9)
(42,8)1700699991(42,9)
(43,8)1368920346(44,8)
(44,8)124217547(44,9)
(45,8)1(46,8)
(46,8)1462922577(47,8)
(46,8)1332685978(46,9)
(48,8)896751157(49,8)
(49,8)415351166(50,8)
(51,8)21569385(51,9)
(52,8)1(53,8)
(53,8)1(54,8)
(53,8)920778391(53,9)
(55,8)69559132(56,8)
(55,8)312974997(55,9)
(58,8)1449951064(58,9)
(59,8)718329616(59,9)
(61,8)346388841(62,8)
(61,8)16815140(61,9)
(63,8)1022056704(64,8)
(63,8)67208786(63,9)
(64,8)44268163(65,8)
(64,8)551173226(64,9)
(66,8)1458977256(67,8)
(67,8)1290452518(68,8)
(69,8)1610365688(70,8)
(70,8)249149304(71,8)
(73,8)522197187(73,9)
(74,8)790408974(74,9)
(76,8)569779098(77,8)
(77,8)101929221(78,8)
(77,8)150500678(77,9)
(78,8)217709464(79,8)
(78,8)224201167(78,9)
(80,8)413910148(81,8)
(80,8)261977627(80,9)
(81,8)353346329(81,9)
(84,8)1(85,8)
(85,8)1(86,8)
(85,8)862008149(85,9)
(86,8)1(87,8)
(87,8)1(88,8)
(89,8)425809833(90,8)
(90,8)390197946(91,8)
(90,8)1222992607(90,9)
(91,8)89017506(92,8)
(91,8)229921670(91,9)
(92,8)380422348(93,8)
(93,8)190946728(93,9)
(94,8)598131813(94,9)
(95,8)1(96,8)
(96,8)1(97,8)
(97,8)1(98,8)
(97,8)566444025(97,9)
(98,8)1(98,9)
(99,8)705889020(99,9)
(0,9)616736940(1,9)
(1,9)348708890(2,9)
(3,9)1051701288(4,9)
(4,9)1530819604(5,9)
(6,9)511969905(7,9)
(7,9)241774600(8,9)
(8,9)1597747351(9,9)
(9,9)494435709(10,9)
(10,9)79008589(11,9)
(13,9)469206535(14,9)
(14,9)105995206(15,9)
(17,9)486417554(18,9)
(19,9)465878143(20,9)
(20,9)1084549367(21,9)
(21,9)1164841556(22,9)
(22,9)277947100(23,9)
(24,9)746200711(25,9)
(25,9)443362386(26,9)
(26,9)363619185(27,9)
(27,9)52963622(28,9)
(29,9)1926850313(30,9)
(30,9)758852642(31,9)
(31,9)470983260(32,9)
(32,9)128075555(33,9)
(33,9)179266163(34,9)
(34,9)1522684548(35,9)
(39,9)1591876358(40,9)
(40,9)381606514(41,9)
(42,9)1467949894(43,9)
(44,9)301401236(45,9)
(46,9)1757997004(47,9)
(47,9)1730584816(48,9)
(49,9)1607905907(50,9)
(50,9)48979311(51,9)
(52,9)625263815(53,9)
(53,9)326926411(54,9)
(54,9)794603534(55,9)
(55,9)1371464526(56,9)
(56,9)770288797(57,9)
(57,9)1158222719(58,9)
(59,9)624535117(60,9)
(60,9)937589384(61,9)
(61,9)35797142(62,9)
(62,9)1095518377(63,9)
(64,9)215063306(65,9)
(65,9)470719277(66,9)
(66,9)577076451(67,9)
(67,9)209192313(68,9)
(68,9)357890082(69,9)
(69,9)330262562(70,9)
(71,9)739496596(72,9)
(72,9)162457263(73,9)
(74,9)691047778(75,9)
(75,9)463858499(76,9)
(76,9)547996371(77,9)
(78,9)46959667(79,9)
(79,9)460875378(80,9)
(81,9)95938978(82,9)
(83,9)387247209(84,9)
(84,9)422865390(85,9)
(85,9)105423639(86,9)
(87,9)1193154187(88,9)
(88,9)1263646358(89,9)
(89,9)1035656236(90,9)
(91,9)53752095(92,9)
(93,9)765724034(94,9)
(94,9)1119417034(95,9)
(96,9)1236443312(97,9)
(98,9)1(99,9)
