50 37
(0,0)1177220057(0,1)
(1,0)542653442(2,0)
(1,0)708351959(1,1)
(2,0)811084115(2,1)
(3,0)615503814(3,1)
(4,0)757537093(5,0)
(4,0)270741611(4,1)
(5,0)309577175(5,1)
(6,0)152526327(7,0)
(7,0)183158772(8,0)
(8,0)1053250594(9,0)
(9,0)227783239(10,0)
(10,0)585373693(11,0)
(10,0)789163735(10,1)
(12,0)273044490(13,0)
(12,0)489461291(12,1)
(14,0)937134762(15,0)
(15,0)211600364(16,0)
(15,0)414325353(15,1)
(16,0)1122677312(17,0)
(16,0)876777740(16,1)
(17,0)754253806(17,1)
(18,0)591131690(18,1)
(19,0)861873301(20,0)
(19,0)989676093(19,1)
(21,0)1356415976(22,0)
(21,0)66744796(21,1)
(23,0)768063491(24,0)
(24,0)269368643(24,1)
(25,0)1058532378(26,0)
(25,0)995846731(25,1)
(26,0)264012068(27,0)
(27,0)386739209(28,0)
(27,0)222087736(27,1)
(28,0)1509358269(29,0)
(28,0)537056558(28,1)
(30,0)299009383(30,1)
(31,0)1175787124(32,0)
(32,0)537291035(33,0)
(33,0)1680623034(34,0)
(33,0)716165331(33,1)
(35,0)395012687(35,1)
(36,0)461757483(37,0)
(36,0)857611045(36,1)
(37,0)161906993(38,0)
(38,0)487883151(39,0)
(39,0)929970484(39,1)
(40,0)1925817215(41,0)
(41,0)1005776553(41,1)
(42,0)42345636(42,1)
(43,0)579402194(44,0)
(43,0)83804503(43,1)
(45,0)888748294(46,0)
(45,0)150839059(45,1)
(47,0)692598556(48,0)
(48,0)633217101(49,0)
(48,0)471167323(48,1)
(49,0)225737942(49,1)
(0,1)191574878(1,1)
(0,1)230732331(0,2)
(1,1)620750629(1,2)
(3,1)1065900454(3,2)
(4,1)760383644(4,2)
(5,1)707627819(6,1)
(7,1)1050636274(8,1)
(8,1)793785013(9,1)
(9,1)393661150(10,1)
(9,1)1134440777(9,2)
(10,1)770733958(11,1)
(11,1)124788570(12,1)
(11,1)544500210(11,2)
(12,1)478376498(13,1)
(12,1)373841171(12,2)
(13,1)1066439727(14,1)
(13,1)41840340(13,2)
(14,1)675057441(15,1)
(16,1)866632319(16,2)
(17,1)1150384557(17,2)
(18,1)68801364(19,1)
(18,1)847952764(18,2)
(19,1)979427510(19,2)
(20,1)973007263(21,1)
(21,1)168480580(21,2)
(22,1)744920583(22,2)
(23,1)559179539(24,1)
(24,1)866265706(25,1)
(24,1)528186318(24,2)
(26,1)1497340899(27,1)
(29,1)777777572(30,1)
(30,1)74490937(31,1)
(30,1)605912945(30,2)
(32,1)960954634(33,1)
(33,1)687888353(34,1)
(34,1)72823722(35,1)
(34,1)1029755998(34,2)
(35,1)504857320(36,1)
(35,1)148741113(35,2)
(36,1)317221693(37,1)
(38,1)51622998(38,2)
(39,1)579809316(40,1)
(39,1)202447459(39,2)
(41,1)344035910(41,2)
(42,1)233051074(43,1)
(42,1)505145400(42,2)
(43,1)333379150(44,1)
(44,1)66806730(45,1)
(44,1)163906578(44,2)
(45,1)769819523(46,1)
(46,1)141297668(46,2)
(47,1)94881140(47,2)
(49,1)669121610(49,2)
(0,2)764953784(0,3)
(1,2)817862723(1,3)
(2,2)306932059(2,3)
(3,2)455857078(3,3)
(4,2)1186707415(4,3)
(5,2)152647438(5,3)
(6,2)1305348240(6,3)
(7,2)579000867(8,2)
(8,2)196120067(9,2)
(10,2)360026645(10,3)
(14,2)413004661(15,2)
(15,2)384527931(16,2)
(15,2)574469947(15,3)
(18,2)379933440(18,3)
(20,2)83885211(21,2)
(21,2)641788687(22,2)
(22,2)1148742931(23,2)
(23,2)1057418136(24,2)
(24,2)936800236(25,2)
(25,2)1056394624(25,3)
(26,2)19044187(27,2)
(26,2)719617649(26,3)
(27,2)643732729(28,2)
(27,2)687252163(27,3)
(29,2)549081067(29,3)
(30,2)1123551014(31,2)
(30,2)177500485(30,3)
(32,2)368400037(32,3)
(33,2)748333477(34,2)
(34,2)1524574127(34,3)
(35,2)861014574(36,2)
(35,2)167490684(35,3)
(37,2)1239587796(38,2)
(38,2)576109168(39,2)
(38,2)354423905(38,3)
(39,2)149522284(39,3)
(40,2)1205916908(41,2)
(41,2)85043406(42,2)
(41,2)1256692898(41,3)
(42,2)1224961095(42,3)
(43,2)1128381644(44,2)
(43,2)728776135(43,3)
(45,2)651376339(45,3)
(46,2)558898966(47,2)
(46,2)253924569(46,3)
(47,2)622324606(48,2)
(48,2)1570191607(49,2)
(49,2)1370658084(49,3)
(1,3)211382033(2,3)
(2,3)743829743(3,3)
(2,3)1181840393(2,4)
(3,3)273944541(4,3)
(4,3)142810815(5,3)
(5,3)650056904(6,3)
(5,3)423466825(5,4)
(6,3)1629383733(7,3)
(8,3)706861181(8,4)
(9,3)322056114(9,4)
(10,3)1264168455(10,4)
(11,3)1002626179(12,3)
(11,3)339135516(11,4)
(12,3)898034482(13,3)
(13,3)328678844(14,3)
(13,3)592690123(13,4)
(14,3)15398082(15,3)
(14,3)871311462(14,4)
(15,3)221678920(16,3)
(16,3)1090002048(17,3)
(17,3)383828222(18,3)
(17,3)433060953(17,4)
(19,3)784601792(20,3)
(19,3)657772763(19,4)
(20,3)1081239588(21,3)
(20,3)142573416(20,4)
(21,3)1434658696(21,4)
(22,3)1193924850(23,3)
(22,3)563139673(22,4)
(24,3)749652419(24,4)
(25,3)957760031(25,4)
(27,3)868963405(27,4)
(28,3)47446382(28,4)
(29,3)918757844(30,3)
(29,3)1201092479(29,4)
(30,3)752945759(31,3)
(31,3)679039440(32,3)
(31,3)1140436765(31,4)
(33,3)1062867662(33,4)
(35,3)166414095(35,4)
(36,3)654396365(36,4)
(37,3)1217536038(38,3)
(38,3)647513993(38,4)
(39,3)340053245(39,4)
(40,3)176879771(40,4)
(42,3)447225176(42,4)
(43,3)494671559(44,3)
(43,3)67869156(43,4)
(45,3)776204887(46,3)
(46,3)406382520(47,3)
(47,3)1455244327(47,4)
(48,3)370628341(49,3)
(49,3)1099183856(49,4)
(0,4)1405656910(0,5)
(1,4)974006997(2,4)
(2,4)719187094(3,4)
(2,4)598181483(2,5)
(3,4)193167072(3,5)
(4,4)803900763(5,4)
(5,4)616383852(6,4)
(5,4)8287118(5,5)
(6,4)1306100395(7,4)
(6,4)980780534(6,5)
(7,4)176236055(8,4)
(9,4)100513482(10,4)
(9,4)244105211(9,5)
(10,4)1164024162(10,5)
(12,4)1387490592(12,5)
(13,4)1247989728(13,5)
(15,4)1010895259(16,4)
(16,4)1174676658(17,4)
(17,4)13101022(18,4)
(18,4)30585681(19,4)
(20,4)834486444(20,5)
(22,4)995722409(22,5)
(23,4)601564333(24,4)
(24,4)88124597(25,4)
(25,4)195796641(26,4)
(25,4)702077815(25,5)
(26,4)68537053(27,4)
(27,4)841198388(28,4)
(28,4)1236531771(29,4)
(30,4)707666192(30,5)
(31,4)122585732(32,4)
(31,4)457512421(31,5)
(32,4)294931029(33,4)
(32,4)734848603(32,5)
(33,4)481228707(34,4)
(33,4)135686754(33,5)
(34,4)325516710(34,5)
(35,4)1160003154(36,4)
(37,4)502366074(38,4)
(38,4)490676537(38,5)
(39,4)1103930407(39,5)
(40,4)759930468(40,5)
(41,4)213638264(42,4)
(43,4)1054836653(43,5)
(44,4)705929891(45,4)
(44,4)943319470(44,5)
(46,4)266101836(46,5)
(47,4)1000950439(48,4)
(49,4)1482179147(49,5)
(0,5)93017763(0,6)
(1,5)929005399(1,6)
(2,5)1232923464(2,6)
(4,5)605129625(5,5)
(4,5)448489585(4,6)
(6,5)350260873(7,5)
(8,5)77322502(8,6)
(9,5)486051363(9,6)
(10,5)339291426(10,6)
(11,5)808304192(11,6)
(12,5)280874215(13,5)
(13,5)311549883(14,5)
(14,5)48375268(14,6)
(15,5)141393031(16,5)
(16,5)575250781(17,5)
(16,5)956935487(16,6)
(17,5)42375304(18,5)
(18,5)533063829(18,6)
(19,5)981553414(20,5)
(20,5)321917493(21,5)
(21,5)952492014(21,6)
(22,5)641676271(23,5)
(22,5)672178367(22,6)
(23,5)749500869(24,5)
(23,5)581658485(23,6)
(24,5)1067709848(25,5)
(24,5)37648227(24,6)
(25,5)376939653(26,5)
(25,5)395263811(25,6)
(26,5)112207455(26,6)
(27,5)219733094(27,6)
(28,5)1484442219(28,6)
(29,5)1532817487(30,5)
(30,5)1066753617(30,6)
(34,5)101394874(34,6)
(35,5)1470470188(35,6)
(36,5)275478554(37,5)
(37,5)542857816(38,5)
(38,5)917154826(38,6)
(39,5)954803053(40,5)
(40,5)539107014(40,6)
(41,5)651314470(42,5)
(42,5)743706852(42,6)
(43,5)80665424(44,5)
(43,5)74121369(43,6)
(45,5)159360051(46,5)
(46,5)1140209782(47,5)
(47,5)1292416908(48,5)
(47,5)35565507(47,6)
(0,6)15261827(0,7)
(1,6)1104320222(1,7)
(3,6)939262710(3,7)
(4,6)410659876(5,6)
(4,6)149469954(4,7)
(6,6)748943022(7,6)
(7,6)288532067(7,7)
(8,6)1492649874(8,7)
(10,6)932614302(10,7)
(11,6)1039314562(11,7)
(12,6)32040696(13,6)
(12,6)672761196(12,7)
(14,6)1081686128(15,6)
(16,6)555864712(17,6)
(16,6)584594352(16,7)
(18,6)802472568(19,6)
(20,6)1083431686(21,6)
(21,6)15415687(22,6)
(21,6)1041922803(21,7)
(24,6)1022979090(24,7)
(26,6)480413363(26,7)
(27,6)1153174559(28,6)
(27,6)900084097(27,7)
(29,6)970869015(29,7)
(30,6)422413505(31,6)
(30,6)961826438(30,7)
(32,6)1445014826(33,6)
(32,6)978278217(32,7)
(33,6)766458058(34,6)
(33,6)1504602814(33,7)
(34,6)100003746(34,7)
(35,6)704107853(35,7)
(36,6)315178366(36,7)
(37,6)69426(38,6)
(38,6)797565278(39,6)
(38,6)929001878(38,7)
(41,6)274711124(42,6)
(42,6)512691161(43,6)
(42,6)1276186446(42,7)
(43,6)803430642(44,6)
(44,6)251271051(45,6)
(44,6)392831470(44,7)
(45,6)276582486(45,7)
(46,6)673684557(46,7)
(47,6)753595050(47,7)
(48,6)110714217(49,6)
(48,6)1155918633(48,7)
(49,6)270937184(49,7)
(0,7)1255922379(0,8)
(1,7)421574921(2,7)
(1,7)975045037(1,8)
(2,7)573592045(3,7)
(4,7)400208430(5,7)
(5,7)835319050(5,8)
(6,7)468818349(7,7)
(6,7)194506191(6,8)
(7,7)469217315(8,7)
(9,7)400951790(10,7)
(10,7)890403(11,7)
(11,7)677534276(11,8)
(12,7)388438083(13,7)
(12,7)674574960(12,8)
(13,7)179054086(14,7)
(15,7)652795447(16,7)
(15,7)449991271(15,8)
(16,7)1239165363(16,8)
(17,7)896804626(18,7)
(18,7)677013520(19,7)
(19,7)554513315(19,8)
(20,7)1077221950(20,8)
(21,7)1271728141(22,7)
(21,7)513346225(21,8)
(22,7)1433044532(23,7)
(24,7)717950353(24,8)
(25,7)395687644(26,7)
(26,7)387174281(27,7)
(27,7)18546523(28,7)
(28,7)775612365(28,8)
(29,7)172485433(30,7)
(29,7)197600610(29,8)
(30,7)647591881(31,7)
(31,7)825280881(31,8)
(33,7)804296606(33,8)
(34,7)429181122(34,8)
(35,7)1130027877(35,8)
(36,7)601158638(36,8)
(37,7)312325705(38,7)
(37,7)630647566(37,8)
(38,7)224109375(39,7)
(38,7)928934986(38,8)
(40,7)1478137573(41,7)
(41,7)1058645747(42,7)
(43,7)493440572(44,7)
(44,7)242277976(44,8)
(45,7)1058088241(46,7)
(45,7)665926005(45,8)
(47,7)965580221(47,8)
(48,7)1243374488(48,8)
(0,8)981203100(1,8)
(1,8)1031475036(2,8)
(1,8)606362780(1,9)
(2,8)102253234(3,8)
(4,8)1031188220(4,9)
(5,8)530589912(6,8)
(6,8)846355290(7,8)
(6,8)1453422514(6,9)
(7,8)364584613(8,8)
(7,8)425679247(7,9)
(8,8)564183497(8,9)
(9,8)1057624069(10,8)
(10,8)569086117(11,8)
(11,8)901733996(12,8)
(12,8)1067273313(13,8)
(12,8)343987231(12,9)
(13,8)44032887(14,8)
(14,8)163164153(14,9)
(16,8)126730570(17,8)
(16,8)323426848(16,9)
(17,8)719711152(17,9)
(18,8)234350107(19,8)
(18,8)228983804(18,9)
(20,8)1021210099(21,8)
(22,8)68957536(23,8)
(23,8)284265238(24,8)
(24,8)1085398801(25,8)
(26,8)917955733(27,8)
(27,8)415705065(27,9)
(28,8)135535634(29,8)
(29,8)909552(30,8)
(32,8)408856821(33,8)
(34,8)643206928(34,9)
(35,8)616305365(36,8)
(36,8)674553866(37,8)
(36,8)86210002(36,9)
(38,8)743511402(38,9)
(39,8)413836716(40,8)
(39,8)90556981(39,9)
(40,8)624363385(40,9)
(41,8)131364656(42,8)
(42,8)343512851(43,8)
(42,8)202918374(42,9)
(43,8)40663772(44,8)
(44,8)479048486(44,9)
(45,8)41573324(45,9)
(46,8)1440247374(46,9)
(47,8)982367123(48,8)
(48,8)1464968916(49,8)
(48,8)139575814(48,9)
(49,8)753470676(49,9)
(0,9)529968819(1,9)
(0,9)782782742(0,10)
(2,9)1(3,9)
(2,9)1(2,10)
(3,9)1(4,9)
(4,9)1(5,9)
(5,9)1(5,10)
(8,9)908561(8,10)
(9,9)41572334(10,9)
(10,9)72050065(10,10)
(11,9)28857934(12,9)
(11,9)83145658(11,10)
(12,9)741614832(12,10)
(13,9)1723981955(14,9)
(15,9)736223207(16,9)
(15,9)329968983(15,10)
(17,9)250484942(18,9)
(18,9)279048060(18,10)
(19,9)672955508(19,10)
(20,9)1185983055(21,9)
(21,9)656056875(21,10)
(22,9)983973242(22,10)
(23,9)984881804(24,9)
(23,9)867568651(23,10)
(24,9)291561562(25,9)
(25,9)1026454138(25,10)
(26,9)1109599796(27,9)
(27,9)334543852(28,9)
(28,9)923464448(28,10)
(29,9)876904913(30,9)
(30,9)241011142(31,9)
(30,9)638128164(30,10)
(31,9)272434285(32,9)
(31,9)1613128121(31,10)
(32,9)208242730(32,10)
(33,9)487290790(34,9)
(33,9)522919227(33,10)
(35,9)703900734(36,9)
(36,9)330239951(37,9)
(36,9)234374142(36,10)
(38,9)849914635(39,9)
(38,9)235785555(38,10)
(39,9)55745541(39,10)
(41,9)734405217(42,9)
(42,9)44315827(42,10)
(43,9)967780275(44,9)
(44,9)438176032(44,10)
(45,9)1076304197(46,9)
(46,9)1310329662(47,9)
(48,9)763801801(48,10)
(0,10)1(1,10)
(1,10)1(2,10)
(3,10)38295452(3,11)
(4,10)9260825(4,11)
(5,10)1(5,11)
(6,10)1363231896(7,10)
(7,10)616607853(8,10)
(8,10)100392367(9,10)
(9,10)227844351(10,10)
(10,10)518064502(11,10)
(10,10)538568399(10,11)
(13,10)1020828325(14,10)
(13,10)816127430(13,11)
(14,10)540301492(15,10)
(15,10)789880568(15,11)
(16,10)233115887(17,10)
(17,10)467289580(18,10)
(18,10)6591157(18,11)
(19,10)15851983(20,10)
(20,10)973608474(21,10)
(20,10)186197451(20,11)
(21,10)68400087(22,10)
(22,10)189356723(22,11)
(23,10)685007941(23,11)
(24,10)223081215(25,10)
(24,10)1055845111(24,11)
(26,10)741145718(26,11)
(27,10)332728942(28,10)
(27,10)1061802459(27,11)
(28,10)837686597(28,11)
(29,10)689380305(30,10)
(30,10)270747734(30,11)
(32,10)229070074(32,11)
(33,10)235661232(34,10)
(33,10)50903955(33,11)
(34,10)598285670(34,11)
(35,10)784483121(36,10)
(35,10)251513215(35,11)
(36,10)10958761(37,10)
(37,10)852883209(37,11)
(39,10)1355866209(39,11)
(40,10)1033131359(41,10)
(41,10)354634435(42,10)
(42,10)383505292(43,10)
(42,10)635442402(42,11)
(44,10)113951534(44,11)
(45,10)384699268(46,10)
(45,10)15025657(45,11)
(47,10)118461259(48,10)
(48,10)19217598(49,10)
(49,10)354122491(49,11)
(0,11)762697811(1,11)
(1,11)443731856(2,11)
(2,11)1(3,11)
(2,11)1(2,12)
(3,11)1(4,11)
(4,11)1(5,11)
(5,11)1447130821(5,12)
(6,11)332778532(7,11)
(6,11)300511285(6,12)
(7,11)655145720(8,11)
(7,11)779481776(7,12)
(8,11)1162987068(9,11)
(8,11)968220935(8,12)
(9,11)293866287(10,11)
(11,11)308891944(11,12)
(12,11)217040350(13,11)
(12,11)1125337281(12,12)
(13,11)1243798540(14,11)
(14,11)1425487062(14,12)
(16,11)56073090(17,11)
(16,11)264383274(16,12)
(17,11)596686124(18,11)
(18,11)677599071(19,11)
(18,11)672667558(18,12)
(19,11)108189884(20,11)
(21,11)1565968828(21,12)
(22,11)197966956(23,11)
(22,11)320376442(22,12)
(23,11)172794996(23,12)
(25,11)490408978(26,11)
(26,11)603766543(26,12)
(27,11)4563200(27,12)
(29,11)825418716(29,12)
(30,11)275856100(31,11)
(31,11)323651522(31,12)
(32,11)331929191(32,12)
(34,11)537736664(35,11)
(34,11)382234600(34,12)
(35,11)1112786634(35,12)
(36,11)531271814(37,11)
(36,11)525334573(36,12)
(38,11)729238770(38,12)
(40,11)805120958(40,12)
(41,11)433118124(41,12)
(42,11)437681324(43,11)
(43,11)990507677(43,12)
(45,11)512988404(45,12)
(46,11)836639927(47,11)
(47,11)276228037(48,11)
(47,11)314012368(47,12)
(48,11)163798296(49,11)
(48,11)541275455(48,12)
(49,11)1280824787(49,12)
(0,12)701534960(1,12)
(1,12)1(2,12)
(1,12)1(1,13)
(2,12)777399587(3,12)
(4,12)1077205025(5,12)
(8,12)172663303(9,12)
(8,12)646886775(8,13)
(10,12)97375692(10,13)
(11,12)286464211(11,13)
(12,12)1123104138(13,12)
(15,12)440406001(16,12)
(16,12)190150234(16,13)
(17,12)963288647(17,13)
(18,12)603193161(19,12)
(18,12)32591995(18,13)
(20,12)1254038314(21,12)
(21,12)841094207(21,13)
(22,12)587764720(22,13)
(23,12)411486710(23,13)
(24,12)398240577(25,12)
(24,12)748739489(24,13)
(26,12)1294591512(27,12)
(26,12)53437189(26,13)
(28,12)1329220417(29,12)
(28,12)270212002(28,13)
(30,12)685204428(31,12)
(30,12)817835691(30,13)
(31,12)227513949(31,13)
(33,12)277522044(33,13)
(36,12)205829744(37,12)
(36,12)726193379(36,13)
(37,12)594667169(37,13)
(38,12)1006153879(39,12)
(38,12)781905931(38,13)
(39,12)401125946(39,13)
(40,12)1404394456(40,13)
(41,12)229276954(41,13)
(42,12)86196745(43,12)
(42,12)556361112(42,13)
(43,12)826573114(44,12)
(44,12)639420439(45,12)
(45,12)85769205(46,12)
(45,12)613681062(45,13)
(46,12)841195011(47,12)
(49,12)1238010537(49,13)
(0,13)843432239(1,13)
(1,13)1(2,13)
(1,13)602746074(1,14)
(2,13)1(3,13)
(3,13)1(4,13)
(4,13)1(5,13)
(5,13)1(6,13)
(6,13)1(7,13)
(7,13)1(8,13)
(7,13)1202920476(7,14)
(8,13)1289117221(9,13)
(8,13)1(8,14)
(10,13)628717306(11,13)
(10,13)557050735(10,14)
(11,13)642819940(12,13)
(11,13)248127256(11,14)
(12,13)1089322267(13,13)
(13,13)1070880231(14,13)
(14,13)960368597(15,13)
(14,13)973836227(14,14)
(15,13)504862297(16,13)
(15,13)161407120(15,14)
(16,13)764153195(17,13)
(18,13)667918548(19,13)
(20,13)951785244(21,13)
(20,13)979192313(20,14)
(21,13)547376887(22,13)
(23,13)158653938(24,13)
(24,13)186441040(24,14)
(25,13)743491776(26,13)
(26,13)41227387(27,13)
(26,13)43923632(26,14)
(28,13)975403139(29,13)
(29,13)920662389(29,14)
(31,13)1592088924(32,13)
(31,13)461764531(31,14)
(33,13)670548083(33,14)
(34,13)485107312(35,13)
(34,13)344998093(34,14)
(35,13)139711538(35,14)
(37,13)640189767(38,13)
(39,13)798843705(39,14)
(40,13)591943836(41,13)
(40,13)712683080(40,14)
(41,13)756606712(42,13)
(42,13)633171224(42,14)
(43,13)606388870(43,14)
(44,13)23086372(44,14)
(46,13)34903997(47,13)
(46,13)461637120(46,14)
(47,13)160376177(48,13)
(0,14)411635132(1,14)
(0,14)56981636(0,15)
(1,14)1381172043(2,14)
(3,14)341233807(4,14)
(4,14)255248795(5,14)
(4,14)432076663(4,15)
(6,14)967931875(6,15)
(8,14)501462097(9,14)
(8,14)1(8,15)
(9,14)183443809(9,15)
(10,14)524548469(10,15)
(11,14)335922929(12,14)
(12,14)24648541(12,15)
(13,14)185024718(14,14)
(15,14)1358438444(16,14)
(16,14)1040941103(17,14)
(17,14)592126839(17,15)
(18,14)446611770(18,15)
(19,14)878688433(20,14)
(21,14)376128485(21,15)
(22,14)696958677(22,15)
(23,14)914667601(24,14)
(23,14)350134491(23,15)
(24,14)533578301(25,14)
(24,14)183885798(24,15)
(25,14)708434267(26,14)
(26,14)155699378(27,14)
(26,14)96589721(26,15)
(27,14)121238262(28,14)
(28,14)636259861(29,14)
(29,14)306262980(29,15)
(30,14)154690347(30,15)
(31,14)84755964(32,14)
(31,14)110100601(31,15)
(32,14)702227440(33,14)
(34,14)252126321(34,15)
(35,14)57273998(36,14)
(36,14)370534442(37,14)
(38,14)52958143(38,15)
(39,14)236843941(40,14)
(39,14)264772693(39,15)
(40,14)1013386450(41,14)
(41,14)945278208(41,15)
(43,14)766774824(44,14)
(44,14)90673659(45,14)
(44,14)478411618(44,15)
(45,14)633101965(46,14)
(47,14)682911358(48,14)
(47,14)717857929(47,15)
(48,14)433723551(49,14)
(48,14)330765022(48,15)
(0,15)121932638(1,15)
(0,15)582891344(0,16)
(1,15)640165342(2,15)
(2,15)163569282(3,15)
(2,15)922562701(2,16)
(3,15)272667793(4,15)
(4,15)503523285(5,15)
(4,15)216527426(4,16)
(5,15)453371367(6,15)
(6,15)70105980(6,16)
(7,15)1398649576(7,16)
(8,15)1(8,16)
(11,15)204831267(12,15)
(11,15)857640923(11,16)
(12,15)486178505(13,15)
(13,15)157596049(14,15)
(14,15)1356412748(15,15)
(14,15)816943527(14,16)
(15,15)1399834871(16,15)
(17,15)253424439(18,15)
(19,15)129356480(20,15)
(19,15)526092232(19,16)
(21,15)582727847(21,16)
(22,15)466876008(22,16)
(25,15)646424410(26,15)
(25,15)231025419(25,16)
(27,15)270679617(28,15)
(27,15)851255678(27,16)
(29,15)244304727(30,15)
(29,15)428275666(29,16)
(30,15)384500598(31,15)
(30,15)982873975(30,16)
(31,15)313735714(32,15)
(32,15)133760369(32,16)
(33,15)46589423(34,15)
(33,15)567160153(33,16)
(34,15)752207973(34,16)
(35,15)471283068(36,15)
(35,15)175945903(35,16)
(36,15)9301457(36,16)
(37,15)476177465(38,15)
(37,15)260464143(37,16)
(40,15)970555808(40,16)
(41,15)166203397(41,16)
(42,15)1017459075(43,15)
(42,15)687690704(42,16)
(43,15)115051904(44,15)
(44,15)318022371(45,15)
(45,15)1626794277(46,15)
(45,15)359356631(45,16)
(46,15)702522969(46,16)
(48,15)360206497(49,15)
(49,15)882872762(49,16)
(1,16)468676139(2,16)
(1,16)1058818665(1,17)
(2,16)1462760340(2,17)
(3,16)729140283(3,17)
(4,16)512063897(5,16)
(4,16)262576295(4,17)
(6,16)905961109(7,16)
(8,16)1(9,16)
(9,16)1(9,17)
(10,16)1309455868(11,16)
(11,16)1089248685(12,16)
(13,16)700778527(14,16)
(13,16)882295028(13,17)
(15,16)1166651099(16,16)
(16,16)494986307(17,16)
(16,16)548476760(16,17)
(18,16)216983873(19,16)
(18,16)164995075(18,17)
(19,16)427571370(20,16)
(20,16)962144357(21,16)
(20,16)729047771(20,17)
(21,16)64183828(22,16)
(21,16)209926652(21,17)
(22,16)158485330(23,16)
(23,16)1165870621(23,17)
(24,16)9820470(25,16)
(24,16)1124503084(24,17)
(25,16)586957491(26,16)
(25,16)875493702(25,17)
(26,16)796070403(27,16)
(26,16)1319276338(26,17)
(28,16)411017557(29,16)
(28,16)572659686(28,17)
(31,16)54512195(32,16)
(31,16)761085165(31,17)
(32,16)248928755(33,16)
(34,16)465912629(34,17)
(35,16)260786801(35,17)
(36,16)470713453(37,16)
(37,16)256239432(38,16)
(38,16)277531201(39,16)
(38,16)629198783(38,17)
(40,16)298523119(41,16)
(40,16)287351671(40,17)
(41,16)193175711(41,17)
(43,16)1667253209(44,16)
(43,16)642915888(43,17)
(44,16)379982295(45,16)
(44,16)132915796(44,17)
(47,16)1368920346(48,16)
(48,16)124217547(48,17)
(49,16)1202135776(49,17)
(0,17)590130176(0,18)
(3,17)896751157(3,18)
(4,17)1174282358(5,17)
(4,17)415351166(4,18)
(5,17)21569385(6,17)
(7,17)214745096(7,18)
(8,17)793205436(8,18)
(9,17)1(10,17)
(10,17)1(10,18)
(11,17)1574662272(11,18)
(12,17)1449951064(13,17)
(13,17)718329616(14,17)
(15,17)16815140(16,17)
(16,17)346388841(16,18)
(17,17)67208786(18,17)
(18,17)551173226(19,17)
(18,17)1022056704(18,18)
(19,17)44268163(19,18)
(21,17)1039605966(22,17)
(22,17)1290452518(22,18)
(25,17)249149304(25,18)
(26,17)1172787917(26,18)
(27,17)522197187(28,17)
(28,17)790408974(29,17)
(28,17)1126278993(28,18)
(29,17)552963957(30,17)
(31,17)150500678(32,17)
(31,17)569779098(31,18)
(32,17)224201167(33,17)
(32,17)101929221(32,18)
(33,17)217709464(33,18)
(34,17)261977627(35,17)
(34,17)775374393(34,18)
(35,17)353346329(36,17)
(35,17)413910148(35,18)
(37,17)996787103(38,17)
(39,17)862008149(40,17)
(41,17)394449322(41,18)
(42,17)858438643(42,18)
(44,17)425809833(44,18)
(45,17)229921670(46,17)
(45,17)390197946(45,18)
(46,17)89017506(46,18)
(47,17)190946728(48,17)
(47,17)380422348(47,18)
(48,17)598131813(49,17)
(48,17)1184178211(48,18)
(0,18)860109440(1,18)
(1,18)165415286(2,18)
(2,18)1454246559(3,18)
(2,18)566444025(2,19)
(4,18)616736940(5,18)
(4,18)705889020(4,19)
(5,18)348708890(5,19)
(6,18)1051701288(6,19)
(7,18)511969905(8,18)
(8,18)241774600(8,19)
(9,18)1(10,18)
(9,18)1(9,19)
(11,18)105995206(12,18)
(11,18)469206535(11,19)
(13,18)486417554(13,19)
(14,18)1084549367(15,18)
(14,18)465878143(14,19)
(15,18)277947100(16,18)
(15,18)1164841556(15,19)
(16,18)746200711(17,18)
(17,18)363619185(18,18)
(17,18)443362386(17,19)
(18,18)52963622(18,19)
(19,18)758852642(20,18)
(20,18)128075555(21,18)
(21,18)179266163(21,19)
(23,18)1900669759(24,18)
(24,18)381606514(25,18)
(26,18)301401236(27,18)
(29,18)48979311(30,18)
(30,18)625263815(31,18)
(31,18)326926411(31,19)
(34,18)624535117(34,19)
(35,18)35797142(35,19)
(36,18)215063306(37,18)
(37,18)470719277(37,19)
(38,18)1(39,18)
(38,18)1(38,19)
(39,18)1(39,19)
(40,18)1(41,18)
(40,18)1(40,19)
(41,18)1(42,18)
(42,18)1(43,18)
(42,18)463858499(42,19)
(43,18)46959667(44,18)
(43,18)1(43,19)
(44,18)460875378(44,19)
(45,18)95938978(45,19)
(46,18)422865390(47,18)
(46,18)387247209(46,19)
(47,18)105423639(47,19)
(49,18)1035656236(49,19)
(0,19)53752095(1,19)
(1,19)765724034(2,19)
(1,19)1071453379(1,20)
(2,19)1286516685(3,19)
(2,19)1119417034(2,20)
(3,19)1236443312(3,20)
(6,19)41729663(7,19)
(6,19)186346343(6,20)
(7,19)123345293(7,20)
(8,19)1(9,19)
(8,19)1(8,20)
(9,19)552547829(10,19)
(11,19)443037146(12,19)
(11,19)648486807(11,20)
(12,19)1071352197(13,19)
(12,19)1328185860(12,20)
(13,19)939413948(14,19)
(13,19)548460785(13,20)
(14,19)117022737(14,20)
(16,19)899039915(17,19)
(17,19)552952428(17,20)
(18,19)38072952(18,20)
(19,19)386802463(19,20)
(20,19)266074863(21,19)
(21,19)535592325(21,20)
(22,19)658937618(23,19)
(22,19)307804526(22,20)
(23,19)813392688(24,19)
(23,19)152502303(23,20)
(25,19)315012676(26,19)
(26,19)124912562(26,20)
(27,19)758049823(27,20)
(28,19)938295874(28,20)
(29,19)245028722(29,20)
(30,19)72615259(31,19)
(30,19)971134104(30,20)
(31,19)689509695(32,19)
(31,19)842547005(31,20)
(33,19)1009728127(34,19)
(35,19)126173365(36,19)
(36,19)1(37,19)
(36,19)1(36,20)
(37,19)1(38,19)
(39,19)1(40,19)
(40,19)372350082(41,19)
(40,19)885241410(40,20)
(42,19)239293758(42,20)
(43,19)1(43,20)
(45,19)85424595(45,20)
(46,19)633412729(46,20)
(47,19)518601620(47,20)
(48,19)175987386(48,20)
(49,19)467312382(49,20)
(0,20)1213398912(0,21)
(1,20)863338812(1,21)
(3,20)38237953(4,20)
(3,20)740853824(3,21)
(4,20)294637674(5,20)
(5,20)1192131166(5,21)
(7,20)42549410(8,20)
(7,20)952263339(7,21)
(8,20)1(9,20)
(9,20)833880991(10,20)
(9,20)1(9,21)
(10,20)919115627(11,20)
(15,20)1089179837(16,20)
(16,20)193280159(17,20)
(17,20)281268466(17,21)
(18,20)1022122290(19,20)
(19,20)1303766318(19,21)
(20,20)348413837(21,20)
(21,20)349155402(22,20)
(21,20)942683027(21,21)
(23,20)391704812(23,21)
(24,20)750022969(25,20)
(24,20)398656918(24,21)
(25,20)255583788(25,21)
(26,20)1174889375(27,20)
(27,20)1074183305(28,20)
(28,20)874682914(28,21)
(29,20)750463840(30,20)
(31,20)425955244(32,20)
(33,20)1448271502(34,20)
(34,20)847766280(35,20)
(35,20)1(36,20)
(35,20)1(35,21)
(37,20)961591554(38,20)
(37,20)513982505(37,21)
(38,20)905687317(39,20)
(39,20)383294351(39,21)
(40,20)638878139(41,20)
(43,20)540966780(44,20)
(43,20)1(43,21)
(44,20)40877163(45,20)
(47,20)915148202(48,20)
(48,20)700738325(49,20)
(49,20)215936056(49,21)
(0,21)1548504605(1,21)
(1,21)595508283(1,22)
(2,21)597201074(2,22)
(3,21)483895893(3,22)
(4,21)839997863(4,22)
(5,21)160889107(6,21)
(6,21)433481470(7,21)
(6,21)897809850(6,22)
(8,21)11826003(9,21)
(8,21)99765336(8,22)
(9,21)1(10,21)
(9,21)31756331(9,22)
(10,21)1(11,21)
(11,21)1(12,21)
(12,21)1(13,21)
(12,21)1527747921(12,22)
(13,21)1(14,21)
(14,21)1(15,21)
(15,21)1(15,22)
(16,21)1106856814(17,21)
(17,21)175959357(18,21)
(18,21)877136704(18,22)
(20,21)1226284014(20,22)
(22,21)1267612963(23,21)
(24,21)1279438967(24,22)
(25,21)1016400133(26,21)
(25,21)555850593(25,22)
(26,21)340529682(27,21)
(26,21)8691480(26,22)
(28,21)1(29,21)
(28,21)1(28,22)
(29,21)1(30,21)
(30,21)1(31,21)
(31,21)717639029(32,21)
(31,21)1(31,22)
(33,21)1(34,21)
(33,21)1(33,22)
(34,21)1(35,21)
(35,21)485285909(36,21)
(37,21)461896126(37,22)
(38,21)366197780(39,21)
(38,21)600030540(38,22)
(40,21)149060601(41,21)
(40,21)302255766(40,22)
(41,21)310947247(42,21)
(42,21)1(43,21)
(42,21)1(42,22)
(44,21)1046190183(44,22)
(45,21)37587281(46,21)
(45,21)137510717(45,22)
(46,21)207006898(47,21)
(47,21)882561567(48,21)
(49,21)914788198(49,22)
(0,22)1035793533(0,23)
(1,22)1521079442(2,22)
(1,22)516665749(1,23)
(4,22)201689701(5,22)
(4,22)449113865(4,23)
(5,22)181099724(6,22)
(6,22)503945467(6,23)
(7,22)814892714(8,22)
(7,22)929485717(7,23)
(9,22)1353288294(10,22)
(9,22)514795715(9,23)
(11,22)1490799011(11,23)
(13,22)361616504(14,22)
(13,22)706052608(13,23)
(14,22)207393656(15,22)
(15,22)1(16,22)
(16,22)1(16,23)
(17,22)34547593(18,22)
(18,22)1571995148(19,22)
(20,22)821316642(21,22)
(21,22)1(22,22)
(21,22)1(21,23)
(22,22)1(22,23)
(23,22)945039383(23,23)
(26,22)538127194(27,22)
(27,22)837956982(28,22)
(28,22)491536190(29,22)
(28,22)1(28,23)
(30,22)1(31,22)
(30,22)1(30,23)
(31,22)888531275(32,22)
(33,22)1(33,23)
(34,22)480664158(35,22)
(34,22)644518221(34,23)
(35,22)270719422(36,22)
(36,22)1301980800(36,23)
(37,22)400866090(37,23)
(38,22)591788626(38,23)
(39,22)513206895(40,22)
(40,22)277457467(41,22)
(40,22)658256924(40,23)
(41,22)347864180(41,23)
(42,22)1(43,22)
(43,22)1(44,22)
(43,22)707632302(43,23)
(44,22)1(44,23)
(45,22)172113826(45,23)
(46,22)88216682(46,23)
(47,22)62298028(48,22)
(47,22)64861427(47,23)
(48,22)875624041(48,23)
(0,23)1468604454(1,23)
(1,23)1091068621(1,24)
(2,23)628487810(3,23)
(2,23)623101606(2,24)
(3,23)44244126(3,24)
(4,23)1220276436(4,24)
(5,23)1094352989(5,24)
(8,23)67211626(9,23)
(8,23)39911470(8,24)
(9,23)478230499(9,24)
(10,23)237952640(11,23)
(10,23)692095579(10,24)
(11,23)1116059414(11,24)
(12,23)771676734(13,23)
(12,23)326169322(12,24)
(13,23)388467350(14,23)
(14,23)921227454(15,23)
(16,23)1(16,24)
(17,23)1(18,23)
(17,23)1(17,24)
(18,23)1(19,23)
(19,23)711866073(20,23)
(19,23)1(19,24)
(21,23)1(21,24)
(22,23)1(23,23)
(23,23)1(24,23)
(24,23)1(25,23)
(24,23)298941246(24,24)
(25,23)1(26,23)
(26,23)1(26,24)
(27,23)1(28,23)
(27,23)1(27,24)
(28,23)792749715(29,23)
(30,23)1(31,23)
(31,23)1(31,24)
(32,23)808093223(33,23)
(33,23)1(33,24)
(35,23)38662779(35,24)
(36,23)336528536(37,23)
(38,23)568258156(38,24)
(39,23)867199403(40,23)
(42,23)570215137(43,23)
(44,23)1(45,23)
(45,23)1(45,24)
(46,23)849687158(47,23)
(47,23)738300155(47,24)
(49,23)1080146821(49,24)
(0,24)669073376(1,24)
(0,24)1025971509(0,25)
(1,24)344410140(2,24)
(4,24)452880388(5,24)
(5,24)743312048(6,24)
(5,24)653118414(5,25)
(7,24)721069078(8,24)
(7,24)454064628(7,25)
(9,24)847811216(10,24)
(9,24)614518495(9,25)
(10,24)239760969(10,25)
(12,24)254946086(13,24)
(12,24)1331215700(12,25)
(13,24)937082168(14,24)
(15,24)791214329(16,24)
(16,24)1(17,24)
(18,24)649643621(19,24)
(18,24)296409431(18,25)
(19,24)172522076(20,24)
(19,24)1(19,25)
(20,24)1102524009(20,25)
(21,24)446781061(22,24)
(21,24)1(21,25)
(23,24)408073534(24,24)
(24,24)246694870(24,25)
(25,24)486455839(26,24)
(26,24)1(27,24)
(27,24)379173340(28,24)
(28,24)916089765(28,25)
(29,24)681332585(30,24)
(30,24)440855039(30,25)
(31,24)1(32,24)
(32,24)1(33,24)
(32,24)27072145(32,25)
(33,24)323481576(34,24)
(34,24)458662280(35,24)
(35,24)65371719(36,24)
(35,24)496003652(35,25)
(37,24)512152780(37,25)
(38,24)634252881(38,25)
(39,24)880947751(40,24)
(40,24)648443564(41,24)
(41,24)362845546(42,24)
(42,24)875595125(43,24)
(43,24)78193360(44,24)
(43,24)742018887(43,25)
(44,24)143822510(44,25)
(45,24)1(46,24)
(45,24)759525946(45,25)
(46,24)1(47,24)
(47,24)1(47,25)
(48,24)151137640(49,24)
(48,24)545276948(48,25)
(0,25)609799920(1,25)
(2,25)601371578(2,26)
(3,25)1733340506(4,25)
(3,25)85649157(3,26)
(5,25)575420086(6,25)
(6,25)933056335(6,26)
(8,25)670935153(9,25)
(8,25)936446478(8,26)
(10,25)814757663(10,26)
(11,25)1399435213(12,25)
(12,25)1858754997(13,25)
(12,25)898019467(12,26)
(14,25)122839177(15,25)
(14,25)256548298(14,26)
(16,25)1117610210(17,25)
(16,25)732639097(16,26)
(18,25)177829664(18,26)
(19,25)1(19,26)
(21,25)1(21,26)
(22,25)243062114(23,25)
(23,25)461588919(24,25)
(24,25)1161382255(25,25)
(24,25)913997267(24,26)
(26,25)1102910895(27,25)
(26,25)962610124(26,26)
(27,25)980706496(27,26)
(28,25)952408033(29,25)
(28,25)814182244(28,26)
(30,25)909290392(31,25)
(31,25)835403498(31,26)
(32,25)173572831(33,25)
(33,25)57246619(34,25)
(33,25)994413334(33,26)
(35,25)786861888(36,25)
(36,25)377270704(37,25)
(37,25)761905141(37,26)
(38,25)620332818(38,26)
(39,25)1534330086(40,25)
(40,25)1128040542(41,25)
(40,25)1046748884(40,26)
(41,25)1115601369(41,26)
(42,25)83467789(42,26)
(44,25)901232250(44,26)
(46,25)1(47,25)
(46,25)1(46,26)
(48,25)483811805(49,25)
(49,25)8520778(49,26)
(0,26)250609025(1,26)
(0,26)427264580(0,27)
(1,26)1214126468(2,26)
(2,26)315340101(3,26)
(3,26)1253395964(4,26)
(4,26)935672920(4,27)
(5,26)322519358(6,26)
(5,26)905207748(5,27)
(6,26)760663474(6,27)
(7,26)622538834(8,26)
(9,26)197560137(9,27)
(10,26)140693546(10,27)
(11,26)687779395(11,27)
(12,26)1344079822(13,26)
(14,26)26469432(14,27)
(15,26)453734012(16,26)
(16,26)193508660(16,27)
(17,26)109198110(18,26)
(19,26)1(20,26)
(20,26)1(21,26)
(21,26)903380865(21,27)
(22,26)194017944(23,26)
(22,26)6082818(22,27)
(23,26)446041692(23,27)
(24,26)643601829(25,26)
(25,26)842197717(25,27)
(26,26)3728778(26,27)
(28,26)726573286(28,27)
(29,26)753042718(30,26)
(29,26)966454888(29,27)
(30,26)358233977(31,26)
(30,26)1093333255(30,27)
(31,26)1206776731(31,27)
(32,26)727153563(33,26)
(34,26)611150452(35,26)
(34,26)76078357(34,27)
(35,26)1286401389(36,26)
(36,26)817513421(37,26)
(36,26)731468627(36,27)
(37,26)737551445(38,26)
(38,26)1011531365(38,27)
(39,26)445010605(40,26)
(39,26)712866696(39,27)
(40,26)52064121(40,27)
(41,26)55792899(42,26)
(41,26)19183391(41,27)
(42,26)937557877(42,27)
(43,26)1638989477(43,27)
(44,26)457960717(45,26)
(44,26)713479156(44,27)
(45,26)269690233(45,27)
(46,26)1(46,27)
(47,26)1(48,26)
(47,26)1(47,27)
(48,26)194727057(49,26)
(48,26)1(48,27)
(0,27)805877510(1,27)
(0,27)132215237(0,28)
(2,27)569194184(3,27)
(3,27)127413935(4,27)
(3,27)381037226(3,28)
(5,27)840280631(5,28)
(6,27)247861396(7,27)
(8,27)1185419273(8,28)
(9,27)702066788(10,27)
(10,27)173960591(10,28)
(11,27)971757021(11,28)
(12,27)300740338(13,27)
(12,27)663017779(12,28)
(13,27)779460034(13,28)
(14,27)974187092(15,27)
(14,27)356877218(14,28)
(15,27)489092455(16,27)
(16,27)756523905(17,27)
(17,27)1169927091(18,27)
(18,27)141262661(19,27)
(19,27)758959992(20,27)
(21,27)637212499(21,28)
(22,27)237999405(22,28)
(24,27)1206028371(25,27)
(25,27)169090424(26,27)
(26,27)949758840(27,27)
(27,27)2379779(27,28)
(28,27)781839813(29,27)
(29,27)735680522(29,28)
(32,27)349563922(32,28)
(33,27)411051303(33,28)
(35,27)286758356(35,28)
(36,27)923970856(37,27)
(38,27)1458619254(38,28)
(40,27)429272023(40,28)
(43,27)1243240963(44,27)
(43,27)1050509065(43,28)
(44,27)259575456(44,28)
(45,27)703133711(45,28)
(46,27)1(47,27)
(48,27)1(48,28)
(49,27)1256591891(49,28)
(0,28)1228686557(1,28)
(0,28)211802852(0,29)
(2,28)319837456(3,28)
(2,28)779733248(2,29)
(3,28)568779345(4,28)
(4,28)917326926(5,28)
(5,28)1084722150(6,28)
(6,28)824227065(7,28)
(6,28)1346598949(6,29)
(7,28)681238779(8,28)
(7,28)560078013(7,29)
(8,28)37813656(9,28)
(10,28)297389112(10,29)
(11,28)165507825(12,28)
(11,28)615859878(11,29)
(12,28)602199740(12,29)
(13,28)183509619(14,28)
(14,28)942528626(15,28)
(16,28)835968111(17,28)
(16,28)23731536(16,29)
(17,28)803464784(18,28)
(19,28)786778629(20,28)
(20,28)1006004601(21,28)
(20,28)150592432(20,29)
(22,28)284095145(23,28)
(23,28)30946512(23,29)
(24,28)321908801(24,29)
(25,28)619297913(26,28)
(25,28)412443036(25,29)
(27,28)784805738(27,29)
(28,28)59556489(29,28)
(28,28)148798059(28,29)
(30,28)1063991716(31,28)
(30,28)1002085115(30,29)
(31,28)1025816651(32,28)
(32,28)1158399835(33,28)
(33,28)908281746(34,28)
(34,28)1054041917(35,28)
(34,28)391665341(34,29)
(35,28)542257773(36,28)
(36,28)1419077507(37,28)
(39,28)95027760(39,29)
(40,28)507470796(41,28)
(41,28)523787221(42,28)
(41,28)496895718(41,29)
(45,28)195859413(46,28)
(45,28)1315194528(45,29)
(46,28)1(47,28)
(46,28)1(46,29)
(47,28)1(48,28)
(48,28)903473852(49,28)
(0,29)42026364(0,30)
(1,29)584284138(2,29)
(1,29)860384380(1,30)
(2,29)131978239(3,29)
(3,29)1465389531(4,29)
(3,29)476249644(3,30)
(4,29)399161663(5,29)
(7,29)461071612(8,29)
(7,29)62160766(7,30)
(9,29)425239419(9,30)
(10,29)13297430(11,29)
(11,29)160977153(11,30)
(12,29)800421988(13,29)
(12,29)665347158(12,30)
(14,29)711162202(15,29)
(14,29)450783011(14,30)
(15,29)492809376(16,29)
(15,29)235197069(15,30)
(16,29)521194324(16,30)
(17,29)243789317(18,29)
(17,29)1077093514(17,30)
(19,29)915226931(20,29)
(20,29)1122112491(21,29)
(21,29)480491979(21,30)
(22,29)542652745(23,29)
(23,29)351211433(24,29)
(23,29)203377178(23,30)
(24,29)628616597(25,29)
(25,29)276667839(26,29)
(26,29)641914027(26,30)
(28,29)817852122(29,29)
(28,29)158393199(28,30)
(29,29)609176211(30,29)
(29,29)229650602(29,30)
(30,29)464847671(31,29)
(31,29)1101985587(31,30)
(32,29)31595453(33,29)
(33,29)640505160(34,29)
(33,29)146514317(33,30)
(35,29)1389959785(36,29)
(36,29)830322008(36,30)
(37,29)1132265351(37,30)
(38,29)431393167(38,30)
(39,29)170424486(40,29)
(39,29)76566723(39,30)
(41,29)458689505(42,29)
(41,29)447092326(41,30)
(42,29)779015640(42,30)
(43,29)937408840(44,29)
(44,29)127624572(44,30)
(46,29)501086990(47,29)
(46,29)1(46,30)
(48,29)532682443(48,30)
(49,29)366415948(49,30)
(2,30)96926090(2,31)
(3,30)344878895(3,31)
(4,30)94797980(4,31)
(5,30)265222466(6,30)
(6,30)1319892534(7,30)
(7,30)712314792(7,31)
(8,30)22087243(9,30)
(9,30)888833366(10,30)
(10,30)149711815(10,31)
(11,30)287934769(11,31)
(12,30)789021759(13,30)
(16,30)43229608(16,31)
(17,30)140155699(18,30)
(17,30)504455153(17,31)
(18,30)849334048(19,30)
(20,30)382371824(20,31)
(22,30)190783942(23,30)
(22,30)1181177718(22,31)
(24,30)212871185(24,31)
(25,30)362583001(26,30)
(26,30)161886733(27,30)
(26,30)390228735(26,31)
(27,30)21450065(27,31)
(28,30)950908492(28,31)
(29,30)125129047(30,30)
(32,30)575152088(32,31)
(33,30)52208211(33,31)
(34,30)14645291(35,30)
(34,30)623276209(34,31)
(36,30)532800273(37,30)
(37,30)737833111(37,31)
(38,30)278520948(39,30)
(38,30)723584216(38,31)
(39,30)936455401(40,30)
(39,30)42226791(39,31)
(41,30)1299038402(41,31)
(42,30)78065487(42,31)
(43,30)1028973980(44,30)
(44,30)1054417521(45,30)
(44,30)412685845(44,31)
(45,30)281508748(46,30)
(45,30)1154103027(45,31)
(46,30)1(46,31)
(47,30)193561260(47,31)
(48,30)245769471(49,30)
(48,30)197532196(48,31)
(49,30)295794952(49,31)
(0,31)260414762(1,31)
(0,31)820808405(0,32)
(2,31)136345238(2,32)
(3,31)1193453432(4,31)
(3,31)416805901(3,32)
(4,31)695326849(5,31)
(4,31)459026917(4,32)
(6,31)1151858977(7,31)
(7,31)547037073(7,32)
(8,31)1229924465(8,32)
(9,31)111414797(10,31)
(10,31)247019106(11,31)
(10,31)132727737(10,32)
(11,31)414236486(12,31)
(12,31)274061178(12,32)
(13,31)876255338(14,31)
(13,31)607797746(13,32)
(14,31)853567218(15,31)
(15,31)559964812(16,31)
(16,31)374692717(17,31)
(16,31)1113981980(16,32)
(17,31)238937602(17,32)
(18,31)110135418(18,32)
(19,31)569162335(20,31)
(19,31)296297002(19,32)
(21,31)1292575790(22,31)
(22,31)364198079(23,31)
(22,31)536352555(22,32)
(23,31)870488552(23,32)
(24,31)63090137(25,31)
(24,31)84239971(24,32)
(25,31)216967709(26,31)
(26,31)310109244(26,32)
(27,31)584170422(28,31)
(27,31)631204195(27,32)
(28,31)537350204(28,32)
(29,31)276506611(30,31)
(30,31)484992402(31,31)
(31,31)836471423(31,32)
(32,31)859685119(32,32)
(33,31)969820538(34,31)
(33,31)161911062(33,32)
(34,31)458208065(35,31)
(35,31)934739232(36,31)
(37,31)379054197(38,31)
(37,31)79831375(37,32)
(40,31)1013410065(40,32)
(42,31)505270186(43,31)
(42,31)723781731(42,32)
(46,31)1(47,31)
(47,31)417825716(48,31)
(47,31)1(47,32)
(0,32)885704226(0,33)
(1,32)779145480(1,33)
(2,32)1063762253(2,33)
(4,32)703111113(5,32)
(6,32)1168719758(7,32)
(7,32)892556839(8,32)
(9,32)652762922(9,33)
(11,32)883244599(12,32)
(11,32)396304676(11,33)
(12,32)622930997(13,32)
(14,32)99554980(15,32)
(15,32)663186922(16,32)
(15,32)1089523685(15,33)
(17,32)236894195(18,32)
(17,32)336146733(17,33)
(18,32)88937919(19,32)
(20,32)972891018(21,32)
(20,32)792049033(20,33)
(21,32)361086563(22,32)
(21,32)634901203(21,33)
(23,32)1253643403(23,33)
(25,32)665198587(26,32)
(25,32)745294748(25,33)
(28,32)885145621(29,32)
(29,32)618246588(29,33)
(30,32)984700601(30,33)
(31,32)157832544(32,32)
(31,32)57716392(31,33)
(32,32)393863125(33,32)
(33,32)394726739(33,33)
(34,32)482801045(34,33)
(35,32)407602271(35,33)
(36,32)1042503474(37,32)
(36,32)899844755(36,33)
(37,32)893971884(38,32)
(38,32)742096396(39,32)
(39,32)93060951(40,32)
(40,32)501019074(40,33)
(41,32)758259539(41,33)
(42,32)159219078(43,32)
(42,32)372527378(42,33)
(43,32)902222026(43,33)
(44,32)1520468615(45,32)
(44,32)1044364699(44,33)
(46,32)1080755241(46,33)
(47,32)362227384(48,32)
(47,32)1(47,33)
(48,32)434140936(49,32)
(0,33)361094674(1,33)
(0,33)318484184(0,34)
(2,33)802796503(3,33)
(3,33)7427665(4,33)
(3,33)1081787255(3,34)
(5,33)640544520(5,34)
(6,33)177419078(6,34)
(7,33)163271947(8,33)
(7,33)275866318(7,34)
(8,33)435085396(9,33)
(8,33)243999853(8,34)
(9,33)233574005(10,33)
(9,33)1065493973(9,34)
(10,33)438478940(11,33)
(11,33)1361031748(12,33)
(12,33)1206981288(13,33)
(14,33)1042664427(14,34)
(16,33)994445351(17,33)
(16,33)48197908(16,34)
(17,33)1309137337(18,33)
(17,33)806999225(17,34)
(19,33)1221787682(20,33)
(21,33)739394461(21,34)
(22,33)1015260779(23,33)
(24,33)823887835(25,33)
(25,33)782312622(26,33)
(25,33)158672207(25,34)
(27,33)634117309(28,33)
(28,33)983331122(28,34)
(29,33)368095227(29,34)
(30,33)1083409902(30,34)
(32,33)449209253(32,34)
(33,33)98967460(34,33)
(33,33)293261500(33,34)
(35,33)1205665406(36,33)
(37,33)800787320(37,34)
(38,33)559181182(39,33)
(38,33)927926734(38,34)
(39,33)230789261(40,33)
(40,33)1184321137(41,33)
(41,33)497952144(42,33)
(41,33)1013101883(41,34)
(42,33)960670971(42,34)
(44,33)257785627(44,34)
(45,33)1341195529(46,33)
(46,33)914690858(47,33)
(46,33)954928582(46,34)
(47,33)1(47,34)
(48,33)618581192(49,33)
(48,33)813866947(48,34)
(0,34)80924047(1,34)
(0,34)454345869(0,35)
(1,34)676376790(1,35)
(2,34)589042745(3,34)
(3,34)453443504(4,34)
(3,34)313314947(3,35)
(4,34)872496129(5,34)
(6,34)515929924(7,34)
(6,34)108081498(6,35)
(9,34)1273119341(10,34)
(10,34)1090784129(11,34)
(11,34)1073837090(12,34)
(11,34)948149687(11,35)
(13,34)1302366899(14,34)
(14,34)529223845(14,35)
(15,34)983569714(16,34)
(15,34)657988547(15,35)
(17,34)496097341(17,35)
(18,34)809412289(19,34)
(19,34)1292893913(20,34)
(20,34)1236607089(21,34)
(21,34)893169005(21,35)
(22,34)1506545981(23,34)
(23,34)248539912(23,35)
(24,34)981401915(24,35)
(25,34)714043476(26,34)
(25,34)207289954(25,35)
(26,34)929943489(26,35)
(27,34)828172553(28,34)
(28,34)1039553701(29,34)
(28,34)870796539(28,35)
(30,34)641044352(31,34)
(31,34)236106451(31,35)
(32,34)732203793(33,34)
(33,34)165057551(33,35)
(34,34)1541616082(34,35)
(35,34)1076040852(36,34)
(35,34)896744389(35,35)
(36,34)1159179296(36,35)
(37,34)764232661(38,34)
(37,34)718547121(37,35)
(38,34)967087033(39,34)
(40,34)806246394(40,35)
(41,34)696937471(41,35)
(42,34)337334389(43,34)
(43,34)416878788(43,35)
(44,34)399934593(45,34)
(44,34)1376888090(44,35)
(45,34)139212470(46,34)
(46,34)1040978945(46,35)
(47,34)1(48,34)
(48,34)1(48,35)
(49,34)472755462(49,35)
(1,35)475466029(2,35)
(2,35)99524277(2,36)
(3,35)863756938(4,35)
(4,35)13616536(5,35)
(4,35)13421679(4,36)
(6,35)467853441(7,35)
(6,35)819862930(6,36)
(7,35)408569166(8,35)
(7,35)693253145(7,36)
(8,35)1030587534(9,35)
(9,35)825447954(9,36)
(10,35)259991977(10,36)
(11,35)399204447(12,35)
(11,35)350414571(11,36)
(12,35)118877844(12,36)
(13,35)987782831(14,35)
(14,35)417176092(15,35)
(15,35)1460538293(15,36)
(16,35)682554497(17,35)
(18,35)697700622(19,35)
(19,35)320802289(19,36)
(20,35)882962502(21,35)
(20,35)711317158(20,36)
(22,35)249990946(23,35)
(23,35)732318607(24,35)
(24,35)617713561(25,35)
(24,35)1280578481(24,36)
(26,35)248681603(27,35)
(28,35)1191694575(29,35)
(29,35)802273136(29,36)
(30,35)115327782(31,35)
(31,35)676686479(31,36)
(32,35)180373950(33,35)
(32,35)797882279(32,36)
(33,35)344882728(34,35)
(33,35)423437091(33,36)
(34,35)744239380(35,35)
(34,35)878074572(34,36)
(37,35)830534178(38,35)
(37,35)973088171(37,36)
(38,35)765353778(39,35)
(39,35)992612084(40,35)
(41,35)385698894(41,36)
(42,35)177990151(43,35)
(43,35)893170106(43,36)
(44,35)1369684726(44,36)
(45,35)831071746(46,35)
(45,35)1082967935(45,36)
(47,35)461169656(48,35)
(48,35)1(49,35)
(49,35)1(49,36)
(0,36)670619288(1,36)
(1,36)817656311(2,36)
(2,36)711357240(3,36)
(3,36)112527370(4,36)
(4,36)297374545(5,36)
(5,36)173399897(6,36)
(7,36)1127908723(8,36)
(10,36)543277860(11,36)
(12,36)1086553012(13,36)
(14,36)1263744479(15,36)
(15,36)17749165(16,36)
(17,36)1441734631(18,36)
(18,36)910919272(19,36)
(19,36)1001218347(20,36)
(20,36)663935709(21,36)
(21,36)458878867(22,36)
(23,36)1495007455(24,36)
(24,36)122166244(25,36)
(26,36)1144987294(27,36)
(27,36)583335900(28,36)
(28,36)1488901764(29,36)
(29,36)1218404225(30,36)
(31,36)12037404(32,36)
(34,36)124564775(35,36)
(35,36)185951433(36,36)
(36,36)126661774(37,36)
(37,36)1210180317(38,36)
(39,36)12095274(40,36)
(40,36)913665989(41,36)
(42,36)890140859(43,36)
(45,36)6401691(46,36)
(47,36)1133283849(48,36)
(48,36)1448136322(49,36)
