10 200
(0,0)1177220057(0,1)
(1,0)542653442(2,0)
(1,0)708351959(1,1)
(2,0)811084115(2,1)
(3,0)615503814(3,1)
(4,0)757537093(5,0)
(4,0)270741611(4,1)
(5,0)309577175(5,1)
(6,0)152526327(7,0)
(7,0)183158772(8,0)
(7,0)1296856901(7,1)
(8,0)1053250594(9,0)
(0,1)789163735(1,1)
(0,1)227783239(0,2)
(1,1)585373693(1,2)
(2,1)489461291(3,1)
(3,1)1287270533(4,1)
(3,1)273044490(3,2)
(5,1)414325353(6,1)
(5,1)937134762(5,2)
(6,1)876777740(7,1)
(6,1)211600364(6,2)
(7,1)754253806(8,1)
(8,1)591131690(9,1)
(0,2)989676093(0,3)
(1,2)1299253268(2,2)
(2,2)66744796(2,3)
(4,2)768063491(5,2)
(5,2)269368643(5,3)
(6,2)995846731(6,3)
(7,2)264012068(8,2)
(8,2)386739209(9,2)
(8,2)222087736(8,3)
(9,2)537056558(9,3)
(1,3)299009383(2,3)
(3,3)1089491344(4,3)
(4,3)716165331(5,3)
(4,3)537291035(4,4)
(6,3)395012687(7,3)
(7,3)857611045(8,3)
(8,3)461757483(8,4)
(9,3)161906993(9,4)
(0,4)487883151(1,4)
(1,4)929970484(1,5)
(2,4)1925817215(3,4)
(3,4)1005776553(3,5)
(4,4)42345636(4,5)
(5,4)579402194(6,4)
(5,4)83804503(5,5)
(6,4)589738910(6,5)
(7,4)888748294(8,4)
(7,4)150839059(7,5)
(0,5)471167323(1,5)
(0,5)692598556(0,6)
(1,5)225737942(2,5)
(1,5)633217101(1,6)
(2,5)191574878(3,5)
(2,5)230732331(2,6)
(3,5)620750629(3,6)
(4,5)1049185923(4,6)
(6,5)760383644(6,6)
(7,5)707627819(8,5)
(9,5)1713404372(9,6)
(0,6)1050636274(0,7)
(2,6)393661150(2,7)
(3,6)544500210(4,6)
(3,6)770733958(3,7)
(4,6)1(5,6)
(4,6)1(4,7)
(5,6)1(6,6)
(5,6)478376498(5,7)
(6,6)1(7,6)
(7,6)1(7,7)
(8,6)866632319(9,6)
(8,6)1180276153(8,7)
(0,7)1150384557(0,8)
(1,7)68801364(2,7)
(1,7)847952764(1,8)
(4,7)1(4,8)
(5,7)744920583(5,8)
(6,7)559179539(7,7)
(7,7)866265706(8,7)
(7,7)1(7,8)
(9,7)1636999665(9,8)
(2,8)929796915(3,8)
(3,8)605912945(4,8)
(4,8)1(4,9)
(6,8)960954634(6,9)
(7,8)1(7,9)
(8,8)148741113(9,8)
(8,8)72823722(8,9)
(0,9)317221693(1,9)
(0,9)1045830985(0,10)
(2,9)1(3,9)
(2,9)1(2,10)
(3,9)1(4,9)
(3,9)202447459(3,10)
(5,9)344035910(5,10)
(6,9)1(7,9)
(6,9)1(6,10)
(7,9)333379150(8,9)
(8,9)66806730(9,9)
(8,9)163906578(8,10)
(9,9)1111156722(9,10)
(0,10)1(1,10)
(0,10)769819523(0,11)
(1,10)1(2,10)
(1,10)921726799(1,11)
(3,10)669121610(4,10)
(4,10)764953784(4,11)
(5,10)817862723(5,11)
(6,10)1135084417(7,10)
(6,10)1(6,11)
(7,10)455857078(7,11)
(8,10)1186707415(8,11)
(9,10)152647438(9,11)
(2,11)579000867(2,12)
(3,11)196120067(3,12)
(4,11)360026645(5,11)
(6,11)1(6,12)
(9,11)413004661(9,12)
(0,12)384527931(1,12)
(0,12)574469947(0,13)
(1,12)1392332671(2,12)
(3,12)379933440(3,13)
(4,12)1566640855(5,12)
(5,12)83885211(6,12)
(6,12)641788687(7,12)
(6,12)1(6,13)
(8,12)1057418136(9,12)
(8,12)1220789554(8,13)
(0,13)1056394624(1,13)
(0,13)936800236(0,14)
(1,13)719617649(2,13)
(2,13)687252163(3,13)
(2,13)19044187(2,14)
(3,13)643732729(3,14)
(4,13)549081067(5,13)
(5,13)177500485(6,13)
(6,13)1(6,14)
(7,13)368400037(8,13)
(9,13)748333477(9,14)
(1,14)861014574(2,14)
(1,14)167490684(1,15)
(3,14)1239587796(4,14)
(4,14)576109168(5,14)
(4,14)354423905(4,15)
(5,14)149522284(5,15)
(6,14)1(7,14)
(7,14)1(8,14)
(8,14)1(8,15)
(9,14)728776135(9,15)
(0,15)1128381644(0,16)
(1,15)651376339(2,15)
(2,15)253924569(3,15)
(3,15)558898966(3,16)
(4,15)622324606(4,16)
(6,15)1334073394(7,15)
(7,15)211382033(8,15)
(8,15)743829743(9,15)
(8,15)1(8,16)
(0,16)273944541(0,17)
(1,16)423466825(2,16)
(1,16)142810815(1,17)
(4,16)706861181(5,16)
(5,16)322056114(6,16)
(6,16)1264168455(7,16)
(7,16)339135516(8,16)
(8,16)1(8,17)
(9,16)898034482(9,17)
(0,17)328678844(1,17)
(0,17)592690123(0,18)
(1,17)15398082(2,17)
(1,17)871311462(1,18)
(2,17)221678920(3,17)
(3,17)1090002048(4,17)
(4,17)383828222(5,17)
(4,17)433060953(4,18)
(6,17)784601792(7,17)
(6,17)657772763(6,18)
(7,17)1(8,17)
(7,17)1(7,18)
(9,17)563139673(9,18)
(0,18)1193924850(0,19)
(1,18)749652419(2,18)
(1,18)1270000854(1,19)
(2,18)957760031(3,18)
(4,18)868963405(5,18)
(5,18)47446382(6,18)
(5,18)872413635(5,19)
(7,18)1(7,19)
(8,18)1140436765(9,18)
(8,18)752945759(8,19)
(9,18)679039440(9,19)
(1,19)1529295951(2,19)
(1,19)1062867662(1,20)
(3,19)166414095(3,20)
(4,19)654396365(4,20)
(6,19)610733690(7,19)
(6,19)647513993(6,20)
(7,19)1(7,20)
(8,19)176879771(8,20)
(9,19)1263503638(9,20)
(0,20)447225176(1,20)
(1,20)67869156(2,20)
(2,20)494671559(2,21)
(3,20)1268961635(3,21)
(4,20)776204887(4,21)
(5,20)406382520(5,21)
(7,20)1099183856(8,20)
(7,20)1(7,21)
(0,21)598181483(1,21)
(0,21)974006997(0,22)
(1,21)193167072(2,21)
(1,21)719187094(1,22)
(3,21)1(4,21)
(3,21)1(3,22)
(4,21)980780534(5,21)
(4,21)1(4,22)
(6,21)176236055(6,22)
(7,21)1(8,21)
(8,21)1164024162(9,21)
(8,21)1(8,22)
(0,22)1513942886(0,23)
(2,22)1(3,22)
(2,22)1(2,23)
(4,22)1(5,22)
(5,22)1(6,22)
(6,22)1(7,22)
(7,22)1(8,22)
(8,22)1113081192(9,22)
(9,22)834486444(9,23)
(1,23)995722409(2,23)
(2,23)1(2,24)
(3,23)601564333(3,24)
(4,23)702077815(5,23)
(4,23)88124597(4,24)
(5,23)195796641(5,24)
(6,23)68537053(6,24)
(7,23)841198388(7,24)
(8,23)1236531771(8,24)
(0,24)707666192(0,25)
(1,24)122585732(2,24)
(1,24)457512421(1,25)
(2,24)1(3,24)
(2,24)734848603(2,25)
(3,24)1(4,24)
(3,24)135686754(3,25)
(4,24)1(4,25)
(5,24)1160003154(6,24)
(7,24)502366074(8,24)
(7,24)827786485(7,25)
(8,24)671805871(9,24)
(8,24)490676537(8,25)
(9,24)1103930407(9,25)
(0,25)759930468(1,25)
(2,25)213638264(2,26)
(4,25)1(5,25)
(5,25)1162541250(6,25)
(5,25)1(5,26)
(6,25)266101836(7,25)
(8,25)1000950439(8,26)
(0,26)93017763(1,26)
(0,26)1482179147(0,27)
(1,26)929005399(2,26)
(2,26)1232923464(3,26)
(4,26)448489585(5,26)
(5,26)691736298(6,26)
(5,26)1(5,27)
(7,26)350260873(7,27)
(8,26)77322502(9,26)
(0,27)486051363(0,28)
(1,27)1191981255(2,27)
(1,27)339291426(1,28)
(2,27)808304192(2,28)
(3,27)280874215(4,27)
(4,27)311549883(5,27)
(5,27)1(5,28)
(6,27)141393031(7,27)
(7,27)575250781(8,27)
(8,27)42375304(9,27)
(9,27)533063829(9,28)
(0,28)1327737703(0,29)
(1,28)981553414(1,29)
(2,28)952492014(3,28)
(2,28)321917493(2,29)
(3,28)672178367(4,28)
(3,28)1150443774(3,29)
(4,28)581658485(5,28)
(4,28)641676271(4,29)
(5,28)37648227(6,28)
(5,28)1(5,29)
(6,28)395263811(7,28)
(7,28)112207455(8,28)
(7,28)376939653(7,29)
(8,28)219733094(9,28)
(2,29)1066753617(2,30)
(5,29)1(6,29)
(6,29)1(6,30)
(8,29)275478554(9,29)
(9,29)1037222329(9,30)
(0,30)917154826(1,30)
(0,30)542857816(0,31)
(1,30)1292358685(2,30)
(2,30)539107014(3,30)
(2,30)954803053(2,31)
(4,30)743706852(5,30)
(4,30)651314470(4,31)
(5,30)74121369(6,30)
(6,30)1240090082(7,30)
(6,30)1(6,31)
(8,30)159360051(8,31)
(9,30)1140209782(9,31)
(0,31)1292416908(1,31)
(0,31)35565507(0,32)
(2,31)15261827(3,31)
(5,31)939262710(6,31)
(6,31)1(7,31)
(7,31)1(7,32)
(8,31)1(9,31)
(8,31)1(8,32)
(9,31)1(9,32)
(0,32)1601081361(1,32)
(0,32)288532067(0,33)
(1,32)1492649874(1,33)
(2,32)1573315298(3,32)
(3,32)932614302(3,33)
(4,32)1039314562(4,33)
(5,32)32040696(6,32)
(5,32)672761196(5,33)
(6,32)1127539860(6,33)
(7,32)1(8,32)
(9,32)1(9,33)
(0,33)555864712(0,34)
(2,33)802472568(2,34)
(3,33)1213132444(4,33)
(4,33)1041922803(5,33)
(5,33)15415687(5,34)
(7,33)1022979090(8,33)
(8,33)1(9,33)
(8,33)1(8,34)
(0,34)480413363(0,35)
(1,34)1153174559(2,34)
(1,34)900084097(1,35)
(3,34)970869015(3,35)
(4,34)422413505(5,34)
(4,34)961826438(4,35)
(5,34)1581804968(5,35)
(6,34)978278217(6,35)
(7,34)766458058(8,34)
(8,34)1(8,35)
(9,34)704107853(9,35)
(0,35)315178366(1,35)
(2,35)1(3,35)
(2,35)1(2,36)
(3,35)1177610361(4,35)
(3,35)1(3,36)
(6,35)274711124(6,36)
(7,35)512691161(7,36)
(8,35)1(9,35)
(8,35)803430642(8,36)
(9,35)1(9,36)
(0,36)276582486(0,37)
(1,36)673684557(1,37)
(2,36)1(2,37)
(3,36)1(4,36)
(4,36)1(4,37)
(5,36)975045037(6,36)
(6,36)421574921(6,37)
(7,36)573592045(7,37)
(9,36)1(9,37)
(0,37)835319050(0,38)
(1,37)1(2,37)
(1,37)1(1,38)
(2,37)469217315(3,37)
(2,37)919698307(2,38)
(4,37)1(5,37)
(5,37)1(6,37)
(6,37)1(6,38)
(7,37)1(8,37)
(7,37)1(7,38)
(8,37)1(9,37)
(0,38)449991271(1,38)
(1,38)1(1,39)
(3,38)896804626(3,39)
(4,38)554513315(5,38)
(4,38)677013520(4,39)
(6,38)1(7,38)
(8,38)1740945457(9,38)
(8,38)1433044532(8,39)
(9,38)1456171863(9,39)
(0,39)717950353(0,40)
(1,39)1(2,39)
(2,39)1(3,39)
(3,39)1(4,39)
(4,39)1(4,40)
(5,39)172485433(6,39)
(5,39)197600610(5,40)
(6,39)647591881(7,39)
(6,39)815810264(6,40)
(7,39)825280881(7,40)
(9,39)804296606(9,40)
(0,40)429181122(1,40)
(1,40)1130027877(2,40)
(2,40)601158638(3,40)
(3,40)630647566(4,40)
(4,40)928934986(5,40)
(4,40)1(4,41)
(5,40)224109375(5,41)
(8,40)1058645747(8,41)
(9,40)1323172179(9,41)
(0,41)493440572(1,41)
(0,41)1077192271(0,42)
(1,41)1274792881(2,41)
(1,41)242277976(1,42)
(2,41)1058088241(3,41)
(2,41)665926005(2,42)
(4,41)1(4,42)
(6,41)1623818551(6,42)
(7,41)606362780(8,41)
(7,41)981203100(7,42)
(9,41)102253234(9,42)
(1,42)1031188220(1,43)
(2,42)530589912(3,42)
(3,42)846355290(4,42)
(4,42)364584613(5,42)
(4,42)1(4,43)
(5,42)564183497(5,43)
(6,42)1057624069(7,42)
(6,42)1441776884(6,43)
(7,42)569086117(8,42)
(8,42)901733996(9,42)
(9,42)343987231(9,43)
(0,43)1067273313(0,44)
(1,43)163164153(2,43)
(1,43)44032887(1,44)
(3,43)323426848(4,43)
(4,43)1(4,44)
(5,43)228983804(6,43)
(6,43)234350107(6,44)
(7,43)1260172024(7,44)
(8,43)1021210099(8,44)
(9,43)1426520951(9,44)
(0,44)68957536(1,44)
(1,44)284265238(2,44)
(2,44)1085398801(3,44)
(4,44)1(5,44)
(5,44)1(5,45)
(6,44)135535634(7,44)
(7,44)909552(8,44)
(0,45)1689603397(1,45)
(1,45)408856821(1,46)
(2,45)643206928(3,45)
(3,45)1031275577(4,45)
(4,45)1(5,45)
(4,45)1(4,46)
(5,45)674553866(5,46)
(6,45)743511402(7,45)
(7,45)90556981(8,45)
(8,45)624363385(9,45)
(8,45)413836716(8,46)
(0,46)131364656(1,46)
(1,46)343512851(2,46)
(1,46)202918374(1,47)
(2,46)40663772(3,46)
(4,46)1(4,47)
(5,46)1440247374(5,47)
(6,46)982367123(7,46)
(7,46)139575814(7,47)
(8,46)753470676(8,47)
(9,46)529968819(9,47)
(0,47)1399088107(1,47)
(1,47)311816471(2,47)
(1,47)616178822(1,48)
(2,47)422470565(3,47)
(3,47)833395359(4,47)
(3,47)1055327873(3,48)
(4,47)1(4,48)
(6,47)1589123401(7,47)
(6,47)1396972376(6,48)
(7,47)908561(7,48)
(8,47)41572334(9,47)
(9,47)72050065(9,48)
(0,48)83145658(1,48)
(1,48)741614832(2,48)
(1,48)28857934(1,49)
(4,48)1(5,48)
(5,48)1(5,49)
(7,48)279048060(8,48)
(7,48)250484942(7,49)
(8,48)672955508(9,48)
(9,48)1334375933(9,49)
(0,49)1185983055(1,49)
(1,49)656056875(1,50)
(2,49)983973242(2,50)
(3,49)1(4,49)
(3,49)1(3,50)
(4,49)1(5,49)
(6,49)1109599796(7,49)
(7,49)334543852(8,49)
(8,49)923464448(8,50)
(0,50)638128164(1,50)
(0,50)876904913(0,51)
(1,50)241011142(1,51)
(2,50)208242730(3,50)
(2,50)272434285(2,51)
(3,50)1(4,50)
(4,50)735730581(5,50)
(4,50)1(4,51)
(6,50)234374142(7,50)
(6,50)703900734(6,51)
(7,50)330239951(7,51)
(8,50)235785555(9,50)
(8,50)1218347385(8,51)
(9,50)849914635(9,51)
(0,51)55745541(0,52)
(2,51)734405217(3,51)
(3,51)44315827(3,52)
(4,51)1(5,51)
(5,51)979991228(6,51)
(5,51)1(5,52)
(7,51)1221002370(7,52)
(9,51)763801801(9,52)
(1,52)920048797(2,52)
(2,52)55949468(3,52)
(3,52)1154422939(3,53)
(4,52)225286676(5,52)
(4,52)38295452(4,53)
(5,52)888210087(6,52)
(5,52)1(5,53)
(6,52)281032217(6,53)
(8,52)616607853(9,52)
(8,52)1196007198(8,53)
(0,53)100392367(0,54)
(1,53)227844351(1,54)
(2,53)518064502(2,54)
(5,53)1(5,54)
(6,53)789880568(7,53)
(6,53)540301492(6,54)
(8,53)233115887(8,54)
(9,53)467289580(9,54)
(0,54)6591157(0,55)
(1,54)15851983(2,54)
(1,54)692576257(1,55)
(2,54)973608474(3,54)
(2,54)186197451(2,55)
(3,54)68400087(4,54)
(4,54)189356723(4,55)
(5,54)1(5,55)
(6,54)223081215(7,54)
(8,54)741145718(8,55)
(9,54)1061802459(9,55)
(0,55)837686597(1,55)
(0,55)332728942(0,56)
(2,55)270747734(3,55)
(2,55)689380305(2,56)
(4,55)229070074(5,55)
(5,55)1(6,55)
(6,55)598285670(7,55)
(6,55)1(6,56)
(7,55)251513215(8,55)
(9,55)10958761(9,56)
(0,56)852883209(0,57)
(1,56)966411506(1,57)
(3,56)1033131359(4,56)
(4,56)354634435(5,56)
(5,56)1(6,56)
(5,56)1(5,57)
(7,56)113951534(7,57)
(8,56)384699268(9,56)
(8,56)15025657(8,57)
(1,57)118461259(1,58)
(2,57)354122491(3,57)
(2,57)19217598(2,58)
(3,57)762697811(4,57)
(4,57)443731856(5,57)
(5,57)616594468(6,57)
(5,57)1(5,58)
(6,57)91264612(7,57)
(7,57)687022567(8,57)
(8,57)1457778943(9,57)
(9,57)300511285(9,58)
(0,58)332778532(0,59)
(1,58)968220935(2,58)
(1,58)655145720(1,59)
(3,58)293866287(3,59)
(4,58)308891944(5,58)
(5,58)1(6,58)
(6,58)1(6,59)
(7,58)1425487062(8,58)
(7,58)1243798540(7,59)
(9,58)1084735797(9,59)
(0,59)56073090(1,59)
(0,59)264383274(0,60)
(1,59)596686124(2,59)
(2,59)677599071(3,59)
(3,59)108189884(4,59)
(3,59)687950736(3,60)
(5,59)1565968828(5,60)
(6,59)197966956(7,59)
(6,59)1(6,60)
(7,59)1288597377(8,59)
(7,59)172794996(7,60)
(0,60)603766543(1,60)
(0,60)490408978(0,61)
(1,60)4563200(2,60)
(3,60)825418716(4,60)
(4,60)1386399373(4,61)
(5,60)1(6,60)
(5,60)1(5,61)
(8,60)382234600(9,60)
(8,60)1004596749(8,61)
(9,60)537736664(9,61)
(0,61)1112786634(0,62)
(1,61)531271814(2,61)
(1,61)525334573(1,62)
(2,61)845711015(3,61)
(3,61)729238770(3,62)
(5,61)1(5,62)
(6,61)433118124(6,62)
(7,61)437681324(8,61)
(8,61)990507677(8,62)
(0,62)512988404(1,62)
(1,62)1060912565(1,63)
(2,62)314012368(3,62)
(2,62)836639927(2,63)
(3,62)541275455(4,62)
(3,62)276228037(3,63)
(4,62)163798296(4,63)
(5,62)1(6,62)
(6,62)522882646(7,62)
(6,62)1(6,63)
(7,62)777399587(8,62)
(9,62)1506638357(9,63)
(0,63)1077205025(0,64)
(3,63)1143729837(3,64)
(4,63)172663303(4,64)
(5,63)97375692(6,63)
(6,63)1(7,63)
(7,63)1(7,64)
(8,63)1472300626(9,63)
(8,63)1123104138(8,64)
(0,64)1636098922(1,64)
(1,64)440406001(2,64)
(2,64)190150234(2,65)
(3,64)963288647(3,65)
(4,64)603193161(5,64)
(4,64)32591995(4,65)
(6,64)1254038314(7,64)
(7,64)1(7,65)
(8,64)576076186(9,64)
(8,64)587764720(8,65)
(9,64)411486710(9,65)
(0,65)748739489(1,65)
(1,65)1008127301(2,65)
(1,65)398240577(1,66)
(2,65)53437189(3,65)
(2,65)846115181(2,66)
(4,65)270212002(5,65)
(6,65)817835691(7,65)
(7,65)1(8,65)
(7,65)685204428(7,66)
(8,65)1(8,66)
(0,66)277522044(0,67)
(3,66)205829744(4,66)
(3,66)726193379(3,67)
(4,66)594667169(4,67)
(5,66)1006153879(6,66)
(5,66)781905931(5,67)
(6,66)401125946(6,67)
(8,66)1(8,67)
(9,66)556361112(9,67)
(0,67)86196745(0,68)
(1,67)826573114(1,68)
(2,67)613681062(3,67)
(2,67)639420439(2,68)
(3,67)85769205(3,68)
(4,67)1093755130(5,67)
(4,67)841195011(4,68)
(7,67)843432239(8,67)
(8,67)857936365(9,67)
(8,67)1(8,68)
(0,68)808575819(0,69)
(1,68)736100069(1,69)
(2,68)311273765(2,69)
(4,68)398995615(4,69)
(5,68)955356727(6,68)
(5,68)1026016220(5,69)
(7,68)557050735(8,68)
(8,68)248127256(9,68)
(8,68)1(8,69)
(9,68)642819940(9,69)
(0,69)1089322267(1,69)
(1,69)1070880231(2,69)
(3,69)504862297(4,69)
(3,69)161407120(3,70)
(4,69)764153195(5,69)
(5,69)1225942807(6,69)
(6,69)667918548(7,69)
(7,69)1015727116(8,69)
(8,69)1(8,70)
(0,70)1350780859(1,70)
(0,70)547376887(0,71)
(1,70)1044807467(1,71)
(2,70)186441040(3,70)
(2,70)158653938(2,71)
(4,70)43923632(5,70)
(4,70)743491776(4,71)
(5,70)41227387(5,71)
(6,70)1130549655(7,70)
(7,70)1(8,70)
(7,70)1(7,71)
(9,70)1082069509(9,71)
(0,71)461764531(0,72)
(2,71)670548083(2,72)
(3,71)344998093(3,72)
(4,71)139711538(4,72)
(6,71)640189767(7,71)
(7,71)1(7,72)
(8,71)1212847036(9,71)
(8,71)798843705(8,72)
(9,71)712683080(9,72)
(0,72)591943836(0,73)
(1,72)633171224(2,72)
(1,72)756606712(1,73)
(2,72)606388870(3,72)
(2,72)1195166881(2,73)
(3,72)23086372(4,72)
(5,72)461637120(6,72)
(6,72)34903997(6,73)
(7,72)1(7,73)
(9,72)56981636(9,73)
(0,73)411635132(0,74)
(2,73)1105255689(3,73)
(3,73)341233807(3,74)
(4,73)1140077512(5,73)
(4,73)255248795(4,74)
(5,73)967931875(6,73)
(7,73)1(8,73)
(8,73)183443809(9,73)
(8,73)1(8,74)
(0,74)524548469(0,75)
(1,74)335922929(2,74)
(2,74)24648541(2,75)
(3,74)185024718(4,74)
(5,74)1358438444(6,74)
(6,74)1040941103(7,74)
(7,74)592126839(7,75)
(8,74)1697382529(9,74)
(8,74)1(8,75)
(0,75)878688433(0,76)
(1,75)376128485(2,75)
(2,75)1(3,75)
(2,75)1(2,76)
(3,75)1(4,75)
(4,75)1(5,75)
(5,75)1(6,75)
(5,75)533578301(5,76)
(6,75)1(7,75)
(7,75)1(7,76)
(8,75)1(8,76)
(9,75)636259861(9,76)
(0,76)306262980(0,77)
(1,76)154690347(1,77)
(2,76)84755964(3,76)
(2,76)1(2,77)
(3,76)702227440(4,76)
(3,76)816589401(3,77)
(5,76)252126321(5,77)
(6,76)57273998(7,76)
(7,76)1(8,76)
(8,76)830353550(8,77)
(9,76)52958143(9,77)
(0,77)264772693(1,77)
(1,77)236843941(1,78)
(2,77)1(2,78)
(3,77)1169085828(4,77)
(5,77)478411618(6,77)
(6,77)90673659(6,78)
(7,77)633101965(7,78)
(8,77)717857929(9,77)
(9,77)682911358(9,78)
(0,78)1(1,78)
(0,78)1(0,79)
(1,78)1(2,78)
(2,78)121932638(2,79)
(3,78)640165342(3,79)
(4,78)163569282(4,79)
(5,78)216527426(6,78)
(5,78)272667793(5,79)
(6,78)537440486(7,78)
(7,78)70105980(8,78)
(7,78)453371367(7,79)
(9,78)1880762044(9,79)
(0,79)1240801332(1,79)
(0,79)1(0,80)
(3,79)204831267(4,79)
(3,79)857640923(3,80)
(4,79)486178505(5,79)
(5,79)157596049(6,79)
(6,79)816943527(6,80)
(7,79)1399834871(8,79)
(0,80)1(0,81)
(1,80)526092232(2,80)
(2,80)129356480(2,81)
(3,80)582727847(4,80)
(4,80)466876008(5,80)
(7,80)231025419(8,80)
(8,80)795994927(9,80)
(8,80)646424410(8,81)
(0,81)270679617(1,81)
(0,81)1(0,82)
(2,81)1(3,81)
(2,81)1(2,82)
(3,81)1(4,81)
(4,81)1(5,81)
(5,81)1(5,82)
(6,81)1(7,81)
(6,81)1(6,82)
(7,81)1(7,82)
(8,81)175945903(8,82)
(9,81)9301457(9,82)
(0,82)1(1,82)
(0,82)758673751(0,83)
(1,82)1(2,82)
(1,82)476177465(1,83)
(3,82)970555808(4,82)
(4,82)166203397(5,82)
(5,82)1(6,82)
(7,82)1(7,83)
(8,82)359356631(9,82)
(8,82)318022371(8,83)
(0,83)702522969(0,84)
(1,83)836283338(2,83)
(2,83)360206497(3,83)
(3,83)882872762(3,84)
(4,83)1058818665(5,83)
(5,83)1462760340(6,83)
(5,83)468676139(5,84)
(6,83)729140283(7,83)
(7,83)1(8,83)
(8,83)1306936747(9,83)
(8,83)1(8,84)
(0,84)905961109(1,84)
(2,84)966017753(3,84)
(4,84)1309455868(5,84)
(5,84)1089248685(6,84)
(7,84)1(8,84)
(7,84)1(7,85)
(8,84)1242501525(9,84)
(0,85)548476760(1,85)
(1,85)494986307(1,86)
(2,85)164995075(3,85)
(3,85)216983873(3,86)
(4,85)1(5,85)
(4,85)1(4,86)
(5,85)1(6,85)
(5,85)962144357(5,86)
(6,85)1(6,86)
(7,85)1(7,86)
(8,85)1124503084(9,85)
(9,85)9820470(9,86)
(0,86)586957491(1,86)
(0,86)875493702(0,87)
(1,86)796070403(2,86)
(2,86)1183771527(3,86)
(3,86)1(4,86)
(3,86)1(3,87)
(6,86)1(7,86)
(6,86)761085165(6,87)
(7,86)248928755(8,86)
(9,86)465912629(9,87)
(0,87)260786801(1,87)
(1,87)535617614(2,87)
(1,87)1194960400(1,88)
(2,87)470713453(2,88)
(3,87)1(4,87)
(3,87)256239432(3,88)
(4,87)1(4,88)
(5,87)287351671(6,87)
(6,87)193175711(7,87)
(6,87)298523119(6,88)
(7,87)1094593523(8,87)
(8,87)642915888(9,87)
(9,87)1667253209(9,88)
(0,88)379982295(1,88)
(0,88)132915796(0,89)
(4,88)1(4,89)
(5,88)590130176(6,88)
(6,88)1462922577(7,88)
(8,88)896751157(9,88)
(0,89)1174282358(1,89)
(0,89)415351166(0,90)
(1,89)21569385(2,89)
(3,89)1(4,89)
(3,89)1(3,90)
(4,89)793205436(4,90)
(5,89)312974997(6,89)
(6,89)69559132(6,90)
(7,89)1574662272(7,90)
(8,89)1449951064(9,89)
(8,89)1496892918(8,90)
(0,90)718329616(0,91)
(1,90)1161186511(1,91)
(2,90)1(3,90)
(2,90)1(2,91)
(4,90)67208786(4,91)
(5,90)44268163(6,90)
(5,90)551173226(5,91)
(7,90)1458977256(8,90)
(8,90)1290452518(9,90)
(8,90)1039605966(8,91)
(1,91)1376594990(2,91)
(2,91)1(2,92)
(3,91)1172787917(3,92)
(4,91)522197187(5,91)
(4,91)1388435184(4,92)
(5,91)790408974(6,91)
(6,91)552963957(7,91)
(8,91)150500678(9,91)
(9,91)101929221(9,92)
(0,92)1(1,92)
(0,92)1(0,93)
(1,92)1(2,92)
(1,92)1123985926(1,93)
(2,92)413910148(3,92)
(2,92)261977627(2,93)
(3,92)353346329(3,93)
(5,92)996787103(5,93)
(6,92)932961410(7,92)
(7,92)434964348(8,92)
(7,92)862008149(7,93)
(8,92)394449322(9,92)
(0,93)1(0,94)
(2,93)425809833(2,94)
(3,93)229921670(4,93)
(3,93)390197946(3,94)
(4,93)959977044(5,93)
(4,93)89017506(4,94)
(5,93)190946728(6,93)
(5,93)380422348(5,94)
(6,93)598131813(7,93)
(8,93)860109440(8,94)
(9,93)165415286(9,94)
(0,94)1454246559(1,94)
(0,94)1(0,95)
(3,94)348708890(3,95)
(4,94)1051701288(4,95)
(5,94)511969905(6,94)
(6,94)241774600(6,95)
(7,94)79008589(8,94)
(7,94)494435709(7,95)
(9,94)469206535(9,95)
(0,95)1(0,96)
(1,95)486417554(2,95)
(1,95)1429183580(1,96)
(2,95)465878143(3,95)
(4,95)277947100(4,96)
(5,95)443362386(6,95)
(6,95)52963622(7,95)
(6,95)363619185(6,96)
(8,95)470983260(9,95)
(9,95)128075555(9,96)
(0,96)1(0,97)
(2,96)1900669759(3,96)
(3,96)381606514(4,96)
(5,96)301401236(6,96)
(7,96)1730584816(7,97)
(8,96)48979311(9,96)
(9,96)997428374(9,97)
(0,97)326926411(1,97)
(0,97)1(0,98)
(2,97)770288797(2,98)
(3,97)624535117(4,97)
(4,97)35797142(5,97)
(4,97)937589384(4,98)
(5,97)1065664939(6,97)
(5,97)1095518377(5,98)
(6,97)470719277(7,97)
(6,97)215063306(6,98)
(7,97)209192313(8,97)
(8,97)330262562(9,97)
(8,97)357890082(8,98)
(0,98)162457263(1,98)
(0,98)1(0,99)
(1,98)691047778(2,98)
(2,98)547996371(3,98)
(2,98)463858499(2,99)
(3,98)46959667(4,98)
(3,98)301561135(3,99)
(4,98)460875378(4,99)
(5,98)95938978(5,99)
(6,98)387247209(6,99)
(7,98)105423639(7,99)
(9,98)1035656236(9,99)
(0,99)1(1,99)
(1,99)1(1,100)
(6,99)41729663(7,99)
(6,99)186346343(6,100)
(7,99)123345293(7,100)
(8,99)671341664(9,99)
(8,99)505588162(8,100)
(0,100)552547829(0,101)
(1,100)1(2,100)
(2,100)1(2,101)
(3,100)548460785(4,100)
(4,100)117022737(5,100)
(4,100)939413948(4,101)
(7,100)552952428(8,100)
(8,100)38072952(9,100)
(8,100)837792625(8,101)
(0,101)386802463(0,102)
(1,101)266074863(2,101)
(2,101)1(2,102)
(3,101)658937618(4,101)
(3,101)307804526(3,102)
(4,101)813392688(5,101)
(4,101)152502303(4,102)
(6,101)315012676(7,101)
(7,101)124912562(7,102)
(8,101)758049823(8,102)
(9,101)938295874(9,102)
(0,102)245028722(1,102)
(0,102)1306510608(0,103)
(1,102)971134104(2,102)
(2,102)1(2,103)
(3,102)689509695(3,103)
(5,102)1009728127(5,103)
(6,102)396026430(7,102)
(7,102)32695999(8,102)
(7,102)126173365(7,103)
(8,102)931618755(8,103)
(9,102)340500525(9,103)
(1,103)773352008(2,103)
(2,103)1(3,103)
(2,103)885241410(2,104)
(3,103)1010153973(4,103)
(3,103)1(3,104)
(4,103)239293758(4,104)
(5,103)315768747(5,104)
(6,103)560797470(7,103)
(7,103)85424595(7,104)
(8,103)927971600(9,103)
(8,103)633412729(8,104)
(9,103)518601620(9,104)
(0,104)175987386(1,104)
(1,104)467312382(2,104)
(3,104)1(3,105)
(5,104)38237953(6,104)
(5,104)740853824(5,105)
(6,104)294637674(7,104)
(6,104)1238030294(6,105)
(7,104)1192131166(7,105)
(8,104)1179879085(8,105)
(9,104)952263339(9,105)
(0,105)42549410(0,106)
(1,105)358318157(2,105)
(1,105)651194199(1,106)
(2,105)833880991(2,106)
(3,105)919305587(4,105)
(3,105)1(3,106)
(6,105)1010112612(6,106)
(8,105)1089179837(8,106)
(9,105)193280159(9,106)
(0,106)281268466(0,107)
(2,106)1078784373(3,106)
(3,106)1(4,106)
(4,106)349155402(5,106)
(4,106)1(4,107)
(6,106)391704812(6,107)
(7,106)750022969(8,106)
(7,106)398656918(7,107)
(8,106)255583788(8,107)
(0,107)1174889375(0,108)
(1,107)874682914(2,107)
(1,107)1074183305(1,108)
(3,107)1(4,107)
(3,107)1(3,108)
(5,107)425955244(5,108)
(8,107)379572227(9,107)
(9,107)164827103(9,108)
(0,108)1196180117(0,109)
(1,108)961591554(2,108)
(1,108)513982505(1,109)
(2,108)905687317(3,108)
(3,108)1(3,109)
(4,108)638878139(5,108)
(5,108)1177365236(6,108)
(6,108)622236714(7,108)
(7,108)540966780(8,108)
(7,108)104064893(7,109)
(8,108)40877163(9,108)
(9,108)1291430620(9,109)
(0,109)730783119(0,110)
(1,109)983590650(1,110)
(2,109)915148202(2,110)
(3,109)215936056(4,109)
(3,109)1(3,110)
(5,109)595508283(5,110)
(6,109)597201074(6,110)
(7,109)483895893(7,110)
(8,109)839997863(8,110)
(0,110)897809850(1,110)
(0,110)160889107(0,111)
(1,110)433481470(1,111)
(2,110)99765336(3,110)
(3,110)31756331(4,110)
(3,110)1(3,111)
(4,110)640732117(4,111)
(5,110)72633494(5,111)
(6,110)1527747921(7,110)
(6,110)467744285(6,111)
(7,110)768269739(7,111)
(8,110)295412475(8,111)
(9,110)177737326(9,111)
(0,111)511348531(0,112)
(2,111)175959357(3,111)
(3,111)1(3,112)
(5,111)1226284014(5,112)
(7,111)1267612963(8,111)
(9,111)1279438967(9,112)
(0,112)555850593(1,112)
(1,112)8691480(2,112)
(2,112)340529682(2,113)
(3,112)1(4,112)
(4,112)1(4,113)
(5,112)686604659(5,113)
(6,112)69496181(7,112)
(6,112)195716761(6,113)
(8,112)893598386(9,112)
(9,112)32226631(9,113)
(0,113)480866723(1,113)
(1,113)485285909(2,113)
(3,113)461896126(3,114)
(4,113)366197780(5,113)
(4,113)1(4,114)
(6,113)149060601(7,113)
(6,113)302255766(6,114)
(7,113)310947247(8,113)
(7,113)748385992(7,114)
(8,113)85046763(9,113)
(8,113)489590283(8,114)
(9,113)1847386649(9,114)
(0,114)1046190183(1,114)
(1,114)137510717(2,114)
(2,114)37587281(2,115)
(3,114)1(4,114)
(3,114)1(3,115)
(4,114)882561567(4,115)
(5,114)914788198(6,114)
(6,114)1035793533(6,115)
(7,114)516665749(7,115)
(0,115)449113865(1,115)
(1,115)201689701(1,116)
(2,115)1(3,115)
(2,115)1(2,116)
(4,115)814892714(4,116)
(5,115)514795715(6,115)
(5,115)1014532480(5,116)
(6,115)1353288294(6,116)
(7,115)1490799011(8,115)
(8,115)1626538585(9,115)
(0,116)1(1,116)
(0,116)1(0,117)
(1,116)1(2,116)
(2,116)215423785(3,116)
(3,116)189601428(3,117)
(4,116)34547593(5,116)
(7,116)821316642(8,116)
(8,116)130146668(9,116)
(8,116)124883719(8,117)
(9,116)86624947(9,117)
(0,117)945039383(1,117)
(0,117)1(0,118)
(2,117)1194811831(3,117)
(4,117)538127194(4,118)
(5,117)88449456(6,117)
(6,117)491536190(6,118)
(7,117)698929847(8,117)
(8,117)328494541(8,118)
(0,118)1(1,118)
(1,118)1(1,119)
(2,118)480664158(3,118)
(2,118)644518221(2,119)
(3,118)270719422(4,118)
(5,118)400866090(5,119)
(6,118)591788626(6,119)
(7,118)513206895(8,118)
(8,118)277457467(9,118)
(8,118)658256924(8,119)
(9,118)347864180(9,119)
(0,119)815584661(1,119)
(1,119)1(2,119)
(1,119)133347762(1,120)
(2,119)1(3,119)
(3,119)1(4,119)
(4,119)1(5,119)
(5,119)1(6,119)
(6,119)875624041(7,119)
(6,119)1(6,120)
(9,119)1091068621(9,120)
(0,120)623101606(1,120)
(1,120)44244126(2,120)
(1,120)628487810(1,121)
(2,120)1220276436(3,120)
(3,120)1094352989(4,120)
(5,120)1371810456(5,121)
(6,120)1(7,120)
(7,120)478230499(8,120)
(7,120)1(7,121)
(8,120)692095579(9,120)
(9,120)237952640(9,121)
(0,121)1116059414(0,122)
(1,121)771676734(2,121)
(1,121)326169322(1,122)
(2,121)388467350(3,121)
(3,121)921227454(4,121)
(5,121)242348260(5,122)
(6,121)865449866(7,121)
(6,121)663337425(6,122)
(7,121)1(8,121)
(8,121)1(8,122)
(0,122)297865757(1,122)
(1,122)1048353370(2,122)
(2,122)231729620(2,123)
(3,122)298941246(4,122)
(3,122)1088264840(3,123)
(4,122)99999075(4,123)
(5,122)337951715(6,122)
(6,122)859462556(7,122)
(7,122)664121038(7,123)
(8,122)1052588388(9,122)
(8,122)1(8,123)
(0,123)972105242(1,123)
(1,123)144755798(1,124)
(2,123)808093223(3,123)
(3,123)674291648(3,124)
(5,123)38662779(5,124)
(6,123)336528536(7,123)
(8,123)938861236(9,123)
(8,123)1(8,124)
(9,123)1069642696(9,124)
(0,124)867199403(0,125)
(1,124)954369476(1,125)
(2,124)1376812027(2,125)
(3,124)570215137(3,125)
(4,124)1362964852(5,124)
(4,124)1580134951(4,125)
(5,124)704931360(6,124)
(6,124)929458373(6,125)
(7,124)1(8,124)
(7,124)1(7,125)
(0,125)1025971509(1,125)
(1,125)1118809600(2,125)
(1,125)669073376(1,126)
(2,125)344410140(2,126)
(5,125)653118414(6,125)
(5,125)452880388(5,126)
(6,125)743312048(6,126)
(7,125)1(8,125)
(8,125)1(8,126)
(9,125)1024279765(9,126)
(0,126)847811216(1,126)
(0,126)614518495(0,127)
(1,126)239760969(1,127)
(3,126)254946086(4,126)
(4,126)937082168(5,126)
(6,126)791214329(7,126)
(7,126)988554942(8,126)
(8,126)1(8,127)
(9,126)296409431(9,127)
(0,127)649643621(0,128)
(1,127)1102524009(2,127)
(1,127)172522076(1,128)
(2,127)915834124(3,127)
(3,127)1140397269(4,127)
(3,127)446781061(3,128)
(5,127)246694870(6,127)
(5,127)408073534(5,128)
(7,127)486455839(7,128)
(8,127)1(8,128)
(9,127)379173340(9,128)
(0,128)916089765(0,129)
(1,128)681332585(2,128)
(2,128)440855039(2,129)
(3,128)135072422(4,128)
(4,128)460687736(5,128)
(4,128)27072145(4,129)
(5,128)323481576(6,128)
(6,128)458662280(7,128)
(7,128)1(8,128)
(7,128)1(7,129)
(9,128)512152780(9,129)
(0,129)634252881(1,129)
(2,129)880947751(2,130)
(3,129)648443564(3,130)
(4,129)362845546(4,130)
(5,129)742018887(6,129)
(6,129)143822510(7,129)
(6,129)78193360(6,130)
(7,129)1(8,129)
(8,129)1(8,130)
(9,129)84589212(9,130)
(0,130)1123863744(1,130)
(0,130)719749972(0,131)
(1,130)151137640(2,130)
(1,130)545276948(1,131)
(3,130)609799920(3,131)
(5,130)85649157(6,130)
(6,130)1733340506(6,131)
(7,130)1125899319(8,130)
(8,130)933056335(9,130)
(8,130)1(8,131)
(1,131)670935153(2,131)
(1,131)936446478(1,132)
(3,131)814757663(3,132)
(4,131)1399435213(5,131)
(5,131)898019467(5,132)
(7,131)1(8,131)
(7,131)1(7,132)
(9,131)732639097(9,132)
(0,132)1117610210(0,133)
(1,132)177829664(2,132)
(2,132)919867533(3,132)
(3,132)1189470566(4,132)
(4,132)447722085(5,132)
(6,132)243062114(6,133)
(7,132)913997267(8,132)
(7,132)1(7,133)
(8,132)1476228758(9,132)
(9,132)1728754931(9,133)
(0,133)1102910895(1,133)
(0,133)962610124(0,134)
(1,133)980706496(1,134)
(2,133)952408033(3,133)
(2,133)814182244(2,134)
(3,133)1070730542(4,133)
(4,133)909290392(5,133)
(5,133)835403498(5,134)
(6,133)173572831(7,133)
(7,133)57246619(8,133)
(7,133)1(7,134)
(0,134)786861888(0,135)
(1,134)761905141(2,134)
(1,134)377270704(1,135)
(2,134)620332818(3,134)
(4,134)1046748884(5,134)
(5,134)1(6,134)
(5,134)1(5,135)
(6,134)1(7,134)
(8,134)901232250(9,134)
(8,134)897650034(8,135)
(1,135)656300427(2,135)
(1,135)71857203(1,136)
(3,135)483811805(4,135)
(3,135)829873258(3,136)
(4,135)427264580(5,135)
(4,135)8520778(4,136)
(5,135)1(5,136)
(6,135)1214126468(6,136)
(7,135)315340101(7,136)
(8,135)935672920(9,135)
(8,135)1253395964(8,136)
(0,136)322519358(1,136)
(0,136)905207748(0,137)
(1,136)760663474(1,137)
(2,136)622538834(3,136)
(4,136)197560137(4,137)
(5,136)1(5,137)
(6,136)687779395(6,137)
(7,136)1344079822(8,136)
(8,136)1530741958(9,136)
(9,136)26469432(9,137)
(1,137)193508660(2,137)
(1,137)453734012(1,138)
(3,137)109198110(3,138)
(5,137)1(5,138)
(6,137)903380865(7,137)
(6,137)120318175(6,138)
(7,137)6082818(8,137)
(8,137)446041692(9,137)
(8,137)194017944(8,138)
(0,138)643601829(1,138)
(1,138)842197717(1,139)
(2,138)1529977112(3,138)
(2,138)3728778(2,139)
(4,138)726573286(4,139)
(5,138)753042718(6,138)
(5,138)1(5,139)
(6,138)358233977(7,138)
(8,138)727153563(9,138)
(0,139)76078357(1,139)
(0,139)1480754697(0,140)
(1,139)611150452(1,140)
(2,139)731468627(3,139)
(3,139)817513421(3,140)
(4,139)737551445(4,140)
(5,139)1(6,139)
(6,139)52064121(7,139)
(6,139)1(6,140)
(7,139)19183391(8,139)
(8,139)937557877(9,139)
(8,139)55792899(8,140)
(1,140)457960717(2,140)
(1,140)713479156(1,141)
(2,140)269690233(2,141)
(3,140)816194694(3,141)
(4,140)504277157(5,140)
(4,140)946170679(4,141)
(5,140)194727057(6,140)
(5,140)56136880(5,141)
(6,140)1(7,140)
(7,140)1(7,141)
(8,140)1418616627(8,141)
(9,140)569194184(9,141)
(0,141)127413935(1,141)
(0,141)381037226(0,142)
(3,141)247861396(4,141)
(6,141)702066788(7,141)
(7,141)1(7,142)
(8,141)971757021(8,142)
(9,141)663017779(9,142)
(0,142)779460034(1,142)
(0,142)300740338(0,143)
(1,142)356877218(2,142)
(2,142)1004843142(3,142)
(2,142)974187092(2,143)
(3,142)489092455(3,143)
(4,142)756523905(4,143)
(5,142)1169927091(5,143)
(6,142)141262661(6,143)
(7,142)1(7,143)
(8,142)637212499(9,142)
(0,143)534648398(1,143)
(0,143)237999405(0,144)
(3,143)169090424(4,143)
(4,143)949758840(5,143)
(4,143)1052851455(4,144)
(5,143)2379779(5,144)
(6,143)781839813(7,143)
(6,143)1250499178(6,144)
(7,143)1607376396(8,143)
(7,143)1(7,144)
(8,143)1740523665(9,143)
(0,144)349563922(1,144)
(0,144)1388607859(0,145)
(1,144)411051303(2,144)
(3,144)286758356(4,144)
(5,144)923970856(5,145)
(7,144)1(8,144)
(8,144)1(9,144)
(9,144)1(9,145)
(0,145)1482123478(1,145)
(2,145)1050509065(2,146)
(3,145)259575456(3,146)
(4,145)703133711(4,146)
(5,145)652118915(6,145)
(7,145)361329553(7,146)
(8,145)1(9,145)
(8,145)1(8,146)
(9,145)1228686557(9,146)
(0,146)1543350248(0,147)
(1,146)1(2,146)
(1,146)1(1,147)
(2,146)1(3,146)
(3,146)1(4,146)
(4,146)1(5,146)
(5,146)1(6,146)
(6,146)1(7,146)
(6,146)560078013(6,147)
(7,146)1(8,146)
(7,146)816968851(7,147)
(9,146)297389112(9,147)
(0,147)615859878(1,147)
(1,147)602199740(2,147)
(1,147)1(1,148)
(3,147)183509619(3,148)
(4,147)942528626(4,148)
(5,147)23731536(6,147)
(6,147)835968111(6,148)
(7,147)1155805567(8,147)
(7,147)803464784(7,148)
(9,147)786778629(9,148)
(0,148)1(1,148)
(0,148)1(0,149)
(2,148)284095145(3,148)
(3,148)499716870(4,148)
(3,148)30946512(3,149)
(4,148)321908801(4,149)
(5,148)619297913(6,148)
(5,148)412443036(5,149)
(6,148)985664493(6,149)
(7,148)784805738(7,149)
(8,148)59556489(9,148)
(8,148)148798059(8,149)
(0,149)1(1,149)
(1,149)1(1,150)
(2,149)1025816651(2,150)
(4,149)391665341(5,149)
(4,149)908281746(4,150)
(5,149)1054041917(5,150)
(6,149)542257773(6,150)
(8,149)1703172652(9,149)
(0,150)95027760(0,151)
(1,150)1(2,150)
(2,150)523787221(3,150)
(2,150)1(2,151)
(6,150)195859413(7,150)
(6,150)1315194528(6,151)
(7,150)639444835(8,150)
(7,150)652049727(7,151)
(8,150)404525906(9,150)
(0,151)903473852(0,152)
(1,151)42026364(1,152)
(2,151)1(3,151)
(3,151)1(4,151)
(4,151)1(4,152)
(5,151)399161663(6,151)
(8,151)461071612(9,151)
(8,151)62160766(8,152)
(0,152)425239419(1,152)
(1,152)537636520(2,152)
(2,152)160977153(3,152)
(2,152)13297430(2,153)
(3,152)665347158(4,152)
(3,152)733495933(3,153)
(4,152)1(4,153)
(5,152)450783011(6,152)
(6,152)235197069(7,152)
(7,152)521194324(8,152)
(7,152)492809376(7,153)
(9,152)243789317(9,153)
(0,153)1227559688(0,154)
(1,153)915226931(2,153)
(3,153)480491979(3,154)
(4,153)1(5,153)
(4,153)1042516930(4,154)
(5,153)351211433(6,153)
(5,153)1(5,154)
(6,153)628616597(7,153)
(7,153)276667839(8,153)
(7,153)1344477706(7,154)
(8,153)641914027(8,154)
(9,153)1010163772(9,154)
(0,154)158393199(1,154)
(0,154)1307261185(0,155)
(1,154)229650602(2,154)
(2,154)609176211(2,155)
(3,154)464847671(3,155)
(5,154)146514317(6,154)
(5,154)1(5,155)
(6,154)640505160(6,155)
(8,154)830322008(9,154)
(8,154)1389959785(8,155)
(0,155)1132265351(0,156)
(1,155)431393167(1,156)
(2,155)170424486(3,155)
(2,155)76566723(2,156)
(4,155)458689505(5,155)
(4,155)447092326(4,156)
(5,155)1(5,156)
(6,155)937408840(7,155)
(7,155)127624572(7,156)
(9,155)312965316(9,156)
(0,156)501086990(0,157)
(1,156)532682443(2,156)
(2,156)366415948(3,156)
(5,156)1(5,157)
(6,156)344878895(6,157)
(7,156)94797980(7,157)
(8,156)265222466(9,156)
(9,156)1497296902(9,157)
(0,157)712314792(1,157)
(2,157)22087243(2,158)
(3,157)1(4,157)
(3,157)1(3,158)
(4,157)1(5,157)
(6,157)789021759(6,158)
(8,157)776625526(8,158)
(9,157)1291841609(9,158)
(0,158)43229608(0,159)
(1,158)1(2,158)
(1,158)1(1,159)
(2,158)1(3,158)
(4,158)382371824(4,159)
(5,158)1625952798(5,159)
(6,158)190783942(7,158)
(7,158)1132602245(8,158)
(8,158)1115141288(9,158)
(8,158)212871185(8,159)
(0,159)390228735(1,159)
(0,159)362583001(0,160)
(1,159)21450065(2,159)
(1,159)1(1,160)
(2,159)950908492(3,159)
(4,159)125129047(4,160)
(5,159)1120108198(5,160)
(6,159)575152088(7,159)
(7,159)52208211(8,159)
(8,159)623276209(9,159)
(9,159)14645291(9,160)
(0,160)1054331123(0,161)
(1,160)1(2,160)
(2,160)1(2,161)
(3,160)278520948(4,160)
(4,160)936455401(5,160)
(4,160)42226791(4,161)
(6,160)1299038402(6,161)
(7,160)78065487(7,161)
(8,160)1028973980(9,160)
(9,160)412685845(9,161)
(1,161)27042071(2,161)
(1,161)281508748(1,162)
(2,161)1(3,161)
(2,161)423590035(2,162)
(3,161)1(4,161)
(4,161)1(5,161)
(4,161)245769471(4,162)
(5,161)260414762(6,161)
(5,161)1(5,162)
(7,161)136345238(7,162)
(8,161)416805901(8,162)
(9,161)459026917(9,162)
(0,162)695326849(0,163)
(2,162)547037073(3,162)
(5,162)132727737(6,162)
(5,162)1(5,163)
(6,162)247019106(6,163)
(7,162)274061178(8,162)
(7,162)414236486(7,163)
(8,162)607797746(9,162)
(9,162)876255338(9,163)
(0,163)853567218(1,163)
(1,163)559964812(2,163)
(2,163)374692717(3,163)
(3,163)238937602(3,164)
(4,163)110135418(4,164)
(5,163)1(5,164)
(8,163)364198079(9,163)
(8,163)536352555(8,164)
(0,164)84239971(1,164)
(1,164)63090137(1,165)
(2,164)310109244(3,164)
(2,164)216967709(2,165)
(3,164)631204195(4,164)
(4,164)1(5,164)
(4,164)1(4,165)
(6,164)276506611(6,165)
(7,164)1(8,164)
(7,164)1(7,165)
(8,164)1(9,164)
(8,164)1059067492(8,165)
(9,164)1(9,165)
(0,165)969820538(1,165)
(0,165)161911062(0,166)
(1,165)458208065(2,165)
(2,165)934739232(3,165)
(4,165)379054197(5,165)
(4,165)1(4,166)
(5,165)950319927(6,165)
(7,165)1(7,166)
(9,165)1(9,166)
(0,166)505270186(0,167)
(1,166)1261131935(1,167)
(2,166)1537638546(3,166)
(2,166)1220631843(2,167)
(4,166)1(5,166)
(4,166)226626321(4,167)
(5,166)1(5,167)
(6,166)762852545(6,167)
(7,166)1(7,167)
(8,166)779145480(8,167)
(9,166)1(9,167)
(1,167)1442816450(1,168)
(2,167)703111113(2,168)
(3,167)1365245952(3,168)
(4,167)1168719758(4,168)
(5,167)1(5,168)
(6,167)652762922(7,167)
(7,167)1(7,168)
(8,167)396304676(9,167)
(9,167)1(9,168)
(0,168)622930997(1,168)
(0,168)1431535362(0,169)
(2,168)99554980(3,168)
(3,168)663186922(4,168)
(3,168)1089523685(3,169)
(5,168)1(6,168)
(5,168)336146733(5,169)
(6,168)1(7,168)
(8,168)1(9,168)
(8,168)1(8,169)
(9,168)634901203(9,169)
(0,169)361086563(0,170)
(1,169)1253643403(2,169)
(2,169)1471311627(3,169)
(3,169)745294748(4,169)
(4,169)665198587(4,170)
(6,169)916369157(6,170)
(7,169)1(8,169)
(7,169)1(7,170)
(0,170)157832544(1,170)
(0,170)57716392(0,171)
(1,170)393863125(2,170)
(2,170)394726739(2,171)
(3,170)482801045(3,171)
(4,170)407602271(4,171)
(5,170)1042503474(6,170)
(5,170)899844755(5,171)
(6,170)893971884(7,170)
(7,170)1(8,170)
(8,170)93060951(9,170)
(8,170)1(8,171)
(9,170)501019074(9,171)
(1,171)372527378(2,171)
(2,171)902222026(3,171)
(2,171)159219078(2,172)
(3,171)1044364699(4,171)
(6,171)39414197(7,171)
(7,171)362227384(7,172)
(8,171)1(8,172)
(9,171)318484184(9,172)
(0,172)361094674(0,173)
(1,172)1260939429(2,172)
(2,172)1081787255(3,172)
(2,172)802796503(2,173)
(3,172)7427665(3,173)
(4,172)640544520(5,172)
(5,172)177419078(6,172)
(6,172)275866318(7,172)
(7,172)1(8,172)
(7,172)1(7,173)
(8,172)435085396(8,173)
(9,172)233574005(9,173)
(0,173)438478940(1,173)
(1,173)1361031748(2,173)
(2,173)1519234181(2,174)
(4,173)1042664427(4,174)
(5,173)1234152323(5,174)
(6,173)1(7,173)
(6,173)1(6,174)
(7,173)806999225(7,174)
(0,174)1221787682(0,175)
(1,174)739394461(2,174)
(3,174)1015260779(3,175)
(4,174)1450346175(5,174)
(5,174)1(6,174)
(5,174)1(5,175)
(6,174)782312622(6,175)
(8,174)983331122(9,174)
(8,174)634117309(8,175)
(0,175)368095227(0,176)
(1,175)1083409902(1,176)
(2,175)1131607810(3,175)
(3,175)449209253(3,176)
(4,175)1(5,175)
(4,175)1(4,176)
(6,175)1205665406(7,175)
(8,175)800787320(8,176)
(9,175)927926734(9,176)
(0,176)559181182(0,177)
(1,176)230789261(1,177)
(2,176)1013101883(3,176)
(3,176)960670971(4,176)
(3,176)497952144(3,177)
(4,176)1132069453(5,176)
(4,176)1(4,177)
(5,176)257785627(6,176)
(7,176)954928582(8,176)
(8,176)325319692(9,176)
(8,176)914690858(8,177)
(0,177)618581192(1,177)
(0,177)813866947(0,178)
(1,177)454345869(2,177)
(2,177)676376790(3,177)
(2,177)80924047(2,178)
(4,177)313314947(5,177)
(4,177)1(4,178)
(5,177)453443504(5,178)
(6,177)872496129(6,178)
(7,177)108081498(8,177)
(8,177)613376975(9,177)
(8,177)515929924(8,178)
(9,177)606033643(9,178)
(1,178)1273119341(2,178)
(3,178)1(4,178)
(3,178)1(3,179)
(6,178)529223845(6,179)
(7,178)657988547(7,179)
(9,178)496097341(9,179)
(0,179)1451554798(0,180)
(1,179)809412289(1,180)
(2,179)1292893913(2,180)
(3,179)893169005(4,179)
(3,179)1(3,180)
(5,179)248539912(6,179)
(6,179)981401915(7,179)
(6,179)1081654261(6,180)
(7,179)207289954(8,179)
(8,179)929943489(9,179)
(8,179)714043476(8,180)
(0,180)828172553(1,180)
(1,180)1039553701(2,180)
(1,180)870796539(1,181)
(3,180)1(4,180)
(4,180)1(5,180)
(4,180)236106451(4,181)
(5,180)1(6,180)
(6,180)1(6,181)
(7,180)1541616082(7,181)
(8,180)1076040852(9,180)
(8,180)896744389(8,181)
(0,181)718547121(1,181)
(1,181)764232661(1,182)
(2,181)967087033(2,182)
(3,181)806246394(4,181)
(4,181)696937471(5,181)
(6,181)416878788(7,181)
(6,181)1(6,182)
(8,181)399934593(8,182)
(9,181)139212470(9,182)
(0,182)1040978945(0,183)
(1,182)868904986(2,182)
(2,182)5292743(2,183)
(3,182)472755462(3,183)
(4,182)1087828629(4,183)
(5,182)1(6,182)
(5,182)1(5,183)
(7,182)13421679(8,182)
(7,182)863756938(7,183)
(8,182)562160213(9,182)
(8,182)13616536(8,183)
(0,183)467853441(1,183)
(0,183)819862930(0,184)
(1,183)408569166(2,183)
(1,183)693253145(1,184)
(2,183)1030587534(3,183)
(2,183)1528986311(2,184)
(3,183)825447954(3,184)
(4,183)259991977(4,184)
(5,183)399204447(6,183)
(5,183)1(5,184)
(6,183)118877844(6,184)
(8,183)417176092(9,183)
(0,184)1175705089(0,185)
(1,184)682554497(1,185)
(3,184)320802289(4,184)
(3,184)697700622(3,185)
(4,184)711317158(5,184)
(5,184)1(5,185)
(7,184)249990946(7,185)
(8,184)732318607(8,185)
(9,184)617713561(9,185)
(1,185)248681603(2,185)
(4,185)802273136(4,186)
(5,185)1(6,185)
(6,185)1(6,186)
(7,185)1(8,185)
(7,185)1(7,186)
(8,185)344882728(9,185)
(8,185)1(8,186)
(9,185)878074572(9,186)
(0,186)744239380(0,187)
(1,186)1589391730(1,187)
(2,186)973088171(3,186)
(3,186)830534178(3,187)
(4,186)765353778(4,187)
(5,186)992612084(5,187)
(6,186)1(7,186)
(8,186)1(8,187)
(0,187)1695443243(1,187)
(0,187)1369684726(0,188)
(1,187)831071746(2,187)
(1,187)1082967935(1,188)
(3,187)461169656(4,187)
(4,187)73416930(5,187)
(5,187)670619288(6,187)
(5,187)806052384(5,188)
(6,187)711357240(7,187)
(7,187)297374545(8,187)
(7,187)112527370(7,188)
(8,187)1(9,187)
(8,187)173399897(8,188)
(9,187)1(9,188)
(1,188)878045585(2,188)
(1,188)543277860(1,189)
(2,188)1086553012(2,189)
(3,188)17749165(4,188)
(3,188)1263744479(3,189)
(5,188)910919272(5,189)
(6,188)458878867(7,188)
(6,188)663935709(6,189)
(8,188)122166244(8,189)
(9,188)1(9,189)
(0,189)583335900(0,190)
(2,189)12037404(2,190)
(3,189)124564775(4,189)
(4,189)126661774(5,189)
(4,189)185951433(4,190)
(6,189)12095274(6,190)
(7,189)890140859(8,189)
(9,189)1(9,190)
(0,190)1133283849(1,190)
(1,190)781403791(2,190)
(1,190)1448136322(1,191)
(3,190)1240282658(3,191)
(5,190)457099485(6,190)
(6,190)961496348(7,190)
(7,190)1187689440(8,190)
(8,190)973533752(8,191)
(9,190)1(9,191)
(0,191)1098098527(0,192)
(1,191)160795196(2,191)
(2,191)916408541(2,192)
(3,191)626062910(4,191)
(4,191)22365577(4,192)
(5,191)28767268(6,191)
(5,191)192631309(5,192)
(6,191)1325915158(7,191)
(6,191)797681059(6,192)
(9,191)1(9,192)
(0,192)753604164(1,192)
(0,192)1236654890(0,193)
(1,192)709249473(2,192)
(2,192)1210703650(2,193)
(3,192)738723712(4,192)
(4,192)496795926(5,192)
(4,192)872839711(4,193)
(5,192)155320663(5,193)
(7,192)1133920471(7,193)
(8,192)1(9,192)
(8,192)1(8,193)
(9,192)682667188(9,193)
(0,193)288510765(1,193)
(0,193)1300340498(0,194)
(2,193)260061139(3,193)
(2,193)317278033(2,194)
(3,193)671403318(3,194)
(5,193)363546204(6,193)
(5,193)1088189949(5,194)
(6,193)1073508267(6,194)
(7,193)250395320(7,194)
(8,193)1(8,194)
(0,194)808385302(1,194)
(2,194)674692682(2,195)
(4,194)83721478(5,194)
(4,194)858432648(4,195)
(6,194)215785459(7,194)
(7,194)729550136(8,194)
(8,194)1263541055(9,194)
(8,194)1(8,195)
(0,195)955203398(1,195)
(0,195)179761468(0,196)
(2,195)163831452(3,195)
(3,195)962261882(3,196)
(5,195)1105125459(6,195)
(6,195)165592167(7,195)
(7,195)760457652(7,196)
(8,195)1(8,196)
(9,195)424548911(9,196)
(0,196)721633298(1,196)
(0,196)501414354(0,197)
(1,196)428689047(2,196)
(1,196)508270389(1,197)
(2,196)115249486(2,197)
(3,196)644474506(3,197)
(4,196)474398854(4,197)
(5,196)234786809(5,197)
(6,196)1189990207(7,196)
(7,196)1(8,196)
(7,196)1(7,197)
(8,196)1129506945(9,196)
(8,196)361256161(8,197)
(9,196)1440029118(9,197)
(1,197)1159821468(1,198)
(2,197)375867998(3,197)
(3,197)646711954(4,197)
(4,197)146001316(5,197)
(5,197)509912604(5,198)
(6,197)647415670(6,198)
(7,197)1(7,198)
(0,198)395556243(1,198)
(0,198)318041142(0,199)
(1,198)552827951(2,198)
(2,198)123424904(2,199)
(3,198)1089100397(4,198)
(4,198)438216630(4,199)
(5,198)71123695(5,199)
(6,198)999736185(7,198)
(7,198)1(7,199)
(8,198)885990487(8,199)
(9,198)332832524(9,199)
(1,199)509940939(2,199)
(2,199)478833840(3,199)
(4,199)177979222(5,199)
(5,199)1126249511(6,199)
(6,199)1126677299(7,199)
(7,199)1(8,199)
(8,199)1(9,199)
