17 50
(0,0)1999485583(1,0)
(0,0)1069916450(0,1)
(1,0)1716181451(2,0)
(1,0)958526666(1,1)
(2,0)1976729749(3,0)
(2,0)755727079(2,1)
(3,0)895715987(4,0)
(3,0)1193201932(3,1)
(4,0)1452604034(5,0)
(4,0)268909458(4,1)
(5,0)2085073557(6,0)
(5,0)165146947(5,1)
(6,0)344708285(7,0)
(6,0)942011135(6,1)
(7,0)1122010363(8,0)
(7,0)1039067781(7,1)
(8,0)1434114427(9,0)
(8,0)323589893(8,1)
(9,0)925809784(10,0)
(9,0)122091341(9,1)
(10,0)1938016086(11,0)
(10,0)774891812(10,1)
(11,0)1107838956(12,0)
(11,0)1570688640(11,1)
(12,0)413169017(13,0)
(12,0)1408738032(12,1)
(13,0)2024177017(14,0)
(13,0)687901671(13,1)
(14,0)1115129320(15,0)
(14,0)709298461(14,1)
(15,0)1779214911(16,0)
(15,0)665218367(15,1)
(16,0)967131255(16,1)
(0,1)1347912715(1,1)
(0,1)1623745034(0,2)
(1,1)1452991135(2,1)
(1,1)1722858335(1,2)
(2,1)471090674(3,1)
(2,1)393630999(2,2)
(3,1)1846235033(4,1)
(3,1)1721900593(3,2)
(4,1)1659490502(5,1)
(4,1)636237621(4,2)
(5,1)980945906(6,1)
(5,1)640762521(5,2)
(6,1)1762772884(7,1)
(6,1)551074635(6,2)
(7,1)1985189062(8,1)
(7,1)1304535799(7,2)
(8,1)82861936(9,1)
(8,1)1884864225(8,2)
(9,1)1675396663(10,1)
(9,1)612597227(9,2)
(10,1)1720436183(11,1)
(10,1)1653550576(10,2)
(11,1)2066719594(12,1)
(11,1)936651047(11,2)
(12,1)813344416(13,1)
(12,1)260854206(12,2)
(13,1)1375983526(14,1)
(13,1)628534407(13,2)
(14,1)260265671(15,1)
(14,1)1478562784(14,2)
(15,1)954824170(16,1)
(15,1)195631134(15,2)
(16,1)1608178386(16,2)
(0,2)260331657(1,2)
(0,2)1918489469(0,3)
(1,2)242096495(2,2)
(1,2)2001809385(1,3)
(2,2)1700560770(3,2)
(2,2)1982232250(2,3)
(3,2)1494239104(4,2)
(3,2)878334116(3,3)
(4,2)1859280022(5,2)
(4,2)193839643(4,3)
(5,2)1956612527(6,2)
(5,2)2045313740(5,3)
(6,2)1883019154(7,2)
(6,2)1016332174(6,3)
(7,2)1099194110(8,2)
(7,2)1693993104(7,3)
(8,2)1221906119(9,2)
(8,2)348132733(8,3)
(9,2)2068568917(10,2)
(9,2)605261038(9,3)
(10,2)524496984(11,2)
(10,2)11073519(10,3)
(11,2)824417935(12,2)
(11,2)181939475(11,3)
(12,2)1557923002(13,2)
(12,2)1153031392(12,3)
(13,2)1413297063(14,2)
(13,2)155497071(13,3)
(14,2)1110321241(15,2)
(14,2)1753554136(14,3)
(15,2)1524559957(16,2)
(15,2)873991801(15,3)
(16,2)1370652898(16,3)
(0,3)1766656452(1,3)
(0,3)728317538(0,4)
(1,3)281394660(2,3)
(1,3)1205401500(1,4)
(2,3)552156957(3,3)
(2,3)497506920(2,4)
(3,3)209303294(4,3)
(3,3)475234304(3,4)
(4,3)284363183(5,3)
(4,3)449987049(4,4)
(5,3)185522555(6,3)
(5,3)1225635468(5,4)
(6,3)177345930(7,3)
(6,3)1978356288(6,4)
(7,3)1052778759(8,3)
(7,3)533655289(7,4)
(8,3)454740558(9,3)
(8,3)782606969(8,4)
(9,3)1307103953(10,3)
(9,3)1063852278(9,4)
(10,3)1888270214(11,3)
(10,3)636680033(10,4)
(11,3)47119387(12,3)
(11,3)312651697(11,4)
(12,3)1725948760(13,3)
(12,3)2043767285(12,4)
(13,3)1006604879(14,3)
(13,3)1800673523(13,4)
(14,3)1177749832(15,3)
(14,3)452456913(14,4)
(15,3)1180774451(16,3)
(15,3)229774129(15,4)
(16,3)796922636(16,4)
(0,4)1462169112(1,4)
(0,4)1435175630(0,5)
(1,4)1987332587(2,4)
(1,4)1294429556(1,5)
(2,4)1503732851(3,4)
(2,4)1937403416(2,5)
(3,4)74282951(4,4)
(3,4)289835988(3,5)
(4,4)475358543(5,4)
(4,4)581884671(4,5)
(5,4)759230602(6,4)
(5,4)2052639239(5,5)
(6,4)957934351(7,4)
(6,4)1009013832(6,5)
(7,4)1463754390(8,4)
(7,4)1541837571(7,5)
(8,4)701457876(9,4)
(8,4)2021786629(8,5)
(9,4)1762573195(10,4)
(9,4)2100434424(9,5)
(10,4)70163(11,4)
(10,4)1014109574(10,5)
(11,4)592574686(12,4)
(11,4)1658856833(11,5)
(12,4)517978064(13,4)
(12,4)1800743687(12,5)
(13,4)831009871(14,4)
(13,4)1045031600(13,5)
(14,4)78322403(15,4)
(14,4)747752193(14,5)
(15,4)35444175(16,4)
(15,4)1627932508(15,5)
(16,4)1540491515(16,5)
(0,5)2022776762(1,5)
(0,5)774878416(0,6)
(1,5)131127619(2,5)
(1,5)1330411283(1,6)
(2,5)1404694235(3,5)
(2,5)165129102(2,6)
(3,5)640487646(4,5)
(3,5)713012291(3,6)
(4,5)1472242893(5,5)
(4,5)1309849826(4,6)
(5,5)120300529(6,5)
(5,5)1649501478(5,6)
(6,5)965772221(7,5)
(6,5)866596816(6,6)
(7,5)1568054692(8,5)
(7,5)2142087159(7,6)
(8,5)1757176706(9,5)
(8,5)918722997(8,6)
(9,5)918793160(10,5)
(9,5)434680618(9,6)
(10,5)1027255305(11,5)
(10,5)1268549891(10,6)
(11,5)1786527955(12,5)
(11,5)572053199(11,6)
(12,5)1403063071(13,5)
(12,5)2072286905(12,6)
(13,5)3125660(14,5)
(13,5)386796501(13,6)
(14,5)422240676(15,5)
(14,5)883511931(14,6)
(15,5)1658390347(16,5)
(15,5)1543617176(15,6)
(16,5)297533791(16,6)
(0,6)1789517967(1,6)
(0,6)726544811(0,7)
(1,6)2131239046(2,6)
(1,6)462662893(1,7)
(2,6)1103150539(3,6)
(2,6)355046610(2,7)
(3,6)1827289503(4,6)
(3,6)1293605225(3,7)
(4,6)1413905754(5,6)
(4,6)605168370(4,7)
(5,6)1570940591(6,6)
(5,6)546402671(5,7)
(6,6)2114457363(7,6)
(6,6)1408509265(6,7)
(7,6)1018202324(8,6)
(7,6)342179940(7,7)
(8,6)1260973100(9,6)
(8,6)401654334(8,7)
(9,6)1428909639(10,6)
(9,6)139268567(9,7)
(10,6)1925796523(11,6)
(10,6)1833026300(10,7)
(11,6)1088605723(12,6)
(11,6)1353712896(11,7)
(12,6)1356838556(13,6)
(12,6)165109376(12,7)
(13,6)587350052(14,6)
(13,6)1972117654(13,7)
(14,6)1483024353(15,6)
(14,6)752972084(14,7)
(15,6)1479516896(16,6)
(15,6)884883843(15,7)
(16,6)1125058672(16,7)
(0,7)1463272294(1,7)
(0,7)1347546737(0,8)
(1,7)303213628(2,7)
(1,7)1480105282(1,8)
(2,7)1159911137(3,7)
(2,7)609393871(2,8)
(3,7)2023299626(4,7)
(3,7)908381998(3,8)
(4,7)331838941(5,7)
(4,7)1706313808(4,8)
(5,7)1673287524(6,7)
(5,7)1284325243(5,8)
(6,7)155043919(7,7)
(6,7)674018881(6,8)
(7,7)1934991982(8,7)
(7,7)2074941858(7,8)
(8,7)1356367849(9,7)
(8,7)294312487(8,8)
(9,7)72625362(10,7)
(9,7)1620534634(9,8)
(10,7)561656709(11,7)
(10,7)562597097(10,8)
(11,7)1919435653(12,7)
(11,7)237734738(11,8)
(12,7)825084790(13,7)
(12,7)386290715(12,8)
(13,7)1869315068(14,7)
(13,7)524924090(13,8)
(14,7)2004440986(15,7)
(14,7)1709968634(14,8)
(15,7)910031723(16,7)
(15,7)846890093(15,8)
(16,7)1320229632(16,8)
(0,8)1213245351(1,8)
(0,8)179511727(0,9)
(1,8)1339422865(2,8)
(1,8)1929623504(1,9)
(2,8)1805439482(3,8)
(2,8)2121627350(2,9)
(3,8)305982643(4,8)
(3,8)898253025(3,9)
(4,8)424056901(5,8)
(4,8)942281077(4,9)
(5,8)1097324997(6,8)
(5,8)980001525(5,9)
(6,8)767509859(7,8)
(6,8)351515111(6,9)
(7,8)1707882960(8,8)
(7,8)1391637484(7,9)
(8,8)1464262846(9,8)
(8,8)240560845(8,9)
(9,8)802217554(10,8)
(9,8)122996409(9,9)
(10,8)2042432063(11,8)
(10,8)1701997584(10,9)
(11,8)379598726(12,8)
(11,8)1188508269(11,9)
(12,8)910339689(13,8)
(12,8)419872505(12,9)
(13,8)276829843(14,8)
(13,8)2089567360(13,9)
(14,8)852115435(15,8)
(14,8)1757229782(14,9)
(15,8)1936741510(16,8)
(15,8)1597059475(15,9)
(16,8)2065360787(16,9)
(0,9)1128680727(1,9)
(0,9)1379199331(0,10)
(1,9)1037155165(2,9)
(1,9)2039504489(1,10)
(2,9)198003484(3,9)
(2,9)2026933752(2,10)
(3,9)303507006(4,9)
(3,9)1979436243(3,10)
(4,9)929277592(5,9)
(4,9)1178005009(4,10)
(5,9)1945514868(6,9)
(5,9)655022117(5,10)
(6,9)215421430(7,9)
(6,9)173431428(6,10)
(7,9)1637694274(8,9)
(7,9)38592065(7,10)
(8,9)840809619(9,9)
(8,9)338417839(8,10)
(9,9)233366254(10,9)
(9,9)1192208210(9,10)
(10,9)1571806936(11,9)
(10,9)2029317888(10,10)
(11,9)792173930(12,9)
(11,9)653238759(11,10)
(12,9)930068602(13,9)
(12,9)1513890649(12,10)
(13,9)218522436(14,9)
(13,9)401920064(13,10)
(14,9)191177926(15,9)
(14,9)379644430(14,10)
(15,9)1758843761(16,9)
(15,9)136399575(15,10)
(16,9)1319858653(16,10)
(0,10)648515279(1,10)
(0,10)28420416(0,11)
(1,10)226423901(2,10)
(1,10)1199308758(1,11)
(2,10)1502815764(3,10)
(2,10)480467874(2,11)
(3,10)1409745466(4,10)
(3,10)1404428910(3,11)
(4,10)1202460131(5,10)
(4,10)10354233(4,11)
(5,10)225775663(6,10)
(5,10)1583176894(5,11)
(6,10)1073387520(7,10)
(6,10)1241052196(6,11)
(7,10)2081861816(8,10)
(7,10)564193503(7,11)
(8,10)797559757(9,10)
(8,10)118112082(8,11)
(9,10)1689919018(10,10)
(9,10)1963696056(9,11)
(10,10)608386338(11,10)
(10,10)1450798517(10,11)
(11,10)233383471(12,10)
(11,10)1056326019(11,11)
(12,10)1274848456(13,10)
(12,10)1010306403(12,11)
(13,10)1201484329(14,10)
(13,10)613027901(13,11)
(14,10)224388015(15,10)
(14,10)1411248031(14,11)
(15,10)1439668448(16,10)
(15,10)373859335(15,11)
(16,10)872903294(16,11)
(0,11)1666092349(1,11)
(0,11)1573168093(0,12)
(1,11)928500209(2,11)
(1,11)1353371168(1,12)
(2,11)615632986(3,11)
(2,11)923037611(2,12)
(3,11)2125497742(4,11)
(3,11)938854442(3,12)
(4,11)1164630106(5,11)
(4,11)51326232(4,12)
(5,11)1124713752(6,11)
(5,11)1219066291(5,12)
(6,11)1153444459(7,11)
(6,11)1728823609(6,12)
(7,11)378899718(8,11)
(7,11)1242825834(7,12)
(8,11)785261204(9,11)
(8,11)969656867(8,12)
(9,11)1578043206(10,11)
(9,11)1829698235(9,12)
(10,11)2063081707(11,11)
(10,11)1841587224(10,12)
(11,11)968952032(12,11)
(11,11)440865961(11,12)
(12,11)1642350290(13,11)
(12,11)528625960(12,12)
(13,11)753013975(14,11)
(13,11)232716415(13,12)
(14,11)1672384863(15,11)
(14,11)2016209625(14,12)
(15,11)1441894070(16,11)
(15,11)1625917269(15,12)
(16,11)1190993564(16,12)
(0,12)222910631(1,12)
(0,12)831804789(0,13)
(1,12)1447437775(2,12)
(1,12)2114031176(1,13)
(2,12)2092045270(3,12)
(2,12)1161765074(2,13)
(3,12)178911532(4,12)
(3,12)1498764007(3,13)
(4,12)475994111(5,12)
(4,12)1163627913(4,13)
(5,12)169588724(6,12)
(5,12)1907735141(5,13)
(6,12)139151211(7,12)
(6,12)1718819945(6,13)
(7,12)356597502(8,12)
(7,12)1139245592(7,13)
(8,12)569805150(9,12)
(8,12)1968849447(8,13)
(9,12)1884447506(10,12)
(9,12)50701078(9,13)
(10,12)1019653110(11,12)
(10,12)1010671111(10,13)
(11,12)505537753(12,12)
(11,12)265589818(11,13)
(12,12)1018603794(13,12)
(12,12)1252369525(12,13)
(13,12)777270741(14,12)
(13,12)374263731(13,13)
(14,12)1816157801(15,12)
(14,12)497037415(14,13)
(15,12)1328842205(16,12)
(15,12)1968264305(15,13)
(16,12)2039068433(16,13)
(0,13)628796332(1,13)
(0,13)1934811833(0,14)
(1,13)1879373456(2,13)
(1,13)1053349859(1,14)
(2,13)1232261391(3,13)
(2,13)2127560340(2,14)
(3,13)456070803(4,13)
(3,13)895517721(3,14)
(4,13)1065106446(5,13)
(4,13)992512884(4,14)
(5,13)1131664095(6,13)
(5,13)27407101(5,14)
(6,13)384004603(7,13)
(6,13)56868390(6,14)
(7,13)626673540(8,13)
(7,13)953029894(7,14)
(8,13)689993752(9,13)
(8,13)434705681(8,14)
(9,13)1454358791(10,13)
(9,13)1637344651(9,14)
(10,13)2142882404(11,13)
(10,13)955583571(10,14)
(11,13)1974187365(12,13)
(11,13)559244668(11,14)
(12,13)1336515409(13,13)
(12,13)369662487(12,14)
(13,13)38336641(14,13)
(13,13)323741132(13,14)
(14,13)1652583337(15,13)
(14,13)1157296067(14,14)
(15,13)944624252(16,13)
(15,13)2077405074(15,14)
(16,13)133896022(16,14)
(0,14)676514060(1,14)
(0,14)983271285(0,15)
(1,14)68049028(2,14)
(1,14)113972714(1,15)
(2,14)570043517(3,14)
(2,14)1572031782(2,15)
(3,14)489654580(4,14)
(3,14)1060561912(3,15)
(4,14)44742359(5,14)
(4,14)597450618(4,15)
(5,14)981455221(6,14)
(5,14)546522970(5,15)
(6,14)1173196510(7,14)
(6,14)997772254(6,15)
(7,14)1687766006(8,14)
(7,14)1416160902(7,15)
(8,14)723036045(9,14)
(8,14)663057513(8,15)
(9,14)658456269(10,14)
(9,14)495865929(9,15)
(10,14)322569646(11,14)
(10,14)1282280714(10,15)
(11,14)471312475(12,14)
(11,14)1028118757(11,15)
(12,14)1066455398(13,14)
(12,14)646310779(12,15)
(13,14)151410468(14,14)
(13,14)1628608542(13,15)
(14,14)425749147(15,14)
(14,14)996376824(14,15)
(15,14)1979648109(16,14)
(15,14)285306490(15,15)
(16,14)1102263207(16,15)
(0,15)2047697137(1,15)
(0,15)399279204(0,16)
(1,15)969322722(2,15)
(1,15)526811341(1,16)
(2,15)1016465921(3,15)
(2,15)960775401(2,16)
(3,15)1005517760(4,15)
(3,15)1566773340(3,16)
(4,15)400744914(5,15)
(4,15)1562988891(4,16)
(5,15)588701753(6,15)
(5,15)2003290014(5,16)
(6,15)1543572373(7,15)
(6,15)1816905816(6,16)
(7,15)392458214(8,15)
(7,15)1251759266(7,16)
(8,15)1910215536(9,15)
(8,15)2039438302(8,16)
(9,15)214524301(10,15)
(9,15)1674738928(9,16)
(10,15)2146051403(11,15)
(10,15)790850645(10,16)
(11,15)1857306043(12,15)
(11,15)860835080(11,16)
(12,15)1012245548(13,15)
(12,15)1627176298(12,16)
(13,15)2052925445(14,15)
(13,15)706199219(13,16)
(14,15)538363680(15,15)
(14,15)1297552039(14,16)
(15,15)1696831243(16,15)
(15,15)1007705004(15,16)
(16,15)438577169(16,16)
(0,16)518670317(1,16)
(0,16)1534516346(0,17)
(1,16)403498619(2,16)
(1,16)1399352570(1,17)
(2,16)257386682(3,16)
(2,16)2085443658(2,17)
(3,16)338704924(4,16)
(3,16)1966487511(3,17)
(4,16)407705616(5,16)
(4,16)113193049(4,17)
(5,16)1656765422(6,16)
(5,16)8127092(5,17)
(6,16)400585306(7,16)
(6,16)1659464883(6,17)
(7,16)1422196771(8,16)
(7,16)1548720076(7,17)
(8,16)1763244377(9,16)
(8,16)2075324234(8,17)
(9,16)2073891990(10,16)
(9,16)65563768(9,17)
(10,16)1922869811(11,16)
(10,16)476595809(10,17)
(11,16)1488841358(12,16)
(11,16)1553584640(11,17)
(12,16)1459026437(13,16)
(12,16)481585382(12,17)
(13,16)1019949062(14,16)
(13,16)638909749(13,17)
(14,16)188257344(15,16)
(14,16)319247793(14,17)
(15,16)1853764139(16,16)
(15,16)1458526231(15,17)
(16,16)706927662(16,17)
(0,17)109779111(1,17)
(0,17)710395153(0,18)
(1,17)967781835(2,17)
(1,17)644887672(1,18)
(2,17)983592596(3,17)
(2,17)2076266622(2,18)
(3,17)336488590(4,17)
(3,17)1080974884(3,18)
(4,17)590256658(5,17)
(4,17)991719688(4,18)
(5,17)1392304995(6,17)
(5,17)1995953473(5,18)
(6,17)1270666596(7,17)
(6,17)2138976735(6,18)
(7,17)1754737464(8,17)
(7,17)1320145581(7,18)
(8,17)1246553923(9,17)
(8,17)1336230364(8,18)
(9,17)1111616527(10,17)
(9,17)83849626(9,18)
(10,17)1572690984(11,17)
(10,17)652654915(10,18)
(11,17)2111681352(12,17)
(11,17)1593201909(11,18)
(12,17)465667323(13,17)
(12,17)64117085(12,18)
(13,17)252374429(14,17)
(13,17)283445498(13,18)
(14,17)2137209637(15,17)
(14,17)1924193554(14,18)
(15,17)487105059(16,17)
(15,17)959302091(15,18)
(16,17)99505100(16,18)
(0,18)1454886895(1,18)
(0,18)1604189763(0,19)
(1,18)440298711(2,18)
(1,18)28288074(1,19)
(2,18)364776665(3,18)
(2,18)388378131(2,19)
(3,18)978634790(4,18)
(3,18)1432018400(3,19)
(4,18)676839747(5,18)
(4,18)213246490(4,19)
(5,18)1483913087(6,18)
(5,18)970127877(5,19)
(6,18)577381693(7,18)
(6,18)1996985328(6,19)
(7,18)1096055604(8,18)
(7,18)672659803(7,19)
(8,18)1784276331(9,18)
(8,18)661231319(8,19)
(9,18)86438655(10,18)
(9,18)1748710519(9,19)
(10,18)1712908224(11,18)
(10,18)1229994592(10,19)
(11,18)1695661916(12,18)
(11,18)150555740(11,19)
(12,18)402930170(13,18)
(12,18)1996353722(12,19)
(13,18)1986079711(14,18)
(13,18)1472371822(13,19)
(14,18)1959476882(15,18)
(14,18)1362232261(14,19)
(15,18)818938377(16,18)
(15,18)2085584812(15,19)
(16,18)1266880129(16,19)
(0,19)1259237088(1,19)
(0,19)2113872886(0,20)
(1,19)331165903(2,19)
(1,19)1655258260(1,20)
(2,19)486409402(3,19)
(2,19)543771840(2,20)
(3,19)1220611587(4,19)
(3,19)544412394(3,20)
(4,19)2028325481(5,19)
(4,19)1456537279(4,20)
(5,19)2033918973(6,19)
(5,19)1070113268(5,20)
(6,19)18685224(7,19)
(6,19)553501636(6,20)
(7,19)190294319(8,19)
(7,19)547666644(7,20)
(8,19)634105300(9,19)
(8,19)1767395743(8,20)
(9,19)1332820319(10,19)
(9,19)1420288912(9,20)
(10,19)968467180(11,19)
(10,19)784661040(10,20)
(11,19)1187591210(12,19)
(11,19)1181690393(11,20)
(12,19)1020286457(13,19)
(12,19)293355354(12,20)
(13,19)105348588(14,19)
(13,19)402339824(13,20)
(14,19)1221278201(15,19)
(14,19)958387621(14,20)
(15,19)924776859(16,19)
(15,19)1372228717(15,20)
(16,19)333031641(16,20)
(0,20)1255942763(1,20)
(0,20)880003330(0,21)
(1,20)1366412732(2,20)
(1,20)876803482(1,21)
(2,20)2097415069(3,20)
(2,20)1800355157(2,21)
(3,20)1681196990(4,20)
(3,20)675466364(3,21)
(4,20)561901689(5,20)
(4,20)1020044689(4,21)
(5,20)1038729913(6,20)
(5,20)87214978(5,21)
(6,20)277509298(7,20)
(6,20)1109568333(6,21)
(7,20)1743673633(8,20)
(7,20)658642009(7,21)
(8,20)1991462328(9,20)
(8,20)1697798210(8,21)
(9,20)518781742(10,20)
(9,20)380851026(9,21)
(10,20)1568442236(11,20)
(10,20)1025669074(10,21)
(11,20)2045955531(12,20)
(11,20)812137096(11,21)
(12,20)917485685(13,20)
(12,20)1970782060(12,21)
(13,20)1044576613(14,20)
(13,20)856859504(13,21)
(14,20)1781636363(15,20)
(14,20)142230754(14,21)
(15,20)1022234084(16,20)
(15,20)1377608255(15,21)
(16,20)890095478(16,21)
(0,21)241163169(1,21)
(0,21)106928089(0,22)
(1,21)56859510(2,21)
(1,21)542966987(1,22)
(2,21)76680329(3,21)
(2,21)916629533(2,22)
(3,21)1478531222(4,21)
(3,21)1076904200(3,22)
(4,21)2115634113(5,21)
(4,21)163895308(4,22)
(5,21)441404606(6,21)
(5,21)440615907(5,22)
(6,21)36805893(7,21)
(6,21)626792474(6,22)
(7,21)470771155(8,21)
(7,21)2139202816(7,22)
(8,21)510500910(9,21)
(8,21)417656919(8,22)
(9,21)1986099155(10,21)
(9,21)1496440229(9,22)
(10,21)1394912112(11,21)
(10,21)1322638006(10,22)
(11,21)92640043(12,21)
(11,21)1809397568(11,22)
(12,21)706490533(13,21)
(12,21)104287968(12,22)
(13,21)1885924331(14,21)
(13,21)234870798(13,22)
(14,21)1257104882(15,21)
(14,21)2084098788(14,22)
(15,21)43543229(16,21)
(15,21)628536162(15,22)
(16,21)1498268051(16,22)
(0,22)100402740(1,22)
(0,22)1171503149(0,23)
(1,22)1248183479(2,22)
(1,22)267413936(1,23)
(2,22)1745945158(3,22)
(2,22)1177306940(2,23)
(3,22)1145457405(4,22)
(3,22)1412078787(3,23)
(4,22)1853483393(5,22)
(4,22)39077418(4,23)
(5,22)75883311(6,22)
(5,22)1772249880(5,23)
(6,22)95537387(7,22)
(6,22)1845202561(6,23)
(7,22)208219823(8,22)
(7,22)493540230(7,23)
(8,22)332155737(9,22)
(8,22)1591977616(8,23)
(9,22)839406080(10,22)
(9,22)1530857829(9,23)
(10,22)1623497873(11,22)
(10,22)2141553305(10,23)
(11,22)700560191(12,22)
(11,22)943694048(11,23)
(12,22)682134731(13,22)
(12,22)1858368671(12,23)
(13,22)967989905(14,22)
(13,22)637175331(13,23)
(14,22)680718561(15,22)
(14,22)1310670893(14,23)
(15,22)334690395(16,22)
(15,22)318774309(15,23)
(16,22)781121301(16,23)
(0,23)1582873874(1,23)
(0,23)586188245(0,24)
(1,23)184649756(2,23)
(1,23)1958428241(1,24)
(2,23)956401998(3,23)
(2,23)847469013(2,24)
(3,23)553468758(4,23)
(3,23)223727174(3,24)
(4,23)299610485(5,23)
(4,23)581168230(4,24)
(5,23)676705617(6,23)
(5,23)251187671(5,24)
(6,23)459407494(7,23)
(6,23)793150715(6,24)
(7,23)1125306452(8,23)
(7,23)121199585(7,24)
(8,23)960605665(9,23)
(8,23)1990265323(8,24)
(9,23)1466279548(10,23)
(9,23)1119376110(9,24)
(10,23)1819936301(11,23)
(10,23)1904299713(10,24)
(11,23)438950797(12,23)
(11,23)1177164571(11,24)
(12,23)2145154477(13,23)
(12,23)309627984(12,24)
(13,23)990346545(14,23)
(13,23)1749621690(13,24)
(14,23)2084312085(15,23)
(14,23)316445138(14,24)
(15,23)902633383(16,23)
(15,23)1771467846(15,24)
(16,23)1519702311(16,24)
(0,24)1087283139(1,24)
(0,24)1582412439(0,25)
(1,24)391330790(2,24)
(1,24)219687676(1,25)
(2,24)773156434(3,24)
(2,24)1311010313(2,25)
(3,24)1610620798(4,24)
(3,24)972499020(3,25)
(4,24)1649204638(5,24)
(4,24)1024344105(4,25)
(5,24)1483751599(6,24)
(5,24)256287865(5,25)
(6,24)1381594318(7,24)
(6,24)1770404223(6,25)
(7,24)583526241(8,24)
(7,24)1326533275(7,25)
(8,24)645329175(9,24)
(8,24)353486780(8,25)
(9,24)25939433(10,24)
(9,24)340342306(9,25)
(10,24)779293103(11,24)
(10,24)1822493747(10,25)
(11,24)1820164576(12,24)
(11,24)335567417(11,25)
(12,24)1325913963(13,24)
(12,24)381431146(12,25)
(13,24)318259583(14,24)
(13,24)2136609714(13,25)
(14,24)891759449(15,24)
(14,24)949898161(14,25)
(15,24)384826953(16,24)
(15,24)1837961895(15,25)
(16,24)1979042589(16,25)
(0,25)776157743(1,25)
(0,25)2057649571(0,26)
(1,25)683322358(2,25)
(1,25)1142569254(1,26)
(2,25)605706405(3,25)
(2,25)1748656763(2,26)
(3,25)1250377753(4,25)
(3,25)1707666463(3,26)
(4,25)1043934415(5,25)
(4,25)861994270(4,26)
(5,25)96104940(6,25)
(5,25)873298329(5,26)
(6,25)1456824570(7,25)
(6,25)222984042(6,26)
(7,25)868313217(8,25)
(7,25)449591720(7,26)
(8,25)475531153(9,25)
(8,25)1797166876(8,26)
(9,25)428976332(10,25)
(9,25)543323316(9,26)
(10,25)216004244(11,25)
(10,25)811098571(10,26)
(11,25)2137012534(12,25)
(11,25)810407478(11,26)
(12,25)1128667061(13,25)
(12,25)205130310(12,26)
(13,25)1096889760(14,25)
(13,25)939427047(13,26)
(14,25)1324254000(15,25)
(14,25)819145308(14,26)
(15,25)729311232(16,25)
(15,25)928448701(15,26)
(16,25)2100411743(16,26)
(0,26)1412633590(1,26)
(0,26)2071017955(0,27)
(1,26)529240712(2,26)
(1,26)1701584859(1,27)
(2,26)804478964(3,26)
(2,26)972816405(2,27)
(3,26)2016750820(4,26)
(3,26)1391234983(3,27)
(4,26)1487339923(5,26)
(4,26)1677777293(4,27)
(5,26)987118215(6,26)
(5,26)92251214(5,27)
(6,26)960564432(7,26)
(6,26)1936931644(6,27)
(7,26)264979149(8,26)
(7,26)636801444(7,27)
(8,26)1065777776(9,26)
(8,26)1503887748(8,27)
(9,26)1719891993(10,26)
(9,26)1076077720(9,27)
(10,26)1065606606(11,26)
(10,26)1876185254(10,27)
(11,26)857368667(12,26)
(11,26)1925022303(11,27)
(12,26)874428415(13,26)
(12,26)2005033654(12,27)
(13,26)1181804006(14,26)
(13,26)1676513976(13,27)
(14,26)258341560(15,26)
(14,26)1802877116(14,27)
(15,26)1726411424(16,26)
(15,26)1134732102(15,27)
(16,26)1670975150(16,27)
(0,27)108168488(1,27)
(0,27)688833313(0,28)
(1,27)1493312277(2,27)
(1,27)496307907(1,28)
(2,27)365575080(3,27)
(2,27)1499403471(2,28)
(3,27)839259747(4,27)
(3,27)1023605923(3,28)
(4,27)2010724138(5,27)
(4,27)457826294(4,28)
(5,27)1418390726(6,27)
(5,27)628707743(5,28)
(6,27)893686892(7,27)
(6,27)500041934(6,28)
(7,27)1565819710(8,27)
(7,27)774794827(7,28)
(8,27)347203172(9,27)
(8,27)1969764613(8,28)
(9,27)887887571(10,27)
(9,27)1294521316(9,28)
(10,27)4406336(11,27)
(10,27)124741827(10,28)
(11,27)999170243(12,27)
(11,27)745437577(11,28)
(12,27)1927241584(13,27)
(12,27)1680920312(12,28)
(13,27)1939261872(14,27)
(13,27)654563711(13,28)
(14,27)233491487(15,27)
(14,27)914490038(14,28)
(15,27)1603323351(16,27)
(15,27)1462753374(15,28)
(16,27)341659976(16,28)
(0,28)949151980(1,28)
(0,28)1959061281(0,29)
(1,28)177152713(2,28)
(1,28)1841063447(1,29)
(2,28)532839546(3,28)
(2,28)1972757903(2,29)
(3,28)1835998394(4,28)
(3,28)634979008(3,29)
(4,28)2053369734(5,28)
(4,28)1161547289(4,29)
(5,28)2055234182(6,28)
(5,28)188556680(5,29)
(6,28)1754376391(7,28)
(6,28)680680913(6,29)
(7,28)1027884085(8,28)
(7,28)1877515147(7,29)
(8,28)617919070(9,28)
(8,28)901414059(8,29)
(9,28)905820395(10,28)
(9,28)1152625913(9,29)
(10,28)4312508(11,28)
(10,28)1363356648(10,29)
(11,28)1143114584(12,28)
(11,28)439257059(11,29)
(12,28)231035283(13,28)
(12,28)658876219(12,29)
(13,28)892367707(14,28)
(13,28)2057604622(13,29)
(14,28)1513444325(15,28)
(14,28)1693788657(14,29)
(15,28)1505366291(16,28)
(15,28)1234027683(15,29)
(16,28)315112657(16,29)
(0,29)1682519004(1,29)
(0,29)927607482(0,30)
(1,29)1460447029(2,29)
(1,29)140386913(1,30)
(2,29)1976385307(3,29)
(2,29)170014364(2,30)
(3,29)75900451(4,29)
(3,29)474510670(3,30)
(4,29)382261204(5,29)
(4,29)17458339(4,30)
(5,29)1771834730(6,29)
(5,29)756581364(5,30)
(6,29)1784465450(7,29)
(6,29)112292703(6,30)
(7,29)730211774(8,29)
(7,29)525765142(7,30)
(8,29)1431585537(9,29)
(8,29)789607715(8,30)
(9,29)793920223(10,29)
(9,29)2093568422(9,30)
(10,29)1089199358(11,29)
(10,29)1870842597(10,30)
(11,29)2101877880(12,29)
(11,29)1452796442(11,30)
(12,29)197680501(13,29)
(12,29)999320332(12,30)
(13,29)365281009(14,29)
(13,29)1648182890(13,30)
(14,29)1006065533(15,29)
(14,29)1431708184(14,30)
(15,29)211832019(16,29)
(15,29)680393666(15,30)
(16,29)541100889(16,30)
(0,30)1672279048(1,30)
(0,30)820780579(0,31)
(1,30)649682238(2,30)
(1,30)711115254(1,31)
(2,30)787015705(3,30)
(2,30)2146789718(2,31)
(3,30)381567275(4,30)
(3,30)667140578(3,31)
(4,30)291491660(5,30)
(4,30)1543597069(4,31)
(5,30)1180578871(6,30)
(5,30)493859978(5,31)
(6,30)1224071752(7,30)
(6,30)817256802(6,31)
(7,30)101358692(8,30)
(7,30)1970186586(7,31)
(8,30)616623161(9,30)
(8,30)1170156526(8,31)
(9,30)111872236(10,30)
(9,30)1972201289(9,31)
(10,30)1926595521(11,30)
(10,30)2069419604(10,31)
(11,30)119616457(12,30)
(11,30)1111192568(11,31)
(12,30)1476473577(13,30)
(12,30)1427294763(12,31)
(13,30)285876648(14,30)
(13,30)1551324642(13,31)
(14,30)1763156661(15,30)
(14,30)9383596(14,31)
(15,30)830164175(16,30)
(15,30)826977538(15,31)
(16,30)1287952061(16,31)
(0,31)1479846414(1,31)
(0,31)1538092792(0,32)
(1,31)177624849(2,31)
(1,31)1287258131(1,32)
(2,31)1668825406(3,31)
(2,31)2146986992(2,32)
(3,31)290995004(4,31)
(3,31)1721221918(3,32)
(4,31)754317142(5,31)
(4,31)15201737(4,32)
(5,31)1239273489(6,31)
(5,31)1108251807(5,32)
(6,31)1209610499(7,31)
(6,31)577020080(6,32)
(7,31)1193643242(8,31)
(7,31)261946368(7,32)
(8,31)373818604(9,31)
(8,31)1034328140(8,32)
(9,31)813440013(10,31)
(9,31)1115579198(9,32)
(10,31)1235195655(11,31)
(10,31)1485011173(10,32)
(11,31)814001102(12,31)
(11,31)93251129(11,32)
(12,31)379127777(13,31)
(12,31)639036649(12,32)
(13,31)254709662(14,31)
(13,31)823384698(13,32)
(14,31)1653548874(15,31)
(14,31)1206105315(14,32)
(15,31)596714459(16,31)
(15,31)1542661723(15,32)
(16,31)985911640(16,32)
(0,32)774339308(1,32)
(0,32)682436207(0,33)
(1,32)203777965(2,32)
(1,32)985414984(1,33)
(2,32)1276409988(3,32)
(2,32)348077579(2,33)
(3,32)1102394721(4,32)
(3,32)218979702(3,33)
(4,32)1458253192(5,32)
(4,32)237178147(4,33)
(5,32)1446788646(6,32)
(5,32)1679414801(5,33)
(6,32)725574395(7,32)
(6,32)1720199560(6,33)
(7,32)2094018164(8,32)
(7,32)333633138(7,33)
(8,32)1147073152(9,32)
(8,32)1841153593(8,33)
(9,32)928865601(10,32)
(9,32)1431545689(9,33)
(10,32)98063144(11,32)
(10,32)1240324281(10,33)
(11,32)1619452058(12,32)
(11,32)1567902250(11,33)
(12,32)1822611913(13,32)
(12,32)921447842(12,33)
(13,32)427513068(14,32)
(13,32)678073726(13,33)
(14,32)1274788185(15,32)
(14,32)1217789988(14,33)
(15,32)1900226195(16,32)
(15,32)1413424708(15,33)
(16,32)2049127494(16,33)
(0,33)2104004161(1,33)
(0,33)251356044(0,34)
(1,33)1527766033(2,33)
(1,33)249721425(1,34)
(2,33)1352116146(3,33)
(2,33)175500215(2,34)
(3,33)1633753407(4,33)
(3,33)1764944180(3,34)
(4,33)1064249179(5,33)
(4,33)884047299(4,34)
(5,33)1609621695(6,33)
(5,33)1206469319(5,34)
(6,33)1153003836(7,33)
(6,33)1397882317(6,34)
(7,33)397471821(8,33)
(7,33)1303291640(7,34)
(8,33)84673593(9,33)
(8,33)437065877(8,34)
(9,33)535129021(10,33)
(9,33)1637796102(9,34)
(10,33)1109764513(11,33)
(10,33)1652575844(10,34)
(11,33)1327704109(12,33)
(11,33)1456576864(11,34)
(12,33)1884089932(13,33)
(12,33)1787838239(12,34)
(13,33)915142776(14,33)
(13,33)398010449(13,34)
(14,33)150752997(15,33)
(14,33)1150030993(14,34)
(15,33)1401387037(16,33)
(15,33)816786622(15,34)
(16,33)107273510(16,34)
(0,34)781669422(1,34)
(0,34)1066508047(0,35)
(1,34)271140545(2,34)
(1,34)282773725(1,35)
(2,34)1916527133(3,34)
(2,34)399129955(2,35)
(3,34)1463379134(4,34)
(3,34)1155187845(3,35)
(4,34)617325892(5,34)
(4,34)975512804(4,35)
(5,34)2128516640(6,34)
(5,34)713777803(5,35)
(6,34)1111249625(7,34)
(6,34)1920617532(6,35)
(7,34)2005291126(8,34)
(7,34)418098870(7,35)
(8,34)953227891(9,34)
(8,34)601562079(8,35)
(9,34)1711326592(10,34)
(9,34)1510383322(9,35)
(10,34)690603783(11,34)
(10,34)262321107(10,35)
(11,34)2146411040(12,34)
(11,34)1351681183(11,35)
(12,34)119340312(13,34)
(12,34)1088614232(12,35)
(13,34)1239367229(14,34)
(13,34)1148958385(13,35)
(14,34)402861774(15,34)
(14,34)936126934(14,35)
(15,34)2002634982(16,34)
(15,34)1346640739(15,35)
(16,34)1184531197(16,35)
(0,35)126291879(1,35)
(0,35)1629414465(0,36)
(1,35)1398457950(2,35)
(1,35)1583661152(1,36)
(2,35)899556638(3,35)
(2,35)1281479724(2,36)
(3,35)1898805616(4,35)
(3,35)226487106(3,36)
(4,35)207520099(5,35)
(4,35)1613334441(4,36)
(5,35)577100418(6,35)
(5,35)1671939501(5,36)
(6,35)1529746979(7,35)
(6,35)625618969(6,36)
(7,35)1578846860(8,35)
(7,35)1178662498(7,36)
(8,35)742505442(9,35)
(8,35)892646653(8,36)
(9,35)1583250436(10,35)
(9,35)1841167968(9,36)
(10,35)1840095360(11,35)
(10,35)2094186626(10,36)
(11,35)66043290(12,35)
(11,35)524381020(11,36)
(12,35)1763748250(13,35)
(12,35)841570097(12,36)
(13,35)1244431871(14,35)
(13,35)1002170224(13,36)
(14,35)857321558(15,35)
(14,35)962905341(14,36)
(15,35)444836158(16,35)
(15,35)281479420(15,36)
(16,35)983613438(16,36)
(0,36)1843294108(1,36)
(0,36)1865140572(0,37)
(1,36)617213562(2,36)
(1,36)117609514(1,37)
(2,36)2016415131(3,36)
(2,36)2069781215(2,37)
(3,36)129817666(4,36)
(3,36)83064356(3,37)
(4,36)660164774(5,36)
(4,36)1540870984(4,37)
(5,36)923134315(6,36)
(5,36)755436635(5,37)
(6,36)186799847(7,36)
(6,36)1838827272(6,37)
(7,36)433849067(8,36)
(7,36)1815780968(7,37)
(8,36)1251547756(9,36)
(8,36)2027967815(8,37)
(9,36)1720579527(10,36)
(9,36)380552045(9,37)
(10,36)446595335(11,36)
(10,36)1775928776(10,37)
(11,36)1392193378(12,36)
(11,36)414665976(11,37)
(12,36)1659097848(13,36)
(12,36)1448765559(12,37)
(13,36)158603470(14,36)
(13,36)207615072(13,37)
(14,36)652451230(15,36)
(14,36)1940577268(14,37)
(15,36)1658234193(16,36)
(15,36)1142216908(15,37)
(16,36)348261691(16,37)
(0,37)127964107(1,37)
(0,37)1259826422(0,38)
(1,37)1128757905(2,37)
(1,37)270559258(1,38)
(2,37)400376924(3,37)
(2,37)211028463(2,38)
(3,37)871193238(4,37)
(3,37)522145241(3,38)
(4,37)1445279556(5,37)
(4,37)1155813559(4,38)
(5,37)1342613406(6,37)
(5,37)562536862(5,38)
(6,37)996385929(7,37)
(6,37)1113576876(6,38)
(7,37)217640984(8,37)
(7,37)1223097574(7,38)
(8,37)796193453(9,37)
(8,37)1376937974(8,38)
(9,37)1823533309(10,37)
(9,37)1993569761(9,38)
(10,37)1238279491(11,37)
(10,37)1210859430(10,38)
(11,37)722473630(12,37)
(11,37)1124815221(11,38)
(12,37)1283418691(13,37)
(12,37)1445894563(12,38)
(13,37)2098345794(14,37)
(13,37)515567250(13,38)
(14,37)26317795(15,37)
(14,37)278151951(14,38)
(15,37)1537978373(16,37)
(15,37)299123837(15,38)
(16,37)154281903(16,38)
(0,38)519252631(1,38)
(0,38)569683095(0,39)
(1,38)970060019(2,38)
(1,38)365310366(1,39)
(2,38)1236503604(3,38)
(2,38)1041397872(2,39)
(3,38)339193781(4,38)
(3,38)2125873578(3,39)
(4,38)1321003336(5,38)
(4,38)1799040467(4,39)
(5,38)647942748(6,38)
(5,38)1452770657(5,39)
(6,38)1670411642(7,38)
(6,38)396617262(6,39)
(7,38)1192810716(8,38)
(7,38)2024880723(7,39)
(8,38)1700930384(9,38)
(8,38)1516497755(8,39)
(9,38)607293598(10,38)
(9,38)256186498(9,39)
(10,38)978660128(11,38)
(10,38)678261957(10,39)
(11,38)1961680648(12,38)
(11,38)2053188162(11,39)
(12,38)2004050308(13,38)
(12,38)1494227378(12,39)
(13,38)1520545174(14,38)
(13,38)92348951(13,39)
(14,38)1630327325(15,38)
(14,38)155690497(14,39)
(15,38)725373592(16,38)
(15,38)1674827077(15,39)
(16,38)2096308(16,39)
(0,39)1695433611(1,39)
(0,39)2040137443(0,40)
(1,39)1129157400(2,39)
(1,39)1043494180(1,40)
(2,39)1382687961(3,39)
(2,39)1673823541(2,40)
(3,39)847343229(4,39)
(3,39)780714219(3,40)
(4,39)1428656967(5,39)
(4,39)687974971(4,40)
(5,39)210902965(6,39)
(5,39)1243960492(5,40)
(6,39)289287560(7,39)
(6,39)1306054042(6,40)
(7,39)859500779(8,39)
(7,39)1727400720(7,40)
(8,39)187210670(9,39)
(8,39)545474058(8,40)
(9,39)1524134186(10,39)
(9,39)1537762736(9,40)
(10,39)1351959737(11,39)
(10,39)92915184(10,40)
(11,39)2096965492(12,39)
(11,39)870877916(11,40)
(12,39)243939442(13,39)
(12,39)1444308688(12,40)
(13,39)927152365(14,39)
(13,39)105172341(13,40)
(14,39)830545933(15,39)
(14,39)1918766519(14,40)
(15,39)1811420315(16,39)
(15,39)929248673(15,40)
(16,39)378495896(16,40)
(0,40)793094067(1,40)
(0,40)1972742854(0,41)
(1,40)1207947167(2,40)
(1,40)2052319437(1,41)
(2,40)752179019(3,40)
(2,40)1573808286(2,41)
(3,40)854981605(4,40)
(3,40)1895922138(3,41)
(4,40)2106825103(5,40)
(4,40)1996139511(4,41)
(5,40)137943423(6,40)
(5,40)13552000(5,41)
(6,40)873052779(7,40)
(6,40)1686742175(6,41)
(7,40)1873952846(8,40)
(7,40)683417481(7,41)
(8,40)60068019(9,40)
(8,40)263331867(8,41)
(9,40)1615291604(10,40)
(9,40)1966868030(9,41)
(10,40)1916349875(11,40)
(10,40)930945935(10,41)
(11,40)1174885378(12,40)
(11,40)912116645(11,41)
(12,40)1839269010(13,40)
(12,40)2021522216(12,41)
(13,40)704584502(14,40)
(13,40)946168249(13,41)
(14,40)610104916(15,40)
(14,40)621034036(14,41)
(15,40)446293242(16,40)
(15,40)1083080398(15,41)
(16,40)1403198983(16,41)
(0,41)1654240409(1,41)
(0,41)987916188(0,42)
(1,41)1740095207(2,41)
(1,41)829523621(1,42)
(2,41)1684505227(3,41)
(2,41)1402678900(2,42)
(3,41)1362020355(4,41)
(3,41)1588751070(3,42)
(4,41)1726694493(5,41)
(4,41)1698057227(4,42)
(5,41)423626358(6,41)
(5,41)901278883(5,42)
(6,41)627748081(7,41)
(6,41)262628326(6,42)
(7,41)322696345(8,41)
(7,41)686958225(7,42)
(8,41)154766182(9,41)
(8,41)447132463(8,42)
(9,41)215998690(10,41)
(9,41)1253642280(9,42)
(10,41)281044010(11,41)
(10,41)1066882827(10,42)
(11,41)758668189(12,41)
(11,41)90037259(11,42)
(12,41)794621761(13,41)
(12,41)1227212260(12,42)
(13,41)1837317176(14,41)
(13,41)1379702225(13,42)
(14,41)1825995467(15,41)
(14,41)1877702159(14,42)
(15,41)718134699(16,41)
(15,41)1093032512(15,42)
(16,41)1332752229(16,42)
(0,42)310746258(1,42)
(0,42)1922556133(0,43)
(1,42)1459577712(2,42)
(1,42)587947481(1,43)
(2,42)1949967836(3,42)
(2,42)1899497328(2,43)
(3,42)1478708173(4,42)
(3,42)1010151291(3,43)
(4,42)1433777649(5,42)
(4,42)703763071(4,43)
(5,42)1331511152(6,42)
(5,42)1741336499(5,43)
(6,42)2064032844(7,42)
(6,42)2120735875(6,43)
(7,42)128018409(8,42)
(7,42)1778643616(7,43)
(8,42)1994642306(9,42)
(8,42)1170191477(8,43)
(9,42)1451235487(10,42)
(9,42)1194901236(9,43)
(10,42)1953569425(11,42)
(10,42)2084679565(10,43)
(11,42)731817678(12,42)
(11,42)530964099(11,43)
(12,42)220797628(13,42)
(12,42)1185788003(12,43)
(13,42)864299822(14,42)
(13,42)462036190(13,43)
(14,42)1180170889(15,42)
(14,42)1313830140(14,43)
(15,42)1088902625(16,42)
(15,42)49568403(15,43)
(16,42)1490917148(16,43)
(0,43)400996690(1,43)
(0,43)637515884(0,44)
(1,43)440000073(2,43)
(1,43)1242930828(1,44)
(2,43)574155354(3,43)
(2,43)1411147981(2,44)
(3,43)697441983(4,43)
(3,43)1143763144(3,44)
(4,43)327790649(5,43)
(4,43)168008205(4,44)
(5,43)84557402(6,43)
(5,43)670694210(5,44)
(6,43)798712619(7,43)
(6,43)2106434265(6,44)
(7,43)1953592923(8,43)
(7,43)1254748879(7,44)
(8,43)558500718(9,43)
(8,43)1993613855(8,44)
(9,43)1799699632(10,43)
(9,43)1890788841(9,44)
(10,43)475122871(11,43)
(10,43)1089464818(10,44)
(11,43)1310262446(12,43)
(11,43)838003987(11,44)
(12,43)1702303810(13,43)
(12,43)937159061(12,44)
(13,43)2117329951(14,43)
(13,43)476608938(13,44)
(14,43)1565511563(15,43)
(14,43)1751872213(14,44)
(15,43)241904450(16,43)
(15,43)1460763451(15,44)
(16,43)1966508253(16,44)
(0,44)681904523(1,44)
(0,44)556210631(0,45)
(1,44)1130365985(2,44)
(1,44)1230172587(1,45)
(2,44)1927614570(3,44)
(2,44)1825667667(2,45)
(3,44)5974668(4,44)
(3,44)1298374191(3,45)
(4,44)1382931593(5,44)
(4,44)450825132(4,45)
(5,44)1249537751(6,44)
(5,44)2112408933(5,45)
(6,44)1918518209(7,44)
(6,44)490196824(6,45)
(7,44)1048697542(8,44)
(7,44)1095667958(7,45)
(8,44)747883942(9,44)
(8,44)1661823402(8,45)
(9,44)2136946273(10,44)
(9,44)2138162360(9,45)
(10,44)1300941158(11,44)
(10,44)1585887930(10,45)
(11,44)1140708092(12,44)
(11,44)926621687(11,45)
(12,44)896467990(13,44)
(12,44)1777550096(12,45)
(13,44)1195578012(14,44)
(13,44)745096657(13,45)
(14,44)987001107(15,44)
(14,44)209747793(14,45)
(15,44)765958424(16,44)
(15,44)1014602617(15,45)
(16,44)1668905630(16,45)
(0,45)1896324410(1,45)
(0,45)97291556(0,46)
(1,45)2024906126(2,45)
(1,45)1347089650(1,46)
(2,45)1353064318(3,45)
(2,45)1047214953(2,46)
(3,45)282662898(4,45)
(3,45)328247610(3,46)
(4,45)1577785361(5,45)
(4,45)1317989604(4,46)
(5,45)1089024165(6,45)
(5,45)772859722(5,46)
(6,45)1821557264(7,45)
(6,45)525969671(6,46)
(7,45)1273853614(8,45)
(7,45)603363919(7,46)
(8,45)592826544(9,45)
(8,45)1812235977(8,46)
(9,45)965693487(10,45)
(9,45)712257896(9,46)
(10,45)1852965988(11,45)
(10,45)1519448231(10,46)
(11,45)268432573(12,45)
(11,45)595759936(11,46)
(12,45)1791337948(13,45)
(12,45)450578997(12,46)
(13,45)1437580105(14,45)
(13,45)478180366(13,46)
(14,45)1244138791(15,45)
(14,45)658456917(14,46)
(15,45)755748474(16,45)
(15,45)959002087(15,46)
(16,45)992979553(16,46)
(0,46)633170952(1,46)
(0,46)158608089(0,47)
(1,46)1511672408(2,46)
(1,46)2040194506(1,47)
(2,46)175373756(3,46)
(2,46)961418563(2,47)
(3,46)391720276(4,46)
(3,46)682178364(3,47)
(4,46)1771202529(5,46)
(4,46)948233478(4,47)
(5,46)622307094(6,46)
(5,46)917689948(5,47)
(6,46)44059914(7,46)
(6,46)227082800(6,47)
(7,46)819909344(8,46)
(7,46)287059423(7,47)
(8,46)1252752911(9,46)
(8,46)756317810(8,47)
(9,46)461800150(10,46)
(9,46)191873928(9,47)
(10,46)460306501(11,46)
(10,46)1848512847(10,47)
(11,46)1492367147(12,46)
(11,46)912379147(11,47)
(12,46)202475604(13,46)
(12,46)938486868(12,47)
(13,46)35142011(14,46)
(13,46)3340416(13,47)
(14,46)759088890(15,46)
(14,46)1161477692(14,47)
(15,46)1320085781(16,46)
(15,46)1028121564(15,47)
(16,46)1392259843(16,47)
(0,47)684274541(1,47)
(0,47)920832422(0,48)
(1,47)1096206178(2,47)
(1,47)206194758(1,48)
(2,47)597915034(3,47)
(2,47)1366452905(2,48)
(3,47)990171786(4,47)
(3,47)2044439656(3,48)
(4,47)519263102(5,47)
(4,47)1515604982(4,48)
(5,47)1559664896(6,47)
(5,47)1217254586(5,48)
(6,47)2037163931(7,47)
(6,47)806322526(6,48)
(7,47)2059075437(8,47)
(7,47)168499058(7,48)
(8,47)630299208(9,47)
(8,47)81554211(8,48)
(9,47)541860712(10,47)
(9,47)1760104636(9,48)
(10,47)1104988135(11,47)
(10,47)1542678356(10,48)
(11,47)1745153960(12,47)
(11,47)1480347580(11,48)
(12,47)1515489591(13,47)
(12,47)1108328551(12,48)
(13,47)1867417442(14,47)
(13,47)759148004(13,48)
(14,47)2079233786(15,47)
(14,47)396127507(14,48)
(15,47)1316959929(16,47)
(15,47)1112193637(15,48)
(16,47)616024679(16,48)
(0,48)265682459(1,48)
(0,48)1318388395(0,49)
(1,48)1916303429(2,48)
(1,48)1982477585(1,49)
(2,48)825165723(3,48)
(2,48)162638467(2,49)
(3,48)681901570(4,48)
(3,48)1284424764(3,49)
(4,48)696606012(5,48)
(4,48)2042420310(4,49)
(5,48)1932100593(6,48)
(5,48)1488224096(5,49)
(6,48)1399815885(7,48)
(6,48)865105071(6,49)
(7,48)1495404279(8,48)
(7,48)2013654804(7,49)
(8,48)408031868(9,48)
(8,48)1012436873(8,49)
(9,48)2117425008(10,48)
(9,48)890598987(9,49)
(10,48)488269300(11,48)
(10,48)1888379449(10,49)
(11,48)1256385392(12,48)
(11,48)1078269911(11,49)
(12,48)798203705(13,48)
(12,48)1247417304(12,49)
(13,48)1179167442(14,48)
(13,48)1652512900(13,49)
(14,48)821989181(15,48)
(14,48)1910397342(14,49)
(15,48)1081302089(16,48)
(15,48)1795192122(15,49)
(16,48)1087671641(16,49)
(0,49)1630186059(1,49)
(1,49)850121871(2,49)
(2,49)1250310108(3,49)
(3,49)307868134(4,49)
(4,49)2134546635(5,49)
(5,49)1932211678(6,49)
(6,49)202804796(7,49)
(7,49)683668999(8,49)
(8,49)1272952126(9,49)
(9,49)2134905389(10,49)
(10,49)1548774070(11,49)
(11,49)525284363(12,49)
(12,49)2001076545(13,49)
(13,49)896694702(14,49)
(14,49)1537721236(15,49)
(15,49)261624766(16,49)
