17 200
(0,0)1069916450(0,1)
(1,0)958526666(1,1)
(2,0)755727079(2,1)
(3,0)895715987(4,0)
(3,0)1193201932(3,1)
(4,0)268909458(4,1)
(5,0)165146947(5,1)
(6,0)344708285(7,0)
(6,0)942011135(6,1)
(7,0)1039067781(7,1)
(8,0)323589893(8,1)
(9,0)925809784(10,0)
(9,0)122091341(9,1)
(10,0)774891812(10,1)
(11,0)1107838956(12,0)
(12,0)413169017(13,0)
(13,0)687901671(13,1)
(14,0)709298461(14,1)
(15,0)665218367(15,1)
(16,0)967131255(16,1)
(0,1)1347912715(1,1)
(1,1)1452991135(2,1)
(2,1)471090674(3,1)
(2,1)393630999(2,2)
(4,1)636237621(4,2)
(5,1)980945906(6,1)
(5,1)640762521(5,2)
(6,1)551074635(6,2)
(8,1)82861936(9,1)
(9,1)612597227(9,2)
(11,1)936651047(11,2)
(12,1)813344416(13,1)
(12,1)260854206(12,2)
(13,1)628534407(13,2)
(14,1)260265671(15,1)
(15,1)954824170(16,1)
(15,1)195631134(15,2)
(0,2)260331657(1,2)
(1,2)242096495(2,2)
(3,2)878334116(3,3)
(4,2)193839643(4,3)
(6,2)1016332174(6,3)
(7,2)1099194110(8,2)
(8,2)348132733(8,3)
(9,2)605261038(9,3)
(10,2)524496984(11,2)
(10,2)11073519(10,3)
(11,2)824417935(12,2)
(11,2)181939475(11,3)
(13,2)155497071(13,3)
(14,2)1110321241(15,2)
(15,2)873991801(15,3)
(16,2)1370652898(16,3)
(0,3)728317538(0,4)
(1,3)281394660(2,3)
(1,3)1205401500(1,4)
(2,3)552156957(3,3)
(2,3)497506920(2,4)
(3,3)209303294(4,3)
(4,3)284363183(5,3)
(4,3)449987049(4,4)
(5,3)185522555(6,3)
(6,3)177345930(7,3)
(7,3)1052778759(8,3)
(7,3)533655289(7,4)
(8,3)454740558(9,3)
(8,3)782606969(8,4)
(11,3)47119387(12,3)
(11,3)312651697(11,4)
(14,3)452456913(14,4)
(15,3)229774129(15,4)
(16,3)796922636(16,4)
(0,4)1435175630(0,5)
(3,4)74282951(4,4)
(3,4)289835988(3,5)
(4,4)475358543(5,4)
(4,4)581884671(4,5)
(5,4)759230602(6,4)
(6,4)1009013832(6,5)
(8,4)701457876(9,4)
(10,4)70163(11,4)
(10,4)1014109574(10,5)
(11,4)592574686(12,4)
(12,4)517978064(13,4)
(13,4)831009871(14,4)
(14,4)78322403(15,4)
(14,4)747752193(14,5)
(15,4)35444175(16,4)
(0,5)774878416(0,6)
(1,5)131127619(2,5)
(2,5)165129102(2,6)
(3,5)713012291(3,6)
(5,5)120300529(6,5)
(6,5)965772221(7,5)
(6,5)866596816(6,6)
(8,5)918722997(8,6)
(9,5)918793160(10,5)
(9,5)434680618(9,6)
(10,5)1027255305(11,5)
(10,5)1268549891(10,6)
(11,5)572053199(11,6)
(12,5)1403063071(13,5)
(13,5)3125660(14,5)
(13,5)386796501(13,6)
(14,5)422240676(15,5)
(16,5)297533791(16,6)
(0,6)726544811(0,7)
(1,6)462662893(1,7)
(2,6)1103150539(3,6)
(2,6)355046610(2,7)
(4,6)605168370(4,7)
(5,6)546402671(5,7)
(7,6)342179940(7,7)
(8,6)401654334(8,7)
(9,6)139268567(9,7)
(12,6)165109376(12,7)
(13,6)587350052(14,6)
(14,6)752972084(14,7)
(15,6)884883843(15,7)
(16,6)1125058672(16,7)
(0,7)1347546737(0,8)
(1,7)303213628(2,7)
(2,7)1159911137(3,7)
(2,7)609393871(2,8)
(3,7)908381998(3,8)
(4,7)331838941(5,7)
(5,7)1284325243(5,8)
(6,7)155043919(7,7)
(6,7)674018881(6,8)
(8,7)294312487(8,8)
(9,7)72625362(10,7)
(10,7)561656709(11,7)
(10,7)562597097(10,8)
(11,7)237734738(11,8)
(12,7)825084790(13,7)
(12,7)386290715(12,8)
(13,7)524924090(13,8)
(15,7)910031723(16,7)
(15,7)846890093(15,8)
(16,7)1320229632(16,8)
(0,8)1213245351(1,8)
(0,8)179511727(0,9)
(3,8)305982643(4,8)
(3,8)898253025(3,9)
(4,8)424056901(5,8)
(6,8)767509859(7,8)
(6,8)351515111(6,9)
(8,8)240560845(8,9)
(9,8)802217554(10,8)
(9,8)122996409(9,9)
(11,8)379598726(12,8)
(12,8)419872505(12,9)
(13,8)276829843(14,8)
(14,8)852115435(15,8)
(0,9)1128680727(1,9)
(1,9)1037155165(2,9)
(2,9)198003484(3,9)
(3,9)303507006(4,9)
(4,9)929277592(5,9)
(5,9)655022117(5,10)
(6,9)215421430(7,9)
(6,9)173431428(6,10)
(7,9)38592065(7,10)
(8,9)840809619(9,9)
(8,9)338417839(8,10)
(9,9)233366254(10,9)
(11,9)792173930(12,9)
(11,9)653238759(11,10)
(12,9)930068602(13,9)
(13,9)218522436(14,9)
(13,9)401920064(13,10)
(14,9)191177926(15,9)
(15,9)136399575(15,10)
(16,9)1319858653(16,10)
(0,10)648515279(1,10)
(0,10)28420416(0,11)
(1,10)226423901(2,10)
(2,10)480467874(2,11)
(3,10)1404428910(3,11)
(4,10)10354233(4,11)
(5,10)225775663(6,10)
(7,10)564193503(7,11)
(8,10)797559757(9,10)
(8,10)118112082(8,11)
(10,10)608386338(11,10)
(10,10)1450798517(10,11)
(11,10)233383471(12,10)
(13,10)613027901(13,11)
(14,10)224388015(15,10)
(15,10)1439668448(16,10)
(15,10)373859335(15,11)
(16,10)872903294(16,11)
(1,11)928500209(2,11)
(2,11)615632986(3,11)
(2,11)923037611(2,12)
(3,11)938854442(3,12)
(4,11)51326232(4,12)
(5,11)1124713752(6,11)
(6,11)1153444459(7,11)
(7,11)378899718(8,11)
(8,11)785261204(9,11)
(8,11)969656867(8,12)
(11,11)440865961(11,12)
(12,11)528625960(12,12)
(13,11)753013975(14,11)
(13,11)232716415(13,12)
(16,11)1190993564(16,12)
(0,12)222910631(1,12)
(0,12)831804789(0,13)
(2,12)1161765074(2,13)
(3,12)178911532(4,12)
(4,12)475994111(5,12)
(5,12)169588724(6,12)
(6,12)139151211(7,12)
(7,12)356597502(8,12)
(8,12)569805150(9,12)
(9,12)50701078(9,13)
(10,12)1010671111(10,13)
(11,12)505537753(12,12)
(11,12)265589818(11,13)
(13,12)374263731(13,13)
(14,12)497037415(14,13)
(15,12)1328842205(16,12)
(0,13)628796332(1,13)
(1,13)1053349859(1,14)
(3,13)456070803(4,13)
(3,13)895517721(3,14)
(5,13)27407101(5,14)
(6,13)384004603(7,13)
(6,13)56868390(6,14)
(7,13)626673540(8,13)
(7,13)953029894(7,14)
(8,13)689993752(9,13)
(8,13)434705681(8,14)
(10,13)955583571(10,14)
(11,13)559244668(11,14)
(12,13)369662487(12,14)
(13,13)38336641(14,13)
(13,13)323741132(13,14)
(15,13)944624252(16,13)
(16,13)133896022(16,14)
(0,14)676514060(1,14)
(1,14)68049028(2,14)
(1,14)113972714(1,15)
(2,14)570043517(3,14)
(3,14)489654580(4,14)
(4,14)44742359(5,14)
(5,14)981455221(6,14)
(5,14)546522970(5,15)
(8,14)723036045(9,14)
(8,14)663057513(8,15)
(9,14)658456269(10,14)
(9,14)495865929(9,15)
(10,14)322569646(11,14)
(11,14)471312475(12,14)
(11,14)1028118757(11,15)
(12,14)646310779(12,15)
(13,14)151410468(14,14)
(14,14)425749147(15,14)
(15,14)285306490(15,15)
(16,14)1102263207(16,15)
(0,15)399279204(0,16)
(1,15)526811341(1,16)
(2,15)960775401(2,16)
(3,15)1005517760(4,15)
(4,15)400744914(5,15)
(5,15)588701753(6,15)
(7,15)392458214(8,15)
(7,15)1251759266(7,16)
(9,15)214524301(10,15)
(10,15)790850645(10,16)
(11,15)860835080(11,16)
(13,15)706199219(13,16)
(14,15)538363680(15,15)
(15,15)1007705004(15,16)
(16,15)438577169(16,16)
(0,16)518670317(1,16)
(1,16)403498619(2,16)
(2,16)257386682(3,16)
(3,16)338704924(4,16)
(4,16)407705616(5,16)
(4,16)113193049(4,17)
(5,16)8127092(5,17)
(6,16)400585306(7,16)
(7,16)1422196771(8,16)
(9,16)65563768(9,17)
(10,16)476595809(10,17)
(11,16)1553584640(11,17)
(12,16)481585382(12,17)
(13,16)638909749(13,17)
(14,16)188257344(15,16)
(14,16)319247793(14,17)
(16,16)706927662(16,17)
(0,17)109779111(1,17)
(0,17)710395153(0,18)
(1,17)967781835(2,17)
(1,17)644887672(1,18)
(2,17)983592596(3,17)
(3,17)336488590(4,17)
(6,17)1270666596(7,17)
(7,17)1320145581(7,18)
(8,17)1246553923(9,17)
(9,17)83849626(9,18)
(10,17)652654915(10,18)
(12,17)64117085(12,18)
(13,17)252374429(14,17)
(13,17)283445498(13,18)
(15,17)487105059(16,17)
(16,17)99505100(16,18)
(1,18)28288074(1,19)
(2,18)364776665(3,18)
(2,18)388378131(2,19)
(3,18)978634790(4,18)
(4,18)676839747(5,18)
(4,18)213246490(4,19)
(5,18)970127877(5,19)
(6,18)577381693(7,18)
(7,18)672659803(7,19)
(8,18)661231319(8,19)
(9,18)86438655(10,18)
(11,18)150555740(11,19)
(12,18)402930170(13,18)
(14,18)1362232261(14,19)
(15,18)818938377(16,18)
(16,18)1266880129(16,19)
(0,19)1259237088(1,19)
(1,19)331165903(2,19)
(2,19)486409402(3,19)
(2,19)543771840(2,20)
(3,19)544412394(3,20)
(6,19)18685224(7,19)
(7,19)190294319(8,19)
(7,19)547666644(7,20)
(8,19)634105300(9,19)
(10,19)968467180(11,19)
(10,19)784661040(10,20)
(12,19)293355354(12,20)
(13,19)105348588(14,19)
(13,19)402339824(13,20)
(14,19)958387621(14,20)
(15,19)924776859(16,19)
(16,19)333031641(16,20)
(0,20)880003330(0,21)
(1,20)876803482(1,21)
(3,20)675466364(3,21)
(4,20)561901689(5,20)
(5,20)87214978(5,21)
(6,20)277509298(7,20)
(7,20)658642009(7,21)
(8,20)1697798210(8,21)
(9,20)518781742(10,20)
(9,20)380851026(9,21)
(10,20)1025669074(10,21)
(11,20)812137096(11,21)
(12,20)917485685(13,20)
(13,20)856859504(13,21)
(14,20)142230754(14,21)
(15,20)1022234084(16,20)
(16,20)890095478(16,21)
(0,21)241163169(1,21)
(0,21)106928089(0,22)
(1,21)56859510(2,21)
(2,21)76680329(3,21)
(2,21)916629533(2,22)
(3,21)1076904200(3,22)
(4,21)163895308(4,22)
(5,21)441404606(6,21)
(5,21)440615907(5,22)
(6,21)36805893(7,21)
(8,21)510500910(9,21)
(8,21)417656919(8,22)
(11,21)92640043(12,21)
(12,21)104287968(12,22)
(13,21)234870798(13,22)
(15,21)43543229(16,21)
(15,21)628536162(15,22)
(0,22)100402740(1,22)
(1,22)267413936(1,23)
(4,22)39077418(4,23)
(5,22)75883311(6,22)
(6,22)95537387(7,22)
(7,22)208219823(8,22)
(7,22)493540230(7,23)
(8,22)332155737(9,22)
(9,22)839406080(10,22)
(11,22)700560191(12,22)
(11,22)943694048(11,23)
(12,22)682134731(13,22)
(13,22)967989905(14,22)
(13,22)637175331(13,23)
(14,22)680718561(15,22)
(15,22)334690395(16,22)
(15,22)318774309(15,23)
(16,22)781121301(16,23)
(0,23)586188245(0,24)
(1,23)184649756(2,23)
(2,23)847469013(2,24)
(3,23)553468758(4,23)
(3,23)223727174(3,24)
(4,23)299610485(5,23)
(4,23)581168230(4,24)
(5,23)1(6,23)
(5,23)1(5,24)
(6,23)1(7,23)
(6,23)793150715(6,24)
(7,23)1(7,24)
(8,23)960605665(9,23)
(9,23)1466279548(10,23)
(9,23)1119376110(9,24)
(11,23)438950797(12,23)
(12,23)309627984(12,24)
(13,23)990346545(14,23)
(14,23)316445138(14,24)
(0,24)1087283139(1,24)
(1,24)391330790(2,24)
(1,24)219687676(1,25)
(2,24)773156434(3,24)
(4,24)1024344105(4,25)
(5,24)1(5,25)
(7,24)1(8,24)
(8,24)1(8,25)
(9,24)25939433(10,24)
(9,24)340342306(9,25)
(11,24)335567417(11,25)
(12,24)381431146(12,25)
(13,24)318259583(14,24)
(14,24)891759449(15,24)
(14,24)949898161(14,25)
(15,24)384826953(16,24)
(0,25)776157743(1,25)
(1,25)683322358(2,25)
(2,25)605706405(3,25)
(4,25)861994270(4,26)
(5,25)96104940(6,25)
(5,25)1(5,26)
(6,25)222984042(6,26)
(7,25)1(8,25)
(7,25)1(7,26)
(8,25)475531153(9,25)
(9,25)428976332(10,25)
(9,25)543323316(9,26)
(10,25)216004244(11,25)
(10,25)811098571(10,26)
(11,25)810407478(11,26)
(12,25)205130310(12,26)
(13,25)939427047(13,26)
(14,25)819145308(14,26)
(15,25)729311232(16,25)
(15,25)928448701(15,26)
(0,26)1412633590(1,26)
(1,26)529240712(2,26)
(2,26)804478964(3,26)
(2,26)972816405(2,27)
(5,26)1(5,27)
(7,26)264979149(8,26)
(7,26)1(7,27)
(11,26)857368667(12,26)
(12,26)874428415(13,26)
(14,26)258341560(15,26)
(16,26)1670975150(16,27)
(0,27)108168488(1,27)
(0,27)688833313(0,28)
(1,27)496307907(1,28)
(2,27)365575080(3,27)
(3,27)839259747(4,27)
(3,27)1023605923(3,28)
(4,27)457826294(4,28)
(5,27)1(5,28)
(6,27)500041934(6,28)
(7,27)1(7,28)
(8,27)347203172(9,27)
(9,27)887887571(10,27)
(10,27)4406336(11,27)
(10,27)124741827(10,28)
(11,27)999170243(12,27)
(13,27)654563711(13,28)
(14,27)233491487(15,27)
(14,27)914490038(14,28)
(16,27)341659976(16,28)
(1,28)177152713(2,28)
(2,28)532839546(3,28)
(3,28)634979008(3,29)
(5,28)1(5,29)
(6,28)680680913(6,29)
(7,28)1(8,28)
(8,28)617919070(9,28)
(8,28)1(8,29)
(9,28)905820395(10,28)
(10,28)4312508(11,28)
(11,28)439257059(11,29)
(12,28)231035283(13,28)
(12,28)658876219(12,29)
(13,28)892367707(14,28)
(15,28)1234027683(15,29)
(16,28)315112657(16,29)
(0,29)927607482(0,30)
(1,29)140386913(1,30)
(2,29)170014364(2,30)
(3,29)75900451(4,29)
(4,29)1(5,29)
(4,29)1(4,30)
(6,29)112292703(6,30)
(7,29)1(8,29)
(7,29)1(7,30)
(9,29)793920223(10,29)
(10,29)1089199358(11,29)
(12,29)197680501(13,29)
(12,29)999320332(12,30)
(13,29)365281009(14,29)
(14,29)1006065533(15,29)
(15,29)211832019(16,29)
(15,29)680393666(15,30)
(16,29)541100889(16,30)
(0,30)820780579(0,31)
(1,30)649682238(2,30)
(1,30)711115254(1,31)
(2,30)787015705(3,30)
(3,30)1(4,30)
(3,30)1(3,31)
(4,30)291491660(5,30)
(5,30)493859978(5,31)
(6,30)817256802(6,31)
(7,30)1(8,30)
(8,30)616623161(9,30)
(9,30)111872236(10,30)
(11,30)119616457(12,30)
(11,30)1111192568(11,31)
(13,30)285876648(14,30)
(14,30)9383596(14,31)
(15,30)826977538(15,31)
(0,31)1479846414(1,31)
(1,31)177624849(2,31)
(3,31)1(4,31)
(4,31)1(4,32)
(5,31)1108251807(5,32)
(6,31)577020080(6,32)
(7,31)261946368(7,32)
(8,31)373818604(9,31)
(8,31)1034328140(8,32)
(9,31)813440013(10,31)
(9,31)1115579198(9,32)
(11,31)814001102(12,31)
(11,31)93251129(11,32)
(12,31)379127777(13,31)
(12,31)639036649(12,32)
(13,31)254709662(14,31)
(13,31)823384698(13,32)
(15,31)596714459(16,31)
(16,31)985911640(16,32)
(0,32)774339308(1,32)
(0,32)682436207(0,33)
(1,32)203777965(2,32)
(2,32)348077579(2,33)
(3,32)1102394721(4,32)
(3,32)218979702(3,33)
(4,32)1(4,33)
(6,32)725574395(7,32)
(7,32)333633138(7,33)
(9,32)928865601(10,32)
(10,32)98063144(11,32)
(12,32)921447842(12,33)
(13,32)427513068(14,32)
(13,32)678073726(13,33)
(14,32)1274788185(15,32)
(0,33)251356044(0,34)
(1,33)249721425(1,34)
(2,33)175500215(2,34)
(4,33)1064249179(5,33)
(4,33)1(4,34)
(6,33)1153003836(7,33)
(7,33)397471821(8,33)
(8,33)84673593(9,33)
(8,33)437065877(8,34)
(9,33)535129021(10,33)
(10,33)1109764513(11,33)
(13,33)915142776(14,33)
(13,33)398010449(13,34)
(14,33)150752997(15,33)
(15,33)816786622(15,34)
(16,33)107273510(16,34)
(1,34)271140545(2,34)
(1,34)282773725(1,35)
(2,34)399129955(2,35)
(3,34)1155187845(3,35)
(4,34)1(5,34)
(5,34)1(5,35)
(6,34)1111249625(7,34)
(7,34)418098870(7,35)
(8,34)953227891(9,34)
(8,34)601562079(8,35)
(10,34)690603783(11,34)
(10,34)262321107(10,35)
(11,34)1351681183(11,35)
(12,34)119340312(13,34)
(12,34)1088614232(12,35)
(14,34)402861774(15,34)
(14,34)936126934(14,35)
(16,34)1184531197(16,35)
(0,35)126291879(1,35)
(0,35)1629414465(0,36)
(2,35)899556638(3,35)
(3,35)226487106(3,36)
(4,35)207520099(5,35)
(5,35)1(6,35)
(6,35)1(6,36)
(7,35)1178662498(7,36)
(8,35)742505442(9,35)
(8,35)892646653(8,36)
(11,35)66043290(12,35)
(11,35)524381020(11,36)
(12,35)841570097(12,36)
(13,35)1002170224(13,36)
(14,35)857321558(15,35)
(15,35)444836158(16,35)
(15,35)281479420(15,36)
(1,36)617213562(2,36)
(1,36)117609514(1,37)
(3,36)129817666(4,36)
(3,36)83064356(3,37)
(4,36)660164774(5,36)
(5,36)1(6,36)
(5,36)1(5,37)
(6,36)186799847(7,36)
(7,36)433849067(8,36)
(9,36)380552045(9,37)
(10,36)446595335(11,36)
(11,36)414665976(11,37)
(13,36)158603470(14,36)
(13,36)207615072(13,37)
(14,36)652451230(15,36)
(16,36)348261691(16,37)
(0,37)127964107(1,37)
(1,37)270559258(1,38)
(2,37)400376924(3,37)
(2,37)211028463(2,38)
(3,37)871193238(4,37)
(3,37)522145241(3,38)
(5,37)1(5,38)
(6,37)996385929(7,37)
(6,37)1113576876(6,38)
(7,37)217640984(8,37)
(7,37)1223097574(7,38)
(8,37)796193453(9,37)
(10,37)1210859430(10,38)
(11,37)722473630(12,37)
(12,37)1445894563(12,38)
(13,37)515567250(13,38)
(14,37)26317795(15,37)
(14,37)278151951(14,38)
(15,37)299123837(15,38)
(16,37)154281903(16,38)
(0,38)519252631(1,38)
(0,38)569683095(0,39)
(1,38)970060019(2,38)
(1,38)365310366(1,39)
(2,38)1041397872(2,39)
(3,38)339193781(4,38)
(5,38)1(6,38)
(6,38)1(6,39)
(7,38)1192810716(8,38)
(9,38)607293598(10,38)
(9,38)256186498(9,39)
(10,38)978660128(11,38)
(10,38)678261957(10,39)
(13,38)92348951(13,39)
(14,38)155690497(14,39)
(15,38)725373592(16,38)
(16,38)2096308(16,39)
(1,39)1043494180(1,40)
(3,39)847343229(4,39)
(3,39)780714219(3,40)
(4,39)687974971(4,40)
(5,39)210902965(6,39)
(6,39)1(7,39)
(7,39)1(8,39)
(8,39)187210670(9,39)
(8,39)1(8,40)
(10,39)92915184(10,40)
(11,39)870877916(11,40)
(12,39)243939442(13,39)
(13,39)105172341(13,40)
(14,39)830545933(15,39)
(16,39)378495896(16,40)
(0,40)793094067(1,40)
(1,40)1207947167(2,40)
(2,40)752179019(3,40)
(5,40)137943423(6,40)
(5,40)13552000(5,41)
(7,40)683417481(7,41)
(8,40)60068019(9,40)
(8,40)1(8,41)
(11,40)1174885378(12,40)
(11,40)912116645(11,41)
(13,40)704584502(14,40)
(13,40)946168249(13,41)
(14,40)610104916(15,40)
(14,40)621034036(14,41)
(15,40)446293242(16,40)
(15,40)1083080398(15,41)
(0,41)987916188(0,42)
(1,41)829523621(1,42)
(2,41)1402678900(2,42)
(3,41)1362020355(4,41)
(3,41)1588751070(3,42)
(5,41)423626358(6,41)
(5,41)901278883(5,42)
(6,41)627748081(7,41)
(6,41)262628326(6,42)
(7,41)322696345(8,41)
(8,41)1(9,41)
(8,41)447132463(8,42)
(9,41)1(10,41)
(10,41)1(11,41)
(10,41)1066882827(10,42)
(11,41)758668189(12,41)
(11,41)1(11,42)
(12,41)794621761(13,41)
(15,41)718134699(16,41)
(15,41)1093032512(15,42)
(0,42)310746258(1,42)
(1,42)1459577712(2,42)
(1,42)587947481(1,43)
(3,42)1010151291(3,43)
(4,42)703763071(4,43)
(7,42)128018409(8,42)
(8,42)1170191477(8,43)
(9,42)1194901236(9,43)
(11,42)1(12,42)
(11,42)530964099(11,43)
(12,42)1(13,42)
(13,42)864299822(14,42)
(13,42)1(13,43)
(14,42)1313830140(14,43)
(15,42)1088902625(16,42)
(15,42)49568403(15,43)
(0,43)400996690(1,43)
(0,43)637515884(0,44)
(1,43)440000073(2,43)
(2,43)574155354(3,43)
(3,43)697441983(4,43)
(4,43)327790649(5,43)
(4,43)168008205(4,44)
(5,43)84557402(6,43)
(5,43)670694210(5,44)
(6,43)798712619(7,43)
(8,43)558500718(9,43)
(10,43)475122871(11,43)
(10,43)1089464818(10,44)
(11,43)838003987(11,44)
(12,43)937159061(12,44)
(13,43)1(13,44)
(15,43)241904450(16,43)
(0,44)681904523(1,44)
(0,44)556210631(0,45)
(1,44)1130365985(2,44)
(1,44)1230172587(1,45)
(3,44)5974668(4,44)
(4,44)450825132(4,45)
(6,44)490196824(6,45)
(7,44)1048697542(8,44)
(7,44)1095667958(7,45)
(8,44)747883942(9,44)
(12,44)896467990(13,44)
(13,44)1(13,45)
(14,44)987001107(15,44)
(14,44)209747793(14,45)
(15,44)765958424(16,44)
(0,45)97291556(0,46)
(2,45)1047214953(2,46)
(3,45)282662898(4,45)
(3,45)328247610(3,46)
(5,45)772859722(5,46)
(6,45)525969671(6,46)
(7,45)603363919(7,46)
(8,45)592826544(9,45)
(9,45)965693487(10,45)
(9,45)712257896(9,46)
(11,45)1(12,45)
(11,45)1(11,46)
(12,45)1(12,46)
(13,45)1(13,46)
(14,45)658456917(14,46)
(15,45)755748474(16,45)
(15,45)959002087(15,46)
(16,45)992979553(16,46)
(0,46)633170952(1,46)
(0,46)158608089(0,47)
(2,46)175373756(3,46)
(3,46)391720276(4,46)
(3,46)682178364(3,47)
(4,46)948233478(4,47)
(5,46)622307094(6,46)
(5,46)917689948(5,47)
(6,46)44059914(7,46)
(6,46)227082800(6,47)
(7,46)819909344(8,46)
(7,46)287059423(7,47)
(8,46)756317810(8,47)
(9,46)1(10,46)
(9,46)1(9,47)
(10,46)1(11,46)
(11,46)912379147(11,47)
(12,46)1(13,46)
(12,46)938486868(12,47)
(13,46)35142011(14,46)
(13,46)3340416(13,47)
(14,46)759088890(15,46)
(15,46)1028121564(15,47)
(0,47)684274541(1,47)
(1,47)206194758(1,48)
(2,47)597915034(3,47)
(4,47)519263102(5,47)
(5,47)1217254586(5,48)
(6,47)806322526(6,48)
(7,47)168499058(7,48)
(8,47)1(9,47)
(8,47)1(8,48)
(9,47)541860712(10,47)
(13,47)759148004(13,48)
(14,47)396127507(14,48)
(15,47)1112193637(15,48)
(16,47)616024679(16,48)
(0,48)265682459(1,48)
(2,48)825165723(3,48)
(2,48)162638467(2,49)
(3,48)681901570(4,48)
(4,48)696606012(5,48)
(6,48)865105071(6,49)
(8,48)1(9,48)
(9,48)1(9,49)
(10,48)488269300(11,48)
(11,48)1078269911(11,49)
(12,48)798203705(13,48)
(14,48)821989181(15,48)
(15,48)1081302089(16,48)
(16,48)1087671641(16,49)
(0,49)850121871(1,49)
(0,49)1630186059(0,50)
(1,49)307868134(2,49)
(3,49)683668999(4,49)
(3,49)202804796(3,50)
(5,49)525284363(6,49)
(6,49)896694702(7,49)
(7,49)261624766(8,49)
(9,49)1(10,49)
(9,49)2520567(9,50)
(10,49)1(10,50)
(11,49)1236652565(12,49)
(12,49)407180440(13,49)
(12,49)763935211(12,50)
(13,49)999566260(13,50)
(14,49)54888914(14,50)
(15,49)526112386(15,50)
(16,49)783506572(16,50)
(1,50)770569559(1,51)
(2,50)48264256(2,51)
(3,50)35685998(4,50)
(3,50)686619003(3,51)
(4,50)1211903367(5,50)
(4,50)855528981(4,51)
(6,50)150903661(7,50)
(6,50)602140955(6,51)
(8,50)153424228(8,51)
(9,50)400768764(9,51)
(10,50)1(10,51)
(11,50)1155306505(12,50)
(11,50)28781751(11,51)
(12,50)489503941(12,51)
(13,50)422888643(14,50)
(14,50)747786745(15,50)
(16,50)593246205(16,51)
(0,51)1183424254(1,51)
(1,51)641510461(1,52)
(2,51)677196459(3,51)
(4,51)566475355(4,52)
(5,51)717379016(6,51)
(6,51)988538780(6,52)
(7,51)361168198(8,51)
(7,51)870803245(7,52)
(8,51)135649785(9,51)
(10,51)117117120(11,51)
(10,51)1(10,52)
(12,51)154539218(13,51)
(12,51)1327312539(12,52)
(14,51)1360934433(14,52)
(15,51)520861841(15,52)
(16,51)430686898(16,52)
(0,52)326651598(1,52)
(1,52)153246508(1,53)
(2,52)318416618(2,53)
(3,52)258560469(3,53)
(4,52)476829768(4,53)
(5,52)903460453(5,53)
(6,52)1264628651(7,52)
(8,52)970109190(9,52)
(8,52)226439266(8,53)
(9,52)343556386(10,52)
(10,52)1(10,53)
(11,52)856298983(12,52)
(13,52)650729645(14,52)
(13,52)69749768(13,53)
(14,52)1260165329(15,52)
(15,52)1081416544(15,53)
(0,53)826320173(1,53)
(1,53)174888888(2,53)
(2,53)1084880643(2,54)
(3,53)651718657(3,54)
(4,53)479988613(5,53)
(4,53)576132023(4,54)
(6,53)60467522(6,54)
(7,53)1030576712(8,53)
(8,53)263272680(9,53)
(10,53)1(11,53)
(11,53)1(11,54)
(12,53)1132035920(13,53)
(12,53)510901580(12,54)
(13,53)1357005276(13,54)
(14,53)343756687(15,53)
(14,53)65968816(14,54)
(15,53)1300631868(16,53)
(16,53)1170076861(16,54)
(0,54)968150086(0,55)
(1,54)640821657(2,54)
(1,54)107473856(1,55)
(2,54)20810337(3,54)
(3,54)459744379(4,54)
(4,54)910230707(5,54)
(5,54)520211901(5,55)
(6,54)829947001(6,55)
(7,54)1093219681(8,54)
(7,54)675238817(7,55)
(9,54)879877639(9,55)
(10,54)1(11,54)
(10,54)1(10,55)
(14,54)585537324(15,54)
(14,54)774194637(14,55)
(0,55)235682733(1,55)
(0,55)948365544(0,56)
(2,55)353074578(3,55)
(3,55)215383473(4,55)
(3,55)602581782(3,56)
(4,55)873286480(4,56)
(5,55)276591445(6,55)
(6,55)358730933(6,56)
(7,55)111809024(8,55)
(8,55)1(9,55)
(8,55)1(8,56)
(9,55)1(10,55)
(9,55)346193391(9,56)
(10,55)781753681(10,56)
(11,55)345548130(12,55)
(11,55)315538797(11,56)
(13,55)1119742767(13,56)
(14,55)714603843(15,55)
(14,55)827245313(14,56)
(16,55)950286576(16,56)
(0,56)597303091(1,56)
(1,56)255439342(1,57)
(2,56)470822815(3,56)
(3,56)468838500(3,57)
(4,56)745429945(5,56)
(6,56)10179185(6,57)
(7,56)1(8,56)
(7,56)1(7,57)
(11,56)115275853(11,57)
(12,56)951282611(12,57)
(13,56)200815039(13,57)
(14,56)1047479553(14,57)
(15,56)289956995(16,56)
(15,56)468689383(15,57)
(16,56)426245341(16,57)
(0,57)724128725(0,58)
(2,57)362023556(3,57)
(2,57)354347515(2,58)
(3,57)1099777460(4,57)
(3,57)563621181(3,58)
(5,57)810564778(6,57)
(6,57)154037623(6,58)
(7,57)1373198574(8,57)
(7,57)1(7,58)
(9,57)760414675(9,58)
(10,57)133984401(11,57)
(11,57)83008846(11,58)
(12,57)334799441(12,58)
(13,57)163741690(14,57)
(13,57)194552258(13,58)
(14,57)484509253(15,57)
(14,57)70101035(14,58)
(15,57)589987031(15,58)
(16,57)370018268(16,58)
(0,58)68633598(0,59)
(1,58)430657155(2,58)
(1,58)724365783(1,59)
(2,58)405318833(2,59)
(3,58)328676162(4,58)
(4,58)697869764(5,58)
(5,58)600810919(6,58)
(5,58)482713785(5,59)
(7,58)1(8,58)
(8,58)1(8,59)
(9,58)602827789(10,58)
(9,58)138233461(9,59)
(11,58)864627692(12,58)
(11,58)937627230(11,59)
(13,58)934728728(13,59)
(15,58)334385945(15,59)
(0,59)43163057(1,59)
(0,59)1058751728(0,60)
(2,59)157167489(3,59)
(3,59)628337807(4,59)
(4,59)639881274(4,60)
(5,59)348309986(6,59)
(6,59)83924811(7,59)
(7,59)817153374(7,60)
(8,59)1(8,60)
(9,59)172291733(9,60)
(10,59)1036919426(11,59)
(10,59)210124745(10,60)
(12,59)1099174188(13,59)
(13,59)855365969(13,60)
(14,59)467871872(15,59)
(15,59)344828213(16,59)
(16,59)511034929(16,60)
(0,60)804786814(0,61)
(1,60)441502973(1,61)
(2,60)454783453(2,61)
(3,60)430138290(4,60)
(4,60)611756172(4,61)
(5,60)1(6,60)
(5,60)1(5,61)
(6,60)1(6,61)
(8,60)1(9,60)
(9,60)424777290(10,60)
(9,60)1(9,61)
(11,60)511800746(12,60)
(11,60)248941796(11,61)
(12,60)121813537(12,61)
(13,60)589685409(14,60)
(14,60)142705444(15,60)
(14,60)630876630(14,61)
(15,60)1100720338(15,61)
(0,61)250134099(1,61)
(1,61)464580444(2,61)
(3,61)1076336616(3,62)
(4,61)266873514(4,62)
(5,61)1(5,62)
(6,61)1(7,61)
(6,61)542373208(6,62)
(7,61)1(8,61)
(7,61)1017781157(7,62)
(8,61)1(8,62)
(9,61)1(9,62)
(10,61)892104208(11,61)
(12,61)99660103(13,61)
(12,61)689981440(12,62)
(13,61)832686884(14,61)
(14,61)1200380442(14,62)
(15,61)595120105(16,61)
(0,62)1059700549(1,62)
(1,62)1546259728(2,62)
(1,62)1219757943(1,63)
(2,62)726905888(3,62)
(4,62)853869123(4,63)
(5,62)1(5,63)
(6,62)165870397(6,63)
(7,62)994858753(7,63)
(8,62)1(9,62)
(9,62)248061603(10,62)
(9,62)1152445441(9,63)
(10,62)351043181(11,62)
(11,62)938043043(11,63)
(12,62)180517551(12,63)
(13,62)1193035150(13,63)
(15,62)813443631(15,63)
(16,62)700372157(16,63)
(0,63)516047229(1,63)
(1,63)612623814(2,63)
(1,63)688925675(1,64)
(2,63)302013144(3,63)
(2,63)181696824(2,64)
(4,63)1(5,63)
(4,63)1(4,64)
(7,63)936568796(7,64)
(8,63)1184630399(9,63)
(8,63)109047099(8,64)
(9,63)460090280(10,63)
(11,63)640607831(11,64)
(12,63)501233932(12,64)
(13,63)141905540(14,63)
(14,63)247101719(15,63)
(14,63)752223180(14,64)
(15,63)637941106(16,63)
(15,63)842277697(15,64)
(16,63)763148949(16,64)
(0,64)1250564921(1,64)
(2,64)1(3,64)
(2,64)1(2,65)
(3,64)1(4,64)
(3,64)143206689(3,65)
(5,64)874373602(6,64)
(6,64)512903239(6,65)
(7,64)983420701(7,65)
(8,64)1443510981(9,64)
(8,64)686835409(8,65)
(10,64)1271159505(11,64)
(11,64)496268123(11,65)
(12,64)400990076(12,65)
(13,64)648091795(14,64)
(13,64)627637893(13,65)
(16,64)368660272(16,65)
(0,65)1(1,65)
(0,65)1(0,66)
(1,65)1(2,65)
(1,65)938234483(1,66)
(2,65)693110643(2,66)
(3,65)269445086(4,65)
(3,65)253523003(3,66)
(5,65)725029055(6,65)
(5,65)782348325(5,66)
(6,65)332398315(7,65)
(9,65)1128797604(10,65)
(10,65)1219394518(11,65)
(11,65)393856793(12,65)
(12,65)30395828(13,65)
(13,65)965127762(14,65)
(14,65)590995591(15,65)
(0,66)1(0,67)
(2,66)239513503(2,67)
(4,66)738319950(4,67)
(5,66)1070718265(6,66)
(6,66)591104760(7,66)
(7,66)427064613(8,66)
(7,66)928356364(7,67)
(9,66)1006995435(10,66)
(9,66)182747744(9,67)
(10,66)576604537(11,66)
(11,66)706544198(11,67)
(12,66)303429043(12,67)
(13,66)894424634(14,66)
(13,66)764006754(13,67)
(14,66)266762548(15,66)
(14,66)857976347(14,67)
(16,66)252753048(16,67)
(0,67)1(1,67)
(1,67)1(1,68)
(3,67)268658646(3,68)
(4,67)1043436779(4,68)
(5,67)613724419(5,68)
(6,67)1040789033(7,67)
(6,67)120249628(6,68)
(7,67)29919949(8,67)
(8,67)281654243(9,67)
(10,67)791748132(11,67)
(10,67)988198441(10,68)
(11,67)512386753(12,67)
(12,67)850511344(13,67)
(14,67)205394670(15,67)
(14,67)738351875(14,68)
(15,67)312718946(16,67)
(16,67)864928256(16,68)
(0,68)420053385(0,69)
(1,68)1(2,68)
(2,68)1292741(3,68)
(2,68)1(2,69)
(4,68)662741067(5,68)
(4,68)615017161(4,69)
(7,68)219054118(8,68)
(7,68)731859323(7,69)
(8,68)384516989(9,68)
(8,68)923157081(8,69)
(10,68)340603699(10,69)
(11,68)1123176452(11,69)
(12,68)798210239(13,68)
(12,68)942518765(12,69)
(14,68)94702217(15,68)
(14,68)725997073(14,69)
(0,69)420575972(0,70)
(1,69)49476148(1,70)
(2,69)1(2,70)
(3,69)1(4,69)
(3,69)1(3,70)
(4,69)1(5,69)
(4,69)924428529(4,70)
(5,69)378207660(6,69)
(5,69)1(5,70)
(8,69)868786307(9,69)
(8,69)185460355(8,70)
(10,69)1045819828(11,69)
(11,69)642689351(12,69)
(11,69)700134785(11,70)
(12,69)827803100(12,70)
(13,69)922505317(14,69)
(14,69)367253235(15,69)
(15,69)860265177(15,70)
(16,69)1645550091(16,70)
(0,70)408367302(1,70)
(0,70)909741325(0,71)
(1,70)262827025(2,70)
(2,70)1(3,70)
(5,70)1(6,70)
(6,70)634146778(7,70)
(6,70)1(6,71)
(8,70)601721775(9,70)
(8,70)488851562(8,71)
(10,70)1301856560(10,71)
(11,70)214990843(11,71)
(13,70)568343750(13,71)
(14,70)554842339(15,70)
(15,70)760019014(16,70)
(15,70)1161821534(15,71)
(16,70)963209641(16,71)
(0,71)1022846040(1,71)
(0,71)966384362(0,72)
(1,71)260979170(1,72)
(2,71)103957120(3,71)
(2,71)62617947(2,72)
(4,71)1224002813(4,72)
(5,71)199941822(5,72)
(6,71)1(6,72)
(7,71)199517505(7,72)
(8,71)1073198518(8,72)
(9,71)1001013949(10,71)
(9,71)384500792(9,72)
(11,71)939192252(12,71)
(11,71)150032157(11,72)
(13,71)362624366(14,71)
(13,71)789469941(13,72)
(14,71)828125134(14,72)
(16,71)424851348(16,72)
(1,72)487469295(1,73)
(2,72)512865438(2,73)
(3,72)297165787(4,72)
(3,72)767289463(3,73)
(4,72)477955406(5,72)
(4,72)168008631(4,73)
(5,72)925571892(5,73)
(6,72)1(7,72)
(7,72)1(8,72)
(8,72)1(8,73)
(9,72)65874251(9,73)
(10,72)1005066503(11,72)
(11,72)1699145647(12,72)
(13,72)379787133(13,73)
(14,72)26812982(15,72)
(15,72)567725124(16,72)
(16,72)1414023471(16,73)
(0,73)111011774(1,73)
(2,73)76571048(3,73)
(3,73)97454188(3,74)
(4,73)1002142941(4,74)
(6,73)1(7,73)
(6,73)1(6,74)
(7,73)1(8,73)
(8,73)1035231175(9,73)
(8,73)216298318(8,74)
(9,73)408532192(9,74)
(10,73)475168396(10,74)
(11,73)277729982(12,73)
(12,73)339981324(12,74)
(13,73)366794306(14,73)
(13,73)1406125576(13,74)
(15,73)1500247572(16,73)
(0,74)1429693129(1,74)
(1,74)815680063(1,75)
(2,74)24453058(3,74)
(3,74)491453380(3,75)
(5,74)61123031(6,74)
(5,74)73562831(5,75)
(6,74)1(7,74)
(7,74)1(7,75)
(9,74)965463007(10,74)
(9,74)120320703(9,75)
(10,74)398050685(11,74)
(10,74)219720141(10,75)
(11,74)137195865(12,74)
(14,74)1028828614(15,74)
(14,74)1305572768(14,75)
(15,74)718312158(16,74)
(16,74)311038095(16,75)
(0,75)207622597(1,75)
(0,75)236118556(0,76)
(1,75)260571615(2,75)
(2,75)699075977(2,76)
(3,75)53404775(4,75)
(3,75)171270580(3,76)
(4,75)232393611(5,75)
(6,75)455961861(7,75)
(6,75)509814961(6,76)
(7,75)1(7,76)
(8,75)576282564(8,76)
(9,75)80837625(9,76)
(10,75)218033490(11,75)
(10,75)775409010(10,76)
(11,75)300164000(12,75)
(11,75)631025864(11,76)
(12,75)114085530(13,75)
(13,75)775443146(14,75)
(14,75)176565279(15,75)
(15,75)1086481241(15,76)
(16,75)384187876(16,76)
(0,76)31214195(1,76)
(0,76)777183007(0,77)
(1,76)1083263854(1,77)
(2,76)202484775(2,77)
(3,76)434878386(4,76)
(3,76)951063578(3,77)
(5,76)255956397(6,76)
(5,76)944693347(5,77)
(7,76)719730077(8,76)
(7,76)1(7,77)
(10,76)290114427(10,77)
(11,76)404199958(12,76)
(11,76)851296479(11,77)
(13,76)1430121487(14,76)
(14,76)565737219(14,77)
(0,77)750089569(0,78)
(2,77)377943918(3,77)
(3,77)497880290(4,77)
(6,77)1(7,77)
(6,77)1(6,78)
(7,77)286553008(8,77)
(9,77)576667435(9,78)
(10,77)676107685(10,78)
(11,77)155363662(12,77)
(11,77)568923204(11,78)
(13,77)628957936(14,77)
(13,77)721100881(13,78)
(15,77)268476328(16,77)
(15,77)369538693(15,78)
(0,78)7750879(1,78)
(0,78)312604224(0,79)
(1,78)690548142(2,78)
(2,78)1411038238(3,78)
(4,78)1011200279(4,79)
(5,78)1331092397(6,78)
(6,78)256262900(7,78)
(6,78)1(6,79)
(7,78)539090320(8,78)
(8,78)314006950(9,78)
(10,78)882930155(10,79)
(11,78)734491198(12,78)
(11,78)585905456(11,79)
(13,78)252877957(13,79)
(14,78)521354286(15,78)
(15,78)873774099(15,79)
(16,78)529105165(16,79)
(0,79)440070805(1,79)
(1,79)76125130(1,80)
(2,79)305772565(2,80)
(3,79)152438774(4,79)
(4,79)1245295665(5,79)
(5,79)866717889(5,80)
(6,79)1(6,80)
(7,79)410458922(8,79)
(8,79)143587788(9,79)
(8,79)473522567(8,80)
(10,79)729493245(10,80)
(12,79)133274585(12,80)
(13,79)654628871(14,79)
(14,79)1130797738(15,79)
(14,79)375269949(14,80)
(15,79)14718348(16,79)
(15,79)1183734036(15,80)
(0,80)1065204986(1,80)
(0,80)1259859166(0,81)
(1,80)678229744(2,80)
(2,80)979408254(2,81)
(3,80)77220272(4,80)
(3,80)66310214(3,81)
(4,80)748314123(4,81)
(5,80)6638685(6,80)
(5,80)173672243(5,81)
(6,80)1(7,80)
(6,80)187927292(6,81)
(7,80)331515081(8,80)
(7,80)1(7,81)
(8,80)176761839(9,80)
(9,80)1061008326(9,81)
(10,80)857881316(11,80)
(12,80)398336678(13,80)
(12,80)91672744(12,81)
(15,80)694446232(16,80)
(15,80)645855378(15,81)
(16,80)774230460(16,81)
(0,81)375012838(0,82)
(1,81)256609073(2,81)
(3,81)1004923196(3,82)
(7,81)1(7,82)
(8,81)582606827(8,82)
(9,81)1440488143(10,81)
(10,81)805063477(11,81)
(12,81)607147722(13,81)
(12,81)499370603(12,82)
(13,81)208396077(14,81)
(14,81)52726347(15,81)
(15,81)982626538(15,82)
(0,82)588781605(0,83)
(1,82)272156944(2,82)
(1,82)716904866(1,83)
(2,82)742064560(2,83)
(3,82)129204526(3,83)
(4,82)570383274(5,82)
(5,82)578226564(6,82)
(6,82)618867251(7,82)
(6,82)741598617(6,83)
(7,82)1(8,82)
(8,82)1(9,82)
(9,82)762473380(10,82)
(9,82)1(9,83)
(11,82)445662848(12,82)
(12,82)1470240061(13,82)
(14,82)305382951(14,83)
(15,82)894164556(16,82)
(15,82)808705389(15,83)
(16,82)916339602(16,83)
(0,83)1166321500(1,83)
(3,83)153815663(3,84)
(4,83)732042227(5,83)
(4,83)214929235(4,84)
(5,83)460024270(5,84)
(6,83)983271451(7,83)
(7,83)199229858(8,83)
(7,83)791206390(7,84)
(9,83)1(9,84)
(10,83)483407833(11,83)
(11,83)334748325(11,84)
(12,83)34590133(12,84)
(13,83)296179470(13,84)
(14,83)526756779(14,84)
(16,83)209181878(16,84)
(0,84)1149554635(1,84)
(1,84)758111797(2,84)
(2,84)1223133557(3,84)
(3,84)973041032(3,85)
(5,84)518945631(6,84)
(6,84)450560261(6,85)
(8,84)407508594(9,84)
(9,84)353703525(10,84)
(9,84)1(9,85)
(10,84)515593008(11,84)
(10,84)742256919(10,85)
(11,84)460308310(12,84)
(11,84)388293658(11,85)
(13,84)987065089(13,85)
(14,84)891948476(15,84)
(15,84)1078291199(16,84)
(15,84)63814734(15,85)
(0,85)1568522639(0,86)
(1,85)644172548(2,85)
(2,85)1085318641(3,85)
(2,85)661960381(2,86)
(3,85)1(4,85)
(3,85)1(3,86)
(4,85)1(5,85)
(4,85)718639490(4,86)
(5,85)1(6,85)
(6,85)1(7,85)
(6,85)102129346(6,86)
(7,85)1(8,85)
(7,85)421485890(7,86)
(8,85)1(9,85)
(11,85)333309225(11,86)
(12,85)187942082(13,85)
(13,85)55324166(13,86)
(14,85)1133615366(15,85)
(14,85)251756816(14,86)
(16,85)822534715(16,86)
(0,86)316968356(1,86)
(0,86)387658666(0,87)
(2,86)496815084(2,87)
(3,86)1(3,87)
(4,86)595323347(5,86)
(4,86)430200214(4,87)
(7,86)64774850(7,87)
(8,86)911785943(8,87)
(9,86)476505465(10,86)
(9,86)807998078(9,87)
(11,86)107562904(12,86)
(11,86)1028290077(11,87)
(12,86)324539517(13,86)
(13,86)467535419(14,86)
(13,86)359319721(13,87)
(14,86)32115528(15,86)
(16,86)349083884(16,87)
(0,87)627081582(0,88)
(1,87)285407283(2,87)
(1,87)845898968(1,88)
(3,87)1(3,88)
(5,87)851650635(6,87)
(6,87)528741485(7,87)
(8,87)92458396(9,87)
(9,87)615335449(10,87)
(10,87)1120748473(10,88)
(12,87)416790921(13,87)
(14,87)862563499(15,87)
(15,87)186458990(16,87)
(15,87)45744269(15,88)
(16,87)90524245(16,88)
(0,88)471866273(1,88)
(0,88)891643238(0,89)
(1,88)785666001(2,88)
(2,88)1187473771(2,89)
(3,88)1(4,88)
(4,88)1(5,88)
(4,88)114261864(4,89)
(5,88)1(6,88)
(5,88)506158544(5,89)
(6,88)1(6,89)
(7,88)390003868(8,88)
(8,88)447594713(9,88)
(9,88)434570967(10,88)
(10,88)396850216(10,89)
(11,88)813641137(12,88)
(11,88)99115824(11,89)
(13,88)483732948(14,88)
(13,88)373018545(13,89)
(14,88)559477535(15,88)
(15,88)574257193(15,89)
(16,88)1031343808(16,89)
(1,89)1314394365(2,89)
(1,89)71333932(1,90)
(2,89)885762665(3,89)
(3,89)1428656229(3,90)
(5,89)180425991(5,90)
(6,89)1(7,89)
(7,89)1(8,89)
(7,89)157983346(7,90)
(8,89)1(9,89)
(9,89)1(10,89)
(9,89)600880123(9,90)
(10,89)1(10,90)
(11,89)487446347(12,89)
(11,89)363424687(11,90)
(12,89)847157635(13,89)
(13,89)199533693(14,89)
(13,89)328966825(13,90)
(16,89)433476612(16,90)
(0,90)525200879(1,90)
(0,90)1302211433(0,91)
(1,90)40490450(2,90)
(4,90)461049174(5,90)
(5,90)268500957(6,90)
(6,90)619032521(6,91)
(7,90)202199511(7,91)
(8,90)291894615(8,91)
(10,90)1(11,90)
(11,90)1(12,90)
(12,90)1(12,91)
(14,90)639774767(15,90)
(14,90)629399580(14,91)
(1,91)1220203347(2,91)
(1,91)971349106(1,92)
(2,91)701898496(3,91)
(2,91)1257029476(2,92)
(3,91)918274445(3,92)
(4,91)188883080(4,92)
(5,91)189627524(5,92)
(7,91)185946015(8,91)
(7,91)171792186(7,92)
(8,91)1156987684(8,92)
(9,91)1400207356(10,91)
(10,91)1077196448(10,92)
(11,91)475718527(12,91)
(12,91)1(12,92)
(13,91)1105118108(13,92)
(14,91)889245474(15,91)
(15,91)440130246(15,92)
(16,91)713863290(16,92)
(0,92)7331539(1,92)
(0,92)1411479352(0,93)
(2,92)925605984(2,93)
(3,92)154777280(3,93)
(4,92)34674852(5,92)
(5,92)984846005(6,92)
(6,92)206467038(6,93)
(8,92)886160471(8,93)
(9,92)240055700(10,92)
(9,92)1014387901(9,93)
(11,92)531211199(12,92)
(12,92)298073782(13,92)
(12,92)1(12,93)
(14,92)697876640(15,92)
(14,92)738204028(14,93)
(15,92)2199733(16,92)
(16,92)705208180(16,93)
(1,93)1268262894(2,93)
(2,93)122871214(2,94)
(3,93)157546066(4,93)
(3,93)851894540(3,94)
(4,93)802100908(4,94)
(5,93)194435927(6,93)
(5,93)364013104(5,94)
(6,93)301204557(7,93)
(7,93)1078164335(8,93)
(9,93)1(10,93)
(9,93)1(9,94)
(10,93)1(11,93)
(10,93)196087632(10,94)
(11,93)1(12,93)
(12,93)295458844(13,93)
(12,93)444624289(12,94)
(14,93)1234565176(15,93)
(14,93)198824849(14,94)
(0,94)1193862868(1,94)
(1,94)779267882(2,94)
(1,94)1325530323(1,95)
(5,94)810403(6,94)
(6,94)349301932(7,94)
(6,94)708917468(6,95)
(8,94)499450222(8,95)
(9,94)1(9,95)
(10,94)572334966(11,94)
(12,94)620451283(13,94)
(13,94)891781937(14,94)
(14,94)1352974251(15,94)
(14,94)320676745(14,95)
(16,94)399353471(16,95)
(0,95)283500606(1,95)
(1,95)608080464(2,95)
(1,95)297627232(1,96)
(3,95)307686310(3,96)
(4,95)308496713(5,95)
(5,95)54624286(5,96)
(7,95)5047643(7,96)
(8,95)14883757(8,96)
(9,95)1(10,95)
(9,95)237640966(9,96)
(10,95)1(10,96)
(11,95)244435485(11,96)
(12,95)1136217423(13,95)
(12,95)746081022(12,96)
(14,95)1109168461(15,95)
(15,95)208178896(16,95)
(15,95)350925097(15,96)
(0,96)816259360(1,96)
(0,96)648552329(0,97)
(1,96)533710220(2,96)
(1,96)1110054815(1,97)
(2,96)455761633(3,96)
(2,96)1123945670(2,97)
(4,96)510385919(4,97)
(5,96)447096124(6,96)
(5,96)909858312(5,97)
(6,96)214408694(7,96)
(7,96)386508127(8,96)
(7,96)461979882(7,97)
(8,96)1049198606(9,96)
(8,96)452049660(8,97)
(9,96)1050315835(9,97)
(10,96)1(11,96)
(10,96)1293634091(10,97)
(11,96)1(12,96)
(11,96)516837428(11,97)
(12,96)1(13,96)
(13,96)1(14,96)
(13,96)1365542688(13,97)
(14,96)1(14,97)
(16,96)242497297(16,97)
(0,97)1108951965(0,98)
(2,97)651401704(3,97)
(3,97)887205538(4,97)
(4,97)374711994(5,97)
(5,97)87856310(5,98)
(6,97)474364437(7,97)
(6,97)836691876(6,98)
(7,97)80234723(7,98)
(9,97)1032040925(9,98)
(10,97)367828557(10,98)
(11,97)836237611(12,97)
(12,97)532467832(12,98)
(14,97)1(15,97)
(15,97)1070391919(16,97)
(15,97)1(15,98)
(16,97)830087648(16,98)
(0,98)487621870(1,98)
(0,98)1567646035(0,99)
(1,98)71564091(2,98)
(1,98)374206409(1,99)
(2,98)415237739(2,99)
(3,98)789949733(4,98)
(4,98)1261009169(5,98)
(8,98)765117125(9,98)
(8,98)249605721(8,99)
(10,98)248817542(11,98)
(13,98)732880252(14,98)
(14,98)1(15,98)
(14,98)1(14,99)
(2,99)513648571(3,99)
(2,99)1233458119(2,100)
(3,99)346983640(4,99)
(3,99)252887220(3,100)
(5,99)1357854976(6,99)
(6,99)732978906(7,99)
(6,99)1129865589(6,100)
(8,99)1023991562(9,99)
(8,99)145558837(8,100)
(9,99)394376380(10,99)
(10,99)972990260(10,100)
(11,99)880694727(12,99)
(11,99)151282037(11,100)
(12,99)884162289(13,99)
(13,99)524192102(14,99)
(14,99)1(15,99)
(14,99)299646541(14,100)
(15,99)1(16,99)
(16,99)1(16,100)
(0,100)1140439812(1,100)
(1,100)70000610(2,100)
(3,100)62807143(3,101)
(4,100)1240491838(4,101)
(5,100)304745241(5,101)
(6,100)52244307(7,100)
(6,100)880639169(6,101)
(8,100)365922314(9,100)
(9,100)730137343(9,101)
(10,100)517204351(10,101)
(12,100)452950683(12,101)
(13,100)971622865(14,100)
(15,100)1048180056(16,100)
(16,100)1(16,101)
(0,101)296209724(0,102)
(1,101)29149932(1,102)
(2,101)1180987809(2,102)
(3,101)454166280(4,101)
(3,101)1088965868(3,102)
(4,101)914952965(5,101)
(6,101)1091952533(7,101)
(6,101)886498900(6,102)
(8,101)913824195(9,101)
(10,101)1023508558(11,101)
(12,101)562528200(13,101)
(12,101)577038092(12,102)
(13,101)219904828(14,101)
(13,101)904842448(13,102)
(15,101)1003211376(15,102)
(16,101)1(16,102)
(0,102)1032361308(0,103)
(1,102)236390892(2,102)
(2,102)411389964(3,102)
(2,102)739623234(2,103)
(4,102)1453668497(5,102)
(5,102)690664298(6,102)
(5,102)393591452(5,103)
(6,102)788379203(6,103)
(7,102)365270527(7,103)
(8,102)1268154584(8,103)
(9,102)144179495(10,102)
(10,102)1016541091(11,102)
(11,102)721217587(11,103)
(13,102)1310115972(13,103)
(14,102)1112299308(15,102)
(15,102)1(16,102)
(15,102)1(15,103)
(16,102)762956674(16,103)
(0,103)1065602343(1,103)
(0,103)460381954(0,104)
(1,103)871771918(2,103)
(2,103)810768060(2,104)
(3,103)116952909(4,103)
(3,103)470483683(3,104)
(5,103)905332112(5,104)
(6,103)460051862(7,103)
(7,103)1029643687(8,103)
(7,103)22463867(7,104)
(8,103)166643362(9,103)
(9,103)123774199(9,104)
(10,103)887860949(10,104)
(11,103)706535857(11,104)
(12,103)285974605(13,103)
(12,103)1090548884(12,104)
(13,103)55364544(14,103)
(14,103)307561310(15,103)
(14,103)789132875(14,104)
(15,103)1(15,104)
(0,104)173417478(0,105)
(1,104)36448065(1,105)
(2,104)153400975(3,104)
(2,104)444286783(2,105)
(3,104)438870203(3,105)
(4,104)1058733087(4,105)
(5,104)984369626(5,105)
(6,104)1363127002(6,105)
(8,104)220032142(9,104)
(9,104)270147666(9,105)
(10,104)926567999(10,105)
(11,104)861285660(11,105)
(12,104)916650204(13,104)
(15,104)1(15,105)
(16,104)1077509760(16,105)
(0,105)943995192(1,105)
(0,105)1147170271(0,106)
(3,105)576044882(4,105)
(3,105)211820686(3,106)
(6,105)1321458600(7,105)
(6,105)1018001812(6,106)
(7,105)1238033954(8,105)
(9,105)17118305(9,106)
(10,105)305489605(10,106)
(11,105)973250891(11,106)
(12,105)710809443(13,105)
(13,105)1(14,105)
(13,105)1(13,106)
(14,105)1(15,105)
(15,105)821218273(16,105)
(0,106)491898410(0,107)
(1,106)749909776(1,107)
(2,106)186126557(2,107)
(4,106)971443012(5,106)
(4,106)1117642894(4,107)
(5,106)291617847(6,106)
(5,106)787250358(5,107)
(6,106)644910180(6,107)
(7,106)89114125(8,106)
(8,106)1278994114(9,106)
(9,106)394603730(9,107)
(10,106)104761357(10,107)
(11,106)815570801(12,106)
(11,106)60948972(11,107)
(12,106)101024726(13,106)
(12,106)278887475(12,107)
(13,106)849420312(14,106)
(13,106)1(13,107)
(15,106)216464693(15,107)
(16,106)1285142947(16,107)
(0,107)1034671073(1,107)
(0,107)966374470(0,108)
(1,107)144845480(2,107)
(2,107)1240518050(3,107)
(2,107)175467134(2,108)
(3,107)1146910147(4,107)
(3,107)1262488375(3,108)
(7,107)421357154(8,107)
(8,107)777584274(9,107)
(8,107)128054534(8,108)
(9,107)526118511(9,108)
(10,107)838533246(10,108)
(13,107)994661542(14,107)
(13,107)1(13,108)
(14,107)942086907(14,108)
(15,107)132320841(15,108)
(16,107)608380642(16,108)
(1,108)696624748(2,108)
(1,108)783847777(1,109)
(3,108)574934159(4,108)
(3,108)576909508(3,109)
(4,108)334994932(5,108)
(6,108)138654352(7,108)
(7,108)765583601(8,108)
(8,108)664772864(8,109)
(10,108)396191172(11,108)
(10,108)910116270(10,109)
(12,108)537464538(13,108)
(12,108)406875738(12,109)
(13,108)1(13,109)
(14,108)191319473(15,108)
(14,108)669785379(14,109)
(15,108)125892077(16,108)
(16,108)97142683(16,109)
(0,109)822516825(1,109)
(0,109)1372813727(0,110)
(1,109)1156088003(2,109)
(3,109)583698958(3,110)
(4,109)1557685625(4,110)
(5,109)1696339978(6,109)
(6,109)340520546(7,109)
(7,109)67791381(8,109)
(7,109)213629194(7,110)
(8,109)72607722(9,109)
(9,109)193344918(10,109)
(9,109)977907651(9,110)
(10,109)466162487(11,109)
(11,109)152875256(12,109)
(11,109)600220656(11,110)
(13,109)1(13,110)
(15,109)395101993(16,109)
(0,110)302937007(0,111)
(1,110)1023012224(1,111)
(2,110)609949842(3,110)
(4,110)184886787(4,111)
(5,110)525407333(6,110)
(5,110)913526686(5,111)
(6,110)981318067(7,110)
(7,110)322561078(7,111)
(8,110)515905996(9,110)
(9,110)277904558(10,110)
(9,110)1004031376(9,111)
(12,110)114748845(13,110)
(13,110)780636332(14,110)
(13,110)1(13,111)
(14,110)1299715232(14,111)
(15,110)404222223(15,111)
(16,110)518029224(16,111)
(1,111)505434530(1,112)
(2,111)237600555(3,111)
(3,111)74587428(3,112)
(4,111)599994761(5,111)
(4,111)1151127241(4,112)
(6,111)516587828(7,111)
(6,111)922555839(6,112)
(8,111)74608290(9,111)
(8,111)1520619204(8,112)
(9,111)530042188(10,111)
(9,111)407104841(9,112)
(11,111)362125807(11,112)
(12,111)675774693(12,112)
(13,111)1(13,112)
(15,111)826735162(16,111)
(15,111)160643145(15,112)
(0,112)716435803(1,112)
(0,112)666077675(0,113)
(1,112)903678231(2,112)
(1,112)426714268(1,113)
(2,112)386152150(3,112)
(2,112)791023231(2,113)
(5,112)30707148(6,112)
(5,112)166090183(5,113)
(6,112)1604552019(7,112)
(7,112)1551326352(7,113)
(10,112)228894865(11,112)
(10,112)296010700(10,113)
(11,112)496501715(11,113)
(12,112)139115636(13,112)
(12,112)744892375(12,113)
(13,112)716058477(14,112)
(13,112)1(13,113)
(14,112)299758781(14,113)
(15,112)138234956(15,113)
(16,112)233960872(16,113)
(0,113)564949224(0,114)
(1,113)1024984103(1,114)
(2,113)268518447(3,113)
(3,113)465220695(3,114)
(4,113)495927843(5,113)
(4,113)434608630(4,114)
(5,113)1358107215(5,114)
(6,113)1121702723(7,113)
(8,113)1724060885(9,113)
(9,113)215726529(10,113)
(9,113)129666140(9,114)
(10,113)73078952(10,114)
(11,113)212194589(12,113)
(11,113)960618904(11,114)
(12,113)259228887(12,114)
(13,113)1(13,114)
(15,113)232377913(16,113)
(15,113)10714828(15,114)
(0,114)1035698931(0,115)
(1,114)829173732(1,115)
(2,114)350810082(3,114)
(5,114)683136373(6,114)
(7,114)962930462(8,114)
(7,114)669968036(7,115)
(8,114)885694565(9,114)
(13,114)1090463554(14,114)
(13,114)1(13,115)
(15,114)363588244(16,114)
(15,114)142800773(15,115)
(16,114)311309446(16,115)
(0,115)971974505(0,116)
(2,115)1259147983(2,116)
(3,115)742167346(4,115)
(3,115)884218237(3,116)
(4,115)1567354610(5,115)
(6,115)943967386(7,115)
(6,115)89838998(6,116)
(7,115)975533564(8,115)
(8,115)726066449(9,115)
(9,115)1080697157(10,115)
(9,115)674363386(9,116)
(10,115)266486976(10,116)
(11,115)693370884(11,116)
(12,115)945322834(12,116)
(13,115)73152993(14,115)
(13,115)1(13,116)
(15,115)384462439(15,116)
(16,115)942944639(16,116)
(0,116)196988221(0,117)
(1,116)6658181(2,116)
(1,116)54608975(1,117)
(2,116)796776321(3,116)
(3,116)230516207(4,116)
(4,116)777813245(4,117)
(5,116)320355206(5,117)
(6,116)1295888770(7,116)
(6,116)595272530(6,117)
(8,116)487487295(9,116)
(11,116)670478284(11,117)
(12,116)83038189(12,117)
(13,116)1(13,117)
(14,116)1128093716(14,117)
(15,116)301121845(15,117)
(0,117)355730820(0,118)
(2,117)167591415(3,117)
(2,117)1044982986(2,118)
(3,117)195380707(4,117)
(4,117)487946621(4,118)
(5,117)790653237(5,118)
(6,117)911407509(6,118)
(7,117)1398894804(8,117)
(8,117)1331759348(9,117)
(9,117)576338291(10,117)
(9,117)432269335(9,118)
(11,117)1(12,117)
(11,117)1(11,118)
(12,117)1(13,117)
(13,117)1045841790(14,117)
(14,117)904077267(15,117)
(14,117)318675532(14,118)
(15,117)674406352(16,117)
(15,117)172271752(15,118)
(16,117)88333738(16,118)
(0,118)109346959(0,119)
(1,118)276938374(2,118)
(3,118)966883957(4,118)
(3,118)764884995(3,119)
(4,118)401236738(5,118)
(6,118)1129702622(7,118)
(7,118)1192116338(8,118)
(7,118)1488710111(7,119)
(9,118)663966613(10,118)
(10,118)576941235(10,119)
(11,118)594494922(12,118)
(11,118)1(11,119)
(13,118)913170454(13,119)
(15,118)69178271(15,119)
(0,119)1202494995(0,120)
(1,119)383708778(2,119)
(2,119)584122025(2,120)
(3,119)985358764(4,119)
(3,119)355575798(3,120)
(4,119)291951386(5,119)
(5,119)409183989(6,119)
(5,119)845715753(5,120)
(8,119)487638912(9,119)
(9,119)1(10,119)
(9,119)1(9,120)
(10,119)1(11,119)
(10,119)849960714(10,120)
(11,119)110640658(12,119)
(13,119)1075442375(14,119)
(14,119)1233374658(15,119)
(15,119)764275768(16,119)
(15,119)194965380(15,120)
(16,119)1052611688(16,120)
(0,120)1147984547(1,120)
(0,120)924238619(0,121)
(1,120)472912167(2,120)
(2,120)474608829(3,120)
(4,120)161577524(5,120)
(4,120)1320324583(4,121)
(6,120)979432187(7,120)
(7,120)472888735(8,120)
(7,120)408144(7,121)
(8,120)1(9,120)
(8,120)1(8,121)
(11,120)1317160358(11,121)
(12,120)245119085(13,120)
(13,120)62973473(14,120)
(14,120)440084465(14,121)
(15,120)1115585161(15,121)
(16,120)913800404(16,121)
(0,121)604835226(0,122)
(1,121)1079444056(2,121)
(1,121)269877102(1,122)
(3,121)252284991(3,122)
(5,121)178543307(6,121)
(6,121)61861221(7,121)
(8,121)1(9,121)
(9,121)1(10,121)
(10,121)1(10,122)
(11,121)382266272(12,121)
(12,121)287221228(12,122)
(13,121)53037085(14,121)
(13,121)822350738(13,122)
(14,121)39190174(15,121)
(14,121)678874580(14,122)
(15,121)966837490(15,122)
(0,122)215670215(1,122)
(1,122)1154619778(2,122)
(2,122)922293227(3,122)
(2,122)467955206(2,123)
(3,122)353730898(3,123)
(4,122)1(5,122)
(4,122)1(4,123)
(5,122)1(6,122)
(6,122)1(7,122)
(7,122)1(8,122)
(8,122)481071088(9,122)
(8,122)1(8,123)
(10,122)1(11,122)
(11,122)1(11,123)
(12,122)174971077(13,122)
(13,122)223551035(13,123)
(15,122)231039511(16,122)
(0,123)918903435(0,124)
(1,123)43402615(1,124)
(3,123)1(4,123)
(3,123)1(3,124)
(4,123)778105662(5,123)
(4,123)1073627928(4,124)
(6,123)432551004(7,123)
(6,123)588459619(6,124)
(7,123)620736651(7,124)
(8,123)1(9,123)
(9,123)1(10,123)
(10,123)1(11,123)
(10,123)577383407(10,124)
(11,123)752354484(12,123)
(11,123)49669656(11,124)
(13,123)178922426(14,123)
(15,123)440297054(16,123)
(16,123)1363378205(16,124)
(0,124)134010069(1,124)
(1,124)955284744(1,125)
(2,124)1079465489(3,124)
(2,124)338988797(2,125)
(3,124)1(3,125)
(4,124)622453946(5,124)
(4,124)874096125(4,125)
(7,124)366782040(7,125)
(8,124)584250778(9,124)
(9,124)126629429(10,124)
(9,124)128539771(9,125)
(10,124)633920434(10,125)
(11,124)554981182(12,124)
(11,124)945774661(11,125)
(12,124)627573660(12,125)
(13,124)605292575(14,124)
(13,124)76374801(13,125)
(14,124)516671855(15,124)
(15,124)676839372(16,124)
(16,124)650681924(16,125)
(0,125)301444012(1,125)
(0,125)776471877(0,126)
(2,125)999676581(2,126)
(3,125)1(3,126)
(5,125)144953099(6,125)
(5,125)717837477(5,126)
(6,125)268993841(7,125)
(6,125)108495364(6,126)
(7,125)692746142(8,125)
(8,125)397533613(8,126)
(10,125)748392421(10,126)
(12,125)363810456(13,125)
(13,125)327210767(14,125)
(13,125)604672782(13,126)
(14,125)184997589(14,126)
(15,125)961469466(16,125)
(15,125)977892691(15,126)
(0,126)669923184(1,126)
(1,126)435149100(1,127)
(3,126)1(4,126)
(4,126)1(4,127)
(7,126)1067756098(8,126)
(8,126)425105132(9,126)
(8,126)974610786(8,127)
(9,126)708774898(10,126)
(10,126)183623013(10,127)
(11,126)547433469(12,126)
(11,126)519313810(11,127)
(13,126)732431058(13,127)
(15,126)715928188(15,127)
(16,126)216340060(16,127)
(0,127)1151077288(0,128)
(1,127)1060873267(2,127)
(2,127)1(3,127)
(2,127)1(2,128)
(3,127)1(4,127)
(4,127)437650374(5,127)
(6,127)347648734(7,127)
(7,127)9432769(8,127)
(8,127)16313606(8,128)
(9,127)193055782(9,128)
(10,127)740489251(11,127)
(10,127)1121357562(10,128)
(12,127)689983521(13,127)
(13,127)1019337186(14,127)
(15,127)409505349(16,127)
(16,127)418203830(16,128)
(0,128)557006686(0,129)
(1,128)872522477(2,128)
(2,128)1(2,129)
(3,128)143236334(3,129)
(4,128)580906002(4,129)
(5,128)928554737(6,128)
(5,128)1033379704(5,129)
(6,128)1042812473(7,128)
(7,128)944868343(7,129)
(8,128)355452681(9,128)
(9,128)678564568(9,129)
(10,128)498963060(11,128)
(11,128)454964055(12,128)
(12,128)173647707(13,128)
(13,128)1138124321(14,128)
(14,128)122897466(15,128)
(0,129)547619922(0,130)
(1,129)457194128(1,130)
(2,129)1(2,130)
(3,129)282055643(3,130)
(4,129)792142251(4,130)
(5,129)999148108(5,130)
(6,129)556355115(7,129)
(6,129)7995075(6,130)
(7,129)363447756(8,129)
(8,129)752213189(9,129)
(9,129)128428289(9,130)
(10,129)583392344(11,129)
(11,129)80171417(12,129)
(12,129)720818591(13,129)
(12,129)296784461(12,130)
(13,129)419681927(14,129)
(14,129)1308344363(15,129)
(14,129)129663095(14,130)
(15,129)677283017(16,129)
(0,130)378432658(1,130)
(0,130)322668490(0,131)
(1,130)81431037(2,130)
(1,130)686837989(1,131)
(2,130)583339194(3,130)
(2,130)1(2,131)
(4,130)561044364(5,130)
(6,130)95057864(7,130)
(7,130)89113236(8,130)
(8,130)223486153(8,131)
(9,130)806878498(10,130)
(10,130)75808363(11,130)
(10,130)395371819(10,131)
(11,130)1116190411(12,130)
(13,130)726165450(14,130)
(15,130)578396635(15,131)
(16,130)154085533(16,131)
(1,131)814573834(1,132)
(2,131)1(3,131)
(2,131)519008415(2,132)
(3,131)1(4,131)
(4,131)1(4,132)
(5,131)364856839(6,131)
(5,131)416952826(5,132)
(6,131)506066062(7,131)
(6,131)353731049(6,132)
(7,131)588342993(7,132)
(8,131)501703009(8,132)
(9,131)577511372(10,131)
(9,131)1561780418(9,132)
(10,131)530487181(11,131)
(10,131)351400802(10,132)
(12,131)721497909(13,131)
(13,131)1116081288(13,132)
(14,131)680085378(15,131)
(14,131)1299894544(14,132)
(15,131)417645520(16,131)
(16,131)325520505(16,132)
(0,132)118735690(1,132)
(0,132)373169282(0,133)
(1,132)844528920(1,133)
(3,132)529765759(4,132)
(4,132)1(4,133)
(5,132)883496808(5,133)
(7,132)1201819948(7,133)
(11,132)348678041(12,132)
(12,132)1028056311(13,132)
(12,132)429355283(12,133)
(14,132)586651759(14,133)
(15,132)959821042(16,132)
(15,132)1434961166(15,133)
(16,132)37470147(16,133)
(0,133)132006438(0,134)
(2,133)904852669(2,134)
(3,133)1(4,133)
(3,133)1(3,134)
(5,133)607983990(6,133)
(5,133)290256296(5,134)
(8,133)1258363052(8,134)
(9,133)571637047(10,133)
(9,133)1264120059(9,134)
(11,133)276027290(12,133)
(11,133)1000992330(11,134)
(13,133)1032621494(14,133)
(13,133)862679049(13,134)
(15,133)1070091641(15,134)
(16,133)1546195635(16,134)
(0,134)362391305(0,135)
(1,134)1(2,134)
(1,134)1(1,135)
(2,134)1(3,134)
(3,134)197965460(4,134)
(5,134)422071389(6,134)
(5,134)55574066(5,135)
(7,134)1194613699(8,134)
(8,134)104587841(9,134)
(8,134)809150404(8,135)
(9,134)274464856(10,134)
(9,134)442584677(9,135)
(10,134)718611967(11,134)
(12,134)273489739(13,134)
(13,134)1256307460(14,134)
(13,134)318956377(13,135)
(15,134)655019448(15,135)
(16,134)1140411113(16,135)
(0,135)958584105(0,136)
(1,135)1(1,136)
(2,135)632964725(2,136)
(3,135)315252040(3,136)
(4,135)1(5,135)
(4,135)1(4,136)
(5,135)1(6,135)
(6,135)453319547(7,135)
(6,135)1(6,136)
(7,135)374862065(8,135)
(10,135)401488105(11,135)
(10,135)658157643(10,136)
(11,135)931647382(12,135)
(11,135)1048323561(11,136)
(12,135)157147374(13,135)
(12,135)720444482(12,136)
(13,135)421834158(14,135)
(13,135)127745115(13,136)
(14,135)812166822(14,136)
(1,136)1(2,136)
(1,136)62144643(1,137)
(2,136)1(3,136)
(3,136)1(4,136)
(5,136)364165074(5,137)
(6,136)739027139(7,136)
(6,136)1(6,137)
(7,136)70400195(8,136)
(7,136)653558291(7,137)
(8,136)120590835(9,136)
(8,136)71985729(8,137)
(9,136)473473834(10,136)
(9,136)728557839(9,137)
(10,136)1168914397(10,137)
(14,136)1030514098(14,137)
(15,136)903364407(15,137)
(16,136)802811251(16,137)
(0,137)965509050(0,138)
(1,137)159378671(1,138)
(2,137)253269521(3,137)
(2,137)987411371(2,138)
(3,137)645181274(4,137)
(3,137)315472238(3,138)
(4,137)73126304(5,137)
(4,137)617434595(4,138)
(6,137)1(6,138)
(8,137)97250105(8,138)
(10,137)948355966(10,138)
(11,137)416624792(12,137)
(12,137)724622856(13,137)
(12,137)1185512896(12,138)
(13,137)799525120(14,137)
(14,137)280035231(15,137)
(14,137)1627987263(14,138)
(15,137)446012665(16,137)
(0,138)1457150385(1,138)
(1,138)783278562(1,139)
(3,138)484935512(3,139)
(4,138)726751907(4,139)
(5,138)1(6,138)
(5,138)1(5,139)
(7,138)876798713(8,138)
(7,138)192694279(7,139)
(9,138)188215790(10,138)
(10,138)94295823(11,138)
(12,138)25770158(13,138)
(15,138)1242337924(16,138)
(16,138)1161393849(16,139)
(0,139)1109838841(1,139)
(0,139)253132051(0,140)
(1,139)786532825(1,140)
(2,139)484798105(3,139)
(3,139)260860147(3,140)
(4,139)356304321(5,139)
(4,139)909747981(4,140)
(5,139)34489640(6,139)
(5,139)1(5,140)
(7,139)351664559(8,139)
(8,139)818035111(8,140)
(9,139)912330934(10,139)
(10,139)589881955(10,140)
(11,139)306282000(11,140)
(12,139)588210513(12,140)
(13,139)292453977(14,139)
(13,139)96274995(13,140)
(14,139)1338612919(15,139)
(16,139)300968112(16,140)
(0,140)92897003(0,141)
(1,140)577695108(2,140)
(5,140)293392568(6,140)
(5,140)1(5,141)
(6,140)755189704(7,140)
(6,140)549870210(6,141)
(7,140)1111427679(7,141)
(8,140)159958589(8,141)
(9,140)355905435(9,141)
(10,140)971557548(11,140)
(10,140)182556966(10,141)
(11,140)162825264(12,140)
(12,140)223119147(13,140)
(12,140)1067832543(12,141)
(13,140)258961815(14,140)
(15,140)559929927(15,141)
(16,140)701046613(16,141)
(0,141)200075437(1,141)
(0,141)308188745(0,142)
(1,141)199268837(1,142)
(2,141)53795382(3,141)
(3,141)1(4,141)
(3,141)1(3,142)
(4,141)1(5,141)
(4,141)457320528(4,142)
(8,141)714923479(9,141)
(9,141)557840634(10,141)
(10,141)645588649(10,142)
(11,141)868707797(12,141)
(13,141)1053789387(14,141)
(13,141)398191122(13,142)
(14,141)20571451(15,141)
(14,141)297081272(14,142)
(15,141)605270017(16,141)
(16,141)220646888(16,142)
(2,142)301085887(2,143)
(3,142)1(3,143)
(4,142)287003548(4,143)
(5,142)848143061(5,143)
(6,142)479918630(7,142)
(6,142)755232507(6,143)
(8,142)294251166(8,143)
(9,142)271408966(10,142)
(10,142)836968785(11,142)
(11,142)1024329442(12,142)
(12,142)915303204(13,142)
(12,142)1235159907(12,143)
(14,142)522655557(14,143)
(15,142)329276748(16,142)
(0,143)189693321(1,143)
(0,143)1237060013(0,144)
(2,143)507430422(2,144)
(3,143)1(3,144)
(5,143)156425358(6,143)
(5,143)645426615(5,144)
(7,143)629263341(8,143)
(7,143)450676524(7,144)
(8,143)722085490(9,143)
(9,143)773328726(10,143)
(10,143)793287233(11,143)
(10,143)583599307(10,144)
(12,143)1116736344(13,143)
(14,143)203351169(15,143)
(14,143)445630943(14,144)
(16,143)393044490(16,144)
(0,144)1359218857(0,145)
(1,144)1(2,144)
(1,144)1(1,145)
(2,144)1(3,144)
(4,144)20514608(5,144)
(4,144)1436095634(4,145)
(5,144)331031251(5,145)
(6,144)960294593(7,144)
(6,144)471191132(6,145)
(8,144)729252384(8,145)
(9,144)1522539617(10,144)
(10,144)1128294793(11,144)
(11,144)944140938(12,144)
(12,144)1002369214(12,145)
(13,144)1205720383(14,144)
(14,144)924979190(15,144)
(14,144)564695656(14,145)
(16,144)372412240(16,145)
(0,145)351756137(0,146)
(1,145)1142425156(2,145)
(1,145)1(1,146)
(3,145)431037143(3,146)
(5,145)673673255(6,145)
(5,145)319808380(5,146)
(7,145)994702220(8,145)
(8,145)777981608(9,145)
(9,145)123288429(10,145)
(9,145)822106814(9,146)
(10,145)120251878(10,146)
(11,145)1125657643(11,146)
(12,145)183894378(13,145)
(12,145)1008535986(12,146)
(15,145)158443769(15,146)
(16,145)1661557092(16,146)
(0,146)1(1,146)
(0,146)1(0,147)
(2,146)1338276978(3,146)
(3,146)1248142122(4,146)
(3,146)1420728070(3,147)
(5,146)1023686713(6,146)
(5,146)128961087(5,147)
(6,146)1123663307(7,146)
(7,146)18680349(7,147)
(8,146)141968778(9,146)
(9,146)100593155(9,147)
(11,146)425586565(11,147)
(12,146)211618094(13,146)
(13,146)780699582(14,146)
(14,146)370061863(14,147)
(15,146)547580213(16,146)
(15,146)294773026(15,147)
(16,146)55501390(16,147)
(0,147)1(1,147)
(1,147)1(2,147)
(2,147)1(3,147)
(3,147)1(3,148)
(4,147)845514991(4,148)
(5,147)677451390(5,148)
(6,147)657792667(7,147)
(8,147)1184515352(9,147)
(8,147)758385822(8,148)
(9,147)67912511(10,147)
(9,147)790306411(9,148)
(10,147)94343562(11,147)
(12,147)1181039964(12,148)
(13,147)107184458(14,147)
(13,147)44298226(13,148)
(14,147)591878439(15,147)
(14,147)226540999(14,148)
(15,147)162685849(15,148)
(16,147)699324413(16,148)
(0,148)838716197(1,148)
(1,148)347651535(2,148)
(1,148)80014809(1,149)
(3,148)1(4,148)
(3,148)1193166527(3,149)
(4,148)1(4,149)
(5,148)742866939(6,148)
(5,148)67286071(5,149)
(6,148)634842303(6,149)
(7,148)1501252762(7,149)
(8,148)380272473(8,149)
(9,148)474616036(10,148)
(10,148)956212288(11,148)
(10,148)720233664(10,149)
(11,148)652001637(12,148)
(12,148)1000510514(12,149)
(15,148)144229719(15,149)
(0,149)224244528(0,150)
(1,149)757809290(1,150)
(2,149)949958353(2,150)
(4,149)1(5,149)
(5,149)1(5,150)
(6,149)124052193(7,149)
(9,149)214756758(10,149)
(10,149)607494663(11,149)
(12,149)660172578(13,149)
(13,149)80586397(14,149)
(14,149)267236906(15,149)
(14,149)804402297(14,150)
(16,149)24028733(16,150)
(0,150)660514236(1,150)
(0,150)271660981(0,151)
(1,150)973987086(1,151)
(2,150)1(3,150)
(2,150)1(2,151)
(3,150)1(4,150)
(4,150)1(5,150)
(5,150)1367553350(6,150)
(5,150)650842278(5,151)
(7,150)626097820(7,151)
(8,150)840854578(9,150)
(9,150)449089329(10,150)
(9,150)642547734(9,151)
(11,150)568810781(12,150)
(12,150)433214657(12,151)
(13,150)700451563(14,150)
(14,150)254376256(15,150)
(15,150)724480296(15,151)
(16,150)914890492(16,151)
(1,151)342306705(2,151)
(2,151)1(2,152)
(3,151)336919573(4,151)
(4,151)805877563(5,151)
(4,151)632969582(4,152)
(5,151)519071222(6,151)
(7,151)125346313(8,151)
(7,151)360665888(7,152)
(8,151)809755217(9,151)
(9,151)33984516(9,152)
(10,151)602795297(11,151)
(10,151)597398198(10,152)
(11,151)465627575(12,151)
(12,151)234911604(13,151)
(13,151)82900983(14,151)
(14,151)959391901(14,152)
(15,151)510375636(16,151)
(16,151)871237876(16,152)
(0,152)852682341(1,152)
(0,152)142654238(0,153)
(1,152)124781543(2,152)
(2,152)1(2,153)
(3,152)757751125(3,153)
(5,152)100001313(6,152)
(5,152)381375853(5,153)
(6,152)506722167(7,152)
(7,152)299759806(8,152)
(8,152)540706683(8,153)
(10,152)409317728(10,153)
(11,152)644229333(12,152)
(11,152)972026707(11,153)
(13,152)711944919(14,152)
(15,152)47889757(16,152)
(16,152)819195563(16,153)
(0,153)172671300(1,153)
(0,153)609472259(0,154)
(1,153)1110202117(1,154)
(2,153)1(3,153)
(2,153)930422425(2,154)
(3,153)1(4,153)
(4,153)1(4,154)
(5,153)947700608(6,153)
(6,153)915232969(6,154)
(7,153)1488407291(7,154)
(8,153)484425623(9,153)
(8,153)746683524(8,154)
(9,153)51924737(9,154)
(10,153)696154070(11,153)
(11,153)363896373(12,153)
(12,153)152291656(12,154)
(13,153)118804878(14,153)
(13,153)269131892(13,154)
(14,153)317021649(15,153)
(15,153)938000441(15,154)
(16,153)489692949(16,154)
(3,154)1(4,154)
(3,154)1(3,155)
(5,154)879167734(6,154)
(5,154)1000750289(5,155)
(6,154)643357298(7,154)
(6,154)689924190(6,155)
(8,154)695282036(8,155)
(9,154)483318496(9,155)
(10,154)847214869(11,154)
(10,154)612832745(10,155)
(11,154)349773695(12,154)
(14,154)453049435(14,155)
(15,154)353768346(16,154)
(0,155)314089844(1,155)
(1,155)1(2,155)
(1,155)1(1,156)
(2,155)1(3,155)
(4,155)289412238(5,155)
(5,155)606830874(5,156)
(7,155)280639752(7,156)
(8,155)117015535(8,156)
(9,155)964230405(10,155)
(10,155)170739354(11,155)
(11,155)583368967(12,155)
(13,155)1036418402(13,156)
(14,155)1142039640(14,156)
(15,155)190249078(16,155)
(15,155)204482747(15,156)
(0,156)718335016(1,156)
(0,156)207699203(0,157)
(1,156)1(2,156)
(1,156)272182729(1,157)
(2,156)1(3,156)
(2,156)128579520(2,157)
(3,156)1(4,156)
(4,156)1(5,156)
(4,156)795920286(4,157)
(5,156)429617326(6,156)
(5,156)1(5,157)
(7,156)776506726(8,156)
(7,156)546632861(7,157)
(8,156)1510863266(9,156)
(10,156)280712019(11,156)
(11,156)662935066(12,156)
(12,156)223925624(13,156)
(13,156)559833522(14,156)
(14,156)428408371(14,157)
(15,156)636107574(16,156)
(15,156)116626467(15,157)
(16,156)566075153(16,157)
(0,157)388809196(0,158)
(1,157)694654674(1,158)
(2,157)1112646432(3,157)
(2,157)170973952(2,158)
(5,157)1(6,157)
(5,157)246679582(5,158)
(6,157)1(6,158)
(8,157)720529360(8,158)
(9,157)1001241379(10,157)
(10,157)519048597(10,158)
(11,157)742974221(12,157)
(11,157)170888153(11,158)
(12,157)730721676(13,157)
(14,157)847348143(14,158)
(16,157)592547073(16,158)
(0,158)291334279(0,159)
(3,158)554915103(3,159)
(4,158)4965675(4,159)
(5,158)898929205(5,159)
(6,158)1(7,158)
(6,158)1154430399(6,159)
(7,158)1(8,158)
(8,158)1(9,158)
(9,158)1(9,159)
(10,158)773327228(10,159)
(11,158)183053668(11,159)
(12,158)733154433(12,159)
(13,158)393160952(14,158)
(13,158)203913399(13,159)
(15,158)1249155653(16,158)
(15,158)985708025(15,159)
(16,158)1106643040(16,159)
(0,159)505652717(1,159)
(2,159)695894359(3,159)
(2,159)1060567820(2,160)
(3,159)160321834(4,159)
(4,159)393149154(5,159)
(7,159)596785924(8,159)
(8,159)1(9,159)
(8,159)1(8,160)
(9,159)142554363(10,159)
(10,159)726678408(11,159)
(10,159)422809645(10,160)
(11,159)875708796(11,160)
(12,159)930591807(12,160)
(13,159)223178899(14,159)
(13,159)594289140(13,160)
(14,159)107094125(14,160)
(16,159)201613863(16,160)
(0,160)1216354673(1,160)
(1,160)1262181683(1,161)
(2,160)581351845(2,161)
(3,160)974500999(4,160)
(4,160)589772104(4,161)
(5,160)204273359(6,160)
(5,160)968847849(5,161)
(6,160)624407601(6,161)
(7,160)785055882(7,161)
(8,160)927610245(9,160)
(8,160)1(8,161)
(11,160)924705141(12,160)
(11,160)298049844(11,161)
(12,160)521228743(13,160)
(14,160)740638795(15,160)
(15,160)1032939563(16,160)
(0,161)530003174(0,162)
(1,161)390861666(1,162)
(2,161)235845958(2,162)
(3,161)394795148(3,162)
(4,161)599068507(5,161)
(4,161)186726866(4,162)
(5,161)97610890(5,162)
(6,161)961774468(7,161)
(7,161)1(8,161)
(7,161)1(7,162)
(8,161)101264044(8,162)
(9,161)1024705034(10,161)
(10,161)58648150(10,162)
(11,161)579876893(12,161)
(11,161)394951516(11,162)
(13,161)369745934(14,161)
(13,161)283443928(13,162)
(14,161)876464282(14,162)
(15,161)179255755(15,162)
(16,161)79622647(16,162)
(0,162)570117421(0,163)
(1,162)315468605(1,163)
(3,162)57870508(4,162)
(5,162)848057252(6,162)
(7,162)1(7,163)
(8,162)1426332263(8,163)
(9,162)23640136(10,162)
(10,162)371863914(11,162)
(10,162)221494200(10,163)
(12,162)22493209(13,162)
(13,162)559117626(13,163)
(14,162)201748965(14,163)
(15,162)771866386(16,162)
(16,162)1029591935(16,163)
(0,163)559862825(1,163)
(0,163)219298939(0,164)
(1,163)7970833(2,163)
(1,163)488393936(1,164)
(2,163)1(3,163)
(2,163)1(2,164)
(3,163)1(4,163)
(4,163)1(5,163)
(5,163)1447021577(6,163)
(5,163)1(5,164)
(7,163)1(7,164)
(8,163)749510329(9,163)
(10,163)402257604(10,164)
(11,163)424750813(12,163)
(11,163)639424643(11,164)
(12,163)463632330(13,163)
(13,163)626499778(13,164)
(14,163)367462664(14,164)
(15,163)586761603(16,163)
(15,163)681649743(15,164)
(1,164)345331473(1,165)
(2,164)459517901(3,164)
(2,164)1(2,165)
(4,164)546444895(4,165)
(5,164)1(6,164)
(6,164)1(7,164)
(7,164)184518620(8,164)
(9,164)1160644443(10,164)
(9,164)586776224(9,165)
(10,164)602505088(10,165)
(11,164)994600816(11,165)
(12,164)646658624(13,164)
(15,164)350868399(16,164)
(15,164)699654676(15,165)
(16,164)467610474(16,165)
(0,165)1044986149(0,166)
(2,165)1(3,165)
(3,165)1(4,165)
(4,165)270176057(5,165)
(4,165)1(4,166)
(5,165)961991895(6,165)
(6,165)249139702(6,166)
(7,165)212220147(8,165)
(8,165)392217926(8,166)
(9,165)814725235(9,166)
(10,165)708075554(10,166)
(11,165)894288133(11,166)
(12,165)1166979087(12,166)
(13,165)1039857125(14,165)
(13,165)535558898(13,166)
(14,165)886427297(15,165)
(14,165)335368494(14,166)
(16,165)806120171(16,166)
(0,166)737375047(1,166)
(0,166)316580480(0,167)
(1,166)1(2,166)
(1,166)1(1,167)
(2,166)1(3,166)
(2,166)640840345(2,167)
(3,166)1(4,166)
(5,166)1160156105(5,167)
(6,166)687667725(6,167)
(7,166)139910715(7,167)
(8,166)39617840(8,167)
(9,166)1109218018(9,167)
(10,166)316468549(11,166)
(10,166)290460164(10,167)
(12,166)852027447(12,167)
(13,166)261542477(13,167)
(15,166)397091267(15,167)
(16,166)231788520(16,167)
(0,167)532504482(0,168)
(1,167)1(1,168)
(3,167)796083574(3,168)
(4,167)543776362(5,167)
(4,167)796317725(4,168)
(5,167)21210329(6,167)
(6,167)683687077(6,168)
(7,167)79859109(8,167)
(7,167)60828169(7,168)
(8,167)1076648005(8,168)
(9,167)370319273(9,168)
(10,167)296493256(11,167)
(11,167)606150358(12,167)
(11,167)97660353(11,168)
(12,167)558035734(12,168)
(13,167)52449207(14,167)
(14,167)85722716(14,168)
(15,167)618227199(16,167)
(15,167)284237728(15,168)
(1,168)1(1,169)
(2,168)120659612(2,169)
(3,168)664435975(4,168)
(3,168)1589345938(3,169)
(4,168)804442320(4,169)
(5,168)771872306(6,168)
(8,168)1094153217(9,168)
(9,168)131526752(9,169)
(10,168)737677110(11,168)
(11,168)505346777(11,169)
(12,168)557795985(13,168)
(12,168)536160830(12,169)
(13,168)966167736(13,169)
(14,168)842033713(14,169)
(15,168)1164343729(15,169)
(16,168)908970973(16,169)
(0,169)644444872(1,169)
(1,169)1(2,169)
(2,169)1(2,170)
(3,169)1271508551(3,170)
(4,169)894705965(4,170)
(5,169)175204479(6,169)
(5,169)1220764220(5,170)
(6,169)578490024(7,169)
(7,169)691087090(8,169)
(8,169)710016777(8,170)
(10,169)615862032(11,169)
(10,169)278680087(10,170)
(13,169)1018941055(14,169)
(14,169)844273190(14,170)
(15,169)73184623(16,169)
(16,169)26887667(16,170)
(0,170)540250854(1,170)
(0,170)810058967(0,171)
(1,170)1(2,170)
(1,170)1(1,171)
(3,170)1251347845(3,171)
(4,170)883338832(4,171)
(6,170)1252574590(6,171)
(7,170)1025907900(8,170)
(7,170)24361986(7,171)
(9,170)199472976(10,170)
(11,170)988356404(12,170)
(12,170)652960152(13,170)
(13,170)1054532991(14,170)
(14,170)433388533(14,171)
(15,170)1081420659(15,171)
(16,170)298581424(16,171)
(1,171)1(2,171)
(2,171)1(2,172)
(4,171)1054874143(5,171)
(4,171)827620636(4,172)
(5,171)675814567(6,171)
(6,171)114021096(7,171)
(7,171)403808354(8,171)
(7,171)259425510(7,172)
(8,171)458898486(9,171)
(10,171)553108053(11,171)
(10,171)92917583(10,172)
(11,171)745877735(12,171)
(12,171)238253999(12,172)
(13,171)1179266268(13,172)
(14,171)275230120(15,171)
(14,171)925266045(14,172)
(15,171)295165993(15,172)
(0,172)1(1,172)
(0,172)1(0,173)
(1,172)1(1,173)
(2,172)414811683(3,172)
(2,172)1(2,173)
(5,172)409259897(5,173)
(6,172)813068252(7,172)
(7,172)1035555060(7,173)
(8,172)300260906(9,172)
(8,172)377819901(8,173)
(9,172)930927955(10,172)
(10,172)694124193(11,172)
(11,172)1169181954(11,173)
(13,172)1136933(14,172)
(16,172)660670605(16,173)
(0,173)1(0,174)
(1,173)1(2,173)
(2,173)413327647(3,173)
(3,173)78498778(3,174)
(4,173)822587545(4,174)
(5,173)642118241(5,174)
(6,173)497447116(7,173)
(6,173)730999815(6,174)
(7,173)1031260721(8,173)
(8,173)796920005(9,173)
(8,173)445693575(8,174)
(9,173)1139817768(10,173)
(9,173)120834022(9,174)
(11,173)984384835(12,173)
(11,173)865724582(11,174)
(12,173)866861515(13,173)
(13,173)297833704(13,174)
(14,173)595834301(14,174)
(15,173)756596516(16,173)
(15,173)1552174313(15,174)
(16,173)1369314761(16,174)
(0,174)1(0,175)
(1,174)901322191(2,174)
(2,174)428718290(3,174)
(4,174)1212081885(5,174)
(4,174)1070836531(4,175)
(6,174)720890836(7,174)
(6,174)1078073936(6,175)
(8,174)841724859(8,175)
(10,174)530513441(11,174)
(11,174)591413793(12,174)
(11,174)956398658(11,175)
(12,174)828347145(12,175)
(13,174)697652892(14,174)
(16,174)1128531376(16,175)
(0,175)1(1,175)
(1,175)1(1,176)
(2,175)70852206(2,176)
(3,175)602069265(3,176)
(4,175)22869265(5,175)
(4,175)1187460984(4,176)
(5,175)213524380(5,176)
(7,175)895674184(8,175)
(7,175)602593032(7,176)
(8,175)498570600(9,175)
(9,175)17676720(10,175)
(9,175)620226461(9,176)
(11,175)846023865(11,176)
(12,175)251404700(12,176)
(13,175)47765662(14,175)
(13,175)260497358(13,176)
(15,175)565675205(16,175)
(15,175)1176297039(15,176)
(16,175)348027403(16,176)
(0,176)96907939(1,176)
(1,176)1(2,176)
(1,176)418879609(1,177)
(2,176)1(2,177)
(3,176)721846470(4,176)
(5,176)611209311(5,177)
(6,176)321799723(6,177)
(7,176)820370324(8,176)
(9,176)127855934(9,177)
(10,176)59752971(10,177)
(13,176)919106842(13,177)
(14,176)1484782047(15,176)
(14,176)519250317(14,177)
(0,177)858141811(1,177)
(0,177)16765918(0,178)
(1,177)133183544(1,178)
(2,177)855030014(3,177)
(2,177)1(2,178)
(3,177)535687021(4,177)
(5,177)825639172(6,177)
(5,177)857486745(5,178)
(6,177)391375546(6,178)
(7,177)1752588300(8,177)
(7,177)805265481(7,178)
(9,177)941473266(10,177)
(10,177)1268287351(11,177)
(11,177)634672937(12,177)
(11,177)337730887(11,178)
(12,177)39910545(12,178)
(13,177)1153923254(13,178)
(14,177)1093703884(15,177)
(15,177)1349725668(16,177)
(15,177)958898932(15,178)
(1,178)620842377(1,179)
(2,178)1156529399(3,178)
(2,178)1(2,179)
(3,178)1455095206(4,178)
(6,178)749289173(6,179)
(7,178)598337569(8,178)
(8,178)1116433029(8,179)
(9,178)237236732(10,178)
(10,178)377246518(11,178)
(10,178)334339425(10,179)
(11,178)277147278(11,179)
(13,178)477390009(14,178)
(14,178)457130989(15,178)
(14,178)613255155(14,179)
(15,178)281752056(15,179)
(16,178)1377952629(16,179)
(0,179)902594434(0,180)
(2,179)1(3,179)
(2,179)623350993(2,180)
(3,179)1(4,179)
(4,179)1(4,180)
(5,179)1316663859(5,180)
(6,179)377697518(6,180)
(7,179)374306057(8,179)
(7,179)1064848125(7,180)
(9,179)708645482(9,180)
(11,179)1233588359(12,179)
(11,179)1418507653(11,180)
(13,179)195111010(14,179)
(14,179)30166071(14,180)
(16,179)762180322(16,180)
(0,180)844400690(1,180)
(0,180)1063304667(0,181)
(2,180)622573371(2,181)
(3,180)505480592(3,181)
(4,180)1(5,180)
(4,180)1122086213(4,181)
(5,180)1(6,180)
(5,180)175349487(5,181)
(6,180)1(7,180)
(7,180)1(8,180)
(7,180)399695356(7,181)
(8,180)1(9,180)
(9,180)1(9,181)
(10,180)1338681871(11,180)
(12,180)1038041737(12,181)
(13,180)295255586(14,180)
(14,180)269397833(15,180)
(15,180)163367771(16,180)
(15,180)1057435909(15,181)
(0,181)24525025(1,181)
(0,181)295483577(0,182)
(1,181)100905931(2,181)
(2,181)530005617(2,182)
(3,181)983901306(4,181)
(5,181)111545247(6,181)
(5,181)355161473(5,182)
(7,181)651841084(8,181)
(8,181)1133600010(8,182)
(9,181)1(10,181)
(9,181)209898327(9,182)
(10,181)1(10,182)
(11,181)265093567(12,181)
(12,181)1000490560(12,182)
(13,181)1269888393(14,181)
(14,181)568047818(14,182)
(15,181)863531395(16,181)
(15,181)236203268(15,182)
(0,182)964437326(1,182)
(1,182)83055085(1,183)
(2,182)39945823(2,183)
(3,182)5058314(4,182)
(3,182)921005079(3,183)
(5,182)303140714(6,182)
(6,182)1021707246(7,182)
(6,182)254912952(6,183)
(8,182)1231605573(8,183)
(10,182)1(11,182)
(10,182)976895281(10,183)
(11,182)1(12,182)
(12,182)1(13,182)
(13,182)1(13,183)
(14,182)1107073730(14,183)
(15,182)932165244(16,182)
(15,182)668585912(15,183)
(16,182)736040083(16,183)
(0,183)143796973(1,183)
(0,183)751640997(0,184)
(1,183)775985906(1,184)
(2,183)781044220(3,183)
(3,183)1093231606(3,184)
(4,183)1150910381(4,184)
(5,183)25133979(6,183)
(5,183)204781683(5,184)
(6,183)685629397(6,184)
(7,183)299684707(8,183)
(9,183)1276579988(9,184)
(11,183)329083592(12,183)
(12,183)672158540(12,184)
(13,183)1(14,183)
(14,183)220838918(15,183)
(14,183)1(14,184)
(16,183)364635891(16,184)
(1,184)589347857(2,184)
(3,184)1295624865(4,184)
(6,184)133455322(7,184)
(7,184)731879184(8,184)
(7,184)240265156(7,185)
(9,184)190092315(9,185)
(10,184)519175907(11,184)
(10,184)441475432(10,185)
(11,184)303639367(12,184)
(13,184)1(14,184)
(13,184)1(13,185)
(15,184)393324392(15,185)
(16,184)922800995(16,185)
(0,185)1572527904(1,185)
(1,185)1054585363(2,185)
(1,185)822053539(1,186)
(3,185)783211066(4,185)
(3,185)491190073(3,186)
(4,185)1498727774(5,185)
(6,185)242254725(7,185)
(8,185)226611196(9,185)
(8,185)432347040(8,186)
(9,185)951522948(10,185)
(11,185)759372530(11,186)
(12,185)788061030(13,185)
(12,185)718377589(12,186)
(13,185)1(14,185)
(13,185)947876369(13,186)
(14,185)1(14,186)
(15,185)856664110(16,185)
(0,186)285044885(0,187)
(1,186)255239641(2,186)
(1,186)373919520(1,187)
(2,186)1157130586(3,186)
(2,186)254955899(2,187)
(3,186)59205011(3,187)
(4,186)667506127(4,187)
(5,186)909760853(6,186)
(6,186)484066532(7,186)
(7,186)1342107893(7,187)
(8,186)146147193(9,186)
(8,186)64415541(8,187)
(10,186)1121617793(11,186)
(10,186)905519723(10,187)
(11,186)666781506(11,187)
(13,186)727482528(13,187)
(14,186)1(14,187)
(15,186)1102491736(16,186)
(15,186)1061683956(15,187)
(0,187)1357731377(1,187)
(3,187)1112756543(3,188)
(4,187)406777696(4,188)
(5,187)890844228(6,187)
(5,187)610160152(5,188)
(6,187)33369407(7,187)
(7,187)955259769(7,188)
(8,187)903663686(9,187)
(9,187)356121386(10,187)
(9,187)121324910(9,188)
(11,187)777417050(12,187)
(11,187)278131901(11,188)
(12,187)394904545(12,188)
(14,187)549871990(15,187)
(14,187)1(14,188)
(15,187)333518970(16,187)
(0,188)778769386(1,188)
(0,188)634864716(0,189)
(1,188)1177056108(1,189)
(2,188)443134553(3,188)
(3,188)103227152(3,189)
(4,188)994071380(5,188)
(5,188)836217670(5,189)
(6,188)52022857(7,188)
(7,188)705511187(8,188)
(7,188)321167706(7,189)
(8,188)677289092(9,188)
(8,188)173347768(8,189)
(9,188)128472732(9,189)
(10,188)905889782(11,188)
(11,188)235674329(11,189)
(12,188)67241865(13,188)
(12,188)353270035(12,189)
(14,188)1(15,188)
(15,188)1(15,189)
(16,188)949340029(16,189)
(1,189)135968759(2,189)
(1,189)693382310(1,190)
(2,189)312458339(3,189)
(3,189)527850923(4,189)
(4,189)128443929(5,189)
(5,189)329698425(5,190)
(6,189)1035209612(7,189)
(6,189)449611635(6,190)
(10,189)873974253(11,189)
(11,189)275358514(11,190)
(12,189)711025925(12,190)
(13,189)1(14,189)
(13,189)1(13,190)
(14,189)1(15,189)
(15,189)1534596490(16,189)
(0,190)376835259(0,191)
(1,190)689293598(2,190)
(2,190)712345065(2,191)
(3,190)840788995(4,190)
(4,190)891184827(5,190)
(4,190)172955048(4,191)
(6,190)269817710(7,190)
(6,190)117747814(6,191)
(7,190)224363357(7,191)
(8,190)146451836(9,190)
(8,190)204655784(8,191)
(9,190)1078630037(10,190)
(10,190)5820301(11,190)
(10,190)421810350(10,191)
(12,190)1(13,190)
(12,190)1(12,191)
(13,190)973864900(14,190)
(14,190)681702368(15,190)
(14,190)207221833(14,191)
(15,190)584057092(16,190)
(15,190)755491057(15,191)
(16,190)204783969(16,191)
(0,191)1273350691(1,191)
(0,191)70896757(0,192)
(1,191)917129034(1,192)
(2,191)963836651(2,192)
(3,191)87108429(3,192)
(4,191)900835012(4,192)
(5,191)1170652722(6,191)
(8,191)306454896(9,191)
(11,191)472396095(12,191)
(11,191)274548998(11,192)
(12,191)1(12,192)
(13,191)679617928(13,192)
(16,191)389542063(16,192)
(0,192)343963476(0,193)
(2,192)1060916544(3,192)
(3,192)855232870(3,193)
(4,192)886202188(4,193)
(5,192)596005763(5,193)
(6,192)114610399(7,192)
(6,192)1253710451(6,193)
(8,192)1341747495(9,192)
(8,192)55025384(8,193)
(9,192)1595751259(10,192)
(9,192)1508792559(9,193)
(10,192)1616296493(10,193)
(11,192)136099364(11,193)
(12,192)1(12,193)
(13,192)573648051(13,193)
(14,192)500966116(15,192)
(14,192)932467927(14,193)
(15,192)19056370(15,193)
(16,192)342437561(16,193)
(0,193)1230829262(1,193)
(0,193)1372435085(0,194)
(1,193)285867981(2,193)
(1,193)271017435(1,194)
(4,193)1068638588(5,193)
(5,193)58002913(6,193)
(5,193)1070690880(5,194)
(6,193)483372580(7,193)
(6,193)611144570(6,194)
(7,193)113028298(7,194)
(9,193)1421704910(9,194)
(11,193)191709432(11,194)
(12,193)1(12,194)
(13,193)1066062174(14,193)
(15,193)1212715195(16,193)
(16,193)347790057(16,194)
(1,194)1026903921(2,194)
(1,194)286368541(1,195)
(2,194)103348969(3,194)
(2,194)523169698(2,195)
(3,194)970296435(3,195)
(4,194)1028299349(5,194)
(5,194)55469208(5,195)
(6,194)1141327647(6,195)
(7,194)702623556(8,194)
(8,194)1180480419(9,194)
(9,194)1274030542(10,194)
(9,194)400018830(9,195)
(12,194)1(13,194)
(13,194)1(14,194)
(13,194)1033693701(13,195)
(14,194)1(15,194)
(14,194)18721213(14,195)
(15,194)1(15,195)
(0,195)577658656(1,195)
(0,195)1342180022(0,196)
(3,195)428770793(4,195)
(3,195)472085193(3,196)
(5,195)1570098440(5,196)
(6,195)125238348(7,195)
(7,195)517104666(8,195)
(8,195)525257179(8,196)
(10,195)935224461(11,195)
(11,195)192343457(12,195)
(11,195)1571881750(11,196)
(12,195)132419526(13,195)
(13,195)211064670(13,196)
(14,195)1188231007(14,196)
(15,195)1(16,195)
(16,195)1(16,196)
(1,196)908581775(2,196)
(2,196)168720299(3,196)
(2,196)153057917(2,197)
(3,196)135071892(4,196)
(3,196)381570097(3,197)
(6,196)331884528(6,197)
(7,196)74879906(8,196)
(7,196)241830619(7,197)
(8,196)222651740(9,196)
(9,196)665836137(10,196)
(11,196)487270651(11,197)
(12,196)407630413(13,196)
(13,196)967700375(13,197)
(15,196)14223832(15,197)
(16,196)1(16,197)
(0,197)30175740(1,197)
(1,197)1184658398(1,198)
(2,197)411745837(2,198)
(3,197)127181881(4,197)
(4,197)791426429(4,198)
(5,197)780227235(6,197)
(5,197)459066409(5,198)
(6,197)533946315(7,197)
(7,197)510838911(7,198)
(8,197)1176675048(9,197)
(8,197)43464552(8,198)
(10,197)1269287387(11,197)
(12,197)89504114(12,198)
(14,197)971185029(15,197)
(14,197)1494705860(14,198)
(15,197)324248702(15,198)
(16,197)1(16,198)
(0,198)1171772837(1,198)
(1,198)681153742(2,198)
(1,198)1413106606(1,199)
(2,198)1540288487(3,198)
(2,198)686001567(2,199)
(3,198)1472580172(3,199)
(4,198)105323759(5,198)
(5,198)385817564(6,198)
(6,198)616162671(6,199)
(7,198)429282116(7,199)
(8,198)174608362(9,198)
(8,198)574539074(8,199)
(10,198)1233392235(11,198)
(11,198)1313342999(12,198)
(12,198)935499651(12,199)
(13,198)660565211(13,199)
(15,198)1(16,198)
(15,198)1(15,199)
(0,199)26184759(1,199)
(4,199)917901219(5,199)
(5,199)1536538904(6,199)
(7,199)1023224978(8,199)
(8,199)925975431(9,199)
(10,199)1639387649(11,199)
(11,199)10696486(12,199)
(12,199)85960529(13,199)
(13,199)1284741721(14,199)
(14,199)585235561(15,199)
(15,199)1(16,199)
