10 50
(0,0)1069916450(0,1)
(1,0)958526666(1,1)
(2,0)755727079(2,1)
(3,0)895715987(4,0)
(4,0)268909458(4,1)
(5,0)165146947(5,1)
(6,0)344708285(7,0)
(6,0)942011135(6,1)
(7,0)1122010363(8,0)
(8,0)1434114427(9,0)
(8,0)323589893(8,1)
(9,0)122091341(9,1)
(0,1)774891812(1,1)
(0,1)925809784(0,2)
(2,1)1107838956(2,2)
(3,1)687901671(4,1)
(3,1)413169017(3,2)
(4,1)709298461(5,1)
(5,1)665218367(6,1)
(5,1)1115129320(5,2)
(6,1)967131255(7,1)
(9,1)393630999(9,2)
(0,2)471090674(0,3)
(1,2)636237621(2,2)
(2,2)640762521(3,2)
(3,2)551074635(4,2)
(3,2)980945906(3,3)
(6,2)612597227(7,2)
(6,2)82861936(6,3)
(8,2)936651047(9,2)
(0,3)813344416(1,3)
(0,3)260854206(0,4)
(1,3)628534407(1,4)
(2,3)260265671(3,3)
(3,3)954824170(4,3)
(3,3)195631134(3,4)
(5,3)260331657(5,4)
(6,3)242096495(6,4)
(7,3)878334116(8,3)
(8,3)193839643(9,3)
(8,3)1494239104(8,4)
(1,4)1016332174(1,5)
(2,4)1099194110(3,4)
(3,4)348132733(3,5)
(4,4)605261038(4,5)
(5,4)11073519(5,5)
(6,4)824417935(7,4)
(6,4)181939475(6,5)
(8,4)1413297063(9,4)
(8,4)155497071(8,5)
(0,5)873991801(1,5)
(0,5)1110321241(0,6)
(2,5)728317538(2,6)
(3,5)281394660(4,5)
(4,5)552156957(5,5)
(4,5)497506920(4,6)
(5,5)209303294(6,5)
(5,5)475234304(5,6)
(6,5)284363183(7,5)
(6,5)449987049(6,6)
(7,5)185522555(8,5)
(8,5)177345930(9,5)
(9,5)533655289(9,6)
(0,6)782606969(1,6)
(0,6)1052778759(0,7)
(1,6)1063852278(2,6)
(1,6)454740558(1,7)
(2,6)636680033(3,6)
(3,6)312651697(4,6)
(4,6)47119387(4,7)
(6,6)452456913(7,6)
(7,6)229774129(8,6)
(7,6)1177749832(7,7)
(8,6)1180774451(8,7)
(9,6)1435175630(9,7)
(2,7)289835988(3,7)
(3,7)581884671(4,7)
(3,7)74282951(3,8)
(4,7)475358543(4,8)
(5,7)759230602(5,8)
(6,7)957934351(6,8)
(8,7)701457876(8,8)
(0,8)70163(1,8)
(1,8)592574686(2,8)
(2,8)517978064(3,8)
(4,8)78322403(5,8)
(4,8)747752193(4,9)
(5,8)35444175(6,8)
(6,8)774878416(7,8)
(8,8)165129102(9,8)
(8,8)131127619(8,9)
(9,8)1404694235(9,9)
(0,9)640487646(1,9)
(0,9)713012291(0,10)
(2,9)120300529(3,9)
(3,9)965772221(4,9)
(3,9)866596816(3,10)
(5,9)918722997(5,10)
(6,9)918793160(7,9)
(6,9)434680618(6,10)
(7,9)1027255305(8,9)
(8,9)572053199(8,10)
(0,10)1(1,10)
(0,10)1403063071(0,11)
(1,10)1(1,11)
(2,10)422240676(2,11)
(3,10)297533791(4,10)
(4,10)726544811(4,11)
(5,10)462662893(5,11)
(6,10)1103150539(7,10)
(6,10)355046610(6,11)
(8,10)605168370(8,11)
(9,10)546402671(9,11)
(1,11)1(2,11)
(2,11)1(3,11)
(2,11)1018202324(2,12)
(3,11)139268567(4,11)
(3,11)1(3,12)
(5,11)1353712896(6,11)
(6,11)165109376(7,11)
(6,11)1088605723(6,12)
(8,11)752972084(9,11)
(8,11)587350052(8,12)
(9,11)1483024353(9,12)
(0,12)884883843(0,13)
(1,12)1125058672(1,13)
(3,12)609393871(4,12)
(3,12)1(3,13)
(4,12)908381998(5,12)
(6,12)331838941(6,13)
(7,12)674018881(8,12)
(8,12)155043919(8,13)
(0,13)1356367849(1,13)
(0,13)294312487(0,14)
(1,13)72625362(2,13)
(2,13)561656709(3,13)
(3,13)1(3,14)
(4,13)825084790(5,13)
(4,13)386290715(4,14)
(5,13)524924090(5,14)
(7,13)910031723(8,13)
(7,13)846890093(7,14)
(8,13)179511727(9,13)
(0,14)1339422865(1,14)
(2,14)1(3,14)
(2,14)1(2,15)
(3,14)424056901(4,14)
(5,14)767509859(6,14)
(5,14)351515111(5,15)
(7,14)240560845(7,15)
(8,14)802217554(9,14)
(8,14)122996409(8,15)
(0,15)1188508269(1,15)
(1,15)1(2,15)
(1,15)1(1,16)
(3,15)276829843(3,16)
(4,15)852115435(4,16)
(6,15)1128680727(7,15)
(7,15)1037155165(8,15)
(8,15)198003484(9,15)
(0,16)303507006(0,17)
(1,16)655022117(2,16)
(1,16)1(1,17)
(2,16)173431428(3,16)
(3,16)38592065(4,16)
(3,16)215421430(3,17)
(4,16)338417839(5,16)
(6,16)233366254(6,17)
(7,16)653238759(8,16)
(8,16)792173930(8,17)
(9,16)930068602(9,17)
(0,17)218522436(1,17)
(0,17)401920064(0,18)
(1,17)1(2,17)
(1,17)379644430(1,18)
(2,17)1(2,18)
(3,17)28420416(4,17)
(4,17)648515279(4,18)
(5,17)480467874(6,17)
(5,17)226423901(5,18)
(7,17)10354233(8,17)
(8,17)1202460131(8,18)
(9,17)225775663(9,18)
(1,18)564193503(1,19)
(2,18)797559757(3,18)
(2,18)1(2,19)
(4,18)608386338(5,18)
(5,18)233383471(6,18)
(6,18)1010306403(6,19)
(7,18)613027901(7,19)
(8,18)224388015(9,18)
(9,18)373859335(9,19)
(0,19)872903294(1,19)
(0,19)1439668448(0,20)
(1,19)1573168093(1,20)
(2,19)1(3,19)
(3,19)615632986(4,19)
(3,19)1(3,20)
(5,19)51326232(5,20)
(6,19)1124713752(7,19)
(6,19)1219066291(6,20)
(8,19)378899718(9,19)
(9,19)969656867(9,20)
(0,20)785261204(0,21)
(2,20)440865961(3,20)
(3,20)528625960(4,20)
(3,20)1(3,21)
(4,20)232716415(5,20)
(5,20)753013975(5,21)
(7,20)1190993564(8,20)
(8,20)222910631(9,20)
(8,20)831804789(8,21)
(0,21)1161765074(1,21)
(2,21)178911532(2,22)
(3,21)1(3,22)
(4,21)169588724(4,22)
(5,21)139151211(5,22)
(6,21)356597502(6,22)
(7,21)50701078(8,21)
(7,21)569805150(7,22)
(8,21)1010671111(9,21)
(9,21)1019653110(9,22)
(0,22)505537753(1,22)
(0,22)265589818(0,23)
(1,22)1018603794(2,22)
(2,22)374263731(2,23)
(3,22)1(3,23)
(4,22)1328842205(5,22)
(6,22)628796332(6,23)
(8,22)895517721(9,22)
(9,22)456070803(9,23)
(0,23)1065106446(1,23)
(0,23)992512884(0,24)
(1,23)27407101(1,24)
(2,23)384004603(3,23)
(2,23)56868390(2,24)
(3,23)1(4,23)
(4,23)689993752(5,23)
(4,23)1(4,24)
(6,23)955583571(6,24)
(7,23)559244668(7,24)
(8,23)369662487(8,24)
(9,23)323741132(9,24)
(0,24)38336641(0,25)
(2,24)133896022(3,24)
(2,24)944624252(2,25)
(4,24)1(5,24)
(4,24)113972714(4,25)
(5,24)1(6,24)
(6,24)1(7,24)
(7,24)1(8,24)
(7,24)597450618(7,25)
(8,24)981455221(9,24)
(8,24)1(8,25)
(1,25)663057513(2,25)
(2,25)495865929(3,25)
(2,25)723036045(2,26)
(3,25)658456269(3,26)
(4,25)1028118757(5,25)
(4,25)322569646(4,26)
(5,25)646310779(6,25)
(5,25)471312475(5,26)
(7,25)151410468(7,26)
(8,25)285306490(9,25)
(8,25)1(8,26)
(0,26)399279204(1,26)
(1,26)526811341(2,26)
(2,26)969322722(2,27)
(4,26)1005517760(4,27)
(5,26)400744914(5,27)
(6,26)588701753(6,27)
(8,26)1(8,27)
(9,26)1910215536(9,27)
(0,27)214524301(1,27)
(1,27)790850645(1,28)
(2,27)860835080(2,28)
(3,27)1012245548(4,27)
(4,27)706199219(4,28)
(5,27)538363680(6,27)
(6,27)1007705004(6,28)
(7,27)438577169(7,28)
(8,27)1399352570(9,27)
(8,27)1(8,28)
(9,27)403498619(9,28)
(0,28)257386682(1,28)
(1,28)338704924(2,28)
(2,28)113193049(2,29)
(3,28)8127092(3,29)
(4,28)400585306(5,28)
(7,28)65563768(7,29)
(8,28)1(8,29)
(0,29)481585382(1,29)
(0,29)1488841358(0,30)
(1,29)638909749(2,29)
(2,29)319247793(3,29)
(2,29)1019949062(2,30)
(3,29)188257344(3,30)
(4,29)706927662(5,29)
(5,29)109779111(6,29)
(6,29)967781835(7,29)
(6,29)644887672(6,30)
(7,29)983592596(8,29)
(8,29)1(9,29)
(9,29)1(9,30)
(0,30)590256658(0,31)
(1,30)1392304995(1,31)
(4,30)83849626(5,30)
(5,30)652654915(6,30)
(7,30)64117085(8,30)
(8,30)1(9,30)
(8,30)1(8,31)
(9,30)252374429(9,31)
(1,31)487105059(2,31)
(1,31)959302091(1,32)
(2,31)99505100(2,32)
(3,31)28288074(4,31)
(4,31)1(5,31)
(4,31)1(4,32)
(5,31)1(5,32)
(6,31)1(7,31)
(6,31)1(6,32)
(7,31)1(8,31)
(7,31)676839747(7,32)
(9,31)577381693(9,32)
(0,32)1096055604(1,32)
(0,32)672659803(0,33)
(1,32)661231319(1,33)
(2,32)86438655(3,32)
(4,32)1(4,33)
(5,32)1(6,32)
(8,32)818938377(9,32)
(1,33)331165903(2,33)
(2,33)1(3,33)
(2,33)1(2,34)
(3,33)1(4,33)
(5,33)1070113268(5,34)
(6,33)18685224(7,33)
(7,33)190294319(8,33)
(7,33)547666644(7,34)
(8,33)634105300(9,33)
(0,34)784661040(1,34)
(1,34)968467180(1,35)
(2,34)1(3,34)
(3,34)1(4,34)
(4,34)958387621(5,34)
(4,34)1(4,35)
(6,34)333031641(7,34)
(7,34)880003330(7,35)
(8,34)1366412732(9,34)
(8,34)876803482(8,35)
(0,35)675466364(1,35)
(1,35)1020044689(2,35)
(2,35)87214978(3,35)
(2,35)561901689(2,36)
(4,35)658642009(5,35)
(4,35)1(4,36)
(6,35)380851026(7,35)
(7,35)1025669074(8,35)
(7,35)518781742(7,36)
(8,35)812137096(9,35)
(0,36)917485685(1,36)
(1,36)856859504(1,37)
(2,36)142230754(2,37)
(3,36)1022234084(4,36)
(4,36)1(5,36)
(5,36)1(6,36)
(5,36)241163169(5,37)
(6,36)1(6,37)
(7,36)1076904200(8,36)
(7,36)76680329(7,37)
(8,36)163895308(9,36)
(0,37)441404606(1,37)
(0,37)440615907(0,38)
(1,37)36805893(2,37)
(1,37)626792474(1,38)
(2,37)470771155(3,37)
(3,37)510500910(4,37)
(3,37)417656919(3,38)
(6,37)1(7,37)
(7,37)1(7,38)
(8,37)1885924331(9,37)
(8,37)234870798(8,38)
(0,38)1257104882(0,39)
(1,38)43543229(1,39)
(2,38)100402740(3,38)
(3,38)267413936(3,39)
(4,38)1177306940(4,39)
(5,38)1145457405(6,38)
(6,38)39077418(6,39)
(7,38)1(8,38)
(8,38)1(9,38)
(9,38)1(9,39)
(0,39)208219823(0,40)
(1,39)332155737(1,40)
(2,39)839406080(2,40)
(4,39)700560191(4,40)
(5,39)637175331(6,39)
(5,39)682134731(5,40)
(7,39)1(8,39)
(7,39)1(7,40)
(8,39)1(9,39)
(8,39)334690395(8,40)
(9,39)586188245(9,40)
(0,40)1582873874(0,41)
(1,40)847469013(2,40)
(1,40)184649756(1,41)
(2,40)223727174(3,40)
(3,40)581168230(4,40)
(3,40)553468758(3,41)
(4,40)1(5,40)
(4,40)1(4,41)
(5,40)1(6,40)
(5,40)676705617(5,41)
(6,40)1(7,40)
(6,40)459407494(6,41)
(1,41)438950797(2,41)
(2,41)309627984(2,42)
(4,41)1(4,42)
(7,41)219687676(8,41)
(8,41)391330790(8,42)
(9,41)773156434(9,42)
(0,42)972499020(0,43)
(1,42)1024344105(1,43)
(2,42)256287865(2,43)
(3,42)1381594318(4,42)
(4,42)1(5,42)
(5,42)1(6,42)
(5,42)353486780(5,43)
(6,42)1(7,42)
(6,42)340342306(6,43)
(7,42)1(8,42)
(8,42)1(8,43)
(9,42)381431146(9,43)
(0,43)1325913963(0,44)
(1,43)318259583(1,44)
(2,43)891759449(2,44)
(3,43)384826953(3,44)
(4,43)776157743(5,43)
(6,43)605706405(7,43)
(8,43)1(8,44)
(9,43)873298329(9,44)
(0,44)222984042(1,44)
(0,44)96104940(0,45)
(1,44)449591720(2,44)
(2,44)868313217(2,45)
(3,44)543323316(4,44)
(3,44)475531153(3,45)
(4,44)811098571(5,44)
(4,44)428976332(4,45)
(5,44)810407478(6,44)
(5,44)216004244(5,45)
(6,44)205130310(7,44)
(7,44)939427047(8,44)
(7,44)1128667061(7,45)
(8,44)819145308(9,44)
(8,44)1(8,45)
(0,45)729311232(1,45)
(0,45)928448701(0,46)
(3,45)529240712(3,46)
(4,45)804478964(4,46)
(6,45)92251214(7,45)
(7,45)987118215(7,46)
(8,45)1(9,45)
(9,45)1(9,46)
(0,46)1065777776(1,46)
(1,46)1076077720(1,47)
(2,46)1065606606(3,46)
(4,46)874428415(5,46)
(6,46)258341560(7,46)
(8,46)688833313(9,46)
(9,46)1(9,47)
(0,47)1493312277(1,47)
(0,47)496307907(0,48)
(1,47)365575080(2,47)
(2,47)839259747(3,47)
(3,47)457826294(3,48)
(4,47)628707743(4,48)
(5,47)500041934(5,48)
(6,47)774794827(6,48)
(7,47)347203172(8,47)
(8,47)887887571(9,47)
(9,47)1(9,48)
(0,48)745437577(1,48)
(0,48)4406336(0,49)
(1,48)999170243(1,49)
(2,48)654563711(3,48)
(3,48)914490038(4,48)
(4,48)233491487(4,49)
(5,48)341659976(6,48)
(5,48)1603323351(5,49)
(6,48)949151980(7,48)
(7,48)177152713(8,48)
(8,48)532839546(9,48)
(9,48)1(9,49)
(1,49)1161547289(2,49)
(3,49)188556680(4,49)
(5,49)680680913(6,49)
(6,49)1754376391(7,49)
(8,49)1027884085(9,49)
