30 30
(0,0)1999485583(1,0)
(0,0)1069916450(0,1)
(1,0)1716181451(2,0)
(1,0)958526666(1,1)
(2,0)1976729749(3,0)
(2,0)755727079(2,1)
(3,0)895715987(4,0)
(3,0)1193201932(3,1)
(4,0)1452604034(5,0)
(4,0)268909458(4,1)
(5,0)2085073557(6,0)
(5,0)165146947(5,1)
(6,0)344708285(7,0)
(6,0)942011135(6,1)
(7,0)1122010363(8,0)
(7,0)1039067781(7,1)
(8,0)1434114427(9,0)
(8,0)323589893(8,1)
(9,0)925809784(10,0)
(9,0)122091341(9,1)
(10,0)1938016086(11,0)
(10,0)774891812(10,1)
(11,0)1107838956(12,0)
(11,0)1570688640(11,1)
(12,0)413169017(13,0)
(12,0)1408738032(12,1)
(13,0)2024177017(14,0)
(13,0)687901671(13,1)
(14,0)1115129320(15,0)
(14,0)709298461(14,1)
(15,0)1779214911(16,0)
(15,0)665218367(15,1)
(16,0)1623745034(17,0)
(16,0)967131255(16,1)
(17,0)1722858335(18,0)
(17,0)1347912715(17,1)
(18,0)393630999(19,0)
(18,0)1452991135(18,1)
(19,0)1721900593(20,0)
(19,0)471090674(19,1)
(20,0)636237621(21,0)
(20,0)1846235033(20,1)
(21,0)640762521(22,0)
(21,0)1659490502(21,1)
(22,0)551074635(23,0)
(22,0)980945906(22,1)
(23,0)1304535799(24,0)
(23,0)1762772884(23,1)
(24,0)1884864225(25,0)
(24,0)1985189062(24,1)
(25,0)612597227(26,0)
(25,0)82861936(25,1)
(26,0)1653550576(27,0)
(26,0)1675396663(26,1)
(27,0)936651047(28,0)
(27,0)1720436183(27,1)
(28,0)260854206(29,0)
(28,0)2066719594(28,1)
(29,0)813344416(29,1)
(0,1)1375983526(1,1)
(0,1)628534407(0,2)
(1,1)260265671(2,1)
(1,1)1478562784(1,2)
(2,1)954824170(3,1)
(2,1)195631134(2,2)
(3,1)1918489469(4,1)
(3,1)1608178386(3,2)
(4,1)2001809385(5,1)
(4,1)260331657(4,2)
(5,1)1982232250(6,1)
(5,1)242096495(5,2)
(6,1)878334116(7,1)
(6,1)1700560770(6,2)
(7,1)193839643(8,1)
(7,1)1494239104(7,2)
(8,1)2045313740(9,1)
(8,1)1859280022(8,2)
(9,1)1016332174(10,1)
(9,1)1956612527(9,2)
(10,1)1693993104(11,1)
(10,1)1883019154(10,2)
(11,1)348132733(12,1)
(11,1)1099194110(11,2)
(12,1)605261038(13,1)
(12,1)1221906119(12,2)
(13,1)11073519(14,1)
(13,1)2068568917(13,2)
(14,1)181939475(15,1)
(14,1)524496984(14,2)
(15,1)1153031392(16,1)
(15,1)824417935(15,2)
(16,1)155497071(17,1)
(16,1)1557923002(16,2)
(17,1)1753554136(18,1)
(17,1)1413297063(17,2)
(18,1)873991801(19,1)
(18,1)1110321241(18,2)
(19,1)1370652898(20,1)
(19,1)1524559957(19,2)
(20,1)1766656452(21,1)
(20,1)728317538(20,2)
(21,1)281394660(22,1)
(21,1)1205401500(21,2)
(22,1)552156957(23,1)
(22,1)497506920(22,2)
(23,1)209303294(24,1)
(23,1)475234304(23,2)
(24,1)284363183(25,1)
(24,1)449987049(24,2)
(25,1)185522555(26,1)
(25,1)1225635468(25,2)
(26,1)177345930(27,1)
(26,1)1978356288(26,2)
(27,1)1052778759(28,1)
(27,1)533655289(27,2)
(28,1)454740558(29,1)
(28,1)782606969(28,2)
(29,1)1063852278(29,2)
(0,2)636680033(1,2)
(0,2)1307103953(0,3)
(1,2)312651697(2,2)
(1,2)1888270214(1,3)
(2,2)2043767285(3,2)
(2,2)47119387(2,3)
(3,2)1800673523(4,2)
(3,2)1725948760(3,3)
(4,2)452456913(5,2)
(4,2)1006604879(4,3)
(5,2)229774129(6,2)
(5,2)1177749832(5,3)
(6,2)796922636(7,2)
(6,2)1180774451(6,3)
(7,2)1462169112(8,2)
(7,2)1435175630(7,3)
(8,2)1987332587(9,2)
(8,2)1294429556(8,3)
(9,2)1503732851(10,2)
(9,2)1937403416(9,3)
(10,2)74282951(11,2)
(10,2)289835988(10,3)
(11,2)475358543(12,2)
(11,2)581884671(11,3)
(12,2)759230602(13,2)
(12,2)2052639239(12,3)
(13,2)957934351(14,2)
(13,2)1009013832(13,3)
(14,2)1463754390(15,2)
(14,2)1541837571(14,3)
(15,2)701457876(16,2)
(15,2)2021786629(15,3)
(16,2)1762573195(17,2)
(16,2)2100434424(16,3)
(17,2)70163(18,2)
(17,2)1014109574(17,3)
(18,2)592574686(19,2)
(18,2)1658856833(18,3)
(19,2)517978064(20,2)
(19,2)1800743687(19,3)
(20,2)831009871(21,2)
(20,2)1045031600(20,3)
(21,2)78322403(22,2)
(21,2)747752193(21,3)
(22,2)35444175(23,2)
(22,2)1627932508(22,3)
(23,2)774878416(24,2)
(23,2)1540491515(23,3)
(24,2)1330411283(25,2)
(24,2)2022776762(24,3)
(25,2)165129102(26,2)
(25,2)131127619(25,3)
(26,2)713012291(27,2)
(26,2)1404694235(26,3)
(27,2)1309849826(28,2)
(27,2)640487646(27,3)
(28,2)1649501478(29,2)
(28,2)1472242893(28,3)
(29,2)120300529(29,3)
(0,3)965772221(1,3)
(0,3)866596816(0,4)
(1,3)1568054692(2,3)
(1,3)2142087159(1,4)
(2,3)1757176706(3,3)
(2,3)918722997(2,4)
(3,3)918793160(4,3)
(3,3)434680618(3,4)
(4,3)1027255305(5,3)
(4,3)1268549891(4,4)
(5,3)1786527955(6,3)
(5,3)572053199(5,4)
(6,3)1403063071(7,3)
(6,3)2072286905(6,4)
(7,3)3125660(8,3)
(7,3)386796501(7,4)
(8,3)422240676(9,3)
(8,3)883511931(8,4)
(9,3)1658390347(10,3)
(9,3)1543617176(9,4)
(10,3)726544811(11,3)
(10,3)297533791(10,4)
(11,3)462662893(12,3)
(11,3)1789517967(11,4)
(12,3)355046610(13,3)
(12,3)2131239046(12,4)
(13,3)1293605225(14,3)
(13,3)1103150539(13,4)
(14,3)605168370(15,3)
(14,3)1827289503(14,4)
(15,3)546402671(16,3)
(15,3)1413905754(15,4)
(16,3)1408509265(17,3)
(16,3)1570940591(16,4)
(17,3)342179940(18,3)
(17,3)2114457363(17,4)
(18,3)401654334(19,3)
(18,3)1018202324(18,4)
(19,3)139268567(20,3)
(19,3)1260973100(19,4)
(20,3)1833026300(21,3)
(20,3)1428909639(20,4)
(21,3)1353712896(22,3)
(21,3)1925796523(21,4)
(22,3)165109376(23,3)
(22,3)1088605723(22,4)
(23,3)1972117654(24,3)
(23,3)1356838556(23,4)
(24,3)752972084(25,3)
(24,3)587350052(24,4)
(25,3)884883843(26,3)
(25,3)1483024353(25,4)
(26,3)1125058672(27,3)
(26,3)1479516896(26,4)
(27,3)1463272294(28,3)
(27,3)1347546737(27,4)
(28,3)303213628(29,3)
(28,3)1480105282(28,4)
(29,3)609393871(29,4)
(0,4)908381998(1,4)
(0,4)1159911137(0,5)
(1,4)1706313808(2,4)
(1,4)2023299626(1,5)
(2,4)1284325243(3,4)
(2,4)331838941(2,5)
(3,4)674018881(4,4)
(3,4)1673287524(3,5)
(4,4)2074941858(5,4)
(4,4)155043919(4,5)
(5,4)294312487(6,4)
(5,4)1934991982(5,5)
(6,4)1620534634(7,4)
(6,4)1356367849(6,5)
(7,4)562597097(8,4)
(7,4)72625362(7,5)
(8,4)237734738(9,4)
(8,4)561656709(8,5)
(9,4)386290715(10,4)
(9,4)1919435653(9,5)
(10,4)524924090(11,4)
(10,4)825084790(10,5)
(11,4)1709968634(12,4)
(11,4)1869315068(11,5)
(12,4)846890093(13,4)
(12,4)2004440986(12,5)
(13,4)1320229632(14,4)
(13,4)910031723(13,5)
(14,4)1213245351(15,4)
(14,4)179511727(14,5)
(15,4)1339422865(16,4)
(15,4)1929623504(15,5)
(16,4)1805439482(17,4)
(16,4)2121627350(16,5)
(17,4)305982643(18,4)
(17,4)898253025(17,5)
(18,4)424056901(19,4)
(18,4)942281077(18,5)
(19,4)1097324997(20,4)
(19,4)980001525(19,5)
(20,4)767509859(21,4)
(20,4)351515111(20,5)
(21,4)1707882960(22,4)
(21,4)1391637484(21,5)
(22,4)1464262846(23,4)
(22,4)240560845(22,5)
(23,4)802217554(24,4)
(23,4)122996409(23,5)
(24,4)2042432063(25,4)
(24,4)1701997584(24,5)
(25,4)379598726(26,4)
(25,4)1188508269(25,5)
(26,4)910339689(27,4)
(26,4)419872505(26,5)
(27,4)276829843(28,4)
(27,4)2089567360(27,5)
(28,4)852115435(29,4)
(28,4)1757229782(28,5)
(29,4)1597059475(29,5)
(0,5)2065360787(1,5)
(0,5)1936741510(0,6)
(1,5)1128680727(2,5)
(1,5)1379199331(1,6)
(2,5)1037155165(3,5)
(2,5)2039504489(2,6)
(3,5)198003484(4,5)
(3,5)2026933752(3,6)
(4,5)303507006(5,5)
(4,5)1979436243(4,6)
(5,5)929277592(6,5)
(5,5)1178005009(5,6)
(6,5)1945514868(7,5)
(6,5)655022117(6,6)
(7,5)215421430(8,5)
(7,5)173431428(7,6)
(8,5)1637694274(9,5)
(8,5)38592065(8,6)
(9,5)840809619(10,5)
(9,5)338417839(9,6)
(10,5)233366254(11,5)
(10,5)1192208210(10,6)
(11,5)1571806936(12,5)
(11,5)2029317888(11,6)
(12,5)792173930(13,5)
(12,5)653238759(12,6)
(13,5)930068602(14,5)
(13,5)1513890649(13,6)
(14,5)218522436(15,5)
(14,5)401920064(14,6)
(15,5)191177926(16,5)
(15,5)379644430(15,6)
(16,5)1758843761(17,5)
(16,5)136399575(16,6)
(17,5)28420416(18,5)
(17,5)1319858653(17,6)
(18,5)1199308758(19,5)
(18,5)648515279(18,6)
(19,5)480467874(20,5)
(19,5)226423901(19,6)
(20,5)1404428910(21,5)
(20,5)1502815764(20,6)
(21,5)10354233(22,5)
(21,5)1409745466(21,6)
(22,5)1583176894(23,5)
(22,5)1202460131(22,6)
(23,5)1241052196(24,5)
(23,5)225775663(23,6)
(24,5)564193503(25,5)
(24,5)1073387520(24,6)
(25,5)118112082(26,5)
(25,5)2081861816(25,6)
(26,5)1963696056(27,5)
(26,5)797559757(26,6)
(27,5)1450798517(28,5)
(27,5)1689919018(27,6)
(28,5)1056326019(29,5)
(28,5)608386338(28,6)
(29,5)233383471(29,6)
(0,6)1274848456(1,6)
(0,6)1010306403(0,7)
(1,6)1201484329(2,6)
(1,6)613027901(1,7)
(2,6)224388015(3,6)
(2,6)1411248031(2,7)
(3,6)1439668448(4,6)
(3,6)373859335(3,7)
(4,6)1573168093(5,6)
(4,6)872903294(4,7)
(5,6)1353371168(6,6)
(5,6)1666092349(5,7)
(6,6)923037611(7,6)
(6,6)928500209(6,7)
(7,6)938854442(8,6)
(7,6)615632986(7,7)
(8,6)51326232(9,6)
(8,6)2125497742(8,7)
(9,6)1219066291(10,6)
(9,6)1164630106(9,7)
(10,6)1728823609(11,6)
(10,6)1124713752(10,7)
(11,6)1242825834(12,6)
(11,6)1153444459(11,7)
(12,6)969656867(13,6)
(12,6)378899718(12,7)
(13,6)1829698235(14,6)
(13,6)785261204(13,7)
(14,6)1841587224(15,6)
(14,6)1578043206(14,7)
(15,6)440865961(16,6)
(15,6)2063081707(15,7)
(16,6)528625960(17,6)
(16,6)968952032(16,7)
(17,6)232716415(18,6)
(17,6)1642350290(17,7)
(18,6)2016209625(19,6)
(18,6)753013975(18,7)
(19,6)1625917269(20,6)
(19,6)1672384863(19,7)
(20,6)1190993564(21,6)
(20,6)1441894070(20,7)
(21,6)222910631(22,6)
(21,6)831804789(21,7)
(22,6)1447437775(23,6)
(22,6)2114031176(22,7)
(23,6)2092045270(24,6)
(23,6)1161765074(23,7)
(24,6)178911532(25,6)
(24,6)1498764007(24,7)
(25,6)475994111(26,6)
(25,6)1163627913(25,7)
(26,6)169588724(27,6)
(26,6)1907735141(26,7)
(27,6)139151211(28,6)
(27,6)1718819945(27,7)
(28,6)356597502(29,6)
(28,6)1139245592(28,7)
(29,6)1968849447(29,7)
(0,7)50701078(1,7)
(0,7)569805150(0,8)
(1,7)1010671111(2,7)
(1,7)1884447506(1,8)
(2,7)265589818(3,7)
(2,7)1019653110(2,8)
(3,7)1252369525(4,7)
(3,7)505537753(3,8)
(4,7)374263731(5,7)
(4,7)1018603794(4,8)
(5,7)497037415(6,7)
(5,7)777270741(5,8)
(6,7)1968264305(7,7)
(6,7)1816157801(6,8)
(7,7)2039068433(8,7)
(7,7)1328842205(7,8)
(8,7)628796332(9,7)
(8,7)1934811833(8,8)
(9,7)1879373456(10,7)
(9,7)1053349859(9,8)
(10,7)1232261391(11,7)
(10,7)2127560340(10,8)
(11,7)456070803(12,7)
(11,7)895517721(11,8)
(12,7)1065106446(13,7)
(12,7)992512884(12,8)
(13,7)1131664095(14,7)
(13,7)27407101(13,8)
(14,7)384004603(15,7)
(14,7)56868390(14,8)
(15,7)626673540(16,7)
(15,7)953029894(15,8)
(16,7)689993752(17,7)
(16,7)434705681(16,8)
(17,7)1454358791(18,7)
(17,7)1637344651(17,8)
(18,7)2142882404(19,7)
(18,7)955583571(18,8)
(19,7)1974187365(20,7)
(19,7)559244668(19,8)
(20,7)1336515409(21,7)
(20,7)369662487(20,8)
(21,7)38336641(22,7)
(21,7)323741132(21,8)
(22,7)1652583337(23,7)
(22,7)1157296067(22,8)
(23,7)944624252(24,7)
(23,7)2077405074(23,8)
(24,7)983271285(25,7)
(24,7)133896022(24,8)
(25,7)113972714(26,7)
(25,7)676514060(25,8)
(26,7)1572031782(27,7)
(26,7)68049028(26,8)
(27,7)1060561912(28,7)
(27,7)570043517(27,8)
(28,7)597450618(29,7)
(28,7)489654580(28,8)
(29,7)44742359(29,8)
(0,8)981455221(1,8)
(0,8)546522970(0,9)
(1,8)1173196510(2,8)
(1,8)997772254(1,9)
(2,8)1687766006(3,8)
(2,8)1416160902(2,9)
(3,8)723036045(4,8)
(3,8)663057513(3,9)
(4,8)658456269(5,8)
(4,8)495865929(4,9)
(5,8)322569646(6,8)
(5,8)1282280714(5,9)
(6,8)471312475(7,8)
(6,8)1028118757(6,9)
(7,8)1066455398(8,8)
(7,8)646310779(7,9)
(8,8)151410468(9,8)
(8,8)1628608542(8,9)
(9,8)425749147(10,8)
(9,8)996376824(9,9)
(10,8)1979648109(11,8)
(10,8)285306490(10,9)
(11,8)399279204(12,8)
(11,8)1102263207(11,9)
(12,8)526811341(13,8)
(12,8)2047697137(12,9)
(13,8)960775401(14,8)
(13,8)969322722(13,9)
(14,8)1566773340(15,8)
(14,8)1016465921(14,9)
(15,8)1562988891(16,8)
(15,8)1005517760(15,9)
(16,8)2003290014(17,8)
(16,8)400744914(16,9)
(17,8)1816905816(18,8)
(17,8)588701753(17,9)
(18,8)1251759266(19,8)
(18,8)1543572373(18,9)
(19,8)2039438302(20,8)
(19,8)392458214(19,9)
(20,8)1674738928(21,8)
(20,8)1910215536(20,9)
(21,8)790850645(22,8)
(21,8)214524301(21,9)
(22,8)860835080(23,8)
(22,8)2146051403(22,9)
(23,8)1627176298(24,8)
(23,8)1857306043(23,9)
(24,8)706199219(25,8)
(24,8)1012245548(24,9)
(25,8)1297552039(26,8)
(25,8)2052925445(25,9)
(26,8)1007705004(27,8)
(26,8)538363680(26,9)
(27,8)438577169(28,8)
(27,8)1696831243(27,9)
(28,8)518670317(29,8)
(28,8)1534516346(28,9)
(29,8)1399352570(29,9)
(0,9)2085443658(1,9)
(0,9)403498619(0,10)
(1,9)1966487511(2,9)
(1,9)257386682(1,10)
(2,9)113193049(3,9)
(2,9)338704924(2,10)
(3,9)8127092(4,9)
(3,9)407705616(3,10)
(4,9)1659464883(5,9)
(4,9)1656765422(4,10)
(5,9)1548720076(6,9)
(5,9)400585306(5,10)
(6,9)2075324234(7,9)
(6,9)1422196771(6,10)
(7,9)65563768(8,9)
(7,9)1763244377(7,10)
(8,9)476595809(9,9)
(8,9)2073891990(8,10)
(9,9)1553584640(10,9)
(9,9)1922869811(9,10)
(10,9)481585382(11,9)
(10,9)1488841358(10,10)
(11,9)638909749(12,9)
(11,9)1459026437(11,10)
(12,9)319247793(13,9)
(12,9)1019949062(12,10)
(13,9)1458526231(14,9)
(13,9)188257344(13,10)
(14,9)706927662(15,9)
(14,9)1853764139(14,10)
(15,9)109779111(16,9)
(15,9)710395153(15,10)
(16,9)967781835(17,9)
(16,9)644887672(16,10)
(17,9)983592596(18,9)
(17,9)2076266622(17,10)
(18,9)336488590(19,9)
(18,9)1080974884(18,10)
(19,9)590256658(20,9)
(19,9)991719688(19,10)
(20,9)1392304995(21,9)
(20,9)1995953473(20,10)
(21,9)1270666596(22,9)
(21,9)2138976735(21,10)
(22,9)1754737464(23,9)
(22,9)1320145581(22,10)
(23,9)1246553923(24,9)
(23,9)1336230364(23,10)
(24,9)1111616527(25,9)
(24,9)83849626(24,10)
(25,9)1572690984(26,9)
(25,9)652654915(25,10)
(26,9)2111681352(27,9)
(26,9)1593201909(26,10)
(27,9)465667323(28,9)
(27,9)64117085(27,10)
(28,9)252374429(29,9)
(28,9)283445498(28,10)
(29,9)1924193554(29,10)
(0,10)959302091(1,10)
(0,10)2137209637(0,11)
(1,10)99505100(2,10)
(1,10)487105059(1,11)
(2,10)1454886895(3,10)
(2,10)1604189763(2,11)
(3,10)440298711(4,10)
(3,10)28288074(3,11)
(4,10)364776665(5,10)
(4,10)388378131(4,11)
(5,10)978634790(6,10)
(5,10)1432018400(5,11)
(6,10)676839747(7,10)
(6,10)213246490(6,11)
(7,10)1483913087(8,10)
(7,10)970127877(7,11)
(8,10)577381693(9,10)
(8,10)1996985328(8,11)
(9,10)1096055604(10,10)
(9,10)672659803(9,11)
(10,10)1784276331(11,10)
(10,10)661231319(10,11)
(11,10)86438655(12,10)
(11,10)1748710519(11,11)
(12,10)1712908224(13,10)
(12,10)1229994592(12,11)
(13,10)1695661916(14,10)
(13,10)150555740(13,11)
(14,10)402930170(15,10)
(14,10)1996353722(14,11)
(15,10)1986079711(16,10)
(15,10)1472371822(15,11)
(16,10)1959476882(17,10)
(16,10)1362232261(16,11)
(17,10)818938377(18,10)
(17,10)2085584812(17,11)
(18,10)2113872886(19,10)
(18,10)1266880129(18,11)
(19,10)1655258260(20,10)
(19,10)1259237088(19,11)
(20,10)543771840(21,10)
(20,10)331165903(20,11)
(21,10)544412394(22,10)
(21,10)486409402(21,11)
(22,10)1456537279(23,10)
(22,10)1220611587(22,11)
(23,10)1070113268(24,10)
(23,10)2028325481(23,11)
(24,10)553501636(25,10)
(24,10)2033918973(24,11)
(25,10)547666644(26,10)
(25,10)18685224(25,11)
(26,10)1767395743(27,10)
(26,10)190294319(26,11)
(27,10)1420288912(28,10)
(27,10)634105300(27,11)
(28,10)784661040(29,10)
(28,10)1332820319(28,11)
(29,10)968467180(29,11)
(0,11)1187591210(1,11)
(0,11)1181690393(0,12)
(1,11)1020286457(2,11)
(1,11)293355354(1,12)
(2,11)105348588(3,11)
(2,11)402339824(2,12)
(3,11)1221278201(4,11)
(3,11)958387621(3,12)
(4,11)924776859(5,11)
(4,11)1372228717(4,12)
(5,11)880003330(6,11)
(5,11)333031641(5,12)
(6,11)876803482(7,11)
(6,11)1255942763(6,12)
(7,11)1800355157(8,11)
(7,11)1366412732(7,12)
(8,11)675466364(9,11)
(8,11)2097415069(8,12)
(9,11)1020044689(10,11)
(9,11)1681196990(9,12)
(10,11)87214978(11,11)
(10,11)561901689(10,12)
(11,11)1109568333(12,11)
(11,11)1038729913(11,12)
(12,11)658642009(13,11)
(12,11)277509298(12,12)
(13,11)1697798210(14,11)
(13,11)1743673633(13,12)
(14,11)380851026(15,11)
(14,11)1991462328(14,12)
(15,11)1025669074(16,11)
(15,11)518781742(15,12)
(16,11)812137096(17,11)
(16,11)1568442236(16,12)
(17,11)1970782060(18,11)
(17,11)2045955531(17,12)
(18,11)856859504(19,11)
(18,11)917485685(18,12)
(19,11)142230754(20,11)
(19,11)1044576613(19,12)
(20,11)1377608255(21,11)
(20,11)1781636363(20,12)
(21,11)890095478(22,11)
(21,11)1022234084(21,12)
(22,11)241163169(23,11)
(22,11)106928089(22,12)
(23,11)56859510(24,11)
(23,11)542966987(23,12)
(24,11)76680329(25,11)
(24,11)916629533(24,12)
(25,11)1478531222(26,11)
(25,11)1076904200(25,12)
(26,11)2115634113(27,11)
(26,11)163895308(26,12)
(27,11)441404606(28,11)
(27,11)440615907(27,12)
(28,11)36805893(29,11)
(28,11)626792474(28,12)
(29,11)2139202816(29,12)
(0,12)417656919(1,12)
(0,12)470771155(0,13)
(1,12)1496440229(2,12)
(1,12)510500910(1,13)
(2,12)1322638006(3,12)
(2,12)1986099155(2,13)
(3,12)1809397568(4,12)
(3,12)1394912112(3,13)
(4,12)104287968(5,12)
(4,12)92640043(4,13)
(5,12)234870798(6,12)
(5,12)706490533(5,13)
(6,12)2084098788(7,12)
(6,12)1885924331(6,13)
(7,12)628536162(8,12)
(7,12)1257104882(7,13)
(8,12)1498268051(9,12)
(8,12)43543229(8,13)
(9,12)100402740(10,12)
(9,12)1171503149(9,13)
(10,12)1248183479(11,12)
(10,12)267413936(10,13)
(11,12)1745945158(12,12)
(11,12)1177306940(11,13)
(12,12)1145457405(13,12)
(12,12)1412078787(12,13)
(13,12)1853483393(14,12)
(13,12)39077418(13,13)
(14,12)75883311(15,12)
(14,12)1772249880(14,13)
(15,12)95537387(16,12)
(15,12)1845202561(15,13)
(16,12)208219823(17,12)
(16,12)493540230(16,13)
(17,12)332155737(18,12)
(17,12)1591977616(17,13)
(18,12)839406080(19,12)
(18,12)1530857829(18,13)
(19,12)1623497873(20,12)
(19,12)2141553305(19,13)
(20,12)700560191(21,12)
(20,12)943694048(20,13)
(21,12)682134731(22,12)
(21,12)1858368671(21,13)
(22,12)967989905(23,12)
(22,12)637175331(22,13)
(23,12)680718561(24,12)
(23,12)1310670893(23,13)
(24,12)334690395(25,12)
(24,12)318774309(24,13)
(25,12)586188245(26,12)
(25,12)781121301(25,13)
(26,12)1958428241(27,12)
(26,12)1582873874(26,13)
(27,12)847469013(28,12)
(27,12)184649756(27,13)
(28,12)223727174(29,12)
(28,12)956401998(28,13)
(29,12)553468758(29,13)
(0,13)299610485(1,13)
(0,13)581168230(0,14)
(1,13)676705617(2,13)
(1,13)251187671(1,14)
(2,13)459407494(3,13)
(2,13)793150715(2,14)
(3,13)1125306452(4,13)
(3,13)121199585(3,14)
(4,13)960605665(5,13)
(4,13)1990265323(4,14)
(5,13)1466279548(6,13)
(5,13)1119376110(5,14)
(6,13)1819936301(7,13)
(6,13)1904299713(6,14)
(7,13)438950797(8,13)
(7,13)1177164571(7,14)
(8,13)2145154477(9,13)
(8,13)309627984(8,14)
(9,13)990346545(10,13)
(9,13)1749621690(9,14)
(10,13)2084312085(11,13)
(10,13)316445138(10,14)
(11,13)902633383(12,13)
(11,13)1771467846(11,14)
(12,13)1582412439(13,13)
(12,13)1519702311(12,14)
(13,13)219687676(14,13)
(13,13)1087283139(13,14)
(14,13)1311010313(15,13)
(14,13)391330790(14,14)
(15,13)972499020(16,13)
(15,13)773156434(15,14)
(16,13)1024344105(17,13)
(16,13)1610620798(16,14)
(17,13)256287865(18,13)
(17,13)1649204638(17,14)
(18,13)1770404223(19,13)
(18,13)1483751599(18,14)
(19,13)1326533275(20,13)
(19,13)1381594318(19,14)
(20,13)353486780(21,13)
(20,13)583526241(20,14)
(21,13)340342306(22,13)
(21,13)645329175(21,14)
(22,13)1822493747(23,13)
(22,13)25939433(22,14)
(23,13)335567417(24,13)
(23,13)779293103(23,14)
(24,13)381431146(25,13)
(24,13)1820164576(24,14)
(25,13)2136609714(26,13)
(25,13)1325913963(25,14)
(26,13)949898161(27,13)
(26,13)318259583(26,14)
(27,13)1837961895(28,13)
(27,13)891759449(27,14)
(28,13)1979042589(29,13)
(28,13)384826953(28,14)
(29,13)2057649571(29,14)
(0,14)1142569254(1,14)
(0,14)776157743(0,15)
(1,14)1748656763(2,14)
(1,14)683322358(1,15)
(2,14)1707666463(3,14)
(2,14)605706405(2,15)
(3,14)861994270(4,14)
(3,14)1250377753(3,15)
(4,14)873298329(5,14)
(4,14)1043934415(4,15)
(5,14)222984042(6,14)
(5,14)96104940(5,15)
(6,14)449591720(7,14)
(6,14)1456824570(6,15)
(7,14)1797166876(8,14)
(7,14)868313217(7,15)
(8,14)543323316(9,14)
(8,14)475531153(8,15)
(9,14)811098571(10,14)
(9,14)428976332(9,15)
(10,14)810407478(11,14)
(10,14)216004244(10,15)
(11,14)205130310(12,14)
(11,14)2137012534(11,15)
(12,14)939427047(13,14)
(12,14)1128667061(12,15)
(13,14)819145308(14,14)
(13,14)1096889760(13,15)
(14,14)928448701(15,14)
(14,14)1324254000(14,15)
(15,14)2100411743(16,14)
(15,14)729311232(15,15)
(16,14)1412633590(17,14)
(16,14)2071017955(16,15)
(17,14)529240712(18,14)
(17,14)1701584859(17,15)
(18,14)804478964(19,14)
(18,14)972816405(18,15)
(19,14)2016750820(20,14)
(19,14)1391234983(19,15)
(20,14)1487339923(21,14)
(20,14)1677777293(20,15)
(21,14)987118215(22,14)
(21,14)92251214(21,15)
(22,14)960564432(23,14)
(22,14)1936931644(22,15)
(23,14)264979149(24,14)
(23,14)636801444(23,15)
(24,14)1065777776(25,14)
(24,14)1503887748(24,15)
(25,14)1719891993(26,14)
(25,14)1076077720(25,15)
(26,14)1065606606(27,14)
(26,14)1876185254(26,15)
(27,14)857368667(28,14)
(27,14)1925022303(27,15)
(28,14)874428415(29,14)
(28,14)2005033654(28,15)
(29,14)1676513976(29,15)
(0,15)1802877116(1,15)
(0,15)1181804006(0,16)
(1,15)1134732102(2,15)
(1,15)258341560(1,16)
(2,15)1670975150(3,15)
(2,15)1726411424(2,16)
(3,15)108168488(4,15)
(3,15)688833313(3,16)
(4,15)1493312277(5,15)
(4,15)496307907(4,16)
(5,15)365575080(6,15)
(5,15)1499403471(5,16)
(6,15)839259747(7,15)
(6,15)1023605923(6,16)
(7,15)2010724138(8,15)
(7,15)457826294(7,16)
(8,15)1418390726(9,15)
(8,15)628707743(8,16)
(9,15)893686892(10,15)
(9,15)500041934(9,16)
(10,15)1565819710(11,15)
(10,15)774794827(10,16)
(11,15)347203172(12,15)
(11,15)1969764613(11,16)
(12,15)887887571(13,15)
(12,15)1294521316(12,16)
(13,15)4406336(14,15)
(13,15)124741827(13,16)
(14,15)999170243(15,15)
(14,15)745437577(14,16)
(15,15)1927241584(16,15)
(15,15)1680920312(15,16)
(16,15)1939261872(17,15)
(16,15)654563711(16,16)
(17,15)233491487(18,15)
(17,15)914490038(17,16)
(18,15)1603323351(19,15)
(18,15)1462753374(18,16)
(19,15)1959061281(20,15)
(19,15)341659976(19,16)
(20,15)1841063447(21,15)
(20,15)949151980(20,16)
(21,15)1972757903(22,15)
(21,15)177152713(21,16)
(22,15)634979008(23,15)
(22,15)532839546(22,16)
(23,15)1161547289(24,15)
(23,15)1835998394(23,16)
(24,15)188556680(25,15)
(24,15)2053369734(24,16)
(25,15)680680913(26,15)
(25,15)2055234182(25,16)
(26,15)1877515147(27,15)
(26,15)1754376391(26,16)
(27,15)901414059(28,15)
(27,15)1027884085(27,16)
(28,15)1152625913(29,15)
(28,15)617919070(28,16)
(29,15)905820395(29,16)
(0,16)4312508(1,16)
(0,16)1363356648(0,17)
(1,16)1143114584(2,16)
(1,16)439257059(1,17)
(2,16)231035283(3,16)
(2,16)658876219(2,17)
(3,16)892367707(4,16)
(3,16)2057604622(3,17)
(4,16)1513444325(5,16)
(4,16)1693788657(4,17)
(5,16)1505366291(6,16)
(5,16)1234027683(5,17)
(6,16)927607482(7,16)
(6,16)315112657(6,17)
(7,16)140386913(8,16)
(7,16)1682519004(7,17)
(8,16)170014364(9,16)
(8,16)1460447029(8,17)
(9,16)474510670(10,16)
(9,16)1976385307(9,17)
(10,16)17458339(11,16)
(10,16)75900451(10,17)
(11,16)756581364(12,16)
(11,16)382261204(11,17)
(12,16)112292703(13,16)
(12,16)1771834730(12,17)
(13,16)525765142(14,16)
(13,16)1784465450(13,17)
(14,16)789607715(15,16)
(14,16)730211774(14,17)
(15,16)2093568422(16,16)
(15,16)1431585537(15,17)
(16,16)1870842597(17,16)
(16,16)793920223(16,17)
(17,16)1452796442(18,16)
(17,16)1089199358(17,17)
(18,16)999320332(19,16)
(18,16)2101877880(18,17)
(19,16)1648182890(20,16)
(19,16)197680501(19,17)
(20,16)1431708184(21,16)
(20,16)365281009(20,17)
(21,16)680393666(22,16)
(21,16)1006065533(21,17)
(22,16)541100889(23,16)
(22,16)211832019(22,17)
(23,16)1672279048(24,16)
(23,16)820780579(23,17)
(24,16)649682238(25,16)
(24,16)711115254(24,17)
(25,16)787015705(26,16)
(25,16)2146789718(25,17)
(26,16)381567275(27,16)
(26,16)667140578(26,17)
(27,16)291491660(28,16)
(27,16)1543597069(27,17)
(28,16)1180578871(29,16)
(28,16)493859978(28,17)
(29,16)817256802(29,17)
(0,17)1970186586(1,17)
(0,17)1224071752(0,18)
(1,17)1170156526(2,17)
(1,17)101358692(1,18)
(2,17)1972201289(3,17)
(2,17)616623161(2,18)
(3,17)2069419604(4,17)
(3,17)111872236(3,18)
(4,17)1111192568(5,17)
(4,17)1926595521(4,18)
(5,17)1427294763(6,17)
(5,17)119616457(5,18)
(6,17)1551324642(7,17)
(6,17)1476473577(6,18)
(7,17)9383596(8,17)
(7,17)285876648(7,18)
(8,17)826977538(9,17)
(8,17)1763156661(8,18)
(9,17)1287952061(10,17)
(9,17)830164175(9,18)
(10,17)1479846414(11,17)
(10,17)1538092792(10,18)
(11,17)177624849(12,17)
(11,17)1287258131(11,18)
(12,17)1668825406(13,17)
(12,17)2146986992(12,18)
(13,17)290995004(14,17)
(13,17)1721221918(13,18)
(14,17)754317142(15,17)
(14,17)15201737(14,18)
(15,17)1239273489(16,17)
(15,17)1108251807(15,18)
(16,17)1209610499(17,17)
(16,17)577020080(16,18)
(17,17)1193643242(18,17)
(17,17)261946368(17,18)
(18,17)373818604(19,17)
(18,17)1034328140(18,18)
(19,17)813440013(20,17)
(19,17)1115579198(19,18)
(20,17)1235195655(21,17)
(20,17)1485011173(20,18)
(21,17)814001102(22,17)
(21,17)93251129(21,18)
(22,17)379127777(23,17)
(22,17)639036649(22,18)
(23,17)254709662(24,17)
(23,17)823384698(23,18)
(24,17)1653548874(25,17)
(24,17)1206105315(24,18)
(25,17)596714459(26,17)
(25,17)1542661723(25,18)
(26,17)682436207(27,17)
(26,17)985911640(26,18)
(27,17)985414984(28,17)
(27,17)774339308(27,18)
(28,17)348077579(29,17)
(28,17)203777965(28,18)
(29,17)1276409988(29,18)
(0,18)1102394721(1,18)
(0,18)218979702(0,19)
(1,18)1458253192(2,18)
(1,18)237178147(1,19)
(2,18)1446788646(3,18)
(2,18)1679414801(2,19)
(3,18)725574395(4,18)
(3,18)1720199560(3,19)
(4,18)2094018164(5,18)
(4,18)333633138(4,19)
(5,18)1147073152(6,18)
(5,18)1841153593(5,19)
(6,18)928865601(7,18)
(6,18)1431545689(6,19)
(7,18)98063144(8,18)
(7,18)1240324281(7,19)
(8,18)1619452058(9,18)
(8,18)1567902250(8,19)
(9,18)1822611913(10,18)
(9,18)921447842(9,19)
(10,18)427513068(11,18)
(10,18)678073726(10,19)
(11,18)1274788185(12,18)
(11,18)1217789988(11,19)
(12,18)1900226195(13,18)
(12,18)1413424708(12,19)
(13,18)251356044(14,18)
(13,18)2049127494(13,19)
(14,18)249721425(15,18)
(14,18)2104004161(14,19)
(15,18)175500215(16,18)
(15,18)1527766033(15,19)
(16,18)1764944180(17,18)
(16,18)1352116146(16,19)
(17,18)884047299(18,18)
(17,18)1633753407(17,19)
(18,18)1206469319(19,18)
(18,18)1064249179(18,19)
(19,18)1397882317(20,18)
(19,18)1609621695(19,19)
(20,18)1303291640(21,18)
(20,18)1153003836(20,19)
(21,18)437065877(22,18)
(21,18)397471821(21,19)
(22,18)1637796102(23,18)
(22,18)84673593(22,19)
(23,18)1652575844(24,18)
(23,18)535129021(23,19)
(24,18)1456576864(25,18)
(24,18)1109764513(24,19)
(25,18)1787838239(26,18)
(25,18)1327704109(25,19)
(26,18)398010449(27,18)
(26,18)1884089932(26,19)
(27,18)1150030993(28,18)
(27,18)915142776(27,19)
(28,18)816786622(29,18)
(28,18)150752997(28,19)
(29,18)1401387037(29,19)
(0,19)1066508047(1,19)
(0,19)107273510(0,20)
(1,19)282773725(2,19)
(1,19)781669422(1,20)
(2,19)399129955(3,19)
(2,19)271140545(2,20)
(3,19)1155187845(4,19)
(3,19)1916527133(3,20)
(4,19)975512804(5,19)
(4,19)1463379134(4,20)
(5,19)713777803(6,19)
(5,19)617325892(5,20)
(6,19)1920617532(7,19)
(6,19)2128516640(6,20)
(7,19)418098870(8,19)
(7,19)1111249625(7,20)
(8,19)601562079(9,19)
(8,19)2005291126(8,20)
(9,19)1510383322(10,19)
(9,19)953227891(9,20)
(10,19)262321107(11,19)
(10,19)1711326592(10,20)
(11,19)1351681183(12,19)
(11,19)690603783(11,20)
(12,19)1088614232(13,19)
(12,19)2146411040(12,20)
(13,19)1148958385(14,19)
(13,19)119340312(13,20)
(14,19)936126934(15,19)
(14,19)1239367229(14,20)
(15,19)1346640739(16,19)
(15,19)402861774(15,20)
(16,19)1184531197(17,19)
(16,19)2002634982(16,20)
(17,19)126291879(18,19)
(17,19)1629414465(17,20)
(18,19)1398457950(19,19)
(18,19)1583661152(18,20)
(19,19)899556638(20,19)
(19,19)1281479724(19,20)
(20,19)1898805616(21,19)
(20,19)226487106(20,20)
(21,19)207520099(22,19)
(21,19)1613334441(21,20)
(22,19)577100418(23,19)
(22,19)1671939501(22,20)
(23,19)1529746979(24,19)
(23,19)625618969(23,20)
(24,19)1578846860(25,19)
(24,19)1178662498(24,20)
(25,19)742505442(26,19)
(25,19)892646653(25,20)
(26,19)1583250436(27,19)
(26,19)1841167968(26,20)
(27,19)1840095360(28,19)
(27,19)2094186626(27,20)
(28,19)66043290(29,19)
(28,19)524381020(28,20)
(29,19)841570097(29,20)
(0,20)1002170224(1,20)
(0,20)1763748250(0,21)
(1,20)962905341(2,20)
(1,20)1244431871(1,21)
(2,20)281479420(3,20)
(2,20)857321558(2,21)
(3,20)983613438(4,20)
(3,20)444836158(3,21)
(4,20)1843294108(5,20)
(4,20)1865140572(4,21)
(5,20)617213562(6,20)
(5,20)117609514(5,21)
(6,20)2016415131(7,20)
(6,20)2069781215(6,21)
(7,20)129817666(8,20)
(7,20)83064356(7,21)
(8,20)660164774(9,20)
(8,20)1540870984(8,21)
(9,20)923134315(10,20)
(9,20)755436635(9,21)
(10,20)186799847(11,20)
(10,20)1838827272(10,21)
(11,20)433849067(12,20)
(11,20)1815780968(11,21)
(12,20)1251547756(13,20)
(12,20)2027967815(12,21)
(13,20)1720579527(14,20)
(13,20)380552045(13,21)
(14,20)446595335(15,20)
(14,20)1775928776(14,21)
(15,20)1392193378(16,20)
(15,20)414665976(15,21)
(16,20)1659097848(17,20)
(16,20)1448765559(16,21)
(17,20)158603470(18,20)
(17,20)207615072(17,21)
(18,20)652451230(19,20)
(18,20)1940577268(18,21)
(19,20)1658234193(20,20)
(19,20)1142216908(19,21)
(20,20)1259826422(21,20)
(20,20)348261691(20,21)
(21,20)270559258(22,20)
(21,20)127964107(21,21)
(22,20)211028463(23,20)
(22,20)1128757905(22,21)
(23,20)522145241(24,20)
(23,20)400376924(23,21)
(24,20)1155813559(25,20)
(24,20)871193238(24,21)
(25,20)562536862(26,20)
(25,20)1445279556(25,21)
(26,20)1113576876(27,20)
(26,20)1342613406(26,21)
(27,20)1223097574(28,20)
(27,20)996385929(27,21)
(28,20)1376937974(29,20)
(28,20)217640984(28,21)
(29,20)796193453(29,21)
(0,21)1823533309(1,21)
(0,21)1993569761(0,22)
(1,21)1238279491(2,21)
(1,21)1210859430(1,22)
(2,21)722473630(3,21)
(2,21)1124815221(2,22)
(3,21)1283418691(4,21)
(3,21)1445894563(3,22)
(4,21)2098345794(5,21)
(4,21)515567250(4,22)
(5,21)26317795(6,21)
(5,21)278151951(5,22)
(6,21)1537978373(7,21)
(6,21)299123837(6,22)
(7,21)569683095(8,21)
(7,21)154281903(7,22)
(8,21)365310366(9,21)
(8,21)519252631(8,22)
(9,21)1041397872(10,21)
(9,21)970060019(9,22)
(10,21)2125873578(11,21)
(10,21)1236503604(10,22)
(11,21)1799040467(12,21)
(11,21)339193781(11,22)
(12,21)1452770657(13,21)
(12,21)1321003336(12,22)
(13,21)396617262(14,21)
(13,21)647942748(13,22)
(14,21)2024880723(15,21)
(14,21)1670411642(14,22)
(15,21)1516497755(16,21)
(15,21)1192810716(15,22)
(16,21)256186498(17,21)
(16,21)1700930384(16,22)
(17,21)678261957(18,21)
(17,21)607293598(17,22)
(18,21)2053188162(19,21)
(18,21)978660128(18,22)
(19,21)1494227378(20,21)
(19,21)1961680648(19,22)
(20,21)92348951(21,21)
(20,21)2004050308(20,22)
(21,21)155690497(22,21)
(21,21)1520545174(21,22)
(22,21)1674827077(23,21)
(22,21)1630327325(22,22)
(23,21)2096308(24,21)
(23,21)725373592(23,22)
(24,21)1695433611(25,21)
(24,21)2040137443(24,22)
(25,21)1129157400(26,21)
(25,21)1043494180(25,22)
(26,21)1382687961(27,21)
(26,21)1673823541(26,22)
(27,21)847343229(28,21)
(27,21)780714219(27,22)
(28,21)1428656967(29,21)
(28,21)687974971(28,22)
(29,21)1243960492(29,22)
(0,22)1306054042(1,22)
(0,22)210902965(0,23)
(1,22)1727400720(2,22)
(1,22)289287560(1,23)
(2,22)545474058(3,22)
(2,22)859500779(2,23)
(3,22)1537762736(4,22)
(3,22)187210670(3,23)
(4,22)92915184(5,22)
(4,22)1524134186(4,23)
(5,22)870877916(6,22)
(5,22)1351959737(5,23)
(6,22)1444308688(7,22)
(6,22)2096965492(6,23)
(7,22)105172341(8,22)
(7,22)243939442(7,23)
(8,22)1918766519(9,22)
(8,22)927152365(8,23)
(9,22)929248673(10,22)
(9,22)830545933(9,23)
(10,22)378495896(11,22)
(10,22)1811420315(10,23)
(11,22)793094067(12,22)
(11,22)1972742854(11,23)
(12,22)1207947167(13,22)
(12,22)2052319437(12,23)
(13,22)752179019(14,22)
(13,22)1573808286(13,23)
(14,22)854981605(15,22)
(14,22)1895922138(14,23)
(15,22)2106825103(16,22)
(15,22)1996139511(15,23)
(16,22)137943423(17,22)
(16,22)13552000(16,23)
(17,22)873052779(18,22)
(17,22)1686742175(17,23)
(18,22)1873952846(19,22)
(18,22)683417481(18,23)
(19,22)60068019(20,22)
(19,22)263331867(19,23)
(20,22)1615291604(21,22)
(20,22)1966868030(20,23)
(21,22)1916349875(22,22)
(21,22)930945935(21,23)
(22,22)1174885378(23,22)
(22,22)912116645(22,23)
(23,22)1839269010(24,22)
(23,22)2021522216(23,23)
(24,22)704584502(25,22)
(24,22)946168249(24,23)
(25,22)610104916(26,22)
(25,22)621034036(25,23)
(26,22)446293242(27,22)
(26,22)1083080398(26,23)
(27,22)987916188(28,22)
(27,22)1403198983(27,23)
(28,22)829523621(29,22)
(28,22)1654240409(28,23)
(29,22)1740095207(29,23)
(0,23)1684505227(1,23)
(0,23)1402678900(0,24)
(1,23)1362020355(2,23)
(1,23)1588751070(1,24)
(2,23)1726694493(3,23)
(2,23)1698057227(2,24)
(3,23)423626358(4,23)
(3,23)901278883(3,24)
(4,23)627748081(5,23)
(4,23)262628326(4,24)
(5,23)322696345(6,23)
(5,23)686958225(5,24)
(6,23)154766182(7,23)
(6,23)447132463(6,24)
(7,23)215998690(8,23)
(7,23)1253642280(7,24)
(8,23)281044010(9,23)
(8,23)1066882827(8,24)
(9,23)758668189(10,23)
(9,23)90037259(9,24)
(10,23)794621761(11,23)
(10,23)1227212260(10,24)
(11,23)1837317176(12,23)
(11,23)1379702225(11,24)
(12,23)1825995467(13,23)
(12,23)1877702159(12,24)
(13,23)718134699(14,23)
(13,23)1093032512(13,24)
(14,23)1922556133(15,23)
(14,23)1332752229(14,24)
(15,23)587947481(16,23)
(15,23)310746258(15,24)
(16,23)1899497328(17,23)
(16,23)1459577712(16,24)
(17,23)1010151291(18,23)
(17,23)1949967836(17,24)
(18,23)703763071(19,23)
(18,23)1478708173(18,24)
(19,23)1741336499(20,23)
(19,23)1433777649(19,24)
(20,23)2120735875(21,23)
(20,23)1331511152(20,24)
(21,23)1778643616(22,23)
(21,23)2064032844(21,24)
(22,23)1170191477(23,23)
(22,23)128018409(22,24)
(23,23)1194901236(24,23)
(23,23)1994642306(23,24)
(24,23)2084679565(25,23)
(24,23)1451235487(24,24)
(25,23)530964099(26,23)
(25,23)1953569425(25,24)
(26,23)1185788003(27,23)
(26,23)731817678(26,24)
(27,23)462036190(28,23)
(27,23)220797628(27,24)
(28,23)1313830140(29,23)
(28,23)864299822(28,24)
(29,23)1180170889(29,24)
(0,24)1088902625(1,24)
(0,24)49568403(0,25)
(1,24)637515884(2,24)
(1,24)1490917148(1,25)
(2,24)1242930828(3,24)
(2,24)400996690(2,25)
(3,24)1411147981(4,24)
(3,24)440000073(3,25)
(4,24)1143763144(5,24)
(4,24)574155354(4,25)
(5,24)168008205(6,24)
(5,24)697441983(5,25)
(6,24)670694210(7,24)
(6,24)327790649(6,25)
(7,24)2106434265(8,24)
(7,24)84557402(7,25)
(8,24)1254748879(9,24)
(8,24)798712619(8,25)
(9,24)1993613855(10,24)
(9,24)1953592923(9,25)
(10,24)1890788841(11,24)
(10,24)558500718(10,25)
(11,24)1089464818(12,24)
(11,24)1799699632(11,25)
(12,24)838003987(13,24)
(12,24)475122871(12,25)
(13,24)937159061(14,24)
(13,24)1310262446(13,25)
(14,24)476608938(15,24)
(14,24)1702303810(14,25)
(15,24)1751872213(16,24)
(15,24)2117329951(15,25)
(16,24)1460763451(17,24)
(16,24)1565511563(16,25)
(17,24)1966508253(18,24)
(17,24)241904450(17,25)
(18,24)681904523(19,24)
(18,24)556210631(18,25)
(19,24)1130365985(20,24)
(19,24)1230172587(19,25)
(20,24)1927614570(21,24)
(20,24)1825667667(20,25)
(21,24)5974668(22,24)
(21,24)1298374191(21,25)
(22,24)1382931593(23,24)
(22,24)450825132(22,25)
(23,24)1249537751(24,24)
(23,24)2112408933(23,25)
(24,24)1918518209(25,24)
(24,24)490196824(24,25)
(25,24)1048697542(26,24)
(25,24)1095667958(25,25)
(26,24)747883942(27,24)
(26,24)1661823402(26,25)
(27,24)2136946273(28,24)
(27,24)2138162360(27,25)
(28,24)1300941158(29,24)
(28,24)1585887930(28,25)
(29,24)926621687(29,25)
(0,25)1777550096(1,25)
(0,25)1140708092(0,26)
(1,25)745096657(2,25)
(1,25)896467990(1,26)
(2,25)209747793(3,25)
(2,25)1195578012(2,26)
(3,25)1014602617(4,25)
(3,25)987001107(3,26)
(4,25)1668905630(5,25)
(4,25)765958424(4,26)
(5,25)1896324410(6,25)
(5,25)97291556(5,26)
(6,25)2024906126(7,25)
(6,25)1347089650(6,26)
(7,25)1353064318(8,25)
(7,25)1047214953(7,26)
(8,25)282662898(9,25)
(8,25)328247610(8,26)
(9,25)1577785361(10,25)
(9,25)1317989604(9,26)
(10,25)1089024165(11,25)
(10,25)772859722(10,26)
(11,25)1821557264(12,25)
(11,25)525969671(11,26)
(12,25)1273853614(13,25)
(12,25)603363919(12,26)
(13,25)592826544(14,25)
(13,25)1812235977(13,26)
(14,25)965693487(15,25)
(14,25)712257896(14,26)
(15,25)1852965988(16,25)
(15,25)1519448231(15,26)
(16,25)268432573(17,25)
(16,25)595759936(16,26)
(17,25)1791337948(18,25)
(17,25)450578997(17,26)
(18,25)1437580105(19,25)
(18,25)478180366(18,26)
(19,25)1244138791(20,25)
(19,25)658456917(19,26)
(20,25)755748474(21,25)
(20,25)959002087(20,26)
(21,25)158608089(22,25)
(21,25)992979553(21,26)
(22,25)2040194506(23,25)
(22,25)633170952(22,26)
(23,25)961418563(24,25)
(23,25)1511672408(23,26)
(24,25)682178364(25,25)
(24,25)175373756(24,26)
(25,25)948233478(26,25)
(25,25)391720276(25,26)
(26,25)917689948(27,25)
(26,25)1771202529(26,26)
(27,25)227082800(28,25)
(27,25)622307094(27,26)
(28,25)287059423(29,25)
(28,25)44059914(28,26)
(29,25)819909344(29,26)
(0,26)1252752911(1,26)
(0,26)756317810(0,27)
(1,26)461800150(2,26)
(1,26)191873928(1,27)
(2,26)460306501(3,26)
(2,26)1848512847(2,27)
(3,26)1492367147(4,26)
(3,26)912379147(3,27)
(4,26)202475604(5,26)
(4,26)938486868(4,27)
(5,26)35142011(6,26)
(5,26)3340416(5,27)
(6,26)759088890(7,26)
(6,26)1161477692(6,27)
(7,26)1320085781(8,26)
(7,26)1028121564(7,27)
(8,26)920832422(9,26)
(8,26)1392259843(8,27)
(9,26)206194758(10,26)
(9,26)684274541(9,27)
(10,26)1366452905(11,26)
(10,26)1096206178(10,27)
(11,26)2044439656(12,26)
(11,26)597915034(11,27)
(12,26)1515604982(13,26)
(12,26)990171786(12,27)
(13,26)1217254586(14,26)
(13,26)519263102(13,27)
(14,26)806322526(15,26)
(14,26)1559664896(14,27)
(15,26)168499058(16,26)
(15,26)2037163931(15,27)
(16,26)81554211(17,26)
(16,26)2059075437(16,27)
(17,26)1760104636(18,26)
(17,26)630299208(17,27)
(18,26)1542678356(19,26)
(18,26)541860712(18,27)
(19,26)1480347580(20,26)
(19,26)1104988135(19,27)
(20,26)1108328551(21,26)
(20,26)1745153960(20,27)
(21,26)759148004(22,26)
(21,26)1515489591(21,27)
(22,26)396127507(23,26)
(22,26)1867417442(22,27)
(23,26)1112193637(24,26)
(23,26)2079233786(23,27)
(24,26)616024679(25,26)
(24,26)1316959929(24,27)
(25,26)265682459(26,26)
(25,26)1318388395(25,27)
(26,26)1916303429(27,26)
(26,26)1982477585(26,27)
(27,26)825165723(28,26)
(27,26)162638467(27,27)
(28,26)681901570(29,26)
(28,26)1284424764(28,27)
(29,26)2042420310(29,27)
(0,27)1488224096(1,27)
(0,27)696606012(0,28)
(1,27)865105071(2,27)
(1,27)1932100593(1,28)
(2,27)2013654804(3,27)
(2,27)1399815885(2,28)
(3,27)1012436873(4,27)
(3,27)1495404279(3,28)
(4,27)890598987(5,27)
(4,27)408031868(4,28)
(5,27)1888379449(6,27)
(5,27)2117425008(5,28)
(6,27)1078269911(7,27)
(6,27)488269300(6,28)
(7,27)1247417304(8,27)
(7,27)1256385392(7,28)
(8,27)1652512900(9,27)
(8,27)798203705(8,28)
(9,27)1910397342(10,27)
(9,27)1179167442(9,28)
(10,27)1795192122(11,27)
(10,27)821989181(10,28)
(11,27)1087671641(12,27)
(11,27)1081302089(11,28)
(12,27)850121871(13,27)
(12,27)1630186059(12,28)
(13,27)307868134(14,27)
(13,27)1250310108(13,28)
(14,27)1932211678(15,27)
(14,27)2134546635(14,28)
(15,27)683668999(16,27)
(15,27)202804796(15,28)
(16,27)2134905389(17,27)
(16,27)1272952126(16,28)
(17,27)525284363(18,27)
(17,27)1548774070(17,28)
(18,27)896694702(19,27)
(18,27)2001076545(18,28)
(19,27)261624766(20,27)
(19,27)1537721236(19,28)
(20,27)1507662596(21,27)
(20,27)1787293689(20,28)
(21,27)128079341(22,27)
(21,27)2520567(21,28)
(22,27)1258905959(23,27)
(22,27)438448860(22,28)
(23,27)1236652565(24,27)
(23,27)1375496646(23,28)
(24,27)407180440(25,27)
(24,27)763935211(24,28)
(25,27)1585924393(26,27)
(25,27)999566260(25,28)
(26,27)2080868349(27,27)
(26,27)54888914(26,28)
(27,27)1685074973(28,27)
(27,27)526112386(27,28)
(28,27)1776422494(29,27)
(28,27)783506572(28,28)
(29,27)1992943108(29,28)
(0,28)1561150525(1,28)
(0,28)770569559(0,29)
(1,28)1454238559(2,28)
(1,28)48264256(1,29)
(2,28)35685998(3,28)
(2,28)686619003(2,29)
(3,28)1211903367(4,28)
(3,28)855528981(3,29)
(4,28)1752223683(5,28)
(4,28)2036762543(4,29)
(5,28)150903661(6,28)
(5,28)602140955(5,29)
(6,28)2109803552(7,28)
(6,28)1392033725(6,29)
(7,28)1520113066(8,28)
(7,28)153424228(7,29)
(8,28)1412330188(9,28)
(8,28)400768764(8,29)
(9,28)1637421329(10,28)
(9,28)748126064(9,29)
(10,28)1155306505(11,28)
(10,28)28781751(10,29)
(11,28)1614706144(12,28)
(11,28)489503941(11,29)
(12,28)422888643(13,28)
(12,28)1210195419(12,29)
(13,28)747786745(14,28)
(13,28)2140818530(13,29)
(14,28)1769757377(15,28)
(14,28)1206395215(14,29)
(15,28)1976964775(16,28)
(15,28)593246205(15,29)
(16,28)641510461(17,28)
(16,28)1183424254(16,29)
(17,28)1870043257(18,28)
(17,28)1283719686(17,29)
(18,28)2139248667(19,28)
(18,28)677196459(18,29)
(19,28)566475355(20,28)
(19,28)934462976(19,29)
(20,28)1536603932(21,28)
(20,28)1743988703(20,29)
(21,28)988538780(22,28)
(21,28)717379016(21,29)
(22,28)870803245(23,28)
(22,28)1498923836(22,29)
(23,28)1899692600(24,28)
(23,28)361168198(23,29)
(24,28)1109294263(25,28)
(24,28)135649785(24,29)
(25,28)164431536(26,28)
(25,28)1389630281(25,29)
(26,28)1879134223(27,28)
(26,28)117117120(26,29)
(27,28)1327312539(28,28)
(27,28)1779137681(27,29)
(28,28)1772472563(29,28)
(28,28)154539218(28,29)
(29,28)2075099284(29,29)
(0,29)1360934433(1,29)
(1,29)1394746292(2,29)
(2,29)520861841(3,29)
(3,29)1190415560(4,29)
(4,29)430686898(5,29)
(5,29)1162372303(6,29)
(6,29)326651598(7,29)
(7,29)153246508(8,29)
(8,29)1839568762(9,29)
(9,29)318416618(10,29)
(10,29)1087709484(11,29)
(11,29)258560469(12,29)
(12,29)2062405321(13,29)
(13,29)476829768(14,29)
(14,29)975939486(15,29)
(15,29)903460453(16,29)
(16,29)1975753604(17,29)
(17,29)1846742731(18,29)
(18,29)1264628651(19,29)
(19,29)1727962556(20,29)
(20,29)1982392516(21,29)
(21,29)226439266(22,29)
(22,29)970109190(23,29)
(23,29)2146824052(24,29)
(24,29)343556386(25,29)
(25,29)701759765(26,29)
(26,29)1778478085(27,29)
(27,29)1670868926(28,29)
(28,29)856298983(29,29)
