50 50
(0,0)1069916450(0,1)
(1,0)958526666(1,1)
(2,0)755727079(2,1)
(3,0)895715987(4,0)
(4,0)268909458(4,1)
(5,0)165146947(5,1)
(6,0)344708285(7,0)
(6,0)942011135(6,1)
(8,0)323589893(8,1)
(9,0)925809784(10,0)
(9,0)122091341(9,1)
(10,0)774891812(10,1)
(11,0)1107838956(12,0)
(12,0)413169017(13,0)
(13,0)687901671(13,1)
(14,0)709298461(14,1)
(15,0)665218367(15,1)
(16,0)967131255(16,1)
(17,0)1347912715(17,1)
(18,0)393630999(19,0)
(19,0)471090674(19,1)
(20,0)636237621(21,0)
(21,0)640762521(22,0)
(22,0)551074635(23,0)
(22,0)980945906(22,1)
(23,0)1304535799(24,0)
(25,0)612597227(26,0)
(25,0)82861936(25,1)
(27,0)936651047(28,0)
(28,0)260854206(29,0)
(29,0)628534407(30,0)
(29,0)813344416(29,1)
(31,0)195631134(32,0)
(31,0)260265671(31,1)
(32,0)1608178386(33,0)
(33,0)260331657(34,0)
(34,0)242096495(35,0)
(36,0)878334116(36,1)
(37,0)1859280022(38,0)
(37,0)193839643(37,1)
(39,0)1016332174(39,1)
(40,0)1099194110(41,0)
(41,0)348132733(41,1)
(42,0)605261038(42,1)
(43,0)524496984(44,0)
(43,0)11073519(43,1)
(44,0)824417935(45,0)
(44,0)181939475(44,1)
(45,0)1153031392(45,1)
(46,0)155497071(46,1)
(47,0)1110321241(48,0)
(48,0)1524559957(49,0)
(48,0)873991801(48,1)
(49,0)1370652898(49,1)
(0,1)728317538(0,2)
(1,1)281394660(2,1)
(2,1)552156957(3,1)
(2,1)497506920(2,2)
(3,1)209303294(4,1)
(3,1)475234304(3,2)
(4,1)284363183(5,1)
(4,1)449987049(4,2)
(5,1)185522555(6,1)
(6,1)177345930(7,1)
(7,1)533655289(7,2)
(8,1)454740558(9,1)
(8,1)782606969(8,2)
(10,1)636680033(10,2)
(11,1)47119387(12,1)
(11,1)312651697(11,2)
(13,1)1006604879(14,1)
(14,1)452456913(14,2)
(15,1)1180774451(16,1)
(15,1)229774129(15,2)
(16,1)1435175630(17,1)
(16,1)796922636(16,2)
(17,1)1294429556(18,1)
(19,1)289835988(20,1)
(20,1)581884671(21,1)
(20,1)74282951(20,2)
(21,1)475358543(21,2)
(22,1)759230602(22,2)
(23,1)957934351(23,2)
(24,1)1463754390(24,2)
(25,1)701457876(25,2)
(26,1)1014109574(27,1)
(27,1)70163(27,2)
(28,1)592574686(28,2)
(29,1)517978064(29,2)
(30,1)747752193(31,1)
(30,1)831009871(30,2)
(31,1)78322403(31,2)
(32,1)35444175(32,2)
(33,1)774878416(33,2)
(34,1)131127619(35,1)
(34,1)1330411283(34,2)
(35,1)165129102(35,2)
(36,1)640487646(37,1)
(36,1)713012291(36,2)
(38,1)120300529(39,1)
(39,1)965772221(40,1)
(39,1)866596816(39,2)
(41,1)918722997(41,2)
(42,1)918793160(43,1)
(42,1)434680618(42,2)
(44,1)572053199(44,2)
(46,1)3125660(47,1)
(46,1)386796501(46,2)
(47,1)422240676(48,1)
(49,1)297533791(49,2)
(0,2)726544811(0,3)
(1,2)462662893(1,3)
(2,2)355046610(2,3)
(5,2)546402671(5,3)
(6,2)1408509265(6,3)
(7,2)342179940(7,3)
(8,2)401654334(8,3)
(9,2)139268567(9,3)
(11,2)1088605723(12,2)
(12,2)165109376(12,3)
(13,2)587350052(14,2)
(14,2)752972084(14,3)
(15,2)884883843(15,3)
(16,2)1347546737(17,2)
(16,2)1125058672(16,3)
(18,2)609393871(19,2)
(18,2)303213628(18,3)
(19,2)908381998(20,2)
(21,2)331838941(21,3)
(22,2)674018881(23,2)
(23,2)155043919(23,3)
(24,2)294312487(25,2)
(25,2)1356367849(25,3)
(26,2)562597097(27,2)
(26,2)72625362(26,3)
(27,2)237734738(28,2)
(27,2)561656709(27,3)
(28,2)386290715(29,2)
(29,2)524924090(30,2)
(29,2)825084790(29,3)
(31,2)846890093(32,2)
(32,2)910031723(32,3)
(33,2)1213245351(34,2)
(33,2)179511727(33,3)
(36,2)305982643(37,2)
(36,2)898253025(36,3)
(37,2)424056901(38,2)
(38,2)1097324997(39,2)
(38,2)980001525(38,3)
(39,2)767509859(40,2)
(39,2)351515111(39,3)
(41,2)240560845(41,3)
(42,2)802217554(43,2)
(42,2)122996409(42,3)
(44,2)379598726(45,2)
(45,2)910339689(46,2)
(45,2)419872505(45,3)
(46,2)276829843(47,2)
(47,2)852115435(48,2)
(0,3)1128680727(1,3)
(0,3)1379199331(0,4)
(1,3)1037155165(2,3)
(2,3)198003484(3,3)
(3,3)303507006(4,3)
(5,3)655022117(5,4)
(6,3)173431428(6,4)
(7,3)38592065(7,4)
(8,3)840809619(9,3)
(8,3)338417839(8,4)
(9,3)233366254(10,3)
(11,3)792173930(12,3)
(11,3)653238759(11,4)
(12,3)930068602(13,3)
(13,3)218522436(14,3)
(13,3)401920064(13,4)
(14,3)191177926(15,3)
(14,3)379644430(14,4)
(15,3)136399575(15,4)
(16,3)28420416(17,3)
(16,3)1319858653(16,4)
(17,3)648515279(17,4)
(18,3)480467874(19,3)
(18,3)226423901(18,4)
(20,3)10354233(21,3)
(22,3)225775663(22,4)
(23,3)564193503(24,3)
(24,3)118112082(25,3)
(25,3)797559757(25,4)
(27,3)608386338(27,4)
(28,3)233383471(28,4)
(29,3)613027901(30,3)
(31,3)373859335(32,3)
(31,3)224388015(31,4)
(32,3)872903294(33,3)
(34,3)928500209(35,3)
(35,3)615632986(36,3)
(35,3)923037611(35,4)
(37,3)51326232(37,4)
(40,3)378899718(41,3)
(41,3)785261204(42,3)
(42,3)1578043206(43,3)
(44,3)440865961(44,4)
(45,3)528625960(45,4)
(46,3)753013975(47,3)
(46,3)232716415(46,4)
(48,3)1441894070(49,3)
(49,3)1190993564(49,4)
(0,4)222910631(1,4)
(0,4)831804789(0,5)
(2,4)1161765074(2,5)
(3,4)178911532(4,4)
(4,4)475994111(5,4)
(5,4)169588724(6,4)
(6,4)139151211(7,4)
(7,4)356597502(8,4)
(7,4)1139245592(7,5)
(8,4)569805150(9,4)
(9,4)50701078(9,5)
(10,4)1019653110(11,4)
(10,4)1010671111(10,5)
(11,4)505537753(12,4)
(11,4)265589818(11,5)
(13,4)374263731(13,5)
(14,4)497037415(14,5)
(17,4)1053349859(18,4)
(17,4)628796332(17,5)
(19,4)895517721(20,4)
(20,4)992512884(21,4)
(20,4)456070803(20,5)
(21,4)27407101(22,4)
(22,4)56868390(23,4)
(23,4)953029894(24,4)
(23,4)384004603(23,5)
(24,4)434705681(25,4)
(24,4)626673540(24,5)
(25,4)689993752(25,5)
(26,4)955583571(27,4)
(27,4)559244668(28,4)
(28,4)369662487(29,4)
(29,4)323741132(30,4)
(30,4)38336641(30,5)
(32,4)133896022(33,4)
(33,4)676514060(34,4)
(34,4)68049028(35,4)
(34,4)113972714(34,5)
(35,4)570043517(36,4)
(36,4)489654580(37,4)
(37,4)44742359(38,4)
(38,4)981455221(39,4)
(38,4)546522970(38,5)
(39,4)1173196510(40,4)
(39,4)997772254(39,5)
(41,4)723036045(42,4)
(41,4)663057513(41,5)
(42,4)658456269(43,4)
(42,4)495865929(42,5)
(43,4)322569646(44,4)
(44,4)471312475(45,4)
(44,4)1028118757(44,5)
(45,4)646310779(45,5)
(46,4)151410468(47,4)
(47,4)425749147(48,4)
(47,4)996376824(47,5)
(48,4)285306490(48,5)
(49,4)1102263207(49,5)
(0,5)399279204(0,6)
(1,5)526811341(1,6)
(2,5)1016465921(3,5)
(2,5)960775401(2,6)
(3,5)1005517760(4,5)
(4,5)400744914(5,5)
(5,5)588701753(6,5)
(7,5)392458214(8,5)
(9,5)214524301(10,5)
(10,5)790850645(10,6)
(11,5)860835080(11,6)
(12,5)1012245548(13,5)
(13,5)706199219(13,6)
(14,5)538363680(15,5)
(14,5)1297552039(14,6)
(15,5)1007705004(15,6)
(16,5)438577169(16,6)
(17,5)518670317(17,6)
(18,5)403498619(18,6)
(19,5)257386682(19,6)
(20,5)113193049(21,5)
(20,5)338704924(20,6)
(21,5)8127092(22,5)
(21,5)407705616(21,6)
(23,5)400585306(23,6)
(25,5)65563768(26,5)
(26,5)476595809(27,5)
(28,5)481585382(29,5)
(29,5)638909749(30,5)
(30,5)319247793(31,5)
(31,5)188257344(31,6)
(32,5)706927662(33,5)
(33,5)109779111(34,5)
(33,5)710395153(33,6)
(34,5)967781835(35,5)
(34,5)644887672(34,6)
(36,5)336488590(37,5)
(37,5)590256658(38,5)
(39,5)1270666596(40,5)
(41,5)1336230364(41,6)
(42,5)83849626(42,6)
(43,5)652654915(43,6)
(45,5)465667323(46,5)
(45,5)64117085(45,6)
(46,5)252374429(47,5)
(46,5)283445498(46,6)
(48,5)487105059(49,5)
(48,5)959302091(48,6)
(49,5)99505100(49,6)
(1,6)28288074(1,7)
(2,6)364776665(3,6)
(2,6)388378131(2,7)
(4,6)676839747(5,6)
(4,6)213246490(4,7)
(5,6)970127877(5,7)
(6,6)577381693(7,6)
(7,6)672659803(7,7)
(8,6)661231319(8,7)
(9,6)86438655(10,6)
(10,6)1229994592(10,7)
(11,6)150555740(11,7)
(12,6)402930170(13,6)
(15,6)818938377(16,6)
(18,6)543771840(19,6)
(18,6)331165903(18,7)
(19,6)544412394(20,6)
(19,6)486409402(19,7)
(22,6)553501636(23,6)
(23,6)18685224(23,7)
(24,6)190294319(24,7)
(25,6)634105300(25,7)
(26,6)784661040(27,6)
(27,6)968467180(27,7)
(28,6)293355354(29,6)
(29,6)402339824(30,6)
(30,6)958387621(31,6)
(30,6)105348588(30,7)
(32,6)333031641(33,6)
(33,6)880003330(33,7)
(34,6)1366412732(35,6)
(34,6)876803482(34,7)
(36,6)675466364(36,7)
(37,6)561901689(38,6)
(38,6)87214978(38,7)
(39,6)277509298(40,6)
(40,6)658642009(40,7)
(42,6)518781742(43,6)
(42,6)380851026(42,7)
(43,6)1025669074(43,7)
(44,6)812137096(44,7)
(46,6)856859504(46,7)
(47,6)142230754(47,7)
(49,6)890095478(49,7)
(0,7)241163169(1,7)
(0,7)106928089(0,8)
(1,7)56859510(2,7)
(1,7)542966987(1,8)
(2,7)76680329(3,7)
(4,7)163895308(4,8)
(5,7)441404606(6,7)
(5,7)440615907(5,8)
(6,7)36805893(7,7)
(6,7)626792474(6,8)
(7,7)470771155(8,7)
(8,7)510500910(9,7)
(8,7)417656919(8,8)
(11,7)92640043(12,7)
(12,7)706490533(13,7)
(12,7)104287968(12,8)
(13,7)234870798(13,8)
(14,7)1257104882(15,7)
(15,7)43543229(16,7)
(15,7)628536162(15,8)
(17,7)267413936(18,7)
(17,7)100402740(17,8)
(20,7)39077418(21,7)
(20,7)1145457405(20,8)
(22,7)75883311(22,8)
(23,7)95537387(23,8)
(24,7)208219823(24,8)
(25,7)332155737(25,8)
(26,7)839406080(26,8)
(27,7)943694048(28,7)
(28,7)700560191(28,8)
(29,7)637175331(30,7)
(29,7)682134731(29,8)
(31,7)318774309(32,7)
(31,7)680718561(31,8)
(32,7)781121301(33,7)
(32,7)334690395(32,8)
(33,7)586188245(33,8)
(34,7)184649756(35,7)
(35,7)847469013(35,8)
(36,7)553468758(37,7)
(36,7)223727174(36,8)
(37,7)299610485(38,7)
(37,7)581168230(37,8)
(38,7)676705617(39,7)
(38,7)251187671(38,8)
(39,7)459407494(40,7)
(39,7)793150715(39,8)
(40,7)121199585(40,8)
(41,7)960605665(42,7)
(42,7)1119376110(42,8)
(44,7)438950797(45,7)
(45,7)309627984(45,8)
(46,7)990346545(47,7)
(47,7)316445138(47,8)
(48,7)902633383(49,7)
(49,7)1519702311(49,8)
(1,8)391330790(2,8)
(1,8)219687676(1,9)
(2,8)773156434(3,8)
(5,8)256287865(5,9)
(7,8)583526241(8,8)
(8,8)353486780(8,9)
(9,8)25939433(10,8)
(9,8)340342306(9,9)
(10,8)779293103(11,8)
(11,8)335567417(11,9)
(12,8)381431146(12,9)
(13,8)318259583(14,8)
(14,8)891759449(15,8)
(14,8)949898161(14,9)
(15,8)384826953(16,8)
(17,8)776157743(17,9)
(18,8)683322358(18,9)
(19,8)605706405(19,9)
(20,8)861994270(21,8)
(21,8)873298329(22,8)
(22,8)222984042(23,8)
(22,8)96104940(22,9)
(23,8)449591720(24,8)
(24,8)868313217(24,9)
(25,8)543323316(26,8)
(25,8)475531153(25,9)
(26,8)811098571(27,8)
(26,8)428976332(26,9)
(27,8)810407478(28,8)
(27,8)216004244(27,9)
(28,8)205130310(29,8)
(29,8)939427047(30,8)
(30,8)819145308(31,8)
(32,8)729311232(32,9)
(34,8)529240712(35,8)
(35,8)804478964(36,8)
(38,8)92251214(38,9)
(40,8)264979149(41,8)
(40,8)636801444(40,9)
(41,8)1065777776(42,8)
(42,8)1076077720(42,9)
(43,8)1065606606(44,8)
(44,8)857368667(45,8)
(45,8)874428415(46,8)
(46,8)1181804006(47,8)
(47,8)258341560(48,8)
(0,9)108168488(1,9)
(0,9)688833313(0,10)
(1,9)496307907(1,10)
(2,9)365575080(3,9)
(3,9)839259747(4,9)
(4,9)457826294(4,10)
(5,9)628707743(5,10)
(6,9)893686892(7,9)
(6,9)500041934(6,10)
(7,9)774794827(7,10)
(8,9)347203172(9,9)
(10,9)4406336(11,9)
(10,9)124741827(10,10)
(11,9)999170243(12,9)
(11,9)745437577(11,10)
(13,9)654563711(13,10)
(14,9)233491487(15,9)
(14,9)914490038(14,10)
(16,9)341659976(16,10)
(17,9)949151980(17,10)
(18,9)177152713(18,10)
(19,9)634979008(20,9)
(19,9)532839546(19,10)
(20,9)1161547289(21,9)
(21,9)188556680(22,9)
(22,9)680680913(23,9)
(24,9)901414059(25,9)
(24,9)1027884085(24,10)
(25,9)617919070(25,10)
(26,9)905820395(26,10)
(27,9)439257059(28,9)
(27,9)4312508(27,10)
(29,9)231035283(29,10)
(30,9)892367707(30,10)
(31,9)1234027683(32,9)
(32,9)315112657(33,9)
(34,9)140386913(34,10)
(35,9)170014364(35,10)
(36,9)75900451(37,9)
(36,9)474510670(36,10)
(37,9)382261204(38,9)
(37,9)17458339(37,10)
(38,9)756581364(38,10)
(39,9)112292703(39,10)
(40,9)730211774(41,9)
(40,9)525765142(40,10)
(41,9)789607715(41,10)
(42,9)793920223(43,9)
(43,9)1089199358(44,9)
(45,9)197680501(46,9)
(45,9)999320332(45,10)
(46,9)365281009(47,9)
(47,9)1006065533(48,9)
(48,9)211832019(49,9)
(48,9)680393666(48,10)
(49,9)541100889(49,10)
(0,10)820780579(0,11)
(1,10)649682238(2,10)
(1,10)711115254(1,11)
(2,10)787015705(3,10)
(3,10)381567275(4,10)
(3,10)667140578(3,11)
(4,10)291491660(5,10)
(5,10)493859978(5,11)
(6,10)817256802(6,11)
(7,10)101358692(8,10)
(8,10)616623161(9,10)
(9,10)111872236(10,10)
(11,10)119616457(12,10)
(13,10)285876648(14,10)
(14,10)9383596(14,11)
(15,10)830164175(16,10)
(15,10)826977538(15,11)
(18,10)177624849(18,11)
(20,10)15201737(21,10)
(20,10)290995004(20,11)
(21,10)1108251807(22,10)
(21,10)754317142(21,11)
(22,10)577020080(23,10)
(23,10)261946368(24,10)
(25,10)373818604(25,11)
(26,10)813440013(26,11)
(27,10)93251129(28,10)
(28,10)639036649(29,10)
(28,10)814001102(28,11)
(29,10)823384698(30,10)
(29,10)379127777(29,11)
(30,10)1206105315(31,10)
(30,10)254709662(30,11)
(32,10)985911640(33,10)
(32,10)596714459(32,11)
(33,10)774339308(34,10)
(33,10)682436207(33,11)
(34,10)203777965(35,10)
(35,10)348077579(35,11)
(36,10)218979702(36,11)
(37,10)237178147(37,11)
(39,10)725574395(40,10)
(40,10)333633138(40,11)
(41,10)1147073152(42,10)
(42,10)928865601(43,10)
(43,10)98063144(44,10)
(43,10)1240324281(43,11)
(45,10)921447842(45,11)
(46,10)427513068(47,10)
(46,10)678073726(46,11)
(0,11)251356044(0,12)
(1,11)249721425(1,12)
(2,11)175500215(2,12)
(4,11)1064249179(5,11)
(4,11)884047299(4,12)
(7,11)397471821(8,11)
(8,11)84673593(9,11)
(8,11)437065877(8,12)
(9,11)535129021(10,11)
(10,11)1109764513(11,11)
(11,11)1327704109(12,11)
(13,11)398010449(13,12)
(14,11)150752997(15,11)
(15,11)816786622(15,12)
(16,11)107273510(16,12)
(17,11)282773725(18,11)
(18,11)399129955(19,11)
(18,11)271140545(18,12)
(21,11)713777803(22,11)
(21,11)617325892(21,12)
(23,11)418098870(24,11)
(24,11)601562079(25,11)
(26,11)262321107(27,11)
(27,11)690603783(27,12)
(29,11)119340312(29,12)
(31,11)402861774(31,12)
(33,11)126291879(34,11)
(35,11)899556638(36,11)
(36,11)226487106(36,12)
(37,11)207520099(38,11)
(38,11)577100418(39,11)
(39,11)625618969(39,12)
(40,11)1178662498(40,12)
(41,11)742505442(42,11)
(41,11)892646653(41,12)
(44,11)66043290(45,11)
(44,11)524381020(44,12)
(45,11)841570097(45,12)
(46,11)1002170224(46,12)
(47,11)857321558(48,11)
(47,11)962905341(47,12)
(48,11)444836158(49,11)
(48,11)281479420(48,12)
(1,12)617213562(2,12)
(1,12)117609514(1,13)
(3,12)129817666(4,12)
(3,12)83064356(3,13)
(4,12)660164774(5,12)
(5,12)923134315(6,12)
(5,12)755436635(5,13)
(6,12)186799847(7,12)
(7,12)433849067(8,12)
(9,12)380552045(9,13)
(10,12)446595335(11,12)
(11,12)1392193378(12,12)
(11,12)414665976(11,13)
(13,12)158603470(14,12)
(13,12)207615072(13,13)
(14,12)652451230(15,12)
(16,12)348261691(16,13)
(17,12)270559258(18,12)
(17,12)127964107(17,13)
(18,12)211028463(19,12)
(18,12)1128757905(18,13)
(19,12)522145241(20,12)
(19,12)400376924(19,13)
(21,12)562536862(22,12)
(23,12)996385929(23,13)
(24,12)217640984(24,13)
(25,12)796193453(25,13)
(26,12)1210859430(27,12)
(27,12)1124815221(28,12)
(28,12)722473630(28,13)
(29,12)515567250(30,12)
(30,12)278151951(31,12)
(31,12)299123837(32,12)
(31,12)26317795(31,13)
(32,12)154281903(33,12)
(33,12)519252631(34,12)
(33,12)569683095(33,13)
(34,12)970060019(35,12)
(34,12)365310366(34,13)
(35,12)1041397872(35,13)
(36,12)339193781(37,12)
(38,12)647942748(39,12)
(39,12)396617262(39,13)
(40,12)1192810716(41,12)
(42,12)607293598(43,12)
(42,12)256186498(42,13)
(43,12)978660128(44,12)
(46,12)92348951(46,13)
(47,12)155690497(47,13)
(48,12)725373592(49,12)
(49,12)2096308(49,13)
(0,13)1695433611(1,13)
(1,13)1129157400(2,13)
(1,13)1043494180(1,14)
(3,13)847343229(4,13)
(3,13)780714219(3,14)
(4,13)687974971(4,14)
(5,13)210902965(6,13)
(5,13)1243960492(5,14)
(6,13)289287560(7,13)
(6,13)1306054042(6,14)
(7,13)859500779(8,13)
(8,13)187210670(9,13)
(8,13)545474058(8,14)
(10,13)1351959737(11,13)
(10,13)92915184(10,14)
(11,13)870877916(11,14)
(12,13)243939442(13,13)
(13,13)927152365(14,13)
(13,13)105172341(13,14)
(14,13)830545933(15,13)
(15,13)929248673(15,14)
(16,13)378495896(16,14)
(17,13)793094067(17,14)
(19,13)752179019(19,14)
(20,13)854981605(20,14)
(21,13)13552000(22,13)
(22,13)137943423(22,14)
(23,13)683417481(24,13)
(24,13)263331867(25,13)
(25,13)60068019(25,14)
(26,13)930945935(27,13)
(27,13)912116645(28,13)
(29,13)946168249(30,13)
(30,13)621034036(31,13)
(30,13)704584502(30,14)
(31,13)610104916(31,14)
(32,13)446293242(32,14)
(34,13)829523621(34,14)
(36,13)1362020355(37,13)
(36,13)1588751070(36,14)
(38,13)423626358(39,13)
(38,13)901278883(38,14)
(39,13)627748081(40,13)
(39,13)262628326(39,14)
(40,13)322696345(41,13)
(40,13)686958225(40,14)
(41,13)154766182(42,13)
(41,13)447132463(41,14)
(42,13)215998690(43,13)
(43,13)281044010(44,13)
(43,13)1066882827(43,14)
(44,13)758668189(45,13)
(44,13)90037259(44,14)
(45,13)794621761(46,13)
(48,13)718134699(49,13)
(48,13)1093032512(48,14)
(0,14)310746258(1,14)
(1,14)1459577712(2,14)
(1,14)587947481(1,15)
(4,14)703763071(4,15)
(7,14)128018409(8,14)
(9,14)1194901236(9,15)
(11,14)731817678(12,14)
(11,14)530964099(11,15)
(12,14)220797628(13,14)
(13,14)864299822(14,14)
(13,14)462036190(13,15)
(15,14)49568403(15,15)
(16,14)637515884(17,14)
(17,14)400996690(17,15)
(18,14)440000073(18,15)
(19,14)574155354(19,15)
(20,14)168008205(21,14)
(20,14)697441983(20,15)
(21,14)670694210(22,14)
(21,14)327790649(21,15)
(22,14)84557402(22,15)
(23,14)1254748879(24,14)
(23,14)798712619(23,15)
(25,14)558500718(25,15)
(26,14)1089464818(27,14)
(27,14)838003987(28,14)
(27,14)475122871(27,15)
(28,14)937159061(29,14)
(29,14)476608938(30,14)
(32,14)241904450(32,15)
(33,14)681904523(34,14)
(33,14)556210631(33,15)
(34,14)1130365985(35,14)
(36,14)5974668(37,14)
(37,14)450825132(37,15)
(39,14)490196824(39,15)
(41,14)747883942(42,14)
(44,14)1140708092(45,14)
(44,14)926621687(44,15)
(45,14)896467990(46,14)
(46,14)745096657(46,15)
(47,14)987001107(48,14)
(47,14)209747793(47,15)
(48,14)765958424(49,14)
(48,14)1014602617(48,15)
(0,15)97291556(0,16)
(2,15)1047214953(2,16)
(3,15)282662898(4,15)
(3,15)328247610(3,16)
(5,15)772859722(5,16)
(6,15)525969671(6,16)
(7,15)1273853614(8,15)
(7,15)603363919(7,16)
(8,15)592826544(9,15)
(9,15)965693487(10,15)
(9,15)712257896(9,16)
(11,15)268432573(12,15)
(11,15)595759936(11,16)
(12,15)450578997(12,16)
(13,15)478180366(13,16)
(14,15)658456917(14,16)
(15,15)755748474(16,15)
(15,15)959002087(15,16)
(16,15)158608089(17,15)
(16,15)992979553(16,16)
(17,15)633170952(17,16)
(18,15)961418563(19,15)
(19,15)175373756(19,16)
(20,15)391720276(20,16)
(22,15)227082800(23,15)
(22,15)622307094(22,16)
(23,15)287059423(24,15)
(23,15)44059914(23,16)
(24,15)756317810(25,15)
(24,15)819909344(24,16)
(25,15)191873928(26,15)
(26,15)461800150(26,16)
(27,15)912379147(28,15)
(27,15)460306501(27,16)
(29,15)3340416(30,15)
(29,15)202475604(29,16)
(30,15)35142011(30,16)
(31,15)1028121564(32,15)
(31,15)759088890(31,16)
(33,15)684274541(34,15)
(33,15)920832422(33,16)
(34,15)1096206178(35,15)
(34,15)206194758(34,16)
(35,15)597915034(36,15)
(36,15)990171786(37,15)
(37,15)519263102(38,15)
(39,15)806322526(39,16)
(40,15)168499058(40,16)
(41,15)630299208(42,15)
(41,15)81554211(41,16)
(42,15)541860712(43,15)
(43,15)1104988135(44,15)
(45,15)1108328551(45,16)
(46,15)759148004(46,16)
(47,15)396127507(47,16)
(49,15)616024679(49,16)
(0,16)265682459(1,16)
(0,16)1318388395(0,17)
(2,16)825165723(3,16)
(2,16)162638467(2,17)
(3,16)681901570(4,16)
(4,16)696606012(5,16)
(6,16)865105071(6,17)
(8,16)408031868(9,16)
(9,16)890598987(9,17)
(10,16)488269300(11,16)
(12,16)1247417304(12,17)
(14,16)821989181(15,16)
(18,16)307868134(18,17)
(19,16)202804796(20,16)
(20,16)1272952126(21,16)
(20,16)683668999(20,17)
(22,16)525284363(22,17)
(23,16)896694702(23,17)
(24,16)261624766(24,17)
(25,16)2520567(26,16)
(26,16)438448860(27,16)
(26,16)128079341(26,17)
(28,16)763935211(29,16)
(29,16)407180440(29,17)
(30,16)54888914(31,16)
(31,16)526112386(32,16)
(32,16)783506572(33,16)
(34,16)770569559(34,17)
(35,16)48264256(35,17)
(36,16)35685998(37,16)
(36,16)686619003(36,17)
(37,16)1211903367(38,16)
(37,16)855528981(37,17)
(39,16)150903661(40,16)
(39,16)602140955(39,17)
(41,16)153424228(41,17)
(42,16)400768764(42,17)
(43,16)748126064(43,17)
(44,16)1155306505(45,16)
(44,16)28781751(44,17)
(45,16)489503941(45,17)
(46,16)422888643(47,16)
(47,16)747786745(48,16)
(49,16)593246205(49,17)
(0,17)1183424254(1,17)
(1,17)641510461(1,18)
(2,17)677196459(3,17)
(3,17)934462976(4,17)
(4,17)566475355(4,18)
(5,17)717379016(6,17)
(6,17)988538780(6,18)
(7,17)361168198(8,17)
(7,17)870803245(7,18)
(8,17)135649785(9,17)
(9,17)1109294263(9,18)
(10,17)117117120(11,17)
(10,17)164431536(10,18)
(12,17)154539218(13,17)
(12,17)1327312539(12,18)
(14,17)1360934433(14,18)
(15,17)520861841(15,18)
(16,17)430686898(16,18)
(17,17)153246508(18,17)
(17,17)326651598(17,18)
(18,17)318416618(19,17)
(19,17)258560469(20,17)
(20,17)476829768(21,17)
(24,17)226439266(25,17)
(26,17)701759765(27,17)
(26,17)343556386(26,18)
(28,17)856298983(28,18)
(29,17)69749768(30,17)
(30,17)650729645(30,18)
(31,17)1081416544(32,17)
(32,17)1134235059(32,18)
(33,17)826320173(34,17)
(34,17)174888888(35,17)
(35,17)1084880643(35,18)
(36,17)651718657(36,18)
(37,17)479988613(38,17)
(37,17)576132023(37,18)
(39,17)60467522(39,18)
(40,17)1030576712(41,17)
(41,17)263272680(42,17)
(43,17)441151812(44,17)
(44,17)481306275(44,18)
(45,17)1132035920(46,17)
(45,17)510901580(45,18)
(47,17)343756687(48,17)
(47,17)65968816(47,18)
(49,17)1170076861(49,18)
(0,18)968150086(0,19)
(1,18)640821657(2,18)
(1,18)107473856(1,19)
(2,18)20810337(3,18)
(3,18)459744379(4,18)
(4,18)910230707(5,18)
(5,18)520211901(5,19)
(6,18)829947001(6,19)
(7,18)1093219681(8,18)
(7,18)675238817(7,19)
(8,18)1135641442(8,19)
(9,18)879877639(9,19)
(10,18)117536511(11,18)
(10,18)234384366(10,19)
(13,18)1432389103(13,19)
(14,18)585537324(15,18)
(14,18)774194637(14,19)
(16,18)948365544(17,18)
(17,18)235682733(17,19)
(18,18)969175881(18,19)
(19,18)602581782(20,18)
(19,18)353074578(19,19)
(20,18)873286480(21,18)
(20,18)215383473(20,19)
(22,18)358730933(23,18)
(22,18)276591445(22,19)
(24,18)111809024(24,19)
(25,18)346193391(26,18)
(25,18)841542494(25,19)
(26,18)781753681(27,18)
(27,18)315538797(28,18)
(28,18)997519133(29,18)
(28,18)345548130(28,19)
(30,18)827245313(31,18)
(31,18)714603843(31,19)
(32,18)950286576(33,18)
(33,18)597303091(34,18)
(34,18)255439342(34,19)
(35,18)470822815(36,18)
(36,18)468838500(36,19)
(37,18)745429945(38,18)
(39,18)10179185(39,19)
(40,18)851721680(41,18)
(40,18)230680294(40,19)
(41,18)1219160951(42,18)
(42,18)1265240368(43,18)
(44,18)115275853(44,19)
(45,18)951282611(45,19)
(46,18)200815039(46,19)
(47,18)1047479553(47,19)
(48,18)289956995(49,18)
(49,18)426245341(49,19)
(0,19)724128725(0,20)
(2,19)362023556(3,19)
(2,19)354347515(2,20)
(3,19)1099777460(4,19)
(3,19)563621181(3,20)
(5,19)810564778(6,19)
(6,19)154037623(6,20)
(7,19)363191468(7,20)
(9,19)760414675(9,20)
(10,19)133984401(11,19)
(11,19)83008846(11,20)
(12,19)334799441(12,20)
(13,19)163741690(14,19)
(13,19)194552258(13,20)
(14,19)484509253(15,19)
(14,19)70101035(14,20)
(15,19)794229760(16,19)
(16,19)68633598(17,19)
(16,19)370018268(16,20)
(17,19)724365783(18,19)
(18,19)405318833(19,19)
(18,19)430657155(18,20)
(20,19)328676162(20,20)
(21,19)482713785(22,19)
(22,19)1061061232(23,19)
(22,19)600810919(22,20)
(24,19)468843387(25,19)
(24,19)542009420(24,20)
(25,19)138233461(26,19)
(27,19)937627230(28,19)
(28,19)864627692(28,20)
(29,19)934728728(30,19)
(29,19)1101368920(29,20)
(31,19)334385945(32,19)
(33,19)43163057(34,19)
(33,19)1058751728(33,20)
(34,19)735411323(35,19)
(35,19)157167489(36,19)
(36,19)628337807(37,19)
(36,19)1522027565(36,20)
(37,19)639881274(37,20)
(38,19)348309986(39,19)
(39,19)83924811(40,19)
(40,19)1056559341(41,19)
(40,19)817153374(40,20)
(41,19)222158273(41,20)
(42,19)172291733(42,20)
(43,19)1036919426(44,19)
(43,19)210124745(43,20)
(45,19)1099174188(46,19)
(46,19)855365969(46,20)
(47,19)467871872(48,19)
(47,19)1433560133(47,20)
(48,19)344828213(49,19)
(48,19)976295487(48,20)
(49,19)511034929(49,20)
(0,20)804786814(0,21)
(1,20)441502973(1,21)
(2,20)454783453(2,21)
(3,20)430138290(4,20)
(4,20)611756172(4,21)
(5,20)695680983(6,20)
(5,20)306490437(5,21)
(6,20)619815290(6,21)
(7,20)917839256(7,21)
(8,20)425303695(9,20)
(9,20)424777290(10,20)
(9,20)102437550(9,21)
(11,20)511800746(12,20)
(11,20)248941796(11,21)
(12,20)121813537(12,21)
(14,20)142705444(15,20)
(14,20)630876630(14,21)
(17,20)250134099(17,21)
(18,20)464580444(18,21)
(19,20)1076336616(20,20)
(20,20)266873514(21,20)
(21,20)126963235(22,20)
(22,20)542373208(23,20)
(23,20)19276040(23,21)
(24,20)121713590(25,20)
(24,20)967676903(24,21)
(25,20)380303462(26,20)
(26,20)1535644805(26,21)
(27,20)892104208(27,21)
(28,20)689981440(29,20)
(29,20)99660103(29,21)
(30,20)1200380442(31,20)
(30,20)832686884(30,21)
(31,20)1265137814(31,21)
(32,20)595120105(32,21)
(33,20)1059700549(34,20)
(35,20)726905888(36,20)
(37,20)853869123(37,21)
(38,20)155460677(38,21)
(39,20)165870397(39,21)
(40,20)994858753(40,21)
(41,20)383019910(42,20)
(42,20)248061603(43,20)
(42,20)1152445441(42,21)
(43,20)351043181(44,20)
(44,20)938043043(44,21)
(45,20)180517551(45,21)
(48,20)813443631(48,21)
(49,20)700372157(49,21)
(0,21)516047229(1,21)
(1,21)612623814(2,21)
(1,21)688925675(1,22)
(2,21)302013144(3,21)
(2,21)181696824(2,22)
(4,21)192154452(5,21)
(4,21)457473821(4,22)
(6,21)1104085305(7,21)
(7,21)936568796(7,22)
(8,21)109047099(8,22)
(9,21)460090280(10,21)
(11,21)640607831(11,22)
(12,21)501233932(12,22)
(13,21)141905540(14,21)
(14,21)247101719(15,21)
(14,21)752223180(14,22)
(15,21)637941106(16,21)
(16,21)763148949(16,22)
(17,21)944845773(18,21)
(18,21)569574210(19,21)
(19,21)143206689(20,21)
(19,21)274631836(19,22)
(21,21)1723818091(21,22)
(22,21)512903239(23,21)
(22,21)874373602(22,22)
(24,21)686835409(25,21)
(27,21)496268123(28,21)
(28,21)400990076(29,21)
(29,21)627637893(30,21)
(29,21)638173663(29,22)
(30,21)648091795(30,22)
(32,21)368660272(33,21)
(32,21)864171085(32,22)
(33,21)549903953(34,21)
(33,21)208602869(33,22)
(34,21)483234706(35,21)
(35,21)693110643(35,22)
(36,21)269445086(37,21)
(36,21)253523003(36,22)
(38,21)725029055(39,21)
(38,21)782348325(38,22)
(39,21)332398315(40,21)
(41,21)1406898655(42,21)
(42,21)1128797604(43,21)
(44,21)393856793(45,21)
(45,21)30395828(46,21)
(46,21)965127762(47,21)
(47,21)590995591(48,21)
(49,21)1140899544(49,22)
(0,22)124538870(0,23)
(2,22)239513503(2,23)
(3,22)1178239734(3,23)
(4,22)738319950(4,23)
(5,22)1070718265(6,22)
(6,22)591104760(7,22)
(7,22)427064613(8,22)
(7,22)928356364(7,23)
(9,22)1006995435(10,22)
(9,22)182747744(9,23)
(10,22)576604537(11,22)
(12,22)303429043(12,23)
(13,22)894424634(14,22)
(13,22)764006754(13,23)
(14,22)266762548(15,22)
(14,22)857976347(14,23)
(16,22)252753048(16,23)
(17,22)492266551(18,22)
(17,22)659533585(17,23)
(19,22)268658646(20,22)
(21,22)613724419(22,22)
(22,22)120249628(23,22)
(24,22)29919949(24,23)
(25,22)281654243(25,23)
(26,22)988198441(27,22)
(27,22)791748132(27,23)
(28,22)512386753(28,23)
(29,22)850511344(29,23)
(30,22)738351875(31,22)
(31,22)205394670(31,23)
(32,22)312718946(32,23)
(33,22)420053385(33,23)
(34,22)132246397(35,22)
(34,22)555217928(34,23)
(35,22)1292741(36,22)
(35,22)111716288(35,23)
(37,22)662741067(38,22)
(37,22)615017161(37,23)
(39,22)1601262778(40,22)
(40,22)219054118(41,22)
(40,22)731859323(40,23)
(41,22)384516989(42,22)
(41,22)923157081(41,23)
(43,22)340603699(43,23)
(44,22)1123176452(44,23)
(45,22)798210239(46,22)
(45,22)942518765(45,23)
(46,22)1147913436(47,22)
(47,22)94702217(48,22)
(47,22)725997073(47,23)
(48,22)1146050459(49,22)
(0,23)1278296856(1,23)
(0,23)420575972(0,24)
(1,23)421868713(2,23)
(1,23)49476148(1,24)
(2,23)306496384(2,24)
(3,23)969237451(4,23)
(4,23)545208420(5,23)
(5,23)378207660(6,23)
(5,23)906637326(5,24)
(8,23)868786307(9,23)
(8,23)185460355(8,24)
(10,23)1045819828(11,23)
(11,23)642689351(12,23)
(11,23)700134785(11,24)
(12,23)827803100(12,24)
(14,23)367253235(15,23)
(15,23)860265177(15,24)
(16,23)909741325(17,23)
(17,23)408367302(17,24)
(18,23)262827025(18,24)
(19,23)1187255555(20,23)
(19,23)773800278(19,24)
(21,23)1120045693(22,23)
(22,23)719344308(23,23)
(22,23)658645400(22,24)
(23,23)634146778(23,24)
(24,23)488851562(25,23)
(25,23)601721775(25,24)
(26,23)1301856560(27,23)
(27,23)214990843(28,23)
(28,23)1002421133(28,24)
(29,23)568343750(30,23)
(31,23)554842339(31,24)
(32,23)760019014(32,24)
(33,23)966384362(33,24)
(34,23)260979170(34,24)
(35,23)103957120(36,23)
(35,23)62617947(35,24)
(37,23)1224002813(37,24)
(38,23)199941822(38,24)
(39,23)628406105(39,24)
(40,23)199517505(40,24)
(42,23)1001013949(43,23)
(42,23)384500792(42,24)
(44,23)939192252(45,23)
(44,23)150032157(44,24)
(46,23)362624366(47,23)
(46,23)789469941(46,24)
(47,23)828125134(47,24)
(48,23)1325834007(48,24)
(49,23)424851348(49,24)
(1,24)487469295(1,25)
(3,24)297165787(4,24)
(4,24)477955406(5,24)
(4,24)168008631(4,25)
(6,24)8216124(7,24)
(7,24)264178160(8,24)
(8,24)392716916(8,25)
(9,24)65874251(9,25)
(10,24)1005066503(11,24)
(13,24)379787133(13,25)
(14,24)26812982(15,24)
(15,24)567725124(16,24)
(17,24)111011774(17,25)
(18,24)878301237(19,24)
(19,24)97454188(20,24)
(19,24)76571048(19,25)
(20,24)1002142941(21,24)
(23,24)150424066(23,25)
(24,24)216298318(25,24)
(24,24)523173793(24,25)
(25,24)408532192(26,24)
(26,24)475168396(27,24)
(27,24)868417618(28,24)
(28,24)339981324(29,24)
(28,24)277729982(28,25)
(29,24)1406125576(30,24)
(30,24)366794306(30,25)
(34,24)815680063(34,25)
(35,24)24453058(36,24)
(36,24)491453380(36,25)
(38,24)61123031(39,24)
(38,24)73562831(38,25)
(39,24)596736624(40,24)
(40,24)277421349(40,25)
(41,24)1005268816(41,25)
(42,24)120320703(42,25)
(43,24)398050685(44,24)
(43,24)219720141(43,25)
(44,24)137195865(45,24)
(47,24)1028828614(48,24)
(48,24)718312158(49,24)
(49,24)311038095(49,25)
(0,25)207622597(1,25)
(0,25)236118556(0,26)
(1,25)260571615(2,25)
(3,25)53404775(4,25)
(3,25)171270580(3,26)
(4,25)232393611(5,25)
(5,25)810809554(5,26)
(6,25)455961861(7,25)
(6,25)509814961(6,26)
(8,25)576282564(8,26)
(9,25)974333250(10,25)
(9,25)80837625(9,26)
(10,25)218033490(11,25)
(10,25)775409010(10,26)
(11,25)300164000(12,25)
(11,25)631025864(11,26)
(12,25)114085530(13,25)
(13,25)775443146(14,25)
(14,25)176565279(15,25)
(16,25)384187876(16,26)
(17,25)31214195(17,26)
(18,25)202484775(19,25)
(19,25)951063578(20,25)
(20,25)434878386(20,26)
(21,25)597780080(21,26)
(22,25)255956397(22,26)
(23,25)805810831(23,26)
(24,25)886648457(25,25)
(24,25)719730077(24,26)
(26,25)290114427(27,25)
(26,25)1104681947(26,26)
(27,25)851296479(28,25)
(28,25)1253556208(29,25)
(28,25)404199958(28,26)
(30,25)565737219(31,25)
(32,25)1342920226(32,26)
(33,25)1096520279(34,25)
(33,25)750089569(33,26)
(35,25)377943918(36,25)
(36,25)497880290(37,25)
(39,25)319892118(40,25)
(39,25)627464444(39,26)
(40,25)286553008(41,25)
(42,25)576667435(42,26)
(43,25)676107685(43,26)
(44,25)155363662(45,25)
(44,25)568923204(44,26)
(45,25)919591375(45,26)
(46,25)628957936(47,25)
(46,25)721100881(46,26)
(48,25)268476328(49,25)
(48,25)369538693(48,26)
(0,26)7750879(1,26)
(0,26)312604224(0,27)
(1,26)690548142(2,26)
(1,26)913157948(1,27)
(4,26)1011200279(4,27)
(6,26)256262900(7,26)
(6,26)714279115(6,27)
(7,26)539090320(8,26)
(7,26)998639954(7,27)
(8,26)314006950(9,26)
(8,26)832930336(8,27)
(9,26)1215198005(9,27)
(11,26)734491198(12,26)
(11,26)585905456(11,27)
(13,26)252877957(13,27)
(14,26)521354286(15,26)
(15,26)873774099(15,27)
(16,26)529105165(16,27)
(17,26)76125130(18,26)
(17,26)440070805(17,27)
(18,26)305772565(19,26)
(20,26)152438774(20,27)
(21,26)866717889(22,26)
(22,26)96451971(23,26)
(23,26)477273707(24,26)
(24,26)473522567(25,26)
(24,26)410458922(24,27)
(25,26)143587788(25,27)
(26,26)729493245(27,26)
(28,26)133274585(29,26)
(30,26)375269949(31,26)
(30,26)654628871(30,27)
(32,26)14718348(32,27)
(33,26)1065204986(34,26)
(34,26)678229744(35,26)
(35,26)979408254(35,27)
(36,26)77220272(37,26)
(36,26)66310214(36,27)
(37,26)748314123(37,27)
(38,26)6638685(39,26)
(38,26)173672243(38,27)
(39,26)584131165(40,26)
(39,26)187927292(39,27)
(40,26)331515081(41,26)
(40,26)480161252(40,27)
(41,26)176761839(42,26)
(43,26)857881316(44,26)
(45,26)398336678(46,26)
(45,26)91672744(45,27)
(46,26)1222470482(47,26)
(48,26)694446232(49,26)
(48,26)645855378(48,27)
(49,26)774230460(49,27)
(0,27)375012838(0,28)
(1,27)256609073(2,27)
(3,27)1149639776(4,27)
(3,27)1004923196(3,28)
(4,27)1011561881(5,27)
(5,27)441178748(6,27)
(7,27)171215342(7,28)
(8,27)582606827(8,28)
(10,27)805063477(11,27)
(12,27)607147722(13,27)
(12,27)499370603(12,28)
(13,27)208396077(14,27)
(14,27)52726347(15,27)
(15,27)982626538(15,28)
(16,27)588781605(17,27)
(17,27)716904866(18,27)
(18,27)742064560(19,27)
(18,27)272156944(18,28)
(19,27)129204526(20,27)
(21,27)570383274(21,28)
(22,27)578226564(22,28)
(23,27)618867251(23,28)
(24,27)523247181(24,28)
(25,27)48603553(26,27)
(25,27)453837887(25,28)
(26,27)762473380(26,28)
(27,27)1261843983(28,27)
(28,27)445662848(28,28)
(29,27)1470240061(29,28)
(30,27)305382951(31,27)
(31,27)808705389(32,27)
(32,27)916339602(33,27)
(32,27)894164556(32,28)
(33,27)1166321500(34,27)
(36,27)153815663(36,28)
(37,27)214929235(37,28)
(38,27)460024270(38,28)
(40,27)199229858(41,27)
(40,27)791206390(40,28)
(42,27)37744984(42,28)
(43,27)483407833(44,27)
(43,27)668040106(43,28)
(44,27)334748325(44,28)
(45,27)34590133(45,28)
(46,27)296179470(46,28)
(47,27)526756779(47,28)
(49,27)209181878(49,28)
(0,28)1149554635(1,28)
(1,28)758111797(2,28)
(2,28)1303370299(2,29)
(3,28)973041032(3,29)
(4,28)1683157827(4,29)
(5,28)518945631(6,28)
(6,28)450560261(6,29)
(8,28)407508594(9,28)
(9,28)353703525(10,28)
(9,28)524796489(9,29)
(10,28)515593008(11,28)
(11,28)460308310(12,28)
(11,28)388293658(11,29)
(12,28)811772478(12,29)
(13,28)987065089(13,29)
(14,28)891948476(15,28)
(15,28)1078291199(16,28)
(15,28)63814734(15,29)
(17,28)1197389762(18,28)
(18,28)661960381(19,28)
(18,28)644172548(18,29)
(19,28)179846728(20,28)
(19,28)1085318641(19,29)
(20,28)321314252(20,29)
(21,28)698792359(21,29)
(22,28)102129346(23,28)
(22,28)551190198(22,29)
(23,28)421485890(24,28)
(24,28)509637941(24,29)
(25,28)775189415(25,29)
(27,28)333309225(28,28)
(28,28)551784612(29,28)
(28,28)618081456(28,29)
(29,28)55324166(30,28)
(29,28)187942082(29,29)
(30,28)251756816(31,28)
(31,28)1133615366(31,29)
(32,28)822534715(33,28)
(33,28)316968356(34,28)
(33,28)387658666(33,29)
(35,28)496815084(35,29)
(36,28)44133149(36,29)
(37,28)595323347(38,28)
(37,28)430200214(37,29)
(39,28)1016809237(39,29)
(40,28)64774850(40,29)
(41,28)911785943(41,29)
(42,28)476505465(43,28)
(42,28)807998078(42,29)
(44,28)107562904(45,28)
(45,28)324539517(46,28)
(46,28)467535419(47,28)
(46,28)359319721(46,29)
(47,28)32115528(48,28)
(49,28)349083884(49,29)
(0,29)627081582(0,30)
(1,29)285407283(2,29)
(1,29)845898968(1,30)
(3,29)715607498(3,30)
(4,29)1191759553(4,30)
(5,29)851650635(6,29)
(5,29)884226480(5,30)
(6,29)528741485(7,29)
(8,29)92458396(9,29)
(9,29)615335449(10,29)
(12,29)416790921(13,29)
(13,29)960096412(13,30)
(14,29)862563499(15,29)
(15,29)186458990(16,29)
(15,29)45744269(15,30)
(16,29)891643238(17,29)
(16,29)90524245(16,30)
(17,29)471866273(17,30)
(18,29)785666001(18,30)
(20,29)114261864(21,29)
(21,29)506158544(22,29)
(22,29)297545472(23,29)
(22,29)643003349(22,30)
(24,29)390003868(24,30)
(25,29)447594713(25,30)
(26,29)396850216(27,29)
(26,29)434570967(26,30)
(27,29)99115824(28,29)
(27,29)808556685(27,30)
(28,29)813641137(28,30)
(29,29)373018545(30,29)
(30,29)483732948(30,30)
(31,29)574257193(32,29)
(31,29)559477535(31,30)
(32,29)1031343808(33,29)
(34,29)71333932(34,30)
(35,29)885762665(36,29)
(38,29)1176121162(39,29)
(38,29)180425991(38,30)
(39,29)570429859(40,29)
(40,29)204029907(41,29)
(40,29)157983346(40,30)
(41,29)592554314(42,29)
(42,29)600880123(42,30)
(43,29)691670138(43,30)
(44,29)487446347(45,29)
(44,29)363424687(44,30)
(46,29)199533693(47,29)
(46,29)328966825(46,30)
(47,29)1062130542(48,29)
(49,29)433476612(49,30)
(0,30)525200879(1,30)
(0,30)1302211433(0,31)
(1,30)40490450(2,30)
(4,30)461049174(5,30)
(5,30)268500957(6,30)
(6,30)619032521(6,31)
(7,30)202199511(7,31)
(8,30)944454749(9,30)
(8,30)291894615(8,31)
(10,30)243219672(11,30)
(11,30)7553424(12,30)
(12,30)572186497(12,31)
(14,30)1(15,30)
(14,30)1(14,31)
(16,30)1164975646(16,31)
(17,30)971349106(18,30)
(18,30)1220203347(18,31)
(19,30)918274445(20,30)
(19,30)701898496(19,31)
(20,30)188883080(21,30)
(21,30)189627524(22,30)
(21,30)1186775402(21,31)
(23,30)171792186(24,30)
(24,30)185946015(24,31)
(28,30)782863481(29,30)
(28,30)475718527(28,31)
(31,30)440130246(32,30)
(31,30)889245474(31,31)
(32,30)713863290(33,30)
(32,30)934611840(32,31)
(33,30)7331539(34,30)
(35,30)925605984(35,31)
(36,30)154777280(36,31)
(37,30)34674852(38,30)
(38,30)984846005(39,30)
(39,30)206467038(39,31)
(41,30)886160471(41,31)
(42,30)240055700(43,30)
(42,30)1014387901(42,31)
(44,30)531211199(45,30)
(45,30)298073782(46,30)
(45,30)447740889(45,31)
(47,30)697876640(48,30)
(47,30)738204028(47,31)
(48,30)2199733(49,30)
(49,30)705208180(49,31)
(1,31)1268262894(2,31)
(2,31)122871214(2,32)
(3,31)157546066(4,31)
(3,31)851894540(3,32)
(4,31)802100908(4,32)
(5,31)194435927(6,31)
(5,31)364013104(5,32)
(6,31)301204557(7,31)
(7,31)1078164335(8,31)
(9,31)658215240(10,31)
(9,31)150148290(9,32)
(10,31)196087632(10,32)
(11,31)494161414(12,31)
(12,31)295458844(13,31)
(12,31)444624289(12,32)
(14,31)1234565176(15,31)
(14,31)1(14,32)
(17,31)1193862868(17,32)
(18,31)779267882(18,32)
(19,31)1581368790(20,31)
(22,31)708917468(23,31)
(22,31)810403(22,32)
(23,31)349301932(23,32)
(24,31)499450222(25,31)
(25,31)78173552(26,31)
(26,31)933090583(27,31)
(27,31)572334966(27,32)
(29,31)620451283(29,32)
(30,31)320676745(31,31)
(30,31)891781937(30,32)
(32,31)399353471(33,31)
(33,31)283500606(34,31)
(34,31)608080464(35,31)
(34,31)297627232(34,32)
(36,31)307686310(36,32)
(37,31)308496713(38,31)
(38,31)54624286(38,32)
(40,31)5047643(40,32)
(41,31)14883757(41,32)
(42,31)587218724(43,31)
(42,31)237640966(42,32)
(43,31)663807708(43,32)
(44,31)244435485(44,32)
(45,31)1136217423(46,31)
(45,31)746081022(45,32)
(48,31)208178896(49,31)
(48,31)350925097(48,32)
(49,31)1392669067(49,32)
(0,32)816259360(1,32)
(0,32)648552329(0,33)
(1,32)533710220(2,32)
(2,32)455761633(3,32)
(4,32)510385919(4,33)
(5,32)447096124(6,32)
(5,32)909858312(5,33)
(6,32)214408694(7,32)
(7,32)386508127(8,32)
(7,32)461979882(7,33)
(8,32)452049660(8,33)
(10,32)187091179(11,32)
(11,32)282367866(12,32)
(11,32)516837428(11,33)
(12,32)468409054(13,32)
(13,32)753711730(14,32)
(14,32)1(14,33)
(15,32)1467886480(16,32)
(16,32)1108951965(17,32)
(16,32)242497297(16,33)
(19,32)651401704(19,33)
(20,32)887205538(20,33)
(21,32)87856310(22,32)
(21,32)374711994(21,33)
(23,32)80234723(24,32)
(23,32)474364437(23,33)
(24,32)1885890482(24,33)
(25,32)1032040925(26,32)
(26,32)367828557(27,32)
(28,32)532467832(29,32)
(28,32)836237611(28,33)
(31,32)201203067(32,32)
(31,32)975974595(31,33)
(32,32)830087648(33,32)
(33,32)487621870(34,32)
(34,32)71564091(35,32)
(34,32)374206409(34,33)
(35,32)1261411948(36,32)
(35,32)415237739(35,33)
(36,32)789949733(37,32)
(37,32)1261009169(38,32)
(39,32)1341243892(39,33)
(40,32)1192235021(41,32)
(40,32)1200829321(40,33)
(41,32)765117125(42,32)
(41,32)249605721(41,33)
(43,32)248817542(44,32)
(46,32)732880252(47,32)
(47,32)968322876(48,32)
(47,32)108907534(47,33)
(1,33)1051102609(2,33)
(2,33)513648571(3,33)
(3,33)346983640(4,33)
(3,33)252887220(3,34)
(6,33)732978906(7,33)
(8,33)1023991562(9,33)
(8,33)145558837(8,34)
(9,33)394376380(10,33)
(10,33)972990260(10,34)
(11,33)880694727(12,33)
(11,33)151282037(11,34)
(13,33)524192102(14,33)
(13,33)989602261(13,34)
(14,33)1(15,33)
(14,33)299646541(14,34)
(15,33)1(16,33)
(16,33)1(16,34)
(17,33)1140439812(17,34)
(18,33)70000610(18,34)
(19,33)62807143(20,33)
(20,33)1240491838(21,33)
(21,33)304745241(22,33)
(23,33)52244307(23,34)
(25,33)730137343(26,33)
(25,33)365922314(25,34)
(26,33)517204351(27,33)
(27,33)1134982715(28,33)
(28,33)452950683(29,33)
(30,33)971622865(30,34)
(32,33)783306548(33,33)
(33,33)296209724(33,34)
(34,33)29149932(34,34)
(36,33)454166280(37,33)
(36,33)1088965868(36,34)
(37,33)914952965(38,33)
(38,33)1334805449(38,34)
(39,33)1091952533(40,33)
(39,33)886498900(39,34)
(41,33)913824195(42,33)
(42,33)1285438299(43,33)
(43,33)1023508558(44,33)
(45,33)562528200(46,33)
(45,33)577038092(45,34)
(46,33)219904828(47,33)
(46,33)904842448(46,34)
(48,33)1003211376(48,34)
(49,33)923719522(49,34)
(0,34)1032361308(0,35)
(1,34)236390892(2,34)
(2,34)411389964(3,34)
(2,34)739623234(2,35)
(4,34)1453668497(5,34)
(5,34)690664298(6,34)
(5,34)393591452(5,35)
(6,34)788379203(6,35)
(7,34)365270527(7,35)
(8,34)1268154584(8,35)
(9,34)144179495(10,34)
(10,34)1016541091(11,34)
(11,34)721217587(11,35)
(12,34)941122415(13,34)
(15,34)503158270(15,35)
(16,34)460381954(17,34)
(16,34)1(16,35)
(18,34)810768060(19,34)
(18,34)871771918(18,35)
(19,34)470483683(20,34)
(20,34)116952909(20,35)
(21,34)905332112(22,34)
(22,34)901792931(22,35)
(23,34)22463867(24,34)
(23,34)460051862(23,35)
(24,34)1029643687(24,35)
(25,34)123774199(26,34)
(25,34)166643362(25,35)
(26,34)887860949(27,34)
(27,34)706535857(28,34)
(29,34)285974605(29,35)
(30,34)789132875(31,34)
(30,34)55364544(30,35)
(31,34)818321218(32,34)
(31,34)307561310(31,35)
(33,34)173417478(33,35)
(34,34)36448065(34,35)
(35,34)153400975(36,34)
(35,34)444286783(35,35)
(36,34)438870203(36,35)
(37,34)1058733087(37,35)
(38,34)984369626(38,35)
(40,34)1434879824(40,35)
(41,34)220032142(42,34)
(42,34)270147666(42,35)
(43,34)926567999(43,35)
(44,34)861285660(44,35)
(47,34)1103706661(48,34)
(48,34)1110722206(48,35)
(49,34)1077509760(49,35)
(0,35)943995192(1,35)
(0,35)1147170271(0,36)
(1,35)1300571246(2,35)
(2,35)979747660(3,35)
(3,35)576044882(4,35)
(3,35)211820686(3,36)
(6,35)1018001812(6,36)
(7,35)1238033954(8,35)
(9,35)17118305(9,36)
(10,35)305489605(10,36)
(11,35)973250891(11,36)
(12,35)710809443(13,35)
(13,35)1(14,35)
(13,35)1(13,36)
(14,35)1(15,35)
(15,35)1(16,35)
(16,35)491898410(17,35)
(17,35)749909776(18,35)
(18,35)186126557(19,35)
(19,35)1325954658(19,36)
(20,35)1117642894(21,35)
(21,35)787250358(22,35)
(21,35)971443012(21,36)
(22,35)644910180(23,35)
(22,35)291617847(22,36)
(24,35)89114125(24,36)
(25,35)394603730(26,35)
(26,35)104761357(27,35)
(27,35)60948972(28,35)
(28,35)278887475(29,35)
(29,35)489618802(30,35)
(29,35)101024726(29,36)
(31,35)216464693(32,35)
(33,35)1034671073(34,35)
(33,35)966374470(33,36)
(34,35)144845480(35,35)
(35,35)175467134(35,36)
(36,35)1146910147(37,35)
(39,35)1289846687(39,36)
(40,35)421357154(41,35)
(41,35)128054534(41,36)
(42,35)526118511(42,36)
(43,35)838533246(43,36)
(44,35)939557973(45,35)
(45,35)725622214(46,35)
(46,35)10684566(46,36)
(47,35)942086907(47,36)
(48,35)132320841(48,36)
(49,35)608380642(49,36)
(1,36)696624748(2,36)
(1,36)783847777(1,37)
(2,36)1168311585(2,37)
(3,36)574934159(4,36)
(3,36)576909508(3,37)
(4,36)334994932(5,36)
(6,36)138654352(7,36)
(7,36)765583601(8,36)
(8,36)1033914368(9,36)
(8,36)664772864(8,37)
(10,36)396191172(11,36)
(10,36)910116270(10,37)
(12,36)537464538(13,36)
(12,36)406875738(12,37)
(13,36)1(13,37)
(14,36)191319473(15,36)
(14,36)669785379(14,37)
(15,36)125892077(16,36)
(15,36)588965950(15,37)
(16,36)97142683(16,37)
(17,36)822516825(17,37)
(18,36)1156088003(18,37)
(19,36)583698958(20,36)
(23,36)213629194(24,36)
(23,36)340520546(23,37)
(24,36)67791381(24,37)
(25,36)977907651(26,36)
(25,36)72607722(25,37)
(26,36)193344918(26,37)
(27,36)466162487(27,37)
(28,36)152875256(28,37)
(29,36)822660635(30,36)
(29,36)580805964(29,37)
(31,36)948552713(31,37)
(32,36)395101993(32,37)
(33,36)302937007(33,37)
(34,36)1023012224(34,37)
(35,36)609949842(36,36)
(37,36)184886787(37,37)
(38,36)525407333(39,36)
(38,36)913526686(38,37)
(39,36)981318067(40,36)
(40,36)322561078(40,37)
(41,36)515905996(42,36)
(42,36)277904558(43,36)
(42,36)1004031376(42,37)
(43,36)1156906632(44,36)
(45,36)114748845(46,36)
(46,36)780636332(47,36)
(46,36)719220883(46,37)
(47,36)1114322876(48,36)
(47,36)1299715232(47,37)
(48,36)404222223(48,37)
(49,36)518029224(49,37)
(0,37)1427234447(0,38)
(1,37)505434530(1,38)
(2,37)237600555(3,37)
(3,37)74587428(3,38)
(4,37)599994761(5,37)
(4,37)1151127241(4,38)
(5,37)1275450818(5,38)
(6,37)516587828(7,37)
(6,37)922555839(6,38)
(8,37)74608290(9,37)
(9,37)530042188(10,37)
(9,37)407104841(9,38)
(10,37)1249017080(10,38)
(11,37)362125807(11,38)
(12,37)675774693(12,38)
(13,37)1(13,38)
(15,37)160643145(15,38)
(16,37)666077675(17,37)
(17,37)426714268(18,37)
(17,37)716435803(17,38)
(18,37)791023231(19,37)
(18,37)903678231(18,38)
(19,37)386152150(19,38)
(20,37)1391017992(20,38)
(21,37)166090183(22,37)
(22,37)30707148(22,38)
(26,37)296010700(27,37)
(27,37)496501715(28,37)
(27,37)228894865(27,38)
(28,37)744892375(29,37)
(29,37)838273555(30,37)
(29,37)139115636(29,38)
(30,37)299758781(31,37)
(30,37)716058477(30,38)
(31,37)138234956(32,37)
(32,37)233960872(33,37)
(33,37)564949224(33,38)
(34,37)951101374(35,37)
(35,37)268518447(36,37)
(36,37)465220695(36,38)
(37,37)495927843(38,37)
(37,37)434608630(37,38)
(39,37)1121702723(40,37)
(41,37)1724060885(42,37)
(42,37)215726529(43,37)
(42,37)129666140(42,38)
(43,37)73078952(43,38)
(44,37)212194589(45,37)
(45,37)259228887(45,38)
(46,37)511953370(46,38)
(48,37)232377913(49,37)
(48,37)10714828(48,38)
(49,37)1199820867(49,38)
(0,38)1035698931(0,39)
(1,38)829173732(1,39)
(2,38)350810082(3,38)
(5,38)683136373(6,38)
(6,38)1386353225(6,39)
(7,38)962930462(8,38)
(7,38)669968036(7,39)
(8,38)885694565(9,38)
(9,38)1036009415(9,39)
(10,38)1248204004(11,38)
(13,38)1090463554(14,38)
(13,38)1(13,39)
(15,38)1(16,38)
(15,38)1(15,39)
(16,38)1(16,39)
(19,38)884218237(20,38)
(20,38)742167346(20,39)
(21,38)1567354610(21,39)
(22,38)89838998(23,38)
(22,38)1584638501(22,39)
(23,38)943967386(23,39)
(24,38)975533564(24,39)
(25,38)674363386(26,38)
(25,38)726066449(25,39)
(26,38)266486976(27,38)
(27,38)693370884(28,38)
(30,38)73152993(30,39)
(31,38)384462439(32,38)
(32,38)942944639(33,38)
(32,38)751126069(32,39)
(33,38)196988221(33,39)
(34,38)1(35,38)
(34,38)1(34,39)
(35,38)1(36,38)
(36,38)1(37,38)
(37,38)1(37,39)
(38,38)320355206(38,39)
(39,38)1295888770(40,38)
(39,38)595272530(39,39)
(40,38)1554273785(40,39)
(41,38)487487295(42,38)
(43,38)1171487416(44,38)
(44,38)670478284(44,39)
(45,38)743631277(46,38)
(45,38)83038189(45,39)
(46,38)596360532(46,39)
(47,38)1128093716(47,39)
(48,38)301121845(48,39)
(0,39)355730820(0,40)
(1,39)1152507142(2,39)
(2,39)167591415(3,39)
(2,39)1044982986(2,40)
(3,39)195380707(4,39)
(4,39)487946621(4,40)
(5,39)790653237(5,40)
(6,39)911407509(6,40)
(8,39)1331759348(9,39)
(9,39)576338291(10,39)
(9,39)432269335(9,40)
(11,39)598385261(12,39)
(11,39)659376480(11,40)
(12,39)17553686(13,39)
(13,39)1(14,39)
(14,39)1(15,39)
(14,39)318675532(14,40)
(15,39)172271752(15,40)
(16,39)109346959(17,39)
(16,39)1(16,40)
(18,39)276938374(18,40)
(19,39)764884995(20,39)
(20,39)966883957(20,40)
(21,39)401236738(21,40)
(23,39)1129702622(23,40)
(24,39)1192116338(24,40)
(25,39)1046870322(26,39)
(26,39)1(27,39)
(26,39)1(26,40)
(27,39)1(28,39)
(28,39)1(28,40)
(29,39)913170454(30,39)
(31,39)69178271(32,39)
(34,39)1(35,39)
(34,39)729273239(34,40)
(35,39)1(35,40)
(36,39)355575798(36,40)
(37,39)1(38,39)
(38,39)409183989(39,39)
(38,39)1(38,40)
(41,39)487638912(42,39)
(42,39)434990702(43,39)
(42,39)127683840(42,40)
(43,39)722178762(44,39)
(43,39)849960714(43,40)
(44,39)110640658(45,39)
(46,39)1075442375(47,39)
(48,39)764275768(49,39)
(48,39)194965380(48,40)
(0,40)1147984547(1,40)
(0,40)924238619(0,41)
(1,40)472912167(2,40)
(2,40)474608829(3,40)
(2,40)1503560345(2,41)
(4,40)161577524(5,40)
(6,40)979432187(7,40)
(7,40)472888735(8,40)
(7,40)408144(7,41)
(8,40)435398846(9,40)
(10,40)1433490108(11,40)
(12,40)245119085(13,40)
(12,40)977082463(12,41)
(13,40)62973473(14,40)
(14,40)440084465(14,41)
(16,40)1(17,40)
(16,40)913800404(16,41)
(17,40)1(18,40)
(18,40)1(18,41)
(19,40)252284991(20,40)
(20,40)1346594768(21,40)
(22,40)178543307(22,41)
(23,40)1285659334(24,40)
(23,40)61861221(23,41)
(25,40)967470476(25,41)
(26,40)137147187(27,40)
(26,40)1(26,41)
(28,40)287221228(29,40)
(28,40)1(28,41)
(30,40)1(31,40)
(30,40)1(30,41)
(31,40)966837490(32,40)
(31,40)1(31,41)
(33,40)215670215(34,40)
(35,40)922293227(36,40)
(35,40)1(35,41)
(36,40)353730898(36,41)
(37,40)532274205(38,40)
(37,40)511265713(37,41)
(38,40)1(39,40)
(39,40)1(40,40)
(40,40)1(41,40)
(41,40)481071088(42,40)
(41,40)1(41,41)
(42,40)775067555(42,41)
(43,40)1157333827(44,40)
(44,40)121933992(44,41)
(45,40)174971077(46,40)
(46,40)223551035(46,41)
(47,40)1141808567(47,41)
(48,40)231039511(49,40)
(0,41)918903435(0,42)
(1,41)43402615(1,42)
(3,41)124180744(4,41)
(3,41)204978728(3,42)
(4,41)778105662(5,41)
(6,41)432551004(7,41)
(6,41)588459619(6,42)
(7,41)620736651(7,42)
(8,41)455449415(9,41)
(9,41)217468738(10,41)
(10,41)577383407(10,42)
(11,41)752354484(12,41)
(11,41)49669656(11,42)
(13,41)178922426(14,41)
(15,41)440297054(16,41)
(17,41)955284744(18,41)
(17,41)134010069(17,42)
(18,41)1(19,41)
(19,41)1(20,41)
(20,41)1(21,41)
(21,41)1(21,42)
(22,41)1243190597(23,41)
(22,41)1306647129(22,42)
(23,41)366782040(24,41)
(23,41)627601137(23,42)
(25,41)128539771(26,41)
(26,41)1(27,41)
(26,41)126629429(26,42)
(27,41)1(27,42)
(28,41)1(29,41)
(28,41)554981182(28,42)
(29,41)1(30,41)
(29,41)1124697087(29,42)
(30,41)605292575(30,42)
(31,41)1(31,42)
(32,41)1(33,41)
(32,41)1(32,42)
(33,41)1(34,41)
(34,41)1(34,42)
(35,41)1(35,42)
(36,41)582549843(36,42)
(38,41)144953099(39,41)
(38,41)717837477(38,42)
(39,41)268993841(40,41)
(39,41)108495364(39,42)
(40,41)692746142(41,41)
(41,41)1(41,42)
(42,41)1278427869(43,41)
(43,41)748392421(43,42)
(45,41)363810456(46,41)
(46,41)327210767(47,41)
(46,41)604672782(46,42)
(47,41)184997589(47,42)
(48,41)961469466(49,41)
(48,41)977892691(48,42)
(49,41)1582956167(49,42)
(0,42)669923184(1,42)
(1,42)435149100(1,43)
(2,42)1252473027(2,43)
(3,42)994186351(4,42)
(4,42)627633456(4,43)
(5,42)896627298(6,42)
(8,42)425105132(9,42)
(8,42)974610786(8,43)
(9,42)708774898(10,42)
(10,42)183623013(10,43)
(11,42)547433469(12,42)
(11,42)519313810(11,43)
(13,42)1280455669(14,42)
(13,42)732431058(13,43)
(15,42)715928188(15,43)
(16,42)216340060(16,43)
(18,42)720571589(19,42)
(19,42)315515790(19,43)
(20,42)162237947(20,43)
(21,42)1(21,43)
(22,42)1066141715(22,43)
(23,42)347648734(23,43)
(24,42)16313606(25,42)
(24,42)9432769(24,43)
(25,42)193055782(26,42)
(27,42)1(27,43)
(29,42)689983521(29,43)
(30,42)1019337186(30,43)
(31,42)1(31,43)
(32,42)418203830(33,42)
(32,42)1(32,43)
(34,42)1(35,42)
(36,42)143236334(36,43)
(37,42)580906002(37,43)
(40,42)944868343(40,43)
(41,42)1(42,42)
(42,42)1(42,43)
(43,42)498963060(44,42)
(44,42)454964055(45,42)
(45,42)173647707(46,42)
(47,42)122897466(48,42)
(0,43)547619922(0,44)
(1,43)457194128(1,44)
(2,43)834606804(2,44)
(3,43)282055643(3,44)
(4,43)792142251(4,44)
(5,43)999148108(5,44)
(6,43)556355115(7,43)
(6,43)7995075(6,44)
(7,43)363447756(8,43)
(7,43)923339331(7,44)
(8,43)752213189(9,43)
(8,43)1234919683(8,44)
(9,43)128428289(9,44)
(10,43)583392344(11,43)
(11,43)80171417(12,43)
(12,43)296784461(12,44)
(13,43)419681927(14,43)
(14,43)129663095(14,44)
(15,43)677283017(16,43)
(16,43)322668490(17,43)
(17,43)686837989(18,43)
(17,43)378432658(17,44)
(18,43)660488301(19,43)
(18,43)81431037(18,44)
(19,43)873573288(20,43)
(19,43)583339194(19,44)
(21,43)1(21,44)
(23,43)1226278453(24,43)
(23,43)95057864(23,44)
(24,43)223486153(25,43)
(24,43)89113236(24,44)
(25,43)812677549(25,44)
(26,43)1(27,43)
(26,43)1(26,44)
(27,43)1103662959(28,43)
(27,43)75808363(27,44)
(30,43)726165450(30,44)
(31,43)1(32,43)
(32,43)154085533(33,43)
(34,43)814573834(34,44)
(35,43)538188867(36,43)
(35,43)519008415(35,44)
(37,43)269798975(37,44)
(38,43)364856839(39,43)
(38,43)416952826(38,44)
(39,43)506066062(40,43)
(39,43)353731049(39,44)
(40,43)588342993(40,44)
(41,43)501703009(41,44)
(42,43)1(43,43)
(43,43)530487181(44,43)
(43,43)1(43,44)
(45,43)721497909(46,43)
(46,43)1116081288(46,44)
(47,43)680085378(48,43)
(48,43)417645520(49,43)
(49,43)325520505(49,44)
(0,44)118735690(1,44)
(0,44)373169282(0,45)
(1,44)911358150(2,44)
(1,44)844528920(1,45)
(3,44)529765759(4,44)
(4,44)194050877(4,45)
(5,44)700116939(6,44)
(5,44)883496808(5,45)
(10,44)1460757643(11,44)
(11,44)348678041(12,44)
(12,44)1028056311(13,44)
(12,44)429355283(12,45)
(14,44)586651759(14,45)
(15,44)959821042(16,44)
(15,44)1434961166(15,45)
(16,44)132006438(17,44)
(16,44)37470147(16,45)
(19,44)103155366(20,44)
(20,44)1(21,44)
(20,44)1(20,45)
(21,44)290256296(22,44)
(22,44)607983990(22,45)
(26,44)1(26,45)
(27,44)1000992330(28,44)
(28,44)276027290(28,45)
(29,44)862679049(30,44)
(30,44)1397910509(31,44)
(30,44)1032621494(30,45)
(31,44)1070091641(32,44)
(33,44)362391305(33,45)
(34,44)184456728(35,44)
(34,44)303564657(34,45)
(35,44)606947643(36,44)
(36,44)197965460(37,44)
(36,44)890018959(36,45)
(38,44)55574066(38,45)
(41,44)1(42,44)
(41,44)1(41,45)
(42,44)1(43,44)
(42,44)442584677(42,45)
(43,44)718611967(44,44)
(44,44)1068529515(45,44)
(45,44)273489739(46,44)
(46,44)1256307460(47,44)
(46,44)318956377(46,45)
(48,44)655019448(48,45)
(49,44)1140411113(49,45)
(0,45)958584105(0,46)
(1,45)535104267(1,46)
(2,45)733069727(3,45)
(2,45)632964725(2,46)
(3,45)315252040(3,46)
(4,45)737323430(5,45)
(4,45)788643793(4,46)
(5,45)333674138(6,45)
(6,45)453319547(7,45)
(6,45)270274224(6,46)
(7,45)374862065(8,45)
(8,45)1417289398(9,45)
(8,45)895904225(8,46)
(10,45)401488105(11,45)
(10,45)658157643(10,46)
(11,45)931647382(12,45)
(12,45)157147374(13,45)
(13,45)421834158(14,45)
(13,45)127745115(13,46)
(14,45)812166822(14,46)
(17,45)62144643(18,45)
(18,45)682935618(18,46)
(19,45)45628670(19,46)
(20,45)1(20,46)
(21,45)364165074(22,45)
(23,45)1(24,45)
(23,45)1(23,46)
(24,45)1(25,45)
(24,45)70400195(24,46)
(25,45)1(26,45)
(25,45)120590835(25,46)
(26,45)1168914397(27,45)
(26,45)473473834(26,46)
(29,45)1615752474(29,46)
(30,45)1030514098(31,45)
(31,45)903364407(32,45)
(32,45)802811251(33,45)
(33,45)965509050(33,46)
(34,45)159378671(34,46)
(35,45)253269521(36,45)
(36,45)645181274(37,45)
(36,45)315472238(36,46)
(37,45)73126304(38,45)
(37,45)617434595(37,46)
(39,45)726684595(39,46)
(40,45)847275431(41,45)
(41,45)1(41,46)
(43,45)948355966(43,46)
(44,45)416624792(45,45)
(45,45)724622856(46,45)
(46,45)799525120(47,45)
(47,45)280035231(48,45)
(48,45)446012665(49,45)
(1,46)783278562(1,47)
(3,46)484935512(3,47)
(4,46)726751907(4,47)
(5,46)95444174(6,46)
(5,46)424949876(5,47)
(6,46)1122361063(6,47)
(7,46)876798713(8,46)
(7,46)192694279(7,47)
(8,46)1140931487(8,47)
(9,46)188215790(10,46)
(10,46)94295823(11,46)
(11,46)1373728686(11,47)
(12,46)25770158(13,46)
(15,46)1242337924(16,46)
(16,46)253132051(17,46)
(16,46)1161393849(16,47)
(17,46)786532825(18,46)
(17,46)1109838841(17,47)
(19,46)1(20,46)
(19,46)1(19,47)
(21,46)1(22,46)
(21,46)1(21,47)
(22,46)1(23,46)
(22,46)34489640(22,47)
(24,46)351664559(24,47)
(26,46)589881955(27,46)
(26,46)912330934(26,47)
(27,46)306282000(28,46)
(28,46)588210513(29,46)
(28,46)615652113(28,47)
(29,46)96274995(30,46)
(30,46)292453977(30,47)
(31,46)1338612919(31,47)
(32,46)300968112(33,46)
(33,46)92897003(33,47)
(34,46)577695108(35,46)
(37,46)1300512136(37,47)
(38,46)293392568(39,46)
(38,46)403525145(38,47)
(39,46)755189704(40,46)
(40,46)1111427679(40,47)
(41,46)1(41,47)
(42,46)355905435(42,47)
(43,46)971557548(44,46)
(43,46)182556966(43,47)
(44,46)162825264(45,46)
(45,46)223119147(46,46)
(45,46)1067832543(45,47)
(46,46)258961815(47,46)
(48,46)559929927(48,47)
(49,46)701046613(49,47)
(0,47)200075437(1,47)
(0,47)308188745(0,48)
(1,47)199268837(1,48)
(2,47)53795382(3,47)
(3,47)1061967609(4,47)
(3,47)498164003(3,48)
(4,47)457320528(4,48)
(8,47)714923479(9,47)
(9,47)557840634(10,47)
(10,47)645588649(10,48)
(11,47)868707797(12,47)
(13,47)1053789387(14,47)
(13,47)398191122(13,48)
(14,47)20571451(15,47)
(14,47)297081272(14,48)
(15,47)605270017(16,47)
(16,47)220646888(16,48)
(18,47)301085887(19,47)
(19,47)1(20,47)
(19,47)822649376(19,48)
(20,47)1(21,47)
(22,47)755232507(23,47)
(23,47)479918630(23,48)
(24,47)294251166(25,47)
(26,47)271408966(26,48)
(27,47)836968785(27,48)
(29,47)915303204(29,48)
(30,47)522655557(31,47)
(30,47)1255731358(30,48)
(31,47)1476378246(32,47)
(32,47)329276748(32,48)
(33,47)189693321(34,47)
(33,47)1237060013(33,48)
(35,47)975847314(36,47)
(35,47)507430422(35,48)
(36,47)199229290(36,48)
(38,47)156425358(39,47)
(38,47)645426615(38,48)
(39,47)967758422(39,48)
(40,47)1(41,47)
(40,47)1(40,48)
(41,47)722085490(42,47)
(42,47)773328726(43,47)
(43,47)793287233(44,47)
(43,47)583599307(43,48)
(45,47)1116736344(46,47)
(47,47)203351169(48,47)
(47,47)445630943(47,48)
(49,47)393044490(49,48)
(0,48)1359218857(0,49)
(1,48)187582523(2,48)
(1,48)900474912(1,49)
(2,48)790669019(3,48)
(4,48)20514608(5,48)
(4,48)1436095634(4,49)
(5,48)331031251(5,49)
(6,48)960294593(7,48)
(6,48)471191132(6,49)
(7,48)1193276622(8,48)
(8,48)729252384(8,49)
(9,48)1522539617(10,48)
(10,48)1128294793(11,48)
(11,48)944140938(12,48)
(11,48)1489753918(11,49)
(12,48)1236165303(13,48)
(12,48)1002369214(12,49)
(14,48)924979190(15,48)
(14,48)564695656(14,49)
(15,48)1598764873(15,49)
(16,48)351756137(17,48)
(16,48)372412240(16,49)
(17,48)19074581(18,48)
(18,48)1142425156(18,49)
(19,48)431037143(20,48)
(21,48)319808380(22,48)
(22,48)1028302612(23,48)
(22,48)673673255(22,49)
(24,48)1142477284(25,48)
(24,48)994702220(24,49)
(25,48)822106814(26,48)
(25,48)777981608(25,49)
(26,48)120251878(27,48)
(26,48)123288429(26,49)
(28,48)1008535986(29,48)
(29,48)183894378(29,49)
(31,48)158443769(32,48)
(33,48)1129356896(34,48)
(33,48)177518350(33,49)
(36,48)1248142122(37,48)
(36,48)1420728070(36,49)
(38,48)128961087(38,49)
(40,48)1(40,49)
(41,48)141968778(42,48)
(42,48)100593155(42,49)
(44,48)425586565(44,49)
(45,48)211618094(46,48)
(46,48)1(47,48)
(46,48)1(46,49)
(47,48)1(48,48)
(47,48)370061863(47,49)
(48,48)1(49,48)
(48,48)294773026(48,49)
(49,48)1(49,49)
(1,49)107445973(2,49)
(3,49)975226088(4,49)
(5,49)716553904(6,49)
(6,49)485827798(7,49)
(8,49)845514991(9,49)
(10,49)677451390(11,49)
(13,49)657792667(14,49)
(16,49)758385822(17,49)
(18,49)790306411(19,49)
(19,49)67912511(20,49)
(21,49)94343562(22,49)
(22,49)1298552038(23,49)
(26,49)44298226(27,49)
(27,49)107184458(28,49)
(28,49)226540999(29,49)
(29,49)591878439(30,49)
(30,49)162685849(31,49)
(32,49)699324413(33,49)
(34,49)838716197(35,49)
(35,49)80014809(36,49)
(36,49)347651535(37,49)
(37,49)1324543995(38,49)
(39,49)1193166527(40,49)
(40,49)1(41,49)
(41,49)1(42,49)
(42,49)1(43,49)
(43,49)1(44,49)
(44,49)1(45,49)
(45,49)1(46,49)
