30 5
(0,0)1999485583(1,0)
(0,0)1069916450(0,1)
(1,0)1716181451(2,0)
(1,0)958526666(1,1)
(2,0)1976729749(3,0)
(2,0)755727079(2,1)
(3,0)895715987(4,0)
(3,0)1193201932(3,1)
(4,0)1452604034(5,0)
(4,0)268909458(4,1)
(5,0)2085073557(6,0)
(5,0)165146947(5,1)
(6,0)344708285(7,0)
(6,0)942011135(6,1)
(7,0)1122010363(8,0)
(7,0)1039067781(7,1)
(8,0)1434114427(9,0)
(8,0)323589893(8,1)
(9,0)925809784(10,0)
(9,0)122091341(9,1)
(10,0)1938016086(11,0)
(10,0)774891812(10,1)
(11,0)1107838956(12,0)
(11,0)1570688640(11,1)
(12,0)413169017(13,0)
(12,0)1408738032(12,1)
(13,0)2024177017(14,0)
(13,0)687901671(13,1)
(14,0)1115129320(15,0)
(14,0)709298461(14,1)
(15,0)1779214911(16,0)
(15,0)665218367(15,1)
(16,0)1623745034(17,0)
(16,0)967131255(16,1)
(17,0)1722858335(18,0)
(17,0)1347912715(17,1)
(18,0)393630999(19,0)
(18,0)1452991135(18,1)
(19,0)1721900593(20,0)
(19,0)471090674(19,1)
(20,0)636237621(21,0)
(20,0)1846235033(20,1)
(21,0)640762521(22,0)
(21,0)1659490502(21,1)
(22,0)551074635(23,0)
(22,0)980945906(22,1)
(23,0)1304535799(24,0)
(23,0)1762772884(23,1)
(24,0)1884864225(25,0)
(24,0)1985189062(24,1)
(25,0)612597227(26,0)
(25,0)82861936(25,1)
(26,0)1653550576(27,0)
(26,0)1675396663(26,1)
(27,0)936651047(28,0)
(27,0)1720436183(27,1)
(28,0)260854206(29,0)
(28,0)2066719594(28,1)
(29,0)813344416(29,1)
(0,1)1375983526(1,1)
(0,1)628534407(0,2)
(1,1)260265671(2,1)
(1,1)1478562784(1,2)
(2,1)954824170(3,1)
(2,1)195631134(2,2)
(3,1)1918489469(4,1)
(3,1)1608178386(3,2)
(4,1)2001809385(5,1)
(4,1)260331657(4,2)
(5,1)1982232250(6,1)
(5,1)242096495(5,2)
(6,1)878334116(7,1)
(6,1)1700560770(6,2)
(7,1)193839643(8,1)
(7,1)1494239104(7,2)
(8,1)2045313740(9,1)
(8,1)1859280022(8,2)
(9,1)1016332174(10,1)
(9,1)1956612527(9,2)
(10,1)1693993104(11,1)
(10,1)1883019154(10,2)
(11,1)348132733(12,1)
(11,1)1099194110(11,2)
(12,1)605261038(13,1)
(12,1)1221906119(12,2)
(13,1)11073519(14,1)
(13,1)2068568917(13,2)
(14,1)181939475(15,1)
(14,1)524496984(14,2)
(15,1)1153031392(16,1)
(15,1)824417935(15,2)
(16,1)155497071(17,1)
(16,1)1557923002(16,2)
(17,1)1753554136(18,1)
(17,1)1413297063(17,2)
(18,1)873991801(19,1)
(18,1)1110321241(18,2)
(19,1)1370652898(20,1)
(19,1)1524559957(19,2)
(20,1)1766656452(21,1)
(20,1)728317538(20,2)
(21,1)281394660(22,1)
(21,1)1205401500(21,2)
(22,1)552156957(23,1)
(22,1)497506920(22,2)
(23,1)209303294(24,1)
(23,1)475234304(23,2)
(24,1)284363183(25,1)
(24,1)449987049(24,2)
(25,1)185522555(26,1)
(25,1)1225635468(25,2)
(26,1)177345930(27,1)
(26,1)1978356288(26,2)
(27,1)1052778759(28,1)
(27,1)533655289(27,2)
(28,1)454740558(29,1)
(28,1)782606969(28,2)
(29,1)1063852278(29,2)
(0,2)636680033(1,2)
(0,2)1307103953(0,3)
(1,2)312651697(2,2)
(1,2)1888270214(1,3)
(2,2)2043767285(3,2)
(2,2)47119387(2,3)
(3,2)1800673523(4,2)
(3,2)1725948760(3,3)
(4,2)452456913(5,2)
(4,2)1006604879(4,3)
(5,2)229774129(6,2)
(5,2)1177749832(5,3)
(6,2)796922636(7,2)
(6,2)1180774451(6,3)
(7,2)1462169112(8,2)
(7,2)1435175630(7,3)
(8,2)1987332587(9,2)
(8,2)1294429556(8,3)
(9,2)1503732851(10,2)
(9,2)1937403416(9,3)
(10,2)74282951(11,2)
(10,2)289835988(10,3)
(11,2)475358543(12,2)
(11,2)581884671(11,3)
(12,2)759230602(13,2)
(12,2)2052639239(12,3)
(13,2)957934351(14,2)
(13,2)1009013832(13,3)
(14,2)1463754390(15,2)
(14,2)1541837571(14,3)
(15,2)701457876(16,2)
(15,2)2021786629(15,3)
(16,2)1762573195(17,2)
(16,2)2100434424(16,3)
(17,2)70163(18,2)
(17,2)1014109574(17,3)
(18,2)592574686(19,2)
(18,2)1658856833(18,3)
(19,2)517978064(20,2)
(19,2)1800743687(19,3)
(20,2)831009871(21,2)
(20,2)1045031600(20,3)
(21,2)78322403(22,2)
(21,2)747752193(21,3)
(22,2)35444175(23,2)
(22,2)1627932508(22,3)
(23,2)774878416(24,2)
(23,2)1540491515(23,3)
(24,2)1330411283(25,2)
(24,2)2022776762(24,3)
(25,2)165129102(26,2)
(25,2)131127619(25,3)
(26,2)713012291(27,2)
(26,2)1404694235(26,3)
(27,2)1309849826(28,2)
(27,2)640487646(27,3)
(28,2)1649501478(29,2)
(28,2)1472242893(28,3)
(29,2)120300529(29,3)
(0,3)965772221(1,3)
(0,3)866596816(0,4)
(1,3)1568054692(2,3)
(1,3)2142087159(1,4)
(2,3)1757176706(3,3)
(2,3)918722997(2,4)
(3,3)918793160(4,3)
(3,3)434680618(3,4)
(4,3)1027255305(5,3)
(4,3)1268549891(4,4)
(5,3)1786527955(6,3)
(5,3)572053199(5,4)
(6,3)1403063071(7,3)
(6,3)2072286905(6,4)
(7,3)3125660(8,3)
(7,3)386796501(7,4)
(8,3)422240676(9,3)
(8,3)883511931(8,4)
(9,3)1658390347(10,3)
(9,3)1543617176(9,4)
(10,3)726544811(11,3)
(10,3)297533791(10,4)
(11,3)462662893(12,3)
(11,3)1789517967(11,4)
(12,3)355046610(13,3)
(12,3)2131239046(12,4)
(13,3)1293605225(14,3)
(13,3)1103150539(13,4)
(14,3)605168370(15,3)
(14,3)1827289503(14,4)
(15,3)546402671(16,3)
(15,3)1413905754(15,4)
(16,3)1408509265(17,3)
(16,3)1570940591(16,4)
(17,3)342179940(18,3)
(17,3)2114457363(17,4)
(18,3)401654334(19,3)
(18,3)1018202324(18,4)
(19,3)139268567(20,3)
(19,3)1260973100(19,4)
(20,3)1833026300(21,3)
(20,3)1428909639(20,4)
(21,3)1353712896(22,3)
(21,3)1925796523(21,4)
(22,3)165109376(23,3)
(22,3)1088605723(22,4)
(23,3)1972117654(24,3)
(23,3)1356838556(23,4)
(24,3)752972084(25,3)
(24,3)587350052(24,4)
(25,3)884883843(26,3)
(25,3)1483024353(25,4)
(26,3)1125058672(27,3)
(26,3)1479516896(26,4)
(27,3)1463272294(28,3)
(27,3)1347546737(27,4)
(28,3)303213628(29,3)
(28,3)1480105282(28,4)
(29,3)609393871(29,4)
(0,4)1159911137(1,4)
(1,4)908381998(2,4)
(2,4)2023299626(3,4)
(3,4)1706313808(4,4)
(4,4)331838941(5,4)
(5,4)1284325243(6,4)
(6,4)1673287524(7,4)
(7,4)674018881(8,4)
(8,4)155043919(9,4)
(9,4)2074941858(10,4)
(10,4)1934991982(11,4)
(11,4)294312487(12,4)
(12,4)1356367849(13,4)
(13,4)1620534634(14,4)
(14,4)72625362(15,4)
(15,4)562597097(16,4)
(16,4)561656709(17,4)
(17,4)237734738(18,4)
(18,4)1919435653(19,4)
(19,4)386290715(20,4)
(20,4)825084790(21,4)
(21,4)524924090(22,4)
(22,4)1869315068(23,4)
(23,4)1709968634(24,4)
(24,4)2004440986(25,4)
(25,4)846890093(26,4)
(26,4)910031723(27,4)
(27,4)1320229632(28,4)
(28,4)179511727(29,4)
