30 10
(0,0)1999485583(1,0)
(0,0)1069916450(0,1)
(1,0)1716181451(2,0)
(1,0)958526666(1,1)
(2,0)1976729749(3,0)
(2,0)755727079(2,1)
(3,0)895715987(4,0)
(3,0)1193201932(3,1)
(4,0)1452604034(5,0)
(4,0)268909458(4,1)
(5,0)2085073557(6,0)
(5,0)165146947(5,1)
(6,0)344708285(7,0)
(6,0)942011135(6,1)
(7,0)1122010363(8,0)
(7,0)1039067781(7,1)
(8,0)1434114427(9,0)
(8,0)323589893(8,1)
(9,0)925809784(10,0)
(9,0)122091341(9,1)
(10,0)1938016086(11,0)
(10,0)774891812(10,1)
(11,0)1107838956(12,0)
(11,0)1570688640(11,1)
(12,0)413169017(13,0)
(12,0)1408738032(12,1)
(13,0)2024177017(14,0)
(13,0)687901671(13,1)
(14,0)1115129320(15,0)
(14,0)709298461(14,1)
(15,0)1779214911(16,0)
(15,0)665218367(15,1)
(16,0)1623745034(17,0)
(16,0)967131255(16,1)
(17,0)1722858335(18,0)
(17,0)1347912715(17,1)
(18,0)393630999(19,0)
(18,0)1452991135(18,1)
(19,0)1721900593(20,0)
(19,0)471090674(19,1)
(20,0)636237621(21,0)
(20,0)1846235033(20,1)
(21,0)640762521(22,0)
(21,0)1659490502(21,1)
(22,0)551074635(23,0)
(22,0)980945906(22,1)
(23,0)1304535799(24,0)
(23,0)1762772884(23,1)
(24,0)1884864225(25,0)
(24,0)1985189062(24,1)
(25,0)612597227(26,0)
(25,0)82861936(25,1)
(26,0)1653550576(27,0)
(26,0)1675396663(26,1)
(27,0)936651047(28,0)
(27,0)1720436183(27,1)
(28,0)260854206(29,0)
(28,0)2066719594(28,1)
(29,0)813344416(29,1)
(0,1)1375983526(1,1)
(0,1)628534407(0,2)
(1,1)260265671(2,1)
(1,1)1478562784(1,2)
(2,1)954824170(3,1)
(2,1)195631134(2,2)
(3,1)1918489469(4,1)
(3,1)1608178386(3,2)
(4,1)2001809385(5,1)
(4,1)260331657(4,2)
(5,1)1982232250(6,1)
(5,1)242096495(5,2)
(6,1)878334116(7,1)
(6,1)1700560770(6,2)
(7,1)193839643(8,1)
(7,1)1494239104(7,2)
(8,1)2045313740(9,1)
(8,1)1859280022(8,2)
(9,1)1016332174(10,1)
(9,1)1956612527(9,2)
(10,1)1693993104(11,1)
(10,1)1883019154(10,2)
(11,1)348132733(12,1)
(11,1)1099194110(11,2)
(12,1)605261038(13,1)
(12,1)1221906119(12,2)
(13,1)11073519(14,1)
(13,1)2068568917(13,2)
(14,1)181939475(15,1)
(14,1)524496984(14,2)
(15,1)1153031392(16,1)
(15,1)824417935(15,2)
(16,1)155497071(17,1)
(16,1)1557923002(16,2)
(17,1)1753554136(18,1)
(17,1)1413297063(17,2)
(18,1)873991801(19,1)
(18,1)1110321241(18,2)
(19,1)1370652898(20,1)
(19,1)1524559957(19,2)
(20,1)1766656452(21,1)
(20,1)728317538(20,2)
(21,1)281394660(22,1)
(21,1)1205401500(21,2)
(22,1)552156957(23,1)
(22,1)497506920(22,2)
(23,1)209303294(24,1)
(23,1)475234304(23,2)
(24,1)284363183(25,1)
(24,1)449987049(24,2)
(25,1)185522555(26,1)
(25,1)1225635468(25,2)
(26,1)177345930(27,1)
(26,1)1978356288(26,2)
(27,1)1052778759(28,1)
(27,1)533655289(27,2)
(28,1)454740558(29,1)
(28,1)782606969(28,2)
(29,1)1063852278(29,2)
(0,2)636680033(1,2)
(0,2)1307103953(0,3)
(1,2)312651697(2,2)
(1,2)1888270214(1,3)
(2,2)2043767285(3,2)
(2,2)47119387(2,3)
(3,2)1800673523(4,2)
(3,2)1725948760(3,3)
(4,2)452456913(5,2)
(4,2)1006604879(4,3)
(5,2)229774129(6,2)
(5,2)1177749832(5,3)
(6,2)796922636(7,2)
(6,2)1180774451(6,3)
(7,2)1462169112(8,2)
(7,2)1435175630(7,3)
(8,2)1987332587(9,2)
(8,2)1294429556(8,3)
(9,2)1503732851(10,2)
(9,2)1937403416(9,3)
(10,2)74282951(11,2)
(10,2)289835988(10,3)
(11,2)475358543(12,2)
(11,2)581884671(11,3)
(12,2)759230602(13,2)
(12,2)2052639239(12,3)
(13,2)957934351(14,2)
(13,2)1009013832(13,3)
(14,2)1463754390(15,2)
(14,2)1541837571(14,3)
(15,2)701457876(16,2)
(15,2)2021786629(15,3)
(16,2)1762573195(17,2)
(16,2)2100434424(16,3)
(17,2)70163(18,2)
(17,2)1014109574(17,3)
(18,2)592574686(19,2)
(18,2)1658856833(18,3)
(19,2)517978064(20,2)
(19,2)1800743687(19,3)
(20,2)831009871(21,2)
(20,2)1045031600(20,3)
(21,2)78322403(22,2)
(21,2)747752193(21,3)
(22,2)35444175(23,2)
(22,2)1627932508(22,3)
(23,2)774878416(24,2)
(23,2)1540491515(23,3)
(24,2)1330411283(25,2)
(24,2)2022776762(24,3)
(25,2)165129102(26,2)
(25,2)131127619(25,3)
(26,2)713012291(27,2)
(26,2)1404694235(26,3)
(27,2)1309849826(28,2)
(27,2)640487646(27,3)
(28,2)1649501478(29,2)
(28,2)1472242893(28,3)
(29,2)120300529(29,3)
(0,3)965772221(1,3)
(0,3)866596816(0,4)
(1,3)1568054692(2,3)
(1,3)2142087159(1,4)
(2,3)1757176706(3,3)
(2,3)918722997(2,4)
(3,3)918793160(4,3)
(3,3)434680618(3,4)
(4,3)1027255305(5,3)
(4,3)1268549891(4,4)
(5,3)1786527955(6,3)
(5,3)572053199(5,4)
(6,3)1403063071(7,3)
(6,3)2072286905(6,4)
(7,3)3125660(8,3)
(7,3)386796501(7,4)
(8,3)422240676(9,3)
(8,3)883511931(8,4)
(9,3)1658390347(10,3)
(9,3)1543617176(9,4)
(10,3)726544811(11,3)
(10,3)297533791(10,4)
(11,3)462662893(12,3)
(11,3)1789517967(11,4)
(12,3)355046610(13,3)
(12,3)2131239046(12,4)
(13,3)1293605225(14,3)
(13,3)1103150539(13,4)
(14,3)605168370(15,3)
(14,3)1827289503(14,4)
(15,3)546402671(16,3)
(15,3)1413905754(15,4)
(16,3)1408509265(17,3)
(16,3)1570940591(16,4)
(17,3)342179940(18,3)
(17,3)2114457363(17,4)
(18,3)401654334(19,3)
(18,3)1018202324(18,4)
(19,3)139268567(20,3)
(19,3)1260973100(19,4)
(20,3)1833026300(21,3)
(20,3)1428909639(20,4)
(21,3)1353712896(22,3)
(21,3)1925796523(21,4)
(22,3)165109376(23,3)
(22,3)1088605723(22,4)
(23,3)1972117654(24,3)
(23,3)1356838556(23,4)
(24,3)752972084(25,3)
(24,3)587350052(24,4)
(25,3)884883843(26,3)
(25,3)1483024353(25,4)
(26,3)1125058672(27,3)
(26,3)1479516896(26,4)
(27,3)1463272294(28,3)
(27,3)1347546737(27,4)
(28,3)303213628(29,3)
(28,3)1480105282(28,4)
(29,3)609393871(29,4)
(0,4)908381998(1,4)
(0,4)1159911137(0,5)
(1,4)1706313808(2,4)
(1,4)2023299626(1,5)
(2,4)1284325243(3,4)
(2,4)331838941(2,5)
(3,4)674018881(4,4)
(3,4)1673287524(3,5)
(4,4)2074941858(5,4)
(4,4)155043919(4,5)
(5,4)294312487(6,4)
(5,4)1934991982(5,5)
(6,4)1620534634(7,4)
(6,4)1356367849(6,5)
(7,4)562597097(8,4)
(7,4)72625362(7,5)
(8,4)237734738(9,4)
(8,4)561656709(8,5)
(9,4)386290715(10,4)
(9,4)1919435653(9,5)
(10,4)524924090(11,4)
(10,4)825084790(10,5)
(11,4)1709968634(12,4)
(11,4)1869315068(11,5)
(12,4)846890093(13,4)
(12,4)2004440986(12,5)
(13,4)1320229632(14,4)
(13,4)910031723(13,5)
(14,4)1213245351(15,4)
(14,4)179511727(14,5)
(15,4)1339422865(16,4)
(15,4)1929623504(15,5)
(16,4)1805439482(17,4)
(16,4)2121627350(16,5)
(17,4)305982643(18,4)
(17,4)898253025(17,5)
(18,4)424056901(19,4)
(18,4)942281077(18,5)
(19,4)1097324997(20,4)
(19,4)980001525(19,5)
(20,4)767509859(21,4)
(20,4)351515111(20,5)
(21,4)1707882960(22,4)
(21,4)1391637484(21,5)
(22,4)1464262846(23,4)
(22,4)240560845(22,5)
(23,4)802217554(24,4)
(23,4)122996409(23,5)
(24,4)2042432063(25,4)
(24,4)1701997584(24,5)
(25,4)379598726(26,4)
(25,4)1188508269(25,5)
(26,4)910339689(27,4)
(26,4)419872505(26,5)
(27,4)276829843(28,4)
(27,4)2089567360(27,5)
(28,4)852115435(29,4)
(28,4)1757229782(28,5)
(29,4)1597059475(29,5)
(0,5)2065360787(1,5)
(0,5)1936741510(0,6)
(1,5)1128680727(2,5)
(1,5)1379199331(1,6)
(2,5)1037155165(3,5)
(2,5)2039504489(2,6)
(3,5)198003484(4,5)
(3,5)2026933752(3,6)
(4,5)303507006(5,5)
(4,5)1979436243(4,6)
(5,5)929277592(6,5)
(5,5)1178005009(5,6)
(6,5)1945514868(7,5)
(6,5)655022117(6,6)
(7,5)215421430(8,5)
(7,5)173431428(7,6)
(8,5)1637694274(9,5)
(8,5)38592065(8,6)
(9,5)840809619(10,5)
(9,5)338417839(9,6)
(10,5)233366254(11,5)
(10,5)1192208210(10,6)
(11,5)1571806936(12,5)
(11,5)2029317888(11,6)
(12,5)792173930(13,5)
(12,5)653238759(12,6)
(13,5)930068602(14,5)
(13,5)1513890649(13,6)
(14,5)218522436(15,5)
(14,5)401920064(14,6)
(15,5)191177926(16,5)
(15,5)379644430(15,6)
(16,5)1758843761(17,5)
(16,5)136399575(16,6)
(17,5)28420416(18,5)
(17,5)1319858653(17,6)
(18,5)1199308758(19,5)
(18,5)648515279(18,6)
(19,5)480467874(20,5)
(19,5)226423901(19,6)
(20,5)1404428910(21,5)
(20,5)1502815764(20,6)
(21,5)10354233(22,5)
(21,5)1409745466(21,6)
(22,5)1583176894(23,5)
(22,5)1202460131(22,6)
(23,5)1241052196(24,5)
(23,5)225775663(23,6)
(24,5)564193503(25,5)
(24,5)1073387520(24,6)
(25,5)118112082(26,5)
(25,5)2081861816(25,6)
(26,5)1963696056(27,5)
(26,5)797559757(26,6)
(27,5)1450798517(28,5)
(27,5)1689919018(27,6)
(28,5)1056326019(29,5)
(28,5)608386338(28,6)
(29,5)233383471(29,6)
(0,6)1274848456(1,6)
(0,6)1010306403(0,7)
(1,6)1201484329(2,6)
(1,6)613027901(1,7)
(2,6)224388015(3,6)
(2,6)1411248031(2,7)
(3,6)1439668448(4,6)
(3,6)373859335(3,7)
(4,6)1573168093(5,6)
(4,6)872903294(4,7)
(5,6)1353371168(6,6)
(5,6)1666092349(5,7)
(6,6)923037611(7,6)
(6,6)928500209(6,7)
(7,6)938854442(8,6)
(7,6)615632986(7,7)
(8,6)51326232(9,6)
(8,6)2125497742(8,7)
(9,6)1219066291(10,6)
(9,6)1164630106(9,7)
(10,6)1728823609(11,6)
(10,6)1124713752(10,7)
(11,6)1242825834(12,6)
(11,6)1153444459(11,7)
(12,6)969656867(13,6)
(12,6)378899718(12,7)
(13,6)1829698235(14,6)
(13,6)785261204(13,7)
(14,6)1841587224(15,6)
(14,6)1578043206(14,7)
(15,6)440865961(16,6)
(15,6)2063081707(15,7)
(16,6)528625960(17,6)
(16,6)968952032(16,7)
(17,6)232716415(18,6)
(17,6)1642350290(17,7)
(18,6)2016209625(19,6)
(18,6)753013975(18,7)
(19,6)1625917269(20,6)
(19,6)1672384863(19,7)
(20,6)1190993564(21,6)
(20,6)1441894070(20,7)
(21,6)222910631(22,6)
(21,6)831804789(21,7)
(22,6)1447437775(23,6)
(22,6)2114031176(22,7)
(23,6)2092045270(24,6)
(23,6)1161765074(23,7)
(24,6)178911532(25,6)
(24,6)1498764007(24,7)
(25,6)475994111(26,6)
(25,6)1163627913(25,7)
(26,6)169588724(27,6)
(26,6)1907735141(26,7)
(27,6)139151211(28,6)
(27,6)1718819945(27,7)
(28,6)356597502(29,6)
(28,6)1139245592(28,7)
(29,6)1968849447(29,7)
(0,7)50701078(1,7)
(0,7)569805150(0,8)
(1,7)1010671111(2,7)
(1,7)1884447506(1,8)
(2,7)265589818(3,7)
(2,7)1019653110(2,8)
(3,7)1252369525(4,7)
(3,7)505537753(3,8)
(4,7)374263731(5,7)
(4,7)1018603794(4,8)
(5,7)497037415(6,7)
(5,7)777270741(5,8)
(6,7)1968264305(7,7)
(6,7)1816157801(6,8)
(7,7)2039068433(8,7)
(7,7)1328842205(7,8)
(8,7)628796332(9,7)
(8,7)1934811833(8,8)
(9,7)1879373456(10,7)
(9,7)1053349859(9,8)
(10,7)1232261391(11,7)
(10,7)2127560340(10,8)
(11,7)456070803(12,7)
(11,7)895517721(11,8)
(12,7)1065106446(13,7)
(12,7)992512884(12,8)
(13,7)1131664095(14,7)
(13,7)27407101(13,8)
(14,7)384004603(15,7)
(14,7)56868390(14,8)
(15,7)626673540(16,7)
(15,7)953029894(15,8)
(16,7)689993752(17,7)
(16,7)434705681(16,8)
(17,7)1454358791(18,7)
(17,7)1637344651(17,8)
(18,7)2142882404(19,7)
(18,7)955583571(18,8)
(19,7)1974187365(20,7)
(19,7)559244668(19,8)
(20,7)1336515409(21,7)
(20,7)369662487(20,8)
(21,7)38336641(22,7)
(21,7)323741132(21,8)
(22,7)1652583337(23,7)
(22,7)1157296067(22,8)
(23,7)944624252(24,7)
(23,7)2077405074(23,8)
(24,7)983271285(25,7)
(24,7)133896022(24,8)
(25,7)113972714(26,7)
(25,7)676514060(25,8)
(26,7)1572031782(27,7)
(26,7)68049028(26,8)
(27,7)1060561912(28,7)
(27,7)570043517(27,8)
(28,7)597450618(29,7)
(28,7)489654580(28,8)
(29,7)44742359(29,8)
(0,8)981455221(1,8)
(0,8)546522970(0,9)
(1,8)1173196510(2,8)
(1,8)997772254(1,9)
(2,8)1687766006(3,8)
(2,8)1416160902(2,9)
(3,8)723036045(4,8)
(3,8)663057513(3,9)
(4,8)658456269(5,8)
(4,8)495865929(4,9)
(5,8)322569646(6,8)
(5,8)1282280714(5,9)
(6,8)471312475(7,8)
(6,8)1028118757(6,9)
(7,8)1066455398(8,8)
(7,8)646310779(7,9)
(8,8)151410468(9,8)
(8,8)1628608542(8,9)
(9,8)425749147(10,8)
(9,8)996376824(9,9)
(10,8)1979648109(11,8)
(10,8)285306490(10,9)
(11,8)399279204(12,8)
(11,8)1102263207(11,9)
(12,8)526811341(13,8)
(12,8)2047697137(12,9)
(13,8)960775401(14,8)
(13,8)969322722(13,9)
(14,8)1566773340(15,8)
(14,8)1016465921(14,9)
(15,8)1562988891(16,8)
(15,8)1005517760(15,9)
(16,8)2003290014(17,8)
(16,8)400744914(16,9)
(17,8)1816905816(18,8)
(17,8)588701753(17,9)
(18,8)1251759266(19,8)
(18,8)1543572373(18,9)
(19,8)2039438302(20,8)
(19,8)392458214(19,9)
(20,8)1674738928(21,8)
(20,8)1910215536(20,9)
(21,8)790850645(22,8)
(21,8)214524301(21,9)
(22,8)860835080(23,8)
(22,8)2146051403(22,9)
(23,8)1627176298(24,8)
(23,8)1857306043(23,9)
(24,8)706199219(25,8)
(24,8)1012245548(24,9)
(25,8)1297552039(26,8)
(25,8)2052925445(25,9)
(26,8)1007705004(27,8)
(26,8)538363680(26,9)
(27,8)438577169(28,8)
(27,8)1696831243(27,9)
(28,8)518670317(29,8)
(28,8)1534516346(28,9)
(29,8)1399352570(29,9)
(0,9)403498619(1,9)
(1,9)2085443658(2,9)
(2,9)257386682(3,9)
(3,9)1966487511(4,9)
(4,9)338704924(5,9)
(5,9)113193049(6,9)
(6,9)407705616(7,9)
(7,9)8127092(8,9)
(8,9)1656765422(9,9)
(9,9)1659464883(10,9)
(10,9)400585306(11,9)
(11,9)1548720076(12,9)
(12,9)1422196771(13,9)
(13,9)2075324234(14,9)
(14,9)1763244377(15,9)
(15,9)65563768(16,9)
(16,9)2073891990(17,9)
(17,9)476595809(18,9)
(18,9)1922869811(19,9)
(19,9)1553584640(20,9)
(20,9)1488841358(21,9)
(21,9)481585382(22,9)
(22,9)1459026437(23,9)
(23,9)638909749(24,9)
(24,9)1019949062(25,9)
(25,9)319247793(26,9)
(26,9)188257344(27,9)
(27,9)1458526231(28,9)
(28,9)1853764139(29,9)
