50 30
(0,0)1999485583(1,0)
(0,0)1069916450(0,1)
(1,0)1716181451(2,0)
(1,0)958526666(1,1)
(2,0)1976729749(3,0)
(2,0)755727079(2,1)
(3,0)895715987(4,0)
(3,0)1193201932(3,1)
(4,0)1452604034(5,0)
(4,0)268909458(4,1)
(5,0)2085073557(6,0)
(5,0)165146947(5,1)
(6,0)344708285(7,0)
(6,0)942011135(6,1)
(7,0)1122010363(8,0)
(7,0)1039067781(7,1)
(8,0)1434114427(9,0)
(8,0)323589893(8,1)
(9,0)925809784(10,0)
(9,0)122091341(9,1)
(10,0)1938016086(11,0)
(10,0)774891812(10,1)
(11,0)1107838956(12,0)
(11,0)1570688640(11,1)
(12,0)413169017(13,0)
(12,0)1408738032(12,1)
(13,0)2024177017(14,0)
(13,0)687901671(13,1)
(14,0)1115129320(15,0)
(14,0)709298461(14,1)
(15,0)1779214911(16,0)
(15,0)665218367(15,1)
(16,0)1623745034(17,0)
(16,0)967131255(16,1)
(17,0)1722858335(18,0)
(17,0)1347912715(17,1)
(18,0)393630999(19,0)
(18,0)1452991135(18,1)
(19,0)1721900593(20,0)
(19,0)471090674(19,1)
(20,0)636237621(21,0)
(20,0)1846235033(20,1)
(21,0)640762521(22,0)
(21,0)1659490502(21,1)
(22,0)551074635(23,0)
(22,0)980945906(22,1)
(23,0)1304535799(24,0)
(23,0)1762772884(23,1)
(24,0)1884864225(25,0)
(24,0)1985189062(24,1)
(25,0)612597227(26,0)
(25,0)82861936(25,1)
(26,0)1653550576(27,0)
(26,0)1675396663(26,1)
(27,0)936651047(28,0)
(27,0)1720436183(27,1)
(28,0)260854206(29,0)
(28,0)2066719594(28,1)
(29,0)628534407(30,0)
(29,0)813344416(29,1)
(30,0)1478562784(31,0)
(30,0)1375983526(30,1)
(31,0)195631134(32,0)
(31,0)260265671(31,1)
(32,0)1608178386(33,0)
(32,0)954824170(32,1)
(33,0)260331657(34,0)
(33,0)1918489469(33,1)
(34,0)242096495(35,0)
(34,0)2001809385(34,1)
(35,0)1700560770(36,0)
(35,0)1982232250(35,1)
(36,0)1494239104(37,0)
(36,0)878334116(36,1)
(37,0)1859280022(38,0)
(37,0)193839643(37,1)
(38,0)1956612527(39,0)
(38,0)2045313740(38,1)
(39,0)1883019154(40,0)
(39,0)1016332174(39,1)
(40,0)1099194110(41,0)
(40,0)1693993104(40,1)
(41,0)1221906119(42,0)
(41,0)348132733(41,1)
(42,0)2068568917(43,0)
(42,0)605261038(42,1)
(43,0)524496984(44,0)
(43,0)11073519(43,1)
(44,0)824417935(45,0)
(44,0)181939475(44,1)
(45,0)1557923002(46,0)
(45,0)1153031392(45,1)
(46,0)1413297063(47,0)
(46,0)155497071(46,1)
(47,0)1110321241(48,0)
(47,0)1753554136(47,1)
(48,0)1524559957(49,0)
(48,0)873991801(48,1)
(49,0)1370652898(49,1)
(0,1)1766656452(1,1)
(0,1)728317538(0,2)
(1,1)281394660(2,1)
(1,1)1205401500(1,2)
(2,1)552156957(3,1)
(2,1)497506920(2,2)
(3,1)209303294(4,1)
(3,1)475234304(3,2)
(4,1)284363183(5,1)
(4,1)449987049(4,2)
(5,1)185522555(6,1)
(5,1)1225635468(5,2)
(6,1)177345930(7,1)
(6,1)1978356288(6,2)
(7,1)1052778759(8,1)
(7,1)533655289(7,2)
(8,1)454740558(9,1)
(8,1)782606969(8,2)
(9,1)1307103953(10,1)
(9,1)1063852278(9,2)
(10,1)1888270214(11,1)
(10,1)636680033(10,2)
(11,1)47119387(12,1)
(11,1)312651697(11,2)
(12,1)1725948760(13,1)
(12,1)2043767285(12,2)
(13,1)1006604879(14,1)
(13,1)1800673523(13,2)
(14,1)1177749832(15,1)
(14,1)452456913(14,2)
(15,1)1180774451(16,1)
(15,1)229774129(15,2)
(16,1)1435175630(17,1)
(16,1)796922636(16,2)
(17,1)1294429556(18,1)
(17,1)1462169112(17,2)
(18,1)1937403416(19,1)
(18,1)1987332587(18,2)
(19,1)289835988(20,1)
(19,1)1503732851(19,2)
(20,1)581884671(21,1)
(20,1)74282951(20,2)
(21,1)2052639239(22,1)
(21,1)475358543(21,2)
(22,1)1009013832(23,1)
(22,1)759230602(22,2)
(23,1)1541837571(24,1)
(23,1)957934351(23,2)
(24,1)2021786629(25,1)
(24,1)1463754390(24,2)
(25,1)2100434424(26,1)
(25,1)701457876(25,2)
(26,1)1014109574(27,1)
(26,1)1762573195(26,2)
(27,1)1658856833(28,1)
(27,1)70163(27,2)
(28,1)1800743687(29,1)
(28,1)592574686(28,2)
(29,1)1045031600(30,1)
(29,1)517978064(29,2)
(30,1)747752193(31,1)
(30,1)831009871(30,2)
(31,1)1627932508(32,1)
(31,1)78322403(31,2)
(32,1)1540491515(33,1)
(32,1)35444175(32,2)
(33,1)2022776762(34,1)
(33,1)774878416(33,2)
(34,1)131127619(35,1)
(34,1)1330411283(34,2)
(35,1)1404694235(36,1)
(35,1)165129102(35,2)
(36,1)640487646(37,1)
(36,1)713012291(36,2)
(37,1)1472242893(38,1)
(37,1)1309849826(37,2)
(38,1)120300529(39,1)
(38,1)1649501478(38,2)
(39,1)965772221(40,1)
(39,1)866596816(39,2)
(40,1)1568054692(41,1)
(40,1)2142087159(40,2)
(41,1)1757176706(42,1)
(41,1)918722997(41,2)
(42,1)918793160(43,1)
(42,1)434680618(42,2)
(43,1)1027255305(44,1)
(43,1)1268549891(43,2)
(44,1)1786527955(45,1)
(44,1)572053199(44,2)
(45,1)1403063071(46,1)
(45,1)2072286905(45,2)
(46,1)3125660(47,1)
(46,1)386796501(46,2)
(47,1)422240676(48,1)
(47,1)883511931(47,2)
(48,1)1658390347(49,1)
(48,1)1543617176(48,2)
(49,1)297533791(49,2)
(0,2)1789517967(1,2)
(0,2)726544811(0,3)
(1,2)2131239046(2,2)
(1,2)462662893(1,3)
(2,2)1103150539(3,2)
(2,2)355046610(2,3)
(3,2)1827289503(4,2)
(3,2)1293605225(3,3)
(4,2)1413905754(5,2)
(4,2)605168370(4,3)
(5,2)1570940591(6,2)
(5,2)546402671(5,3)
(6,2)2114457363(7,2)
(6,2)1408509265(6,3)
(7,2)1018202324(8,2)
(7,2)342179940(7,3)
(8,2)1260973100(9,2)
(8,2)401654334(8,3)
(9,2)1428909639(10,2)
(9,2)139268567(9,3)
(10,2)1925796523(11,2)
(10,2)1833026300(10,3)
(11,2)1088605723(12,2)
(11,2)1353712896(11,3)
(12,2)1356838556(13,2)
(12,2)165109376(12,3)
(13,2)587350052(14,2)
(13,2)1972117654(13,3)
(14,2)1483024353(15,2)
(14,2)752972084(14,3)
(15,2)1479516896(16,2)
(15,2)884883843(15,3)
(16,2)1347546737(17,2)
(16,2)1125058672(16,3)
(17,2)1480105282(18,2)
(17,2)1463272294(17,3)
(18,2)609393871(19,2)
(18,2)303213628(18,3)
(19,2)908381998(20,2)
(19,2)1159911137(19,3)
(20,2)1706313808(21,2)
(20,2)2023299626(20,3)
(21,2)1284325243(22,2)
(21,2)331838941(21,3)
(22,2)674018881(23,2)
(22,2)1673287524(22,3)
(23,2)2074941858(24,2)
(23,2)155043919(23,3)
(24,2)294312487(25,2)
(24,2)1934991982(24,3)
(25,2)1620534634(26,2)
(25,2)1356367849(25,3)
(26,2)562597097(27,2)
(26,2)72625362(26,3)
(27,2)237734738(28,2)
(27,2)561656709(27,3)
(28,2)386290715(29,2)
(28,2)1919435653(28,3)
(29,2)524924090(30,2)
(29,2)825084790(29,3)
(30,2)1709968634(31,2)
(30,2)1869315068(30,3)
(31,2)846890093(32,2)
(31,2)2004440986(31,3)
(32,2)1320229632(33,2)
(32,2)910031723(32,3)
(33,2)1213245351(34,2)
(33,2)179511727(33,3)
(34,2)1339422865(35,2)
(34,2)1929623504(34,3)
(35,2)1805439482(36,2)
(35,2)2121627350(35,3)
(36,2)305982643(37,2)
(36,2)898253025(36,3)
(37,2)424056901(38,2)
(37,2)942281077(37,3)
(38,2)1097324997(39,2)
(38,2)980001525(38,3)
(39,2)767509859(40,2)
(39,2)351515111(39,3)
(40,2)1707882960(41,2)
(40,2)1391637484(40,3)
(41,2)1464262846(42,2)
(41,2)240560845(41,3)
(42,2)802217554(43,2)
(42,2)122996409(42,3)
(43,2)2042432063(44,2)
(43,2)1701997584(43,3)
(44,2)379598726(45,2)
(44,2)1188508269(44,3)
(45,2)910339689(46,2)
(45,2)419872505(45,3)
(46,2)276829843(47,2)
(46,2)2089567360(46,3)
(47,2)852115435(48,2)
(47,2)1757229782(47,3)
(48,2)1936741510(49,2)
(48,2)1597059475(48,3)
(49,2)2065360787(49,3)
(0,3)1128680727(1,3)
(0,3)1379199331(0,4)
(1,3)1037155165(2,3)
(1,3)2039504489(1,4)
(2,3)198003484(3,3)
(2,3)2026933752(2,4)
(3,3)303507006(4,3)
(3,3)1979436243(3,4)
(4,3)929277592(5,3)
(4,3)1178005009(4,4)
(5,3)1945514868(6,3)
(5,3)655022117(5,4)
(6,3)215421430(7,3)
(6,3)173431428(6,4)
(7,3)1637694274(8,3)
(7,3)38592065(7,4)
(8,3)840809619(9,3)
(8,3)338417839(8,4)
(9,3)233366254(10,3)
(9,3)1192208210(9,4)
(10,3)1571806936(11,3)
(10,3)2029317888(10,4)
(11,3)792173930(12,3)
(11,3)653238759(11,4)
(12,3)930068602(13,3)
(12,3)1513890649(12,4)
(13,3)218522436(14,3)
(13,3)401920064(13,4)
(14,3)191177926(15,3)
(14,3)379644430(14,4)
(15,3)1758843761(16,3)
(15,3)136399575(15,4)
(16,3)28420416(17,3)
(16,3)1319858653(16,4)
(17,3)1199308758(18,3)
(17,3)648515279(17,4)
(18,3)480467874(19,3)
(18,3)226423901(18,4)
(19,3)1404428910(20,3)
(19,3)1502815764(19,4)
(20,3)10354233(21,3)
(20,3)1409745466(20,4)
(21,3)1583176894(22,3)
(21,3)1202460131(21,4)
(22,3)1241052196(23,3)
(22,3)225775663(22,4)
(23,3)564193503(24,3)
(23,3)1073387520(23,4)
(24,3)118112082(25,3)
(24,3)2081861816(24,4)
(25,3)1963696056(26,3)
(25,3)797559757(25,4)
(26,3)1450798517(27,3)
(26,3)1689919018(26,4)
(27,3)1056326019(28,3)
(27,3)608386338(27,4)
(28,3)1010306403(29,3)
(28,3)233383471(28,4)
(29,3)613027901(30,3)
(29,3)1274848456(29,4)
(30,3)1411248031(31,3)
(30,3)1201484329(30,4)
(31,3)373859335(32,3)
(31,3)224388015(31,4)
(32,3)872903294(33,3)
(32,3)1439668448(32,4)
(33,3)1666092349(34,3)
(33,3)1573168093(33,4)
(34,3)928500209(35,3)
(34,3)1353371168(34,4)
(35,3)615632986(36,3)
(35,3)923037611(35,4)
(36,3)2125497742(37,3)
(36,3)938854442(36,4)
(37,3)1164630106(38,3)
(37,3)51326232(37,4)
(38,3)1124713752(39,3)
(38,3)1219066291(38,4)
(39,3)1153444459(40,3)
(39,3)1728823609(39,4)
(40,3)378899718(41,3)
(40,3)1242825834(40,4)
(41,3)785261204(42,3)
(41,3)969656867(41,4)
(42,3)1578043206(43,3)
(42,3)1829698235(42,4)
(43,3)2063081707(44,3)
(43,3)1841587224(43,4)
(44,3)968952032(45,3)
(44,3)440865961(44,4)
(45,3)1642350290(46,3)
(45,3)528625960(45,4)
(46,3)753013975(47,3)
(46,3)232716415(46,4)
(47,3)1672384863(48,3)
(47,3)2016209625(47,4)
(48,3)1441894070(49,3)
(48,3)1625917269(48,4)
(49,3)1190993564(49,4)
(0,4)222910631(1,4)
(0,4)831804789(0,5)
(1,4)1447437775(2,4)
(1,4)2114031176(1,5)
(2,4)2092045270(3,4)
(2,4)1161765074(2,5)
(3,4)178911532(4,4)
(3,4)1498764007(3,5)
(4,4)475994111(5,4)
(4,4)1163627913(4,5)
(5,4)169588724(6,4)
(5,4)1907735141(5,5)
(6,4)139151211(7,4)
(6,4)1718819945(6,5)
(7,4)356597502(8,4)
(7,4)1139245592(7,5)
(8,4)569805150(9,4)
(8,4)1968849447(8,5)
(9,4)1884447506(10,4)
(9,4)50701078(9,5)
(10,4)1019653110(11,4)
(10,4)1010671111(10,5)
(11,4)505537753(12,4)
(11,4)265589818(11,5)
(12,4)1018603794(13,4)
(12,4)1252369525(12,5)
(13,4)777270741(14,4)
(13,4)374263731(13,5)
(14,4)1816157801(15,4)
(14,4)497037415(14,5)
(15,4)1328842205(16,4)
(15,4)1968264305(15,5)
(16,4)1934811833(17,4)
(16,4)2039068433(16,5)
(17,4)1053349859(18,4)
(17,4)628796332(17,5)
(18,4)2127560340(19,4)
(18,4)1879373456(18,5)
(19,4)895517721(20,4)
(19,4)1232261391(19,5)
(20,4)992512884(21,4)
(20,4)456070803(20,5)
(21,4)27407101(22,4)
(21,4)1065106446(21,5)
(22,4)56868390(23,4)
(22,4)1131664095(22,5)
(23,4)953029894(24,4)
(23,4)384004603(23,5)
(24,4)434705681(25,4)
(24,4)626673540(24,5)
(25,4)1637344651(26,4)
(25,4)689993752(25,5)
(26,4)955583571(27,4)
(26,4)1454358791(26,5)
(27,4)559244668(28,4)
(27,4)2142882404(27,5)
(28,4)369662487(29,4)
(28,4)1974187365(28,5)
(29,4)323741132(30,4)
(29,4)1336515409(29,5)
(30,4)1157296067(31,4)
(30,4)38336641(30,5)
(31,4)2077405074(32,4)
(31,4)1652583337(31,5)
(32,4)133896022(33,4)
(32,4)944624252(32,5)
(33,4)676514060(34,4)
(33,4)983271285(33,5)
(34,4)68049028(35,4)
(34,4)113972714(34,5)
(35,4)570043517(36,4)
(35,4)1572031782(35,5)
(36,4)489654580(37,4)
(36,4)1060561912(36,5)
(37,4)44742359(38,4)
(37,4)597450618(37,5)
(38,4)981455221(39,4)
(38,4)546522970(38,5)
(39,4)1173196510(40,4)
(39,4)997772254(39,5)
(40,4)1687766006(41,4)
(40,4)1416160902(40,5)
(41,4)723036045(42,4)
(41,4)663057513(41,5)
(42,4)658456269(43,4)
(42,4)495865929(42,5)
(43,4)322569646(44,4)
(43,4)1282280714(43,5)
(44,4)471312475(45,4)
(44,4)1028118757(44,5)
(45,4)1066455398(46,4)
(45,4)646310779(45,5)
(46,4)151410468(47,4)
(46,4)1628608542(46,5)
(47,4)425749147(48,4)
(47,4)996376824(47,5)
(48,4)1979648109(49,4)
(48,4)285306490(48,5)
(49,4)1102263207(49,5)
(0,5)2047697137(1,5)
(0,5)399279204(0,6)
(1,5)969322722(2,5)
(1,5)526811341(1,6)
(2,5)1016465921(3,5)
(2,5)960775401(2,6)
(3,5)1005517760(4,5)
(3,5)1566773340(3,6)
(4,5)400744914(5,5)
(4,5)1562988891(4,6)
(5,5)588701753(6,5)
(5,5)2003290014(5,6)
(6,5)1543572373(7,5)
(6,5)1816905816(6,6)
(7,5)392458214(8,5)
(7,5)1251759266(7,6)
(8,5)1910215536(9,5)
(8,5)2039438302(8,6)
(9,5)214524301(10,5)
(9,5)1674738928(9,6)
(10,5)2146051403(11,5)
(10,5)790850645(10,6)
(11,5)1857306043(12,5)
(11,5)860835080(11,6)
(12,5)1012245548(13,5)
(12,5)1627176298(12,6)
(13,5)2052925445(14,5)
(13,5)706199219(13,6)
(14,5)538363680(15,5)
(14,5)1297552039(14,6)
(15,5)1696831243(16,5)
(15,5)1007705004(15,6)
(16,5)1534516346(17,5)
(16,5)438577169(16,6)
(17,5)1399352570(18,5)
(17,5)518670317(17,6)
(18,5)2085443658(19,5)
(18,5)403498619(18,6)
(19,5)1966487511(20,5)
(19,5)257386682(19,6)
(20,5)113193049(21,5)
(20,5)338704924(20,6)
(21,5)8127092(22,5)
(21,5)407705616(21,6)
(22,5)1659464883(23,5)
(22,5)1656765422(22,6)
(23,5)1548720076(24,5)
(23,5)400585306(23,6)
(24,5)2075324234(25,5)
(24,5)1422196771(24,6)
(25,5)65563768(26,5)
(25,5)1763244377(25,6)
(26,5)476595809(27,5)
(26,5)2073891990(26,6)
(27,5)1553584640(28,5)
(27,5)1922869811(27,6)
(28,5)481585382(29,5)
(28,5)1488841358(28,6)
(29,5)638909749(30,5)
(29,5)1459026437(29,6)
(30,5)319247793(31,5)
(30,5)1019949062(30,6)
(31,5)1458526231(32,5)
(31,5)188257344(31,6)
(32,5)706927662(33,5)
(32,5)1853764139(32,6)
(33,5)109779111(34,5)
(33,5)710395153(33,6)
(34,5)967781835(35,5)
(34,5)644887672(34,6)
(35,5)983592596(36,5)
(35,5)2076266622(35,6)
(36,5)336488590(37,5)
(36,5)1080974884(36,6)
(37,5)590256658(38,5)
(37,5)991719688(37,6)
(38,5)1392304995(39,5)
(38,5)1995953473(38,6)
(39,5)1270666596(40,5)
(39,5)2138976735(39,6)
(40,5)1754737464(41,5)
(40,5)1320145581(40,6)
(41,5)1246553923(42,5)
(41,5)1336230364(41,6)
(42,5)1111616527(43,5)
(42,5)83849626(42,6)
(43,5)1572690984(44,5)
(43,5)652654915(43,6)
(44,5)2111681352(45,5)
(44,5)1593201909(44,6)
(45,5)465667323(46,5)
(45,5)64117085(45,6)
(46,5)252374429(47,5)
(46,5)283445498(46,6)
(47,5)2137209637(48,5)
(47,5)1924193554(47,6)
(48,5)487105059(49,5)
(48,5)959302091(48,6)
(49,5)99505100(49,6)
(0,6)1454886895(1,6)
(0,6)1604189763(0,7)
(1,6)440298711(2,6)
(1,6)28288074(1,7)
(2,6)364776665(3,6)
(2,6)388378131(2,7)
(3,6)978634790(4,6)
(3,6)1432018400(3,7)
(4,6)676839747(5,6)
(4,6)213246490(4,7)
(5,6)1483913087(6,6)
(5,6)970127877(5,7)
(6,6)577381693(7,6)
(6,6)1996985328(6,7)
(7,6)1096055604(8,6)
(7,6)672659803(7,7)
(8,6)1784276331(9,6)
(8,6)661231319(8,7)
(9,6)86438655(10,6)
(9,6)1748710519(9,7)
(10,6)1712908224(11,6)
(10,6)1229994592(10,7)
(11,6)1695661916(12,6)
(11,6)150555740(11,7)
(12,6)402930170(13,6)
(12,6)1996353722(12,7)
(13,6)1986079711(14,6)
(13,6)1472371822(13,7)
(14,6)1959476882(15,6)
(14,6)1362232261(14,7)
(15,6)818938377(16,6)
(15,6)2085584812(15,7)
(16,6)2113872886(17,6)
(16,6)1266880129(16,7)
(17,6)1655258260(18,6)
(17,6)1259237088(17,7)
(18,6)543771840(19,6)
(18,6)331165903(18,7)
(19,6)544412394(20,6)
(19,6)486409402(19,7)
(20,6)1456537279(21,6)
(20,6)1220611587(20,7)
(21,6)1070113268(22,6)
(21,6)2028325481(21,7)
(22,6)553501636(23,6)
(22,6)2033918973(22,7)
(23,6)547666644(24,6)
(23,6)18685224(23,7)
(24,6)1767395743(25,6)
(24,6)190294319(24,7)
(25,6)1420288912(26,6)
(25,6)634105300(25,7)
(26,6)784661040(27,6)
(26,6)1332820319(26,7)
(27,6)1181690393(28,6)
(27,6)968467180(27,7)
(28,6)293355354(29,6)
(28,6)1187591210(28,7)
(29,6)402339824(30,6)
(29,6)1020286457(29,7)
(30,6)958387621(31,6)
(30,6)105348588(30,7)
(31,6)1372228717(32,6)
(31,6)1221278201(31,7)
(32,6)333031641(33,6)
(32,6)924776859(32,7)
(33,6)1255942763(34,6)
(33,6)880003330(33,7)
(34,6)1366412732(35,6)
(34,6)876803482(34,7)
(35,6)2097415069(36,6)
(35,6)1800355157(35,7)
(36,6)1681196990(37,6)
(36,6)675466364(36,7)
(37,6)561901689(38,6)
(37,6)1020044689(37,7)
(38,6)1038729913(39,6)
(38,6)87214978(38,7)
(39,6)277509298(40,6)
(39,6)1109568333(39,7)
(40,6)1743673633(41,6)
(40,6)658642009(40,7)
(41,6)1991462328(42,6)
(41,6)1697798210(41,7)
(42,6)518781742(43,6)
(42,6)380851026(42,7)
(43,6)1568442236(44,6)
(43,6)1025669074(43,7)
(44,6)2045955531(45,6)
(44,6)812137096(44,7)
(45,6)917485685(46,6)
(45,6)1970782060(45,7)
(46,6)1044576613(47,6)
(46,6)856859504(46,7)
(47,6)1781636363(48,6)
(47,6)142230754(47,7)
(48,6)1022234084(49,6)
(48,6)1377608255(48,7)
(49,6)890095478(49,7)
(0,7)241163169(1,7)
(0,7)106928089(0,8)
(1,7)56859510(2,7)
(1,7)542966987(1,8)
(2,7)76680329(3,7)
(2,7)916629533(2,8)
(3,7)1478531222(4,7)
(3,7)1076904200(3,8)
(4,7)2115634113(5,7)
(4,7)163895308(4,8)
(5,7)441404606(6,7)
(5,7)440615907(5,8)
(6,7)36805893(7,7)
(6,7)626792474(6,8)
(7,7)470771155(8,7)
(7,7)2139202816(7,8)
(8,7)510500910(9,7)
(8,7)417656919(8,8)
(9,7)1986099155(10,7)
(9,7)1496440229(9,8)
(10,7)1394912112(11,7)
(10,7)1322638006(10,8)
(11,7)92640043(12,7)
(11,7)1809397568(11,8)
(12,7)706490533(13,7)
(12,7)104287968(12,8)
(13,7)1885924331(14,7)
(13,7)234870798(13,8)
(14,7)1257104882(15,7)
(14,7)2084098788(14,8)
(15,7)43543229(16,7)
(15,7)628536162(15,8)
(16,7)1171503149(17,7)
(16,7)1498268051(16,8)
(17,7)267413936(18,7)
(17,7)100402740(17,8)
(18,7)1177306940(19,7)
(18,7)1248183479(18,8)
(19,7)1412078787(20,7)
(19,7)1745945158(19,8)
(20,7)39077418(21,7)
(20,7)1145457405(20,8)
(21,7)1772249880(22,7)
(21,7)1853483393(21,8)
(22,7)1845202561(23,7)
(22,7)75883311(22,8)
(23,7)493540230(24,7)
(23,7)95537387(23,8)
(24,7)1591977616(25,7)
(24,7)208219823(24,8)
(25,7)1530857829(26,7)
(25,7)332155737(25,8)
(26,7)2141553305(27,7)
(26,7)839406080(26,8)
(27,7)943694048(28,7)
(27,7)1623497873(27,8)
(28,7)1858368671(29,7)
(28,7)700560191(28,8)
(29,7)637175331(30,7)
(29,7)682134731(29,8)
(30,7)1310670893(31,7)
(30,7)967989905(30,8)
(31,7)318774309(32,7)
(31,7)680718561(31,8)
(32,7)781121301(33,7)
(32,7)334690395(32,8)
(33,7)1582873874(34,7)
(33,7)586188245(33,8)
(34,7)184649756(35,7)
(34,7)1958428241(34,8)
(35,7)956401998(36,7)
(35,7)847469013(35,8)
(36,7)553468758(37,7)
(36,7)223727174(36,8)
(37,7)299610485(38,7)
(37,7)581168230(37,8)
(38,7)676705617(39,7)
(38,7)251187671(38,8)
(39,7)459407494(40,7)
(39,7)793150715(39,8)
(40,7)1125306452(41,7)
(40,7)121199585(40,8)
(41,7)960605665(42,7)
(41,7)1990265323(41,8)
(42,7)1466279548(43,7)
(42,7)1119376110(42,8)
(43,7)1819936301(44,7)
(43,7)1904299713(43,8)
(44,7)438950797(45,7)
(44,7)1177164571(44,8)
(45,7)2145154477(46,7)
(45,7)309627984(45,8)
(46,7)990346545(47,7)
(46,7)1749621690(46,8)
(47,7)2084312085(48,7)
(47,7)316445138(47,8)
(48,7)902633383(49,7)
(48,7)1771467846(48,8)
(49,7)1519702311(49,8)
(0,8)1087283139(1,8)
(0,8)1582412439(0,9)
(1,8)391330790(2,8)
(1,8)219687676(1,9)
(2,8)773156434(3,8)
(2,8)1311010313(2,9)
(3,8)1610620798(4,8)
(3,8)972499020(3,9)
(4,8)1649204638(5,8)
(4,8)1024344105(4,9)
(5,8)1483751599(6,8)
(5,8)256287865(5,9)
(6,8)1381594318(7,8)
(6,8)1770404223(6,9)
(7,8)583526241(8,8)
(7,8)1326533275(7,9)
(8,8)645329175(9,8)
(8,8)353486780(8,9)
(9,8)25939433(10,8)
(9,8)340342306(9,9)
(10,8)779293103(11,8)
(10,8)1822493747(10,9)
(11,8)1820164576(12,8)
(11,8)335567417(11,9)
(12,8)1325913963(13,8)
(12,8)381431146(12,9)
(13,8)318259583(14,8)
(13,8)2136609714(13,9)
(14,8)891759449(15,8)
(14,8)949898161(14,9)
(15,8)384826953(16,8)
(15,8)1837961895(15,9)
(16,8)2057649571(17,8)
(16,8)1979042589(16,9)
(17,8)1142569254(18,8)
(17,8)776157743(17,9)
(18,8)1748656763(19,8)
(18,8)683322358(18,9)
(19,8)1707666463(20,8)
(19,8)605706405(19,9)
(20,8)861994270(21,8)
(20,8)1250377753(20,9)
(21,8)873298329(22,8)
(21,8)1043934415(21,9)
(22,8)222984042(23,8)
(22,8)96104940(22,9)
(23,8)449591720(24,8)
(23,8)1456824570(23,9)
(24,8)1797166876(25,8)
(24,8)868313217(24,9)
(25,8)543323316(26,8)
(25,8)475531153(25,9)
(26,8)811098571(27,8)
(26,8)428976332(26,9)
(27,8)810407478(28,8)
(27,8)216004244(27,9)
(28,8)205130310(29,8)
(28,8)2137012534(28,9)
(29,8)939427047(30,8)
(29,8)1128667061(29,9)
(30,8)819145308(31,8)
(30,8)1096889760(30,9)
(31,8)928448701(32,8)
(31,8)1324254000(31,9)
(32,8)2100411743(33,8)
(32,8)729311232(32,9)
(33,8)1412633590(34,8)
(33,8)2071017955(33,9)
(34,8)529240712(35,8)
(34,8)1701584859(34,9)
(35,8)804478964(36,8)
(35,8)972816405(35,9)
(36,8)2016750820(37,8)
(36,8)1391234983(36,9)
(37,8)1487339923(38,8)
(37,8)1677777293(37,9)
(38,8)987118215(39,8)
(38,8)92251214(38,9)
(39,8)960564432(40,8)
(39,8)1936931644(39,9)
(40,8)264979149(41,8)
(40,8)636801444(40,9)
(41,8)1065777776(42,8)
(41,8)1503887748(41,9)
(42,8)1719891993(43,8)
(42,8)1076077720(42,9)
(43,8)1065606606(44,8)
(43,8)1876185254(43,9)
(44,8)857368667(45,8)
(44,8)1925022303(44,9)
(45,8)874428415(46,8)
(45,8)2005033654(45,9)
(46,8)1181804006(47,8)
(46,8)1676513976(46,9)
(47,8)258341560(48,8)
(47,8)1802877116(47,9)
(48,8)1726411424(49,8)
(48,8)1134732102(48,9)
(49,8)1670975150(49,9)
(0,9)108168488(1,9)
(0,9)688833313(0,10)
(1,9)1493312277(2,9)
(1,9)496307907(1,10)
(2,9)365575080(3,9)
(2,9)1499403471(2,10)
(3,9)839259747(4,9)
(3,9)1023605923(3,10)
(4,9)2010724138(5,9)
(4,9)457826294(4,10)
(5,9)1418390726(6,9)
(5,9)628707743(5,10)
(6,9)893686892(7,9)
(6,9)500041934(6,10)
(7,9)1565819710(8,9)
(7,9)774794827(7,10)
(8,9)347203172(9,9)
(8,9)1969764613(8,10)
(9,9)887887571(10,9)
(9,9)1294521316(9,10)
(10,9)4406336(11,9)
(10,9)124741827(10,10)
(11,9)999170243(12,9)
(11,9)745437577(11,10)
(12,9)1927241584(13,9)
(12,9)1680920312(12,10)
(13,9)1939261872(14,9)
(13,9)654563711(13,10)
(14,9)233491487(15,9)
(14,9)914490038(14,10)
(15,9)1603323351(16,9)
(15,9)1462753374(15,10)
(16,9)1959061281(17,9)
(16,9)341659976(16,10)
(17,9)1841063447(18,9)
(17,9)949151980(17,10)
(18,9)1972757903(19,9)
(18,9)177152713(18,10)
(19,9)634979008(20,9)
(19,9)532839546(19,10)
(20,9)1161547289(21,9)
(20,9)1835998394(20,10)
(21,9)188556680(22,9)
(21,9)2053369734(21,10)
(22,9)680680913(23,9)
(22,9)2055234182(22,10)
(23,9)1877515147(24,9)
(23,9)1754376391(23,10)
(24,9)901414059(25,9)
(24,9)1027884085(24,10)
(25,9)1152625913(26,9)
(25,9)617919070(25,10)
(26,9)1363356648(27,9)
(26,9)905820395(26,10)
(27,9)439257059(28,9)
(27,9)4312508(27,10)
(28,9)658876219(29,9)
(28,9)1143114584(28,10)
(29,9)2057604622(30,9)
(29,9)231035283(29,10)
(30,9)1693788657(31,9)
(30,9)892367707(30,10)
(31,9)1234027683(32,9)
(31,9)1513444325(31,10)
(32,9)315112657(33,9)
(32,9)1505366291(32,10)
(33,9)1682519004(34,9)
(33,9)927607482(33,10)
(34,9)1460447029(35,9)
(34,9)140386913(34,10)
(35,9)1976385307(36,9)
(35,9)170014364(35,10)
(36,9)75900451(37,9)
(36,9)474510670(36,10)
(37,9)382261204(38,9)
(37,9)17458339(37,10)
(38,9)1771834730(39,9)
(38,9)756581364(38,10)
(39,9)1784465450(40,9)
(39,9)112292703(39,10)
(40,9)730211774(41,9)
(40,9)525765142(40,10)
(41,9)1431585537(42,9)
(41,9)789607715(41,10)
(42,9)793920223(43,9)
(42,9)2093568422(42,10)
(43,9)1089199358(44,9)
(43,9)1870842597(43,10)
(44,9)2101877880(45,9)
(44,9)1452796442(44,10)
(45,9)197680501(46,9)
(45,9)999320332(45,10)
(46,9)365281009(47,9)
(46,9)1648182890(46,10)
(47,9)1006065533(48,9)
(47,9)1431708184(47,10)
(48,9)211832019(49,9)
(48,9)680393666(48,10)
(49,9)541100889(49,10)
(0,10)1672279048(1,10)
(0,10)820780579(0,11)
(1,10)649682238(2,10)
(1,10)711115254(1,11)
(2,10)787015705(3,10)
(2,10)2146789718(2,11)
(3,10)381567275(4,10)
(3,10)667140578(3,11)
(4,10)291491660(5,10)
(4,10)1543597069(4,11)
(5,10)1180578871(6,10)
(5,10)493859978(5,11)
(6,10)1224071752(7,10)
(6,10)817256802(6,11)
(7,10)101358692(8,10)
(7,10)1970186586(7,11)
(8,10)616623161(9,10)
(8,10)1170156526(8,11)
(9,10)111872236(10,10)
(9,10)1972201289(9,11)
(10,10)1926595521(11,10)
(10,10)2069419604(10,11)
(11,10)119616457(12,10)
(11,10)1111192568(11,11)
(12,10)1476473577(13,10)
(12,10)1427294763(12,11)
(13,10)285876648(14,10)
(13,10)1551324642(13,11)
(14,10)1763156661(15,10)
(14,10)9383596(14,11)
(15,10)830164175(16,10)
(15,10)826977538(15,11)
(16,10)1538092792(17,10)
(16,10)1287952061(16,11)
(17,10)1287258131(18,10)
(17,10)1479846414(17,11)
(18,10)2146986992(19,10)
(18,10)177624849(18,11)
(19,10)1721221918(20,10)
(19,10)1668825406(19,11)
(20,10)15201737(21,10)
(20,10)290995004(20,11)
(21,10)1108251807(22,10)
(21,10)754317142(21,11)
(22,10)577020080(23,10)
(22,10)1239273489(22,11)
(23,10)261946368(24,10)
(23,10)1209610499(23,11)
(24,10)1034328140(25,10)
(24,10)1193643242(24,11)
(25,10)1115579198(26,10)
(25,10)373818604(25,11)
(26,10)1485011173(27,10)
(26,10)813440013(26,11)
(27,10)93251129(28,10)
(27,10)1235195655(27,11)
(28,10)639036649(29,10)
(28,10)814001102(28,11)
(29,10)823384698(30,10)
(29,10)379127777(29,11)
(30,10)1206105315(31,10)
(30,10)254709662(30,11)
(31,10)1542661723(32,10)
(31,10)1653548874(31,11)
(32,10)985911640(33,10)
(32,10)596714459(32,11)
(33,10)774339308(34,10)
(33,10)682436207(33,11)
(34,10)203777965(35,10)
(34,10)985414984(34,11)
(35,10)1276409988(36,10)
(35,10)348077579(35,11)
(36,10)1102394721(37,10)
(36,10)218979702(36,11)
(37,10)1458253192(38,10)
(37,10)237178147(37,11)
(38,10)1446788646(39,10)
(38,10)1679414801(38,11)
(39,10)725574395(40,10)
(39,10)1720199560(39,11)
(40,10)2094018164(41,10)
(40,10)333633138(40,11)
(41,10)1147073152(42,10)
(41,10)1841153593(41,11)
(42,10)928865601(43,10)
(42,10)1431545689(42,11)
(43,10)98063144(44,10)
(43,10)1240324281(43,11)
(44,10)1619452058(45,10)
(44,10)1567902250(44,11)
(45,10)1822611913(46,10)
(45,10)921447842(45,11)
(46,10)427513068(47,10)
(46,10)678073726(46,11)
(47,10)1274788185(48,10)
(47,10)1217789988(47,11)
(48,10)1900226195(49,10)
(48,10)1413424708(48,11)
(49,10)2049127494(49,11)
(0,11)2104004161(1,11)
(0,11)251356044(0,12)
(1,11)1527766033(2,11)
(1,11)249721425(1,12)
(2,11)1352116146(3,11)
(2,11)175500215(2,12)
(3,11)1633753407(4,11)
(3,11)1764944180(3,12)
(4,11)1064249179(5,11)
(4,11)884047299(4,12)
(5,11)1609621695(6,11)
(5,11)1206469319(5,12)
(6,11)1153003836(7,11)
(6,11)1397882317(6,12)
(7,11)397471821(8,11)
(7,11)1303291640(7,12)
(8,11)84673593(9,11)
(8,11)437065877(8,12)
(9,11)535129021(10,11)
(9,11)1637796102(9,12)
(10,11)1109764513(11,11)
(10,11)1652575844(10,12)
(11,11)1327704109(12,11)
(11,11)1456576864(11,12)
(12,11)1884089932(13,11)
(12,11)1787838239(12,12)
(13,11)915142776(14,11)
(13,11)398010449(13,12)
(14,11)150752997(15,11)
(14,11)1150030993(14,12)
(15,11)1401387037(16,11)
(15,11)816786622(15,12)
(16,11)1066508047(17,11)
(16,11)107273510(16,12)
(17,11)282773725(18,11)
(17,11)781669422(17,12)
(18,11)399129955(19,11)
(18,11)271140545(18,12)
(19,11)1155187845(20,11)
(19,11)1916527133(19,12)
(20,11)975512804(21,11)
(20,11)1463379134(20,12)
(21,11)713777803(22,11)
(21,11)617325892(21,12)
(22,11)1920617532(23,11)
(22,11)2128516640(22,12)
(23,11)418098870(24,11)
(23,11)1111249625(23,12)
(24,11)601562079(25,11)
(24,11)2005291126(24,12)
(25,11)1510383322(26,11)
(25,11)953227891(25,12)
(26,11)262321107(27,11)
(26,11)1711326592(26,12)
(27,11)1351681183(28,11)
(27,11)690603783(27,12)
(28,11)1088614232(29,11)
(28,11)2146411040(28,12)
(29,11)1148958385(30,11)
(29,11)119340312(29,12)
(30,11)936126934(31,11)
(30,11)1239367229(30,12)
(31,11)1346640739(32,11)
(31,11)402861774(31,12)
(32,11)1184531197(33,11)
(32,11)2002634982(32,12)
(33,11)126291879(34,11)
(33,11)1629414465(33,12)
(34,11)1398457950(35,11)
(34,11)1583661152(34,12)
(35,11)899556638(36,11)
(35,11)1281479724(35,12)
(36,11)1898805616(37,11)
(36,11)226487106(36,12)
(37,11)207520099(38,11)
(37,11)1613334441(37,12)
(38,11)577100418(39,11)
(38,11)1671939501(38,12)
(39,11)1529746979(40,11)
(39,11)625618969(39,12)
(40,11)1578846860(41,11)
(40,11)1178662498(40,12)
(41,11)742505442(42,11)
(41,11)892646653(41,12)
(42,11)1583250436(43,11)
(42,11)1841167968(42,12)
(43,11)1840095360(44,11)
(43,11)2094186626(43,12)
(44,11)66043290(45,11)
(44,11)524381020(44,12)
(45,11)1763748250(46,11)
(45,11)841570097(45,12)
(46,11)1244431871(47,11)
(46,11)1002170224(46,12)
(47,11)857321558(48,11)
(47,11)962905341(47,12)
(48,11)444836158(49,11)
(48,11)281479420(48,12)
(49,11)983613438(49,12)
(0,12)1843294108(1,12)
(0,12)1865140572(0,13)
(1,12)617213562(2,12)
(1,12)117609514(1,13)
(2,12)2016415131(3,12)
(2,12)2069781215(2,13)
(3,12)129817666(4,12)
(3,12)83064356(3,13)
(4,12)660164774(5,12)
(4,12)1540870984(4,13)
(5,12)923134315(6,12)
(5,12)755436635(5,13)
(6,12)186799847(7,12)
(6,12)1838827272(6,13)
(7,12)433849067(8,12)
(7,12)1815780968(7,13)
(8,12)1251547756(9,12)
(8,12)2027967815(8,13)
(9,12)1720579527(10,12)
(9,12)380552045(9,13)
(10,12)446595335(11,12)
(10,12)1775928776(10,13)
(11,12)1392193378(12,12)
(11,12)414665976(11,13)
(12,12)1659097848(13,12)
(12,12)1448765559(12,13)
(13,12)158603470(14,12)
(13,12)207615072(13,13)
(14,12)652451230(15,12)
(14,12)1940577268(14,13)
(15,12)1658234193(16,12)
(15,12)1142216908(15,13)
(16,12)1259826422(17,12)
(16,12)348261691(16,13)
(17,12)270559258(18,12)
(17,12)127964107(17,13)
(18,12)211028463(19,12)
(18,12)1128757905(18,13)
(19,12)522145241(20,12)
(19,12)400376924(19,13)
(20,12)1155813559(21,12)
(20,12)871193238(20,13)
(21,12)562536862(22,12)
(21,12)1445279556(21,13)
(22,12)1113576876(23,12)
(22,12)1342613406(22,13)
(23,12)1223097574(24,12)
(23,12)996385929(23,13)
(24,12)1376937974(25,12)
(24,12)217640984(24,13)
(25,12)1993569761(26,12)
(25,12)796193453(25,13)
(26,12)1210859430(27,12)
(26,12)1823533309(26,13)
(27,12)1124815221(28,12)
(27,12)1238279491(27,13)
(28,12)1445894563(29,12)
(28,12)722473630(28,13)
(29,12)515567250(30,12)
(29,12)1283418691(29,13)
(30,12)278151951(31,12)
(30,12)2098345794(30,13)
(31,12)299123837(32,12)
(31,12)26317795(31,13)
(32,12)154281903(33,12)
(32,12)1537978373(32,13)
(33,12)519252631(34,12)
(33,12)569683095(33,13)
(34,12)970060019(35,12)
(34,12)365310366(34,13)
(35,12)1236503604(36,12)
(35,12)1041397872(35,13)
(36,12)339193781(37,12)
(36,12)2125873578(36,13)
(37,12)1321003336(38,12)
(37,12)1799040467(37,13)
(38,12)647942748(39,12)
(38,12)1452770657(38,13)
(39,12)1670411642(40,12)
(39,12)396617262(39,13)
(40,12)1192810716(41,12)
(40,12)2024880723(40,13)
(41,12)1700930384(42,12)
(41,12)1516497755(41,13)
(42,12)607293598(43,12)
(42,12)256186498(42,13)
(43,12)978660128(44,12)
(43,12)678261957(43,13)
(44,12)1961680648(45,12)
(44,12)2053188162(44,13)
(45,12)2004050308(46,12)
(45,12)1494227378(45,13)
(46,12)1520545174(47,12)
(46,12)92348951(46,13)
(47,12)1630327325(48,12)
(47,12)155690497(47,13)
(48,12)725373592(49,12)
(48,12)1674827077(48,13)
(49,12)2096308(49,13)
(0,13)1695433611(1,13)
(0,13)2040137443(0,14)
(1,13)1129157400(2,13)
(1,13)1043494180(1,14)
(2,13)1382687961(3,13)
(2,13)1673823541(2,14)
(3,13)847343229(4,13)
(3,13)780714219(3,14)
(4,13)1428656967(5,13)
(4,13)687974971(4,14)
(5,13)210902965(6,13)
(5,13)1243960492(5,14)
(6,13)289287560(7,13)
(6,13)1306054042(6,14)
(7,13)859500779(8,13)
(7,13)1727400720(7,14)
(8,13)187210670(9,13)
(8,13)545474058(8,14)
(9,13)1524134186(10,13)
(9,13)1537762736(9,14)
(10,13)1351959737(11,13)
(10,13)92915184(10,14)
(11,13)2096965492(12,13)
(11,13)870877916(11,14)
(12,13)243939442(13,13)
(12,13)1444308688(12,14)
(13,13)927152365(14,13)
(13,13)105172341(13,14)
(14,13)830545933(15,13)
(14,13)1918766519(14,14)
(15,13)1811420315(16,13)
(15,13)929248673(15,14)
(16,13)1972742854(17,13)
(16,13)378495896(16,14)
(17,13)2052319437(18,13)
(17,13)793094067(17,14)
(18,13)1573808286(19,13)
(18,13)1207947167(18,14)
(19,13)1895922138(20,13)
(19,13)752179019(19,14)
(20,13)1996139511(21,13)
(20,13)854981605(20,14)
(21,13)13552000(22,13)
(21,13)2106825103(21,14)
(22,13)1686742175(23,13)
(22,13)137943423(22,14)
(23,13)683417481(24,13)
(23,13)873052779(23,14)
(24,13)263331867(25,13)
(24,13)1873952846(24,14)
(25,13)1966868030(26,13)
(25,13)60068019(25,14)
(26,13)930945935(27,13)
(26,13)1615291604(26,14)
(27,13)912116645(28,13)
(27,13)1916349875(27,14)
(28,13)2021522216(29,13)
(28,13)1174885378(28,14)
(29,13)946168249(30,13)
(29,13)1839269010(29,14)
(30,13)621034036(31,13)
(30,13)704584502(30,14)
(31,13)1083080398(32,13)
(31,13)610104916(31,14)
(32,13)1403198983(33,13)
(32,13)446293242(32,14)
(33,13)1654240409(34,13)
(33,13)987916188(33,14)
(34,13)1740095207(35,13)
(34,13)829523621(34,14)
(35,13)1684505227(36,13)
(35,13)1402678900(35,14)
(36,13)1362020355(37,13)
(36,13)1588751070(36,14)
(37,13)1726694493(38,13)
(37,13)1698057227(37,14)
(38,13)423626358(39,13)
(38,13)901278883(38,14)
(39,13)627748081(40,13)
(39,13)262628326(39,14)
(40,13)322696345(41,13)
(40,13)686958225(40,14)
(41,13)154766182(42,13)
(41,13)447132463(41,14)
(42,13)215998690(43,13)
(42,13)1253642280(42,14)
(43,13)281044010(44,13)
(43,13)1066882827(43,14)
(44,13)758668189(45,13)
(44,13)90037259(44,14)
(45,13)794621761(46,13)
(45,13)1227212260(45,14)
(46,13)1837317176(47,13)
(46,13)1379702225(46,14)
(47,13)1825995467(48,13)
(47,13)1877702159(47,14)
(48,13)718134699(49,13)
(48,13)1093032512(48,14)
(49,13)1332752229(49,14)
(0,14)310746258(1,14)
(0,14)1922556133(0,15)
(1,14)1459577712(2,14)
(1,14)587947481(1,15)
(2,14)1949967836(3,14)
(2,14)1899497328(2,15)
(3,14)1478708173(4,14)
(3,14)1010151291(3,15)
(4,14)1433777649(5,14)
(4,14)703763071(4,15)
(5,14)1331511152(6,14)
(5,14)1741336499(5,15)
(6,14)2064032844(7,14)
(6,14)2120735875(6,15)
(7,14)128018409(8,14)
(7,14)1778643616(7,15)
(8,14)1994642306(9,14)
(8,14)1170191477(8,15)
(9,14)1451235487(10,14)
(9,14)1194901236(9,15)
(10,14)1953569425(11,14)
(10,14)2084679565(10,15)
(11,14)731817678(12,14)
(11,14)530964099(11,15)
(12,14)220797628(13,14)
(12,14)1185788003(12,15)
(13,14)864299822(14,14)
(13,14)462036190(13,15)
(14,14)1180170889(15,14)
(14,14)1313830140(14,15)
(15,14)1088902625(16,14)
(15,14)49568403(15,15)
(16,14)637515884(17,14)
(16,14)1490917148(16,15)
(17,14)1242930828(18,14)
(17,14)400996690(17,15)
(18,14)1411147981(19,14)
(18,14)440000073(18,15)
(19,14)1143763144(20,14)
(19,14)574155354(19,15)
(20,14)168008205(21,14)
(20,14)697441983(20,15)
(21,14)670694210(22,14)
(21,14)327790649(21,15)
(22,14)2106434265(23,14)
(22,14)84557402(22,15)
(23,14)1254748879(24,14)
(23,14)798712619(23,15)
(24,14)1993613855(25,14)
(24,14)1953592923(24,15)
(25,14)1890788841(26,14)
(25,14)558500718(25,15)
(26,14)1089464818(27,14)
(26,14)1799699632(26,15)
(27,14)838003987(28,14)
(27,14)475122871(27,15)
(28,14)937159061(29,14)
(28,14)1310262446(28,15)
(29,14)476608938(30,14)
(29,14)1702303810(29,15)
(30,14)1751872213(31,14)
(30,14)2117329951(30,15)
(31,14)1460763451(32,14)
(31,14)1565511563(31,15)
(32,14)1966508253(33,14)
(32,14)241904450(32,15)
(33,14)681904523(34,14)
(33,14)556210631(33,15)
(34,14)1130365985(35,14)
(34,14)1230172587(34,15)
(35,14)1927614570(36,14)
(35,14)1825667667(35,15)
(36,14)5974668(37,14)
(36,14)1298374191(36,15)
(37,14)1382931593(38,14)
(37,14)450825132(37,15)
(38,14)1249537751(39,14)
(38,14)2112408933(38,15)
(39,14)1918518209(40,14)
(39,14)490196824(39,15)
(40,14)1048697542(41,14)
(40,14)1095667958(40,15)
(41,14)747883942(42,14)
(41,14)1661823402(41,15)
(42,14)2136946273(43,14)
(42,14)2138162360(42,15)
(43,14)1300941158(44,14)
(43,14)1585887930(43,15)
(44,14)1140708092(45,14)
(44,14)926621687(44,15)
(45,14)896467990(46,14)
(45,14)1777550096(45,15)
(46,14)1195578012(47,14)
(46,14)745096657(46,15)
(47,14)987001107(48,14)
(47,14)209747793(47,15)
(48,14)765958424(49,14)
(48,14)1014602617(48,15)
(49,14)1668905630(49,15)
(0,15)1896324410(1,15)
(0,15)97291556(0,16)
(1,15)2024906126(2,15)
(1,15)1347089650(1,16)
(2,15)1353064318(3,15)
(2,15)1047214953(2,16)
(3,15)282662898(4,15)
(3,15)328247610(3,16)
(4,15)1577785361(5,15)
(4,15)1317989604(4,16)
(5,15)1089024165(6,15)
(5,15)772859722(5,16)
(6,15)1821557264(7,15)
(6,15)525969671(6,16)
(7,15)1273853614(8,15)
(7,15)603363919(7,16)
(8,15)592826544(9,15)
(8,15)1812235977(8,16)
(9,15)965693487(10,15)
(9,15)712257896(9,16)
(10,15)1852965988(11,15)
(10,15)1519448231(10,16)
(11,15)268432573(12,15)
(11,15)595759936(11,16)
(12,15)1791337948(13,15)
(12,15)450578997(12,16)
(13,15)1437580105(14,15)
(13,15)478180366(13,16)
(14,15)1244138791(15,15)
(14,15)658456917(14,16)
(15,15)755748474(16,15)
(15,15)959002087(15,16)
(16,15)158608089(17,15)
(16,15)992979553(16,16)
(17,15)2040194506(18,15)
(17,15)633170952(17,16)
(18,15)961418563(19,15)
(18,15)1511672408(18,16)
(19,15)682178364(20,15)
(19,15)175373756(19,16)
(20,15)948233478(21,15)
(20,15)391720276(20,16)
(21,15)917689948(22,15)
(21,15)1771202529(21,16)
(22,15)227082800(23,15)
(22,15)622307094(22,16)
(23,15)287059423(24,15)
(23,15)44059914(23,16)
(24,15)756317810(25,15)
(24,15)819909344(24,16)
(25,15)191873928(26,15)
(25,15)1252752911(25,16)
(26,15)1848512847(27,15)
(26,15)461800150(26,16)
(27,15)912379147(28,15)
(27,15)460306501(27,16)
(28,15)938486868(29,15)
(28,15)1492367147(28,16)
(29,15)3340416(30,15)
(29,15)202475604(29,16)
(30,15)1161477692(31,15)
(30,15)35142011(30,16)
(31,15)1028121564(32,15)
(31,15)759088890(31,16)
(32,15)1392259843(33,15)
(32,15)1320085781(32,16)
(33,15)684274541(34,15)
(33,15)920832422(33,16)
(34,15)1096206178(35,15)
(34,15)206194758(34,16)
(35,15)597915034(36,15)
(35,15)1366452905(35,16)
(36,15)990171786(37,15)
(36,15)2044439656(36,16)
(37,15)519263102(38,15)
(37,15)1515604982(37,16)
(38,15)1559664896(39,15)
(38,15)1217254586(38,16)
(39,15)2037163931(40,15)
(39,15)806322526(39,16)
(40,15)2059075437(41,15)
(40,15)168499058(40,16)
(41,15)630299208(42,15)
(41,15)81554211(41,16)
(42,15)541860712(43,15)
(42,15)1760104636(42,16)
(43,15)1104988135(44,15)
(43,15)1542678356(43,16)
(44,15)1745153960(45,15)
(44,15)1480347580(44,16)
(45,15)1515489591(46,15)
(45,15)1108328551(45,16)
(46,15)1867417442(47,15)
(46,15)759148004(46,16)
(47,15)2079233786(48,15)
(47,15)396127507(47,16)
(48,15)1316959929(49,15)
(48,15)1112193637(48,16)
(49,15)616024679(49,16)
(0,16)265682459(1,16)
(0,16)1318388395(0,17)
(1,16)1916303429(2,16)
(1,16)1982477585(1,17)
(2,16)825165723(3,16)
(2,16)162638467(2,17)
(3,16)681901570(4,16)
(3,16)1284424764(3,17)
(4,16)696606012(5,16)
(4,16)2042420310(4,17)
(5,16)1932100593(6,16)
(5,16)1488224096(5,17)
(6,16)1399815885(7,16)
(6,16)865105071(6,17)
(7,16)1495404279(8,16)
(7,16)2013654804(7,17)
(8,16)408031868(9,16)
(8,16)1012436873(8,17)
(9,16)2117425008(10,16)
(9,16)890598987(9,17)
(10,16)488269300(11,16)
(10,16)1888379449(10,17)
(11,16)1256385392(12,16)
(11,16)1078269911(11,17)
(12,16)798203705(13,16)
(12,16)1247417304(12,17)
(13,16)1179167442(14,16)
(13,16)1652512900(13,17)
(14,16)821989181(15,16)
(14,16)1910397342(14,17)
(15,16)1081302089(16,16)
(15,16)1795192122(15,17)
(16,16)1630186059(17,16)
(16,16)1087671641(16,17)
(17,16)1250310108(18,16)
(17,16)850121871(17,17)
(18,16)2134546635(19,16)
(18,16)307868134(18,17)
(19,16)202804796(20,16)
(19,16)1932211678(19,17)
(20,16)1272952126(21,16)
(20,16)683668999(20,17)
(21,16)1548774070(22,16)
(21,16)2134905389(21,17)
(22,16)2001076545(23,16)
(22,16)525284363(22,17)
(23,16)1537721236(24,16)
(23,16)896694702(23,17)
(24,16)1787293689(25,16)
(24,16)261624766(24,17)
(25,16)2520567(26,16)
(25,16)1507662596(25,17)
(26,16)438448860(27,16)
(26,16)128079341(26,17)
(27,16)1375496646(28,16)
(27,16)1258905959(27,17)
(28,16)763935211(29,16)
(28,16)1236652565(28,17)
(29,16)999566260(30,16)
(29,16)407180440(29,17)
(30,16)54888914(31,16)
(30,16)1585924393(30,17)
(31,16)526112386(32,16)
(31,16)2080868349(31,17)
(32,16)783506572(33,16)
(32,16)1685074973(32,17)
(33,16)1992943108(34,16)
(33,16)1776422494(33,17)
(34,16)1561150525(35,16)
(34,16)770569559(34,17)
(35,16)1454238559(36,16)
(35,16)48264256(35,17)
(36,16)35685998(37,16)
(36,16)686619003(36,17)
(37,16)1211903367(38,16)
(37,16)855528981(37,17)
(38,16)1752223683(39,16)
(38,16)2036762543(38,17)
(39,16)150903661(40,16)
(39,16)602140955(39,17)
(40,16)2109803552(41,16)
(40,16)1392033725(40,17)
(41,16)1520113066(42,16)
(41,16)153424228(41,17)
(42,16)1412330188(43,16)
(42,16)400768764(42,17)
(43,16)1637421329(44,16)
(43,16)748126064(43,17)
(44,16)1155306505(45,16)
(44,16)28781751(44,17)
(45,16)1614706144(46,16)
(45,16)489503941(45,17)
(46,16)422888643(47,16)
(46,16)1210195419(46,17)
(47,16)747786745(48,16)
(47,16)2140818530(47,17)
(48,16)1769757377(49,16)
(48,16)1206395215(48,17)
(49,16)593246205(49,17)
(0,17)1183424254(1,17)
(0,17)1976964775(0,18)
(1,17)1283719686(2,17)
(1,17)641510461(1,18)
(2,17)677196459(3,17)
(2,17)1870043257(2,18)
(3,17)934462976(4,17)
(3,17)2139248667(3,18)
(4,17)1743988703(5,17)
(4,17)566475355(4,18)
(5,17)717379016(6,17)
(5,17)1536603932(5,18)
(6,17)1498923836(7,17)
(6,17)988538780(6,18)
(7,17)361168198(8,17)
(7,17)870803245(7,18)
(8,17)135649785(9,17)
(8,17)1899692600(8,18)
(9,17)1389630281(10,17)
(9,17)1109294263(9,18)
(10,17)117117120(11,17)
(10,17)164431536(10,18)
(11,17)1779137681(12,17)
(11,17)1879134223(11,18)
(12,17)154539218(13,17)
(12,17)1327312539(12,18)
(13,17)2075099284(14,17)
(13,17)1772472563(13,18)
(14,17)1394746292(15,17)
(14,17)1360934433(14,18)
(15,17)1190415560(16,17)
(15,17)520861841(15,18)
(16,17)1162372303(17,17)
(16,17)430686898(16,18)
(17,17)153246508(18,17)
(17,17)326651598(17,18)
(18,17)318416618(19,17)
(18,17)1839568762(18,18)
(19,17)258560469(20,17)
(19,17)1087709484(19,18)
(20,17)476829768(21,17)
(20,17)2062405321(20,18)
(21,17)903460453(22,17)
(21,17)975939486(21,18)
(22,17)1846742731(23,17)
(22,17)1975753604(22,18)
(23,17)1727962556(24,17)
(23,17)1264628651(23,18)
(24,17)226439266(25,17)
(24,17)1982392516(24,18)
(25,17)2146824052(26,17)
(25,17)970109190(25,18)
(26,17)701759765(27,17)
(26,17)343556386(26,18)
(27,17)1670868926(28,17)
(27,17)1778478085(27,18)
(28,17)1403467001(29,17)
(28,17)856298983(28,18)
(29,17)69749768(30,17)
(29,17)1598484562(29,18)
(30,17)2119346404(31,17)
(30,17)650729645(30,18)
(31,17)1081416544(32,17)
(31,17)1260165329(31,18)
(32,17)1586816927(33,17)
(32,17)1134235059(32,18)
(33,17)826320173(34,17)
(33,17)1234663052(33,18)
(34,17)174888888(35,17)
(34,17)1905233545(34,18)
(35,17)1820155218(36,17)
(35,17)1084880643(35,18)
(36,17)2060820129(37,17)
(36,17)651718657(36,18)
(37,17)479988613(38,17)
(37,17)576132023(37,18)
(38,17)1840760675(39,17)
(38,17)1760079212(38,18)
(39,17)1594988080(40,17)
(39,17)60467522(39,18)
(40,17)1030576712(41,17)
(40,17)2067199941(40,18)
(41,17)263272680(42,17)
(41,17)1594328484(41,18)
(42,17)1225322922(43,17)
(42,17)1732336477(42,18)
(43,17)441151812(44,17)
(43,17)1934141606(43,18)
(44,17)1385142520(45,17)
(44,17)481306275(44,18)
(45,17)1132035920(46,17)
(45,17)510901580(45,18)
(46,17)1771066909(47,17)
(46,17)1357005276(46,18)
(47,17)343756687(48,17)
(47,17)65968816(47,18)
(48,17)1300631868(49,17)
(48,17)1210400189(48,18)
(49,17)1170076861(49,18)
(0,18)1475520757(1,18)
(0,18)968150086(0,19)
(1,18)640821657(2,18)
(1,18)107473856(1,19)
(2,18)20810337(3,18)
(2,18)2127239414(2,19)
(3,18)459744379(4,18)
(3,18)1216953680(3,19)
(4,18)910230707(5,18)
(4,18)1780889549(4,19)
(5,18)1228393981(6,18)
(5,18)520211901(5,19)
(6,18)1550788613(7,18)
(6,18)829947001(6,19)
(7,18)1093219681(8,18)
(7,18)675238817(7,19)
(8,18)1900561739(9,18)
(8,18)1135641442(8,19)
(9,18)1576793254(10,18)
(9,18)879877639(9,19)
(10,18)117536511(11,18)
(10,18)234384366(10,19)
(11,18)1366420287(12,18)
(11,18)2087694835(11,19)
(12,18)1711278096(13,18)
(12,18)1474541788(12,19)
(13,18)1818298475(14,18)
(13,18)1432389103(13,19)
(14,18)585537324(15,18)
(14,18)774194637(14,19)
(15,18)1742344724(16,18)
(15,18)840891688(15,19)
(16,18)948365544(17,18)
(16,18)2061058081(16,19)
(17,18)2040813847(18,18)
(17,18)235682733(17,19)
(18,18)1452636413(19,18)
(18,18)969175881(18,19)
(19,18)602581782(20,18)
(19,18)353074578(19,19)
(20,18)873286480(21,18)
(20,18)215383473(20,19)
(21,18)1045330474(22,18)
(21,18)1830975763(21,19)
(22,18)358730933(23,18)
(22,18)276591445(22,19)
(23,18)1412232888(24,18)
(23,18)2138550155(23,19)
(24,18)870944146(25,18)
(24,18)111809024(24,19)
(25,18)346193391(26,18)
(25,18)841542494(25,19)
(26,18)781753681(27,18)
(26,18)988480657(26,19)
(27,18)315538797(28,18)
(27,18)1712613678(27,19)
(28,18)997519133(29,18)
(28,18)345548130(28,19)
(29,18)1119742767(30,18)
(29,18)2133837273(29,19)
(30,18)827245313(31,18)
(30,18)1583056457(30,19)
(31,18)1496630890(32,18)
(31,18)714603843(31,19)
(32,18)950286576(33,18)
(32,18)1775610858(32,19)
(33,18)597303091(34,18)
(33,18)1389961089(33,19)
(34,18)1743035668(35,18)
(34,18)255439342(34,19)
(35,18)470822815(36,18)
(35,18)1199884874(35,19)
(36,18)883376989(37,18)
(36,18)468838500(36,19)
(37,18)745429945(38,18)
(37,18)1516153289(37,19)
(38,18)1507219796(39,18)
(38,18)1242107922(38,19)
(39,18)1353916947(40,18)
(39,18)10179185(39,19)
(40,18)851721680(41,18)
(40,18)230680294(40,19)
(41,18)1219160951(42,18)
(41,18)1700110338(41,19)
(42,18)1265240368(43,18)
(42,18)1633475361(42,19)
(43,18)1979023491(44,18)
(43,18)1534699749(43,19)
(44,18)1521053374(45,18)
(44,18)115275853(44,19)
(45,18)1698332311(46,18)
(45,18)951282611(45,19)
(46,18)1665886454(47,18)
(46,18)200815039(46,19)
(47,18)1976425897(48,18)
(47,18)1047479553(47,19)
(48,18)289956995(49,18)
(48,18)468689383(48,19)
(49,18)426245341(49,19)
(0,19)2032992663(1,19)
(0,19)724128725(0,20)
(1,19)1194951540(2,19)
(1,19)1626130215(1,20)
(2,19)362023556(3,19)
(2,19)354347515(2,20)
(3,19)1099777460(4,19)
(3,19)563621181(3,20)
(4,19)2070840977(5,19)
(4,19)1604131479(4,20)
(5,19)810564778(6,19)
(5,19)1109956646(5,20)
(6,19)1961678326(7,19)
(6,19)154037623(6,20)
(7,19)1373198574(8,19)
(7,19)363191468(7,20)
(8,19)1628431836(9,19)
(8,19)1447670039(8,20)
(9,19)1279209883(10,19)
(9,19)760414675(9,20)
(10,19)133984401(11,19)
(10,19)1743707689(10,20)
(11,19)1294556352(12,19)
(11,19)83008846(11,20)
(12,19)1748895300(13,19)
(12,19)334799441(12,20)
(13,19)163741690(14,19)
(13,19)194552258(13,20)
(14,19)484509253(15,19)
(14,19)70101035(14,20)
(15,19)794229760(16,19)
(15,19)589987031(15,20)
(16,19)68633598(17,19)
(16,19)370018268(16,20)
(17,19)724365783(18,19)
(17,19)1989181300(17,20)
(18,19)405318833(19,19)
(18,19)430657155(18,20)
(19,19)2034788634(20,19)
(19,19)1824143243(19,20)
(20,19)786616241(21,19)
(20,19)328676162(20,20)
(21,19)482713785(22,19)
(21,19)697869764(21,20)
(22,19)1061061232(23,19)
(22,19)600810919(22,20)
(23,19)2048480959(24,19)
(23,19)1855912360(23,20)
(24,19)468843387(25,19)
(24,19)542009420(24,20)
(25,19)138233461(26,19)
(25,19)1180207194(25,20)
(26,19)1263216040(27,19)
(26,19)602827789(26,20)
(27,19)937627230(28,19)
(27,19)1432789814(27,20)
(28,19)1627342072(29,19)
(28,19)864627692(28,20)
(29,19)934728728(30,19)
(29,19)1101368920(29,20)
(30,19)1691355952(31,19)
(30,19)2111851325(30,20)
(31,19)334385945(32,19)
(31,19)1728958488(31,20)
(32,19)1570656141(33,19)
(32,19)1759989550(32,20)
(33,19)43163057(34,19)
(33,19)1058751728(33,20)
(34,19)735411323(35,19)
(34,19)1975974974(34,20)
(35,19)157167489(36,19)
(35,19)2077951691(35,20)
(36,19)628337807(37,19)
(36,19)1522027565(36,20)
(37,19)2122838484(38,19)
(37,19)639881274(37,20)
(38,19)348309986(39,19)
(38,19)1689399039(38,20)
(39,19)83924811(40,19)
(39,19)2023835795(39,20)
(40,19)1056559341(41,19)
(40,19)817153374(40,20)
(41,19)1419981163(42,19)
(41,19)222158273(41,20)
(42,19)1654948087(43,19)
(42,19)172291733(42,20)
(43,19)1036919426(44,19)
(43,19)210124745(43,20)
(44,19)1311493665(45,19)
(44,19)1134806511(44,20)
(45,19)1099174188(46,19)
(45,19)1971648154(45,20)
(46,19)1553122994(47,19)
(46,19)855365969(46,20)
(47,19)467871872(48,19)
(47,19)1433560133(47,20)
(48,19)344828213(49,19)
(48,19)976295487(48,20)
(49,19)511034929(49,20)
(0,20)1080239536(1,20)
(0,20)804786814(0,21)
(1,20)961954303(2,20)
(1,20)441502973(1,21)
(2,20)1069840780(3,20)
(2,20)454783453(2,21)
(3,20)430138290(4,20)
(3,20)1601835577(3,21)
(4,20)1950145564(5,20)
(4,20)611756172(4,21)
(5,20)695680983(6,20)
(5,20)306490437(5,21)
(6,20)1363049779(7,20)
(6,20)619815290(6,21)
(7,20)2039796453(8,20)
(7,20)917839256(7,21)
(8,20)425303695(9,20)
(8,20)1535341512(8,21)
(9,20)424777290(10,20)
(9,20)102437550(9,21)
(10,20)1413931215(11,20)
(10,20)1560110206(10,21)
(11,20)511800746(12,20)
(11,20)248941796(11,21)
(12,20)1802064791(13,20)
(12,20)121813537(12,21)
(13,20)589685409(14,20)
(13,20)1945360879(13,21)
(14,20)142705444(15,20)
(14,20)630876630(14,21)
(15,20)1435663444(16,20)
(15,20)1100720338(15,21)
(16,20)1542223311(17,20)
(16,20)1222944981(16,21)
(17,20)1677728434(18,20)
(17,20)250134099(17,21)
(18,20)1851969677(19,20)
(18,20)464580444(18,21)
(19,20)1076336616(20,20)
(19,20)2107866724(19,21)
(20,20)266873514(21,20)
(20,20)1654631593(20,21)
(21,20)126963235(22,20)
(21,20)1772017599(21,21)
(22,20)542373208(23,20)
(22,20)1629923293(22,21)
(23,20)1017781157(24,20)
(23,20)19276040(23,21)
(24,20)121713590(25,20)
(24,20)967676903(24,21)
(25,20)380303462(26,20)
(25,20)1442558448(25,21)
(26,20)1691500244(27,20)
(26,20)1535644805(26,21)
(27,20)1657458342(28,20)
(27,20)892104208(27,21)
(28,20)689981440(29,20)
(28,20)1346081387(28,21)
(29,20)1976958018(30,20)
(29,20)99660103(29,21)
(30,20)1200380442(31,20)
(30,20)832686884(30,21)
(31,20)2055631865(32,20)
(31,20)1265137814(31,21)
(32,20)1515271914(33,20)
(32,20)595120105(32,21)
(33,20)1059700549(34,20)
(33,20)1585876652(33,21)
(34,20)1546259728(35,20)
(34,20)1219757943(34,21)
(35,20)726905888(36,20)
(35,20)2136037165(35,21)
(36,20)1760571117(37,20)
(36,20)1813133242(36,21)
(37,20)1295572887(38,20)
(37,20)853869123(37,21)
(38,20)873145163(39,20)
(38,20)155460677(38,21)
(39,20)1123137580(40,20)
(39,20)165870397(39,21)
(40,20)1608428845(41,20)
(40,20)994858753(40,21)
(41,20)383019910(42,20)
(41,20)1503441042(41,21)
(42,20)248061603(43,20)
(42,20)1152445441(42,21)
(43,20)351043181(44,20)
(43,20)2040478253(43,21)
(44,20)2140138356(45,20)
(44,20)938043043(44,21)
(45,20)1770729927(46,20)
(45,20)180517551(45,21)
(46,20)1445655365(47,20)
(46,20)1193035150(46,21)
(47,20)1788155256(48,20)
(47,20)1678878145(47,21)
(48,20)1117271149(49,20)
(48,20)813443631(48,21)
(49,20)700372157(49,21)
(0,21)516047229(1,21)
(0,21)2033201574(0,22)
(1,21)612623814(2,21)
(1,21)688925675(1,22)
(2,21)302013144(3,21)
(2,21)181696824(2,22)
(3,21)1477269711(4,21)
(3,21)1466492937(3,22)
(4,21)192154452(5,21)
(4,21)457473821(4,22)
(5,21)1580611401(6,21)
(5,21)1643140108(5,22)
(6,21)1104085305(7,21)
(6,21)1187013205(6,22)
(7,21)1570033116(8,21)
(7,21)936568796(7,22)
(8,21)1184630399(9,21)
(8,21)109047099(8,22)
(9,21)460090280(10,21)
(9,21)1463027721(9,22)
(10,21)1455682429(11,21)
(10,21)2122673442(10,22)
(11,21)1745919721(12,21)
(11,21)640607831(11,22)
(12,21)2086263196(13,21)
(12,21)501233932(12,22)
(13,21)141905540(14,21)
(13,21)1277314218(13,22)
(14,21)247101719(15,21)
(14,21)752223180(14,22)
(15,21)637941106(16,21)
(15,21)842277697(15,22)
(16,21)1531203372(17,21)
(16,21)763148949(16,22)
(17,21)944845773(18,21)
(17,21)1250564921(17,22)
(18,21)569574210(19,21)
(18,21)1833216516(18,22)
(19,21)143206689(20,21)
(19,21)274631836(19,22)
(20,21)1917771945(21,21)
(20,21)761728663(20,22)
(21,21)1948741868(22,21)
(21,21)1723818091(21,22)
(22,21)512903239(23,21)
(22,21)874373602(22,22)
(23,21)983420701(24,21)
(23,21)1371291336(23,22)
(24,21)686835409(25,21)
(24,21)1697533638(24,22)
(25,21)1672723432(26,21)
(25,21)1443510981(25,22)
(26,21)2084118812(27,21)
(26,21)2142517839(26,22)
(27,21)496268123(28,21)
(27,21)1271159505(27,22)
(28,21)400990076(29,21)
(28,21)2022898361(28,22)
(29,21)627637893(30,21)
(29,21)638173663(29,22)
(30,21)1480451360(31,21)
(30,21)648091795(30,22)
(31,21)1411240744(32,21)
(31,21)1265578999(31,22)
(32,21)368660272(33,21)
(32,21)864171085(32,22)
(33,21)549903953(34,21)
(33,21)208602869(33,22)
(34,21)483234706(35,21)
(34,21)938234483(34,22)
(35,21)1699963146(36,21)
(35,21)693110643(35,22)
(36,21)269445086(37,21)
(36,21)253523003(36,22)
(37,21)1127896605(38,21)
(37,21)1501221366(37,22)
(38,21)725029055(39,21)
(38,21)782348325(38,22)
(39,21)332398315(40,21)
(39,21)2111317307(39,22)
(40,21)1407344640(41,21)
(40,21)1411864464(40,22)
(41,21)1406898655(42,21)
(41,21)2005121747(41,22)
(42,21)1128797604(43,21)
(42,21)1343979805(42,22)
(43,21)1219394518(44,21)
(43,21)1903166778(43,22)
(44,21)393856793(45,21)
(44,21)1529787680(44,22)
(45,21)30395828(46,21)
(45,21)1847032411(45,22)
(46,21)965127762(47,21)
(46,21)1874308154(46,22)
(47,21)590995591(48,21)
(47,21)1441636572(47,22)
(48,21)1650239442(49,21)
(48,21)1333788035(48,22)
(49,21)1140899544(49,22)
(0,22)2133474148(1,22)
(0,22)124538870(0,23)
(1,22)1824502016(2,22)
(1,22)1834010187(1,23)
(2,22)2103455273(3,22)
(2,22)239513503(2,23)
(3,22)1367410108(4,22)
(3,22)1178239734(3,23)
(4,22)1903268789(5,22)
(4,22)738319950(4,23)
(5,22)1070718265(6,22)
(5,22)1331243767(5,23)
(6,22)591104760(7,22)
(6,22)1167649606(6,23)
(7,22)427064613(8,22)
(7,22)928356364(7,23)
(8,22)2057153969(9,22)
(8,22)1935084565(8,23)
(9,22)1006995435(10,22)
(9,22)182747744(9,23)
(10,22)576604537(11,22)
(10,22)1439458001(10,23)
(11,22)1469853829(12,22)
(11,22)706544198(11,23)
(12,22)1671671960(13,22)
(12,22)303429043(12,23)
(13,22)894424634(14,22)
(13,22)764006754(13,23)
(14,22)266762548(15,22)
(14,22)857976347(14,23)
(15,22)982515217(16,22)
(15,22)2035324179(15,23)
(16,22)1721850718(17,22)
(16,22)252753048(16,23)
(17,22)492266551(18,22)
(17,22)659533585(17,23)
(18,22)1837773320(19,22)
(18,22)1677822344(18,23)
(19,22)268658646(20,22)
(19,22)1859676659(19,23)
(20,22)1043436779(21,22)
(20,22)1593558461(20,23)
(21,22)613724419(22,22)
(21,22)1339376912(21,23)
(22,22)120249628(23,22)
(22,22)1634541539(22,23)
(23,22)1422142456(24,22)
(23,22)1040789033(23,23)
(24,22)1223536777(25,22)
(24,22)29919949(24,23)
(25,22)1469377951(26,22)
(25,22)281654243(25,23)
(26,22)988198441(27,22)
(26,22)1800141314(26,23)
(27,22)2103570358(28,22)
(27,22)791748132(27,23)
(28,22)1555754886(29,22)
(28,22)512386753(28,23)
(29,22)1370363101(30,22)
(29,22)850511344(29,23)
(30,22)738351875(31,22)
(30,22)1822517434(30,23)
(31,22)2075270482(32,22)
(31,22)205394670(31,23)
(32,22)864928256(33,22)
(32,22)312718946(32,23)
(33,22)1990541290(34,22)
(33,22)420053385(33,23)
(34,22)132246397(35,22)
(34,22)555217928(34,23)
(35,22)1292741(36,22)
(35,22)111716288(35,23)
(36,22)1451093200(37,22)
(36,22)1175683176(36,23)
(37,22)662741067(38,22)
(37,22)615017161(37,23)
(38,22)1655806194(39,22)
(38,22)1571342829(38,23)
(39,22)1601262778(40,22)
(39,22)2084883523(39,23)
(40,22)219054118(41,22)
(40,22)731859323(40,23)
(41,22)384516989(42,22)
(41,22)923157081(41,23)
(42,22)1714905214(43,22)
(42,22)1207252559(42,23)
(43,22)1719639312(44,22)
(43,22)340603699(43,23)
(44,22)1191115044(45,22)
(44,22)1123176452(44,23)
(45,22)798210239(46,22)
(45,22)942518765(45,23)
(46,22)1147913436(47,22)
(46,22)1929466919(46,23)
(47,22)94702217(48,22)
(47,22)725997073(47,23)
(48,22)1146050459(49,22)
(48,22)2012841692(48,23)
(49,22)2085243507(49,23)
(0,23)1278296856(1,23)
(0,23)420575972(0,24)
(1,23)421868713(2,23)
(1,23)49476148(1,24)
(2,23)1500569348(3,23)
(2,23)306496384(2,24)
(3,23)969237451(4,23)
(3,23)1036885874(3,24)
(4,23)545208420(5,23)
(4,23)924428529(4,24)
(5,23)378207660(6,23)
(5,23)906637326(5,24)
(6,23)1125691444(7,23)
(6,23)1277067743(6,24)
(7,23)1661584733(8,23)
(7,23)1301364741(7,24)
(8,23)868786307(9,23)
(8,23)185460355(8,24)
(9,23)1905099667(10,23)
(9,23)2002188432(9,24)
(10,23)1045819828(11,23)
(10,23)1991962760(10,24)
(11,23)642689351(12,23)
(11,23)700134785(11,24)
(12,23)1848048221(13,23)
(12,23)827803100(12,24)
(13,23)922505317(14,23)
(13,23)1368686424(13,24)
(14,23)367253235(15,23)
(14,23)1713406265(14,24)
(15,23)2133982237(16,23)
(15,23)860265177(15,24)
(16,23)909741325(17,23)
(16,23)1645550091(16,24)
(17,23)1952046475(18,23)
(17,23)408367302(17,24)
(18,23)1445253177(19,23)
(18,23)262827025(18,24)
(19,23)1187255555(20,23)
(19,23)773800278(19,24)
(20,23)1680437604(21,23)
(20,23)1990461597(20,24)
(21,23)1120045693(22,23)
(21,23)1565463215(21,24)
(22,23)719344308(23,23)
(22,23)658645400(22,24)
(23,23)844105755(24,23)
(23,23)634146778(23,24)
(24,23)488851562(25,23)
(24,23)1588130616(24,24)
(25,23)1432609728(26,23)
(25,23)601721775(25,24)
(26,23)1301856560(27,23)
(26,23)1534671391(26,24)
(27,23)214990843(28,23)
(27,23)2075299079(27,24)
(28,23)1296501855(29,23)
(28,23)1002421133(28,24)
(29,23)568343750(30,23)
(29,23)1137496160(29,24)
(30,23)1997761337(31,23)
(30,23)1663755091(30,24)
(31,23)1161821534(32,23)
(31,23)554842339(31,24)
(32,23)963209641(33,23)
(32,23)760019014(32,24)
(33,23)1022846040(34,23)
(33,23)966384362(33,24)
(34,23)1740184640(35,23)
(34,23)260979170(34,24)
(35,23)103957120(36,23)
(35,23)62617947(35,24)
(36,23)1628081162(37,23)
(36,23)1273138597(36,24)
(37,23)1931783997(38,23)
(37,23)1224002813(37,24)
(38,23)1858149591(39,23)
(38,23)199941822(38,24)
(39,23)1788072438(40,23)
(39,23)628406105(39,24)
(40,23)1230127880(41,23)
(40,23)199517505(40,24)
(41,23)1734188896(42,23)
(41,23)1073198518(41,24)
(42,23)1001013949(43,23)
(42,23)384500792(42,24)
(43,23)1386921925(44,23)
(43,23)1949179739(43,24)
(44,23)939192252(45,23)
(44,23)150032157(44,24)
(45,23)1813787248(46,23)
(45,23)1955265675(45,24)
(46,23)362624366(47,23)
(46,23)789469941(46,24)
(47,23)1549488956(48,23)
(47,23)828125134(47,24)
(48,23)1794509496(49,23)
(48,23)1325834007(48,24)
(49,23)424851348(49,24)
(0,24)1387210489(1,24)
(0,24)1586813178(0,25)
(1,24)1690770298(2,24)
(1,24)487469295(1,25)
(2,24)2115550457(3,24)
(2,24)512865438(2,25)
(3,24)297165787(4,24)
(3,24)767289463(3,25)
(4,24)477955406(5,24)
(4,24)168008631(4,25)
(5,24)1956081070(6,24)
(5,24)925571892(5,25)
(6,24)8216124(7,24)
(6,24)677472911(6,25)
(7,24)264178160(8,24)
(7,24)881795940(7,25)
(8,24)1882809890(9,24)
(8,24)392716916(8,25)
(9,24)1779638841(10,24)
(9,24)65874251(9,25)
(10,24)1005066503(11,24)
(10,24)2032842047(10,25)
(11,24)1699145647(12,24)
(11,24)1587420868(11,25)
(12,24)1950045234(13,24)
(12,24)1794536445(12,25)
(13,24)1196541753(14,24)
(13,24)379787133(13,25)
(14,24)26812982(15,24)
(14,24)1128395594(14,25)
(15,24)567725124(16,24)
(15,24)1621393101(15,25)
(16,24)2108862396(17,24)
(16,24)1414023471(16,25)
(17,24)1926888909(18,24)
(17,24)111011774(17,25)
(18,24)878301237(19,24)
(18,24)2076929205(18,25)
(19,24)97454188(20,24)
(19,24)76571048(19,25)
(20,24)1002142941(21,24)
(20,24)1356256643(20,25)
(21,24)2033729554(22,24)
(21,24)2053535258(21,25)
(22,24)787847551(23,24)
(22,24)1010359065(22,25)
(23,24)1403075982(24,24)
(23,24)150424066(23,25)
(24,24)216298318(25,24)
(24,24)523173793(24,25)
(25,24)408532192(26,24)
(25,24)1035231175(25,25)
(26,24)475168396(27,24)
(26,24)1221364821(26,25)
(27,24)868417618(28,24)
(27,24)2107677839(27,25)
(28,24)339981324(29,24)
(28,24)277729982(28,25)
(29,24)1406125576(30,24)
(29,24)2064959371(29,25)
(30,24)1538868824(31,24)
(30,24)366794306(30,25)
(31,24)1780817777(32,24)
(31,24)1973850700(31,25)
(32,24)2084862474(33,24)
(32,24)1500247572(32,25)
(33,24)1429693129(34,24)
(33,24)1560223038(33,25)
(34,24)1636794087(35,24)
(34,24)815680063(34,25)
(35,24)24453058(36,24)
(35,24)1527147318(35,25)
(36,24)1433198928(37,24)
(36,24)491453380(36,25)
(37,24)1501812445(38,24)
(37,24)2058182613(37,25)
(38,24)61123031(39,24)
(38,24)73562831(38,25)
(39,24)596736624(40,24)
(39,24)757404779(39,25)
(40,24)1792635955(41,24)
(40,24)277421349(40,25)
(41,24)1498786171(42,24)
(41,24)1005268816(41,25)
(42,24)965463007(43,24)
(42,24)120320703(42,25)
(43,24)398050685(44,24)
(43,24)219720141(43,25)
(44,24)137195865(45,24)
(44,24)1305444332(44,25)
(45,24)1672238638(46,24)
(45,24)1804176262(45,25)
(46,24)1630543314(47,24)
(46,24)1676064689(46,25)
(47,24)1028828614(48,24)
(47,24)1305572768(47,25)
(48,24)718312158(49,24)
(48,24)1567922141(48,25)
(49,24)311038095(49,25)
(0,25)207622597(1,25)
(0,25)236118556(0,26)
(1,25)260571615(2,25)
(1,25)1838185413(1,26)
(2,25)1123900694(3,25)
(2,25)699075977(2,26)
(3,25)53404775(4,25)
(3,25)171270580(3,26)
(4,25)232393611(5,25)
(4,25)1197463525(4,26)
(5,25)1794200150(6,25)
(5,25)810809554(5,26)
(6,25)455961861(7,25)
(6,25)509814961(6,26)
(7,25)2008601132(8,25)
(7,25)651985318(7,26)
(8,25)1617448326(9,25)
(8,25)576282564(8,26)
(9,25)974333250(10,25)
(9,25)80837625(9,26)
(10,25)218033490(11,25)
(10,25)775409010(10,26)
(11,25)300164000(12,25)
(11,25)631025864(11,26)
(12,25)114085530(13,25)
(12,25)1894098180(12,26)
(13,25)775443146(14,25)
(13,25)1605736768(13,26)
(14,25)176565279(15,25)
(14,25)1682007671(14,26)
(15,25)1918126228(16,25)
(15,25)1086481241(15,26)
(16,25)777183007(17,25)
(16,25)384187876(16,26)
(17,25)1083263854(18,25)
(17,25)31214195(17,26)
(18,25)202484775(19,25)
(18,25)1901083701(18,26)
(19,25)951063578(20,25)
(19,25)1136668629(19,26)
(20,25)1947478183(21,25)
(20,25)434878386(20,26)
(21,25)944693347(22,25)
(21,25)597780080(21,26)
(22,25)1249765399(23,25)
(22,25)255956397(22,26)
(23,25)832238961(24,25)
(23,25)805810831(23,26)
(24,25)886648457(25,25)
(24,25)719730077(24,26)
(25,25)1495139087(26,25)
(25,25)1806572211(25,26)
(26,25)290114427(27,25)
(26,25)1104681947(26,26)
(27,25)851296479(28,25)
(27,25)1795303087(27,26)
(28,25)1253556208(29,25)
(28,25)404199958(28,26)
(29,25)2086207629(30,25)
(29,25)1626739625(29,26)
(30,25)565737219(31,25)
(30,25)1430121487(30,26)
(31,25)1814309363(32,25)
(31,25)1856850209(31,26)
(32,25)1888064404(33,25)
(32,25)1342920226(32,26)
(33,25)1096520279(34,25)
(33,25)750089569(33,26)
(34,25)1886758198(35,25)
(34,25)2090549179(34,26)
(35,25)377943918(36,25)
(35,25)2047583857(35,26)
(36,25)497880290(37,25)
(36,25)1686752734(36,26)
(37,25)1942709131(38,25)
(37,25)1322637265(37,26)
(38,25)2128448097(39,25)
(38,25)1747645689(38,26)
(39,25)319892118(40,25)
(39,25)627464444(39,26)
(40,25)286553008(41,25)
(40,25)867612906(40,26)
(41,25)1972294853(42,25)
(41,25)1815031205(41,26)
(42,25)1462850644(43,25)
(42,25)576667435(42,26)
(43,25)980867393(44,25)
(43,25)676107685(43,26)
(44,25)155363662(45,25)
(44,25)568923204(44,26)
(45,25)1999044691(46,25)
(45,25)919591375(45,26)
(46,25)628957936(47,25)
(46,25)721100881(46,26)
(47,25)2064021107(48,25)
(47,25)1665870407(47,26)
(48,25)268476328(49,25)
(48,25)369538693(48,26)
(49,25)1013057738(49,26)
(0,26)7750879(1,26)
(0,26)312604224(0,27)
(1,26)690548142(2,26)
(1,26)913157948(1,27)
(2,26)1411038238(3,26)
(2,26)1694503613(2,27)
(3,26)1489729096(4,26)
(3,26)2013185408(3,27)
(4,26)1994149857(5,26)
(4,26)1011200279(4,27)
(5,26)1331092397(6,26)
(5,26)2117193540(5,27)
(6,26)256262900(7,26)
(6,26)714279115(6,27)
(7,26)539090320(8,26)
(7,26)998639954(7,27)
(8,26)314006950(9,26)
(8,26)832930336(8,27)
(9,26)1813797729(10,26)
(9,26)1215198005(9,27)
(10,26)1370561668(11,26)
(10,26)882930155(10,27)
(11,26)734491198(12,26)
(11,26)585905456(11,27)
(12,26)1214863393(13,26)
(12,26)2091662549(12,27)
(13,26)2008200009(14,26)
(13,26)252877957(13,27)
(14,26)521354286(15,26)
(14,26)1584402086(14,27)
(15,26)1897006310(16,26)
(15,26)873774099(15,27)
(16,26)1786932047(17,26)
(16,26)529105165(16,27)
(17,26)76125130(18,26)
(17,26)440070805(17,27)
(18,26)305772565(19,26)
(18,26)1050486637(18,27)
(19,26)2061686916(20,26)
(19,26)1565854226(19,27)
(20,26)1535564118(21,26)
(20,26)152438774(20,27)
(21,26)866717889(22,26)
(21,26)1245295665(21,27)
(22,26)96451971(23,26)
(22,26)1791827019(22,27)
(23,26)477273707(24,26)
(23,26)1405808209(23,27)
(24,26)473522567(25,26)
(24,26)410458922(24,27)
(25,26)1293389077(26,26)
(25,26)143587788(25,27)
(26,26)729493245(27,26)
(26,26)1844084235(26,27)
(27,26)1788263136(28,26)
(27,26)2027880275(27,27)
(28,26)133274585(29,26)
(28,26)1944356638(28,27)
(29,26)1381275076(30,26)
(29,26)1648979497(29,27)
(30,26)375269949(31,26)
(30,26)654628871(30,27)
(31,26)1183734036(32,26)
(31,26)1130797738(31,27)
(32,26)1570868543(33,26)
(32,26)14718348(32,27)
(33,26)1065204986(34,26)
(33,26)1259859166(33,27)
(34,26)678229744(35,26)
(34,26)1876641108(34,27)
(35,26)2029079882(36,26)
(35,26)979408254(35,27)
(36,26)77220272(37,26)
(36,26)66310214(36,27)
(37,26)1858137233(38,26)
(37,26)748314123(37,27)
(38,26)6638685(39,26)
(38,26)173672243(38,27)
(39,26)584131165(40,26)
(39,26)187927292(39,27)
(40,26)331515081(41,26)
(40,26)480161252(40,27)
(41,26)176761839(42,26)
(41,26)1877520242(41,27)
(42,26)1757916870(43,26)
(42,26)1061008326(42,27)
(43,26)857881316(44,26)
(43,26)1965024975(43,27)
(44,26)1466520825(45,26)
(44,26)1891191455(44,27)
(45,26)398336678(46,26)
(45,26)91672744(45,27)
(46,26)1222470482(47,26)
(46,26)1841790774(46,27)
(47,26)1856509122(48,26)
(47,26)1582070714(47,27)
(48,26)694446232(49,26)
(48,26)645855378(48,27)
(49,26)774230460(49,27)
(0,27)1372675976(1,27)
(0,27)375012838(0,28)
(1,27)256609073(2,27)
(1,27)1753638715(1,28)
(2,27)1830858987(3,27)
(2,27)1438986190(2,28)
(3,27)1149639776(4,27)
(3,27)1004923196(3,28)
(4,27)1011561881(5,27)
(4,27)2004531230(4,28)
(5,27)441178748(6,27)
(5,27)1337567068(5,28)
(6,27)1669082149(7,27)
(6,27)1491723133(6,28)
(7,27)1668484972(8,27)
(7,27)171215342(7,28)
(8,27)1929132212(9,27)
(8,27)582606827(8,28)
(9,27)1440488143(10,27)
(9,27)1486026300(9,28)
(10,27)805063477(11,27)
(10,27)1672840019(10,28)
(11,27)2071176697(12,27)
(11,27)1532160887(11,28)
(12,27)607147722(13,27)
(12,27)499370603(12,28)
(13,27)208396077(14,27)
(13,27)1505763763(13,28)
(14,27)52726347(15,27)
(14,27)1253003100(14,28)
(15,27)1628015938(16,27)
(15,27)982626538(15,28)
(16,27)588781605(17,27)
(16,27)1425402323(16,28)
(17,27)716904866(18,27)
(17,27)1884625011(17,28)
(18,27)742064560(19,27)
(18,27)272156944(18,28)
(19,27)129204526(20,27)
(19,27)1866544642(19,28)
(20,27)1056628062(21,27)
(20,27)1753626441(20,28)
(21,27)1097865927(22,27)
(21,27)570383274(21,28)
(22,27)741598617(23,27)
(22,27)578226564(22,28)
(23,27)1160833391(24,27)
(23,27)618867251(23,28)
(24,27)2104893551(25,27)
(24,27)523247181(24,28)
(25,27)48603553(26,27)
(25,27)453837887(25,28)
(26,27)1985998774(27,27)
(26,27)762473380(26,28)
(27,27)1261843983(28,27)
(27,27)2119780250(27,28)
(28,27)1478060366(29,27)
(28,27)445662848(28,28)
(29,27)1698665948(30,27)
(29,27)1470240061(29,28)
(30,27)305382951(31,27)
(30,27)1530786713(30,28)
(31,27)808705389(32,27)
(31,27)1179198239(31,28)
(32,27)916339602(33,27)
(32,27)894164556(32,28)
(33,27)1166321500(34,27)
(33,27)1525610255(33,28)
(34,27)1244671249(35,27)
(34,27)1658404162(34,28)
(35,27)1264546956(36,27)
(35,27)1295526026(35,28)
(36,27)1865909301(37,27)
(36,27)153815663(36,28)
(37,27)732042227(38,27)
(37,27)214929235(37,28)
(38,27)833796486(39,27)
(38,27)460024270(38,28)
(39,27)983271451(40,27)
(39,27)1892875619(39,28)
(40,27)199229858(41,27)
(40,27)791206390(40,28)
(41,27)1553679770(42,27)
(41,27)1031875004(41,28)
(42,27)1004171607(43,27)
(42,27)37744984(42,28)
(43,27)483407833(44,27)
(43,27)668040106(43,28)
(44,27)2138280167(45,27)
(44,27)334748325(44,28)
(45,27)1865535038(46,27)
(45,27)34590133(45,28)
(46,27)1213788372(47,27)
(46,27)296179470(46,28)
(47,27)1190344026(48,27)
(47,27)526756779(47,28)
(48,27)2052367034(49,27)
(48,27)2130127975(48,28)
(49,27)209181878(49,28)
(0,28)1149554635(1,28)
(0,28)1641048489(0,29)
(1,28)758111797(2,28)
(1,28)1504707904(1,29)
(2,28)1223133557(3,28)
(2,28)1303370299(2,29)
(3,28)2035412526(4,28)
(3,28)973041032(3,29)
(4,28)1806837519(5,28)
(4,28)1683157827(4,29)
(5,28)518945631(6,28)
(5,28)1780804497(5,29)
(6,28)1980034355(7,28)
(6,28)450560261(6,29)
(7,28)2004240031(8,28)
(7,28)1550820635(7,29)
(8,28)407508594(9,28)
(8,28)2017779340(8,29)
(9,28)353703525(10,28)
(9,28)524796489(9,29)
(10,28)515593008(11,28)
(10,28)742256919(10,29)
(11,28)460308310(12,28)
(11,28)388293658(11,29)
(12,28)1602082031(13,28)
(12,28)811772478(12,29)
(13,28)2002116504(14,28)
(13,28)987065089(13,29)
(14,28)891948476(15,28)
(14,28)1584726358(14,29)
(15,28)1078291199(16,28)
(15,28)63814734(15,29)
(16,28)1568522639(17,28)
(16,28)2041503111(16,29)
(17,28)1197389762(18,28)
(17,28)1836402997(17,29)
(18,28)661960381(19,28)
(18,28)644172548(18,29)
(19,28)179846728(20,28)
(19,28)1085318641(19,29)
(20,28)718639490(21,28)
(20,28)321314252(20,29)
(21,28)771874513(22,28)
(21,28)698792359(21,29)
(22,28)102129346(23,28)
(22,28)551190198(22,29)
(23,28)421485890(24,28)
(23,28)628630897(23,29)
(24,28)1153427386(25,28)
(24,28)509637941(24,29)
(25,28)1251894860(26,28)
(25,28)775189415(25,29)
(26,28)1163483073(27,28)
(26,28)1669020395(26,29)
(27,28)333309225(28,28)
(27,28)1712203170(27,29)
(28,28)551784612(29,28)
(28,28)618081456(28,29)
(29,28)55324166(30,28)
(29,28)187942082(29,29)
(30,28)251756816(31,28)
(30,28)1443733088(30,29)
(31,28)1337752551(32,28)
(31,28)1133615366(31,29)
(32,28)822534715(33,28)
(32,28)1820279455(32,29)
(33,28)316968356(34,28)
(33,28)387658666(33,29)
(34,28)1472977307(35,28)
(34,28)1484495096(34,29)
(35,28)1805809349(36,28)
(35,28)496815084(35,29)
(36,28)1195607443(37,28)
(36,28)44133149(36,29)
(37,28)595323347(38,28)
(37,28)430200214(37,29)
(38,28)1058831111(39,28)
(38,28)1297736789(38,29)
(39,28)1807374730(40,28)
(39,28)1016809237(39,29)
(40,28)1791998652(41,28)
(40,28)64774850(40,29)
(41,28)1733795245(42,28)
(41,28)911785943(41,29)
(42,28)476505465(43,28)
(42,28)807998078(42,29)
(43,28)1426079534(44,28)
(43,28)2067104470(43,29)
(44,28)107562904(45,28)
(44,28)1028290077(44,29)
(45,28)324539517(46,28)
(45,28)1481403701(45,29)
(46,28)467535419(47,28)
(46,28)359319721(46,29)
(47,28)32115528(48,28)
(47,28)1662292069(47,29)
(48,28)2049950735(49,28)
(48,28)1290070134(48,29)
(49,28)349083884(49,29)
(0,29)627081582(1,29)
(1,29)1375444394(2,29)
(2,29)845898968(3,29)
(3,29)285407283(4,29)
(4,29)1419577543(5,29)
(5,29)2041506411(6,29)
(6,29)715607498(7,29)
(7,29)2014900891(8,29)
(8,29)1191759553(9,29)
(9,29)1774438609(10,29)
(10,29)884226480(11,29)
(11,29)851650635(12,29)
(12,29)1839213459(13,29)
(13,29)528741485(14,29)
(14,29)1763436578(15,29)
(15,29)1425525056(16,29)
(16,29)1336739563(17,29)
(17,29)92458396(18,29)
(18,29)1345145879(19,29)
(19,29)615335449(20,29)
(20,29)1120748473(21,29)
(21,29)1452708783(22,29)
(22,29)2096739150(23,29)
(23,29)1445287991(24,29)
(24,29)1812028504(25,29)
(25,29)416790921(26,29)
(26,29)960096412(27,29)
(27,29)1844144033(28,29)
(28,29)1706861055(29,29)
(29,29)862563499(30,29)
(30,29)45744269(31,29)
(31,29)186458990(32,29)
(32,29)90524245(33,29)
(33,29)891643238(34,29)
(34,29)471866273(35,29)
(35,29)1510101788(36,29)
(36,29)785666001(37,29)
(37,29)1187473771(38,29)
(38,29)1377519031(39,29)
(39,29)1977425554(40,29)
(40,29)814428733(41,29)
(41,29)114261864(42,29)
(42,29)681592542(43,29)
(43,29)506158544(44,29)
(44,29)643003349(45,29)
(45,29)297545472(46,29)
(46,29)1931683601(47,29)
(47,29)1979742912(48,29)
(48,29)390003868(49,29)
