30 50
(0,0)1999485583(1,0)
(0,0)1069916450(0,1)
(1,0)1716181451(2,0)
(1,0)958526666(1,1)
(2,0)1976729749(3,0)
(2,0)755727079(2,1)
(3,0)895715987(4,0)
(3,0)1193201932(3,1)
(4,0)1452604034(5,0)
(4,0)268909458(4,1)
(5,0)2085073557(6,0)
(5,0)165146947(5,1)
(6,0)344708285(7,0)
(6,0)942011135(6,1)
(7,0)1122010363(8,0)
(7,0)1039067781(7,1)
(8,0)1434114427(9,0)
(8,0)323589893(8,1)
(9,0)925809784(10,0)
(9,0)122091341(9,1)
(10,0)1938016086(11,0)
(10,0)774891812(10,1)
(11,0)1107838956(12,0)
(11,0)1570688640(11,1)
(12,0)413169017(13,0)
(12,0)1408738032(12,1)
(13,0)2024177017(14,0)
(13,0)687901671(13,1)
(14,0)1115129320(15,0)
(14,0)709298461(14,1)
(15,0)1779214911(16,0)
(15,0)665218367(15,1)
(16,0)1623745034(17,0)
(16,0)967131255(16,1)
(17,0)1722858335(18,0)
(17,0)1347912715(17,1)
(18,0)393630999(19,0)
(18,0)1452991135(18,1)
(19,0)1721900593(20,0)
(19,0)471090674(19,1)
(20,0)636237621(21,0)
(20,0)1846235033(20,1)
(21,0)640762521(22,0)
(21,0)1659490502(21,1)
(22,0)551074635(23,0)
(22,0)980945906(22,1)
(23,0)1304535799(24,0)
(23,0)1762772884(23,1)
(24,0)1884864225(25,0)
(24,0)1985189062(24,1)
(25,0)612597227(26,0)
(25,0)82861936(25,1)
(26,0)1653550576(27,0)
(26,0)1675396663(26,1)
(27,0)936651047(28,0)
(27,0)1720436183(27,1)
(28,0)260854206(29,0)
(28,0)2066719594(28,1)
(29,0)813344416(29,1)
(0,1)1375983526(1,1)
(0,1)628534407(0,2)
(1,1)260265671(2,1)
(1,1)1478562784(1,2)
(2,1)954824170(3,1)
(2,1)195631134(2,2)
(3,1)1918489469(4,1)
(3,1)1608178386(3,2)
(4,1)2001809385(5,1)
(4,1)260331657(4,2)
(5,1)1982232250(6,1)
(5,1)242096495(5,2)
(6,1)878334116(7,1)
(6,1)1700560770(6,2)
(7,1)193839643(8,1)
(7,1)1494239104(7,2)
(8,1)2045313740(9,1)
(8,1)1859280022(8,2)
(9,1)1016332174(10,1)
(9,1)1956612527(9,2)
(10,1)1693993104(11,1)
(10,1)1883019154(10,2)
(11,1)348132733(12,1)
(11,1)1099194110(11,2)
(12,1)605261038(13,1)
(12,1)1221906119(12,2)
(13,1)11073519(14,1)
(13,1)2068568917(13,2)
(14,1)181939475(15,1)
(14,1)524496984(14,2)
(15,1)1153031392(16,1)
(15,1)824417935(15,2)
(16,1)155497071(17,1)
(16,1)1557923002(16,2)
(17,1)1753554136(18,1)
(17,1)1413297063(17,2)
(18,1)873991801(19,1)
(18,1)1110321241(18,2)
(19,1)1370652898(20,1)
(19,1)1524559957(19,2)
(20,1)1766656452(21,1)
(20,1)728317538(20,2)
(21,1)281394660(22,1)
(21,1)1205401500(21,2)
(22,1)552156957(23,1)
(22,1)497506920(22,2)
(23,1)209303294(24,1)
(23,1)475234304(23,2)
(24,1)284363183(25,1)
(24,1)449987049(24,2)
(25,1)185522555(26,1)
(25,1)1225635468(25,2)
(26,1)177345930(27,1)
(26,1)1978356288(26,2)
(27,1)1052778759(28,1)
(27,1)533655289(27,2)
(28,1)454740558(29,1)
(28,1)782606969(28,2)
(29,1)1063852278(29,2)
(0,2)636680033(1,2)
(0,2)1307103953(0,3)
(1,2)312651697(2,2)
(1,2)1888270214(1,3)
(2,2)2043767285(3,2)
(2,2)47119387(2,3)
(3,2)1800673523(4,2)
(3,2)1725948760(3,3)
(4,2)452456913(5,2)
(4,2)1006604879(4,3)
(5,2)229774129(6,2)
(5,2)1177749832(5,3)
(6,2)796922636(7,2)
(6,2)1180774451(6,3)
(7,2)1462169112(8,2)
(7,2)1435175630(7,3)
(8,2)1987332587(9,2)
(8,2)1294429556(8,3)
(9,2)1503732851(10,2)
(9,2)1937403416(9,3)
(10,2)74282951(11,2)
(10,2)289835988(10,3)
(11,2)475358543(12,2)
(11,2)581884671(11,3)
(12,2)759230602(13,2)
(12,2)2052639239(12,3)
(13,2)957934351(14,2)
(13,2)1009013832(13,3)
(14,2)1463754390(15,2)
(14,2)1541837571(14,3)
(15,2)701457876(16,2)
(15,2)2021786629(15,3)
(16,2)1762573195(17,2)
(16,2)2100434424(16,3)
(17,2)70163(18,2)
(17,2)1014109574(17,3)
(18,2)592574686(19,2)
(18,2)1658856833(18,3)
(19,2)517978064(20,2)
(19,2)1800743687(19,3)
(20,2)831009871(21,2)
(20,2)1045031600(20,3)
(21,2)78322403(22,2)
(21,2)747752193(21,3)
(22,2)35444175(23,2)
(22,2)1627932508(22,3)
(23,2)774878416(24,2)
(23,2)1540491515(23,3)
(24,2)1330411283(25,2)
(24,2)2022776762(24,3)
(25,2)165129102(26,2)
(25,2)131127619(25,3)
(26,2)713012291(27,2)
(26,2)1404694235(26,3)
(27,2)1309849826(28,2)
(27,2)640487646(27,3)
(28,2)1649501478(29,2)
(28,2)1472242893(28,3)
(29,2)120300529(29,3)
(0,3)965772221(1,3)
(0,3)866596816(0,4)
(1,3)1568054692(2,3)
(1,3)2142087159(1,4)
(2,3)1757176706(3,3)
(2,3)918722997(2,4)
(3,3)918793160(4,3)
(3,3)434680618(3,4)
(4,3)1027255305(5,3)
(4,3)1268549891(4,4)
(5,3)1786527955(6,3)
(5,3)572053199(5,4)
(6,3)1403063071(7,3)
(6,3)2072286905(6,4)
(7,3)3125660(8,3)
(7,3)386796501(7,4)
(8,3)422240676(9,3)
(8,3)883511931(8,4)
(9,3)1658390347(10,3)
(9,3)1543617176(9,4)
(10,3)726544811(11,3)
(10,3)297533791(10,4)
(11,3)462662893(12,3)
(11,3)1789517967(11,4)
(12,3)355046610(13,3)
(12,3)2131239046(12,4)
(13,3)1293605225(14,3)
(13,3)1103150539(13,4)
(14,3)605168370(15,3)
(14,3)1827289503(14,4)
(15,3)546402671(16,3)
(15,3)1413905754(15,4)
(16,3)1408509265(17,3)
(16,3)1570940591(16,4)
(17,3)342179940(18,3)
(17,3)2114457363(17,4)
(18,3)401654334(19,3)
(18,3)1018202324(18,4)
(19,3)139268567(20,3)
(19,3)1260973100(19,4)
(20,3)1833026300(21,3)
(20,3)1428909639(20,4)
(21,3)1353712896(22,3)
(21,3)1925796523(21,4)
(22,3)165109376(23,3)
(22,3)1088605723(22,4)
(23,3)1972117654(24,3)
(23,3)1356838556(23,4)
(24,3)752972084(25,3)
(24,3)587350052(24,4)
(25,3)884883843(26,3)
(25,3)1483024353(25,4)
(26,3)1125058672(27,3)
(26,3)1479516896(26,4)
(27,3)1463272294(28,3)
(27,3)1347546737(27,4)
(28,3)303213628(29,3)
(28,3)1480105282(28,4)
(29,3)609393871(29,4)
(0,4)908381998(1,4)
(0,4)1159911137(0,5)
(1,4)1706313808(2,4)
(1,4)2023299626(1,5)
(2,4)1284325243(3,4)
(2,4)331838941(2,5)
(3,4)674018881(4,4)
(3,4)1673287524(3,5)
(4,4)2074941858(5,4)
(4,4)155043919(4,5)
(5,4)294312487(6,4)
(5,4)1934991982(5,5)
(6,4)1620534634(7,4)
(6,4)1356367849(6,5)
(7,4)562597097(8,4)
(7,4)72625362(7,5)
(8,4)237734738(9,4)
(8,4)561656709(8,5)
(9,4)386290715(10,4)
(9,4)1919435653(9,5)
(10,4)524924090(11,4)
(10,4)825084790(10,5)
(11,4)1709968634(12,4)
(11,4)1869315068(11,5)
(12,4)846890093(13,4)
(12,4)2004440986(12,5)
(13,4)1320229632(14,4)
(13,4)910031723(13,5)
(14,4)1213245351(15,4)
(14,4)179511727(14,5)
(15,4)1339422865(16,4)
(15,4)1929623504(15,5)
(16,4)1805439482(17,4)
(16,4)2121627350(16,5)
(17,4)305982643(18,4)
(17,4)898253025(17,5)
(18,4)424056901(19,4)
(18,4)942281077(18,5)
(19,4)1097324997(20,4)
(19,4)980001525(19,5)
(20,4)767509859(21,4)
(20,4)351515111(20,5)
(21,4)1707882960(22,4)
(21,4)1391637484(21,5)
(22,4)1464262846(23,4)
(22,4)240560845(22,5)
(23,4)802217554(24,4)
(23,4)122996409(23,5)
(24,4)2042432063(25,4)
(24,4)1701997584(24,5)
(25,4)379598726(26,4)
(25,4)1188508269(25,5)
(26,4)910339689(27,4)
(26,4)419872505(26,5)
(27,4)276829843(28,4)
(27,4)2089567360(27,5)
(28,4)852115435(29,4)
(28,4)1757229782(28,5)
(29,4)1597059475(29,5)
(0,5)2065360787(1,5)
(0,5)1936741510(0,6)
(1,5)1128680727(2,5)
(1,5)1379199331(1,6)
(2,5)1037155165(3,5)
(2,5)2039504489(2,6)
(3,5)198003484(4,5)
(3,5)2026933752(3,6)
(4,5)303507006(5,5)
(4,5)1979436243(4,6)
(5,5)929277592(6,5)
(5,5)1178005009(5,6)
(6,5)1945514868(7,5)
(6,5)655022117(6,6)
(7,5)215421430(8,5)
(7,5)173431428(7,6)
(8,5)1637694274(9,5)
(8,5)38592065(8,6)
(9,5)840809619(10,5)
(9,5)338417839(9,6)
(10,5)233366254(11,5)
(10,5)1192208210(10,6)
(11,5)1571806936(12,5)
(11,5)2029317888(11,6)
(12,5)792173930(13,5)
(12,5)653238759(12,6)
(13,5)930068602(14,5)
(13,5)1513890649(13,6)
(14,5)218522436(15,5)
(14,5)401920064(14,6)
(15,5)191177926(16,5)
(15,5)379644430(15,6)
(16,5)1758843761(17,5)
(16,5)136399575(16,6)
(17,5)28420416(18,5)
(17,5)1319858653(17,6)
(18,5)1199308758(19,5)
(18,5)648515279(18,6)
(19,5)480467874(20,5)
(19,5)226423901(19,6)
(20,5)1404428910(21,5)
(20,5)1502815764(20,6)
(21,5)10354233(22,5)
(21,5)1409745466(21,6)
(22,5)1583176894(23,5)
(22,5)1202460131(22,6)
(23,5)1241052196(24,5)
(23,5)225775663(23,6)
(24,5)564193503(25,5)
(24,5)1073387520(24,6)
(25,5)118112082(26,5)
(25,5)2081861816(25,6)
(26,5)1963696056(27,5)
(26,5)797559757(26,6)
(27,5)1450798517(28,5)
(27,5)1689919018(27,6)
(28,5)1056326019(29,5)
(28,5)608386338(28,6)
(29,5)233383471(29,6)
(0,6)1274848456(1,6)
(0,6)1010306403(0,7)
(1,6)1201484329(2,6)
(1,6)613027901(1,7)
(2,6)224388015(3,6)
(2,6)1411248031(2,7)
(3,6)1439668448(4,6)
(3,6)373859335(3,7)
(4,6)1573168093(5,6)
(4,6)872903294(4,7)
(5,6)1353371168(6,6)
(5,6)1666092349(5,7)
(6,6)923037611(7,6)
(6,6)928500209(6,7)
(7,6)938854442(8,6)
(7,6)615632986(7,7)
(8,6)51326232(9,6)
(8,6)2125497742(8,7)
(9,6)1219066291(10,6)
(9,6)1164630106(9,7)
(10,6)1728823609(11,6)
(10,6)1124713752(10,7)
(11,6)1242825834(12,6)
(11,6)1153444459(11,7)
(12,6)969656867(13,6)
(12,6)378899718(12,7)
(13,6)1829698235(14,6)
(13,6)785261204(13,7)
(14,6)1841587224(15,6)
(14,6)1578043206(14,7)
(15,6)440865961(16,6)
(15,6)2063081707(15,7)
(16,6)528625960(17,6)
(16,6)968952032(16,7)
(17,6)232716415(18,6)
(17,6)1642350290(17,7)
(18,6)2016209625(19,6)
(18,6)753013975(18,7)
(19,6)1625917269(20,6)
(19,6)1672384863(19,7)
(20,6)1190993564(21,6)
(20,6)1441894070(20,7)
(21,6)222910631(22,6)
(21,6)831804789(21,7)
(22,6)1447437775(23,6)
(22,6)2114031176(22,7)
(23,6)2092045270(24,6)
(23,6)1161765074(23,7)
(24,6)178911532(25,6)
(24,6)1498764007(24,7)
(25,6)475994111(26,6)
(25,6)1163627913(25,7)
(26,6)169588724(27,6)
(26,6)1907735141(26,7)
(27,6)139151211(28,6)
(27,6)1718819945(27,7)
(28,6)356597502(29,6)
(28,6)1139245592(28,7)
(29,6)1968849447(29,7)
(0,7)50701078(1,7)
(0,7)569805150(0,8)
(1,7)1010671111(2,7)
(1,7)1884447506(1,8)
(2,7)265589818(3,7)
(2,7)1019653110(2,8)
(3,7)1252369525(4,7)
(3,7)505537753(3,8)
(4,7)374263731(5,7)
(4,7)1018603794(4,8)
(5,7)497037415(6,7)
(5,7)777270741(5,8)
(6,7)1968264305(7,7)
(6,7)1816157801(6,8)
(7,7)2039068433(8,7)
(7,7)1328842205(7,8)
(8,7)628796332(9,7)
(8,7)1934811833(8,8)
(9,7)1879373456(10,7)
(9,7)1053349859(9,8)
(10,7)1232261391(11,7)
(10,7)2127560340(10,8)
(11,7)456070803(12,7)
(11,7)895517721(11,8)
(12,7)1065106446(13,7)
(12,7)992512884(12,8)
(13,7)1131664095(14,7)
(13,7)27407101(13,8)
(14,7)384004603(15,7)
(14,7)56868390(14,8)
(15,7)626673540(16,7)
(15,7)953029894(15,8)
(16,7)689993752(17,7)
(16,7)434705681(16,8)
(17,7)1454358791(18,7)
(17,7)1637344651(17,8)
(18,7)2142882404(19,7)
(18,7)955583571(18,8)
(19,7)1974187365(20,7)
(19,7)559244668(19,8)
(20,7)1336515409(21,7)
(20,7)369662487(20,8)
(21,7)38336641(22,7)
(21,7)323741132(21,8)
(22,7)1652583337(23,7)
(22,7)1157296067(22,8)
(23,7)944624252(24,7)
(23,7)2077405074(23,8)
(24,7)983271285(25,7)
(24,7)133896022(24,8)
(25,7)113972714(26,7)
(25,7)676514060(25,8)
(26,7)1572031782(27,7)
(26,7)68049028(26,8)
(27,7)1060561912(28,7)
(27,7)570043517(27,8)
(28,7)597450618(29,7)
(28,7)489654580(28,8)
(29,7)44742359(29,8)
(0,8)981455221(1,8)
(0,8)546522970(0,9)
(1,8)1173196510(2,8)
(1,8)997772254(1,9)
(2,8)1687766006(3,8)
(2,8)1416160902(2,9)
(3,8)723036045(4,8)
(3,8)663057513(3,9)
(4,8)658456269(5,8)
(4,8)495865929(4,9)
(5,8)322569646(6,8)
(5,8)1282280714(5,9)
(6,8)471312475(7,8)
(6,8)1028118757(6,9)
(7,8)1066455398(8,8)
(7,8)646310779(7,9)
(8,8)151410468(9,8)
(8,8)1628608542(8,9)
(9,8)425749147(10,8)
(9,8)996376824(9,9)
(10,8)1979648109(11,8)
(10,8)285306490(10,9)
(11,8)399279204(12,8)
(11,8)1102263207(11,9)
(12,8)526811341(13,8)
(12,8)2047697137(12,9)
(13,8)960775401(14,8)
(13,8)969322722(13,9)
(14,8)1566773340(15,8)
(14,8)1016465921(14,9)
(15,8)1562988891(16,8)
(15,8)1005517760(15,9)
(16,8)2003290014(17,8)
(16,8)400744914(16,9)
(17,8)1816905816(18,8)
(17,8)588701753(17,9)
(18,8)1251759266(19,8)
(18,8)1543572373(18,9)
(19,8)2039438302(20,8)
(19,8)392458214(19,9)
(20,8)1674738928(21,8)
(20,8)1910215536(20,9)
(21,8)790850645(22,8)
(21,8)214524301(21,9)
(22,8)860835080(23,8)
(22,8)2146051403(22,9)
(23,8)1627176298(24,8)
(23,8)1857306043(23,9)
(24,8)706199219(25,8)
(24,8)1012245548(24,9)
(25,8)1297552039(26,8)
(25,8)2052925445(25,9)
(26,8)1007705004(27,8)
(26,8)538363680(26,9)
(27,8)438577169(28,8)
(27,8)1696831243(27,9)
(28,8)518670317(29,8)
(28,8)1534516346(28,9)
(29,8)1399352570(29,9)
(0,9)2085443658(1,9)
(0,9)403498619(0,10)
(1,9)1966487511(2,9)
(1,9)257386682(1,10)
(2,9)113193049(3,9)
(2,9)338704924(2,10)
(3,9)8127092(4,9)
(3,9)407705616(3,10)
(4,9)1659464883(5,9)
(4,9)1656765422(4,10)
(5,9)1548720076(6,9)
(5,9)400585306(5,10)
(6,9)2075324234(7,9)
(6,9)1422196771(6,10)
(7,9)65563768(8,9)
(7,9)1763244377(7,10)
(8,9)476595809(9,9)
(8,9)2073891990(8,10)
(9,9)1553584640(10,9)
(9,9)1922869811(9,10)
(10,9)481585382(11,9)
(10,9)1488841358(10,10)
(11,9)638909749(12,9)
(11,9)1459026437(11,10)
(12,9)319247793(13,9)
(12,9)1019949062(12,10)
(13,9)1458526231(14,9)
(13,9)188257344(13,10)
(14,9)706927662(15,9)
(14,9)1853764139(14,10)
(15,9)109779111(16,9)
(15,9)710395153(15,10)
(16,9)967781835(17,9)
(16,9)644887672(16,10)
(17,9)983592596(18,9)
(17,9)2076266622(17,10)
(18,9)336488590(19,9)
(18,9)1080974884(18,10)
(19,9)590256658(20,9)
(19,9)991719688(19,10)
(20,9)1392304995(21,9)
(20,9)1995953473(20,10)
(21,9)1270666596(22,9)
(21,9)2138976735(21,10)
(22,9)1754737464(23,9)
(22,9)1320145581(22,10)
(23,9)1246553923(24,9)
(23,9)1336230364(23,10)
(24,9)1111616527(25,9)
(24,9)83849626(24,10)
(25,9)1572690984(26,9)
(25,9)652654915(25,10)
(26,9)2111681352(27,9)
(26,9)1593201909(26,10)
(27,9)465667323(28,9)
(27,9)64117085(27,10)
(28,9)252374429(29,9)
(28,9)283445498(28,10)
(29,9)1924193554(29,10)
(0,10)959302091(1,10)
(0,10)2137209637(0,11)
(1,10)99505100(2,10)
(1,10)487105059(1,11)
(2,10)1454886895(3,10)
(2,10)1604189763(2,11)
(3,10)440298711(4,10)
(3,10)28288074(3,11)
(4,10)364776665(5,10)
(4,10)388378131(4,11)
(5,10)978634790(6,10)
(5,10)1432018400(5,11)
(6,10)676839747(7,10)
(6,10)213246490(6,11)
(7,10)1483913087(8,10)
(7,10)970127877(7,11)
(8,10)577381693(9,10)
(8,10)1996985328(8,11)
(9,10)1096055604(10,10)
(9,10)672659803(9,11)
(10,10)1784276331(11,10)
(10,10)661231319(10,11)
(11,10)86438655(12,10)
(11,10)1748710519(11,11)
(12,10)1712908224(13,10)
(12,10)1229994592(12,11)
(13,10)1695661916(14,10)
(13,10)150555740(13,11)
(14,10)402930170(15,10)
(14,10)1996353722(14,11)
(15,10)1986079711(16,10)
(15,10)1472371822(15,11)
(16,10)1959476882(17,10)
(16,10)1362232261(16,11)
(17,10)818938377(18,10)
(17,10)2085584812(17,11)
(18,10)2113872886(19,10)
(18,10)1266880129(18,11)
(19,10)1655258260(20,10)
(19,10)1259237088(19,11)
(20,10)543771840(21,10)
(20,10)331165903(20,11)
(21,10)544412394(22,10)
(21,10)486409402(21,11)
(22,10)1456537279(23,10)
(22,10)1220611587(22,11)
(23,10)1070113268(24,10)
(23,10)2028325481(23,11)
(24,10)553501636(25,10)
(24,10)2033918973(24,11)
(25,10)547666644(26,10)
(25,10)18685224(25,11)
(26,10)1767395743(27,10)
(26,10)190294319(26,11)
(27,10)1420288912(28,10)
(27,10)634105300(27,11)
(28,10)784661040(29,10)
(28,10)1332820319(28,11)
(29,10)968467180(29,11)
(0,11)1187591210(1,11)
(0,11)1181690393(0,12)
(1,11)1020286457(2,11)
(1,11)293355354(1,12)
(2,11)105348588(3,11)
(2,11)402339824(2,12)
(3,11)1221278201(4,11)
(3,11)958387621(3,12)
(4,11)924776859(5,11)
(4,11)1372228717(4,12)
(5,11)880003330(6,11)
(5,11)333031641(5,12)
(6,11)876803482(7,11)
(6,11)1255942763(6,12)
(7,11)1800355157(8,11)
(7,11)1366412732(7,12)
(8,11)675466364(9,11)
(8,11)2097415069(8,12)
(9,11)1020044689(10,11)
(9,11)1681196990(9,12)
(10,11)87214978(11,11)
(10,11)561901689(10,12)
(11,11)1109568333(12,11)
(11,11)1038729913(11,12)
(12,11)658642009(13,11)
(12,11)277509298(12,12)
(13,11)1697798210(14,11)
(13,11)1743673633(13,12)
(14,11)380851026(15,11)
(14,11)1991462328(14,12)
(15,11)1025669074(16,11)
(15,11)518781742(15,12)
(16,11)812137096(17,11)
(16,11)1568442236(16,12)
(17,11)1970782060(18,11)
(17,11)2045955531(17,12)
(18,11)856859504(19,11)
(18,11)917485685(18,12)
(19,11)142230754(20,11)
(19,11)1044576613(19,12)
(20,11)1377608255(21,11)
(20,11)1781636363(20,12)
(21,11)890095478(22,11)
(21,11)1022234084(21,12)
(22,11)241163169(23,11)
(22,11)106928089(22,12)
(23,11)56859510(24,11)
(23,11)542966987(23,12)
(24,11)76680329(25,11)
(24,11)916629533(24,12)
(25,11)1478531222(26,11)
(25,11)1076904200(25,12)
(26,11)2115634113(27,11)
(26,11)163895308(26,12)
(27,11)441404606(28,11)
(27,11)440615907(27,12)
(28,11)36805893(29,11)
(28,11)626792474(28,12)
(29,11)2139202816(29,12)
(0,12)417656919(1,12)
(0,12)470771155(0,13)
(1,12)1496440229(2,12)
(1,12)510500910(1,13)
(2,12)1322638006(3,12)
(2,12)1986099155(2,13)
(3,12)1809397568(4,12)
(3,12)1394912112(3,13)
(4,12)104287968(5,12)
(4,12)92640043(4,13)
(5,12)234870798(6,12)
(5,12)706490533(5,13)
(6,12)2084098788(7,12)
(6,12)1885924331(6,13)
(7,12)628536162(8,12)
(7,12)1257104882(7,13)
(8,12)1498268051(9,12)
(8,12)43543229(8,13)
(9,12)100402740(10,12)
(9,12)1171503149(9,13)
(10,12)1248183479(11,12)
(10,12)267413936(10,13)
(11,12)1745945158(12,12)
(11,12)1177306940(11,13)
(12,12)1145457405(13,12)
(12,12)1412078787(12,13)
(13,12)1853483393(14,12)
(13,12)39077418(13,13)
(14,12)75883311(15,12)
(14,12)1772249880(14,13)
(15,12)95537387(16,12)
(15,12)1845202561(15,13)
(16,12)208219823(17,12)
(16,12)493540230(16,13)
(17,12)332155737(18,12)
(17,12)1591977616(17,13)
(18,12)839406080(19,12)
(18,12)1530857829(18,13)
(19,12)1623497873(20,12)
(19,12)2141553305(19,13)
(20,12)700560191(21,12)
(20,12)943694048(20,13)
(21,12)682134731(22,12)
(21,12)1858368671(21,13)
(22,12)967989905(23,12)
(22,12)637175331(22,13)
(23,12)680718561(24,12)
(23,12)1310670893(23,13)
(24,12)334690395(25,12)
(24,12)318774309(24,13)
(25,12)586188245(26,12)
(25,12)781121301(25,13)
(26,12)1958428241(27,12)
(26,12)1582873874(26,13)
(27,12)847469013(28,12)
(27,12)184649756(27,13)
(28,12)223727174(29,12)
(28,12)956401998(28,13)
(29,12)553468758(29,13)
(0,13)299610485(1,13)
(0,13)581168230(0,14)
(1,13)676705617(2,13)
(1,13)251187671(1,14)
(2,13)459407494(3,13)
(2,13)793150715(2,14)
(3,13)1125306452(4,13)
(3,13)121199585(3,14)
(4,13)960605665(5,13)
(4,13)1990265323(4,14)
(5,13)1466279548(6,13)
(5,13)1119376110(5,14)
(6,13)1819936301(7,13)
(6,13)1904299713(6,14)
(7,13)438950797(8,13)
(7,13)1177164571(7,14)
(8,13)2145154477(9,13)
(8,13)309627984(8,14)
(9,13)990346545(10,13)
(9,13)1749621690(9,14)
(10,13)2084312085(11,13)
(10,13)316445138(10,14)
(11,13)902633383(12,13)
(11,13)1771467846(11,14)
(12,13)1582412439(13,13)
(12,13)1519702311(12,14)
(13,13)219687676(14,13)
(13,13)1087283139(13,14)
(14,13)1311010313(15,13)
(14,13)391330790(14,14)
(15,13)972499020(16,13)
(15,13)773156434(15,14)
(16,13)1024344105(17,13)
(16,13)1610620798(16,14)
(17,13)256287865(18,13)
(17,13)1649204638(17,14)
(18,13)1770404223(19,13)
(18,13)1483751599(18,14)
(19,13)1326533275(20,13)
(19,13)1381594318(19,14)
(20,13)353486780(21,13)
(20,13)583526241(20,14)
(21,13)340342306(22,13)
(21,13)645329175(21,14)
(22,13)1822493747(23,13)
(22,13)25939433(22,14)
(23,13)335567417(24,13)
(23,13)779293103(23,14)
(24,13)381431146(25,13)
(24,13)1820164576(24,14)
(25,13)2136609714(26,13)
(25,13)1325913963(25,14)
(26,13)949898161(27,13)
(26,13)318259583(26,14)
(27,13)1837961895(28,13)
(27,13)891759449(27,14)
(28,13)1979042589(29,13)
(28,13)384826953(28,14)
(29,13)2057649571(29,14)
(0,14)1142569254(1,14)
(0,14)776157743(0,15)
(1,14)1748656763(2,14)
(1,14)683322358(1,15)
(2,14)1707666463(3,14)
(2,14)605706405(2,15)
(3,14)861994270(4,14)
(3,14)1250377753(3,15)
(4,14)873298329(5,14)
(4,14)1043934415(4,15)
(5,14)222984042(6,14)
(5,14)96104940(5,15)
(6,14)449591720(7,14)
(6,14)1456824570(6,15)
(7,14)1797166876(8,14)
(7,14)868313217(7,15)
(8,14)543323316(9,14)
(8,14)475531153(8,15)
(9,14)811098571(10,14)
(9,14)428976332(9,15)
(10,14)810407478(11,14)
(10,14)216004244(10,15)
(11,14)205130310(12,14)
(11,14)2137012534(11,15)
(12,14)939427047(13,14)
(12,14)1128667061(12,15)
(13,14)819145308(14,14)
(13,14)1096889760(13,15)
(14,14)928448701(15,14)
(14,14)1324254000(14,15)
(15,14)2100411743(16,14)
(15,14)729311232(15,15)
(16,14)1412633590(17,14)
(16,14)2071017955(16,15)
(17,14)529240712(18,14)
(17,14)1701584859(17,15)
(18,14)804478964(19,14)
(18,14)972816405(18,15)
(19,14)2016750820(20,14)
(19,14)1391234983(19,15)
(20,14)1487339923(21,14)
(20,14)1677777293(20,15)
(21,14)987118215(22,14)
(21,14)92251214(21,15)
(22,14)960564432(23,14)
(22,14)1936931644(22,15)
(23,14)264979149(24,14)
(23,14)636801444(23,15)
(24,14)1065777776(25,14)
(24,14)1503887748(24,15)
(25,14)1719891993(26,14)
(25,14)1076077720(25,15)
(26,14)1065606606(27,14)
(26,14)1876185254(26,15)
(27,14)857368667(28,14)
(27,14)1925022303(27,15)
(28,14)874428415(29,14)
(28,14)2005033654(28,15)
(29,14)1676513976(29,15)
(0,15)1802877116(1,15)
(0,15)1181804006(0,16)
(1,15)1134732102(2,15)
(1,15)258341560(1,16)
(2,15)1670975150(3,15)
(2,15)1726411424(2,16)
(3,15)108168488(4,15)
(3,15)688833313(3,16)
(4,15)1493312277(5,15)
(4,15)496307907(4,16)
(5,15)365575080(6,15)
(5,15)1499403471(5,16)
(6,15)839259747(7,15)
(6,15)1023605923(6,16)
(7,15)2010724138(8,15)
(7,15)457826294(7,16)
(8,15)1418390726(9,15)
(8,15)628707743(8,16)
(9,15)893686892(10,15)
(9,15)500041934(9,16)
(10,15)1565819710(11,15)
(10,15)774794827(10,16)
(11,15)347203172(12,15)
(11,15)1969764613(11,16)
(12,15)887887571(13,15)
(12,15)1294521316(12,16)
(13,15)4406336(14,15)
(13,15)124741827(13,16)
(14,15)999170243(15,15)
(14,15)745437577(14,16)
(15,15)1927241584(16,15)
(15,15)1680920312(15,16)
(16,15)1939261872(17,15)
(16,15)654563711(16,16)
(17,15)233491487(18,15)
(17,15)914490038(17,16)
(18,15)1603323351(19,15)
(18,15)1462753374(18,16)
(19,15)1959061281(20,15)
(19,15)341659976(19,16)
(20,15)1841063447(21,15)
(20,15)949151980(20,16)
(21,15)1972757903(22,15)
(21,15)177152713(21,16)
(22,15)634979008(23,15)
(22,15)532839546(22,16)
(23,15)1161547289(24,15)
(23,15)1835998394(23,16)
(24,15)188556680(25,15)
(24,15)2053369734(24,16)
(25,15)680680913(26,15)
(25,15)2055234182(25,16)
(26,15)1877515147(27,15)
(26,15)1754376391(26,16)
(27,15)901414059(28,15)
(27,15)1027884085(27,16)
(28,15)1152625913(29,15)
(28,15)617919070(28,16)
(29,15)905820395(29,16)
(0,16)4312508(1,16)
(0,16)1363356648(0,17)
(1,16)1143114584(2,16)
(1,16)439257059(1,17)
(2,16)231035283(3,16)
(2,16)658876219(2,17)
(3,16)892367707(4,16)
(3,16)2057604622(3,17)
(4,16)1513444325(5,16)
(4,16)1693788657(4,17)
(5,16)1505366291(6,16)
(5,16)1234027683(5,17)
(6,16)927607482(7,16)
(6,16)315112657(6,17)
(7,16)140386913(8,16)
(7,16)1682519004(7,17)
(8,16)170014364(9,16)
(8,16)1460447029(8,17)
(9,16)474510670(10,16)
(9,16)1976385307(9,17)
(10,16)17458339(11,16)
(10,16)75900451(10,17)
(11,16)756581364(12,16)
(11,16)382261204(11,17)
(12,16)112292703(13,16)
(12,16)1771834730(12,17)
(13,16)525765142(14,16)
(13,16)1784465450(13,17)
(14,16)789607715(15,16)
(14,16)730211774(14,17)
(15,16)2093568422(16,16)
(15,16)1431585537(15,17)
(16,16)1870842597(17,16)
(16,16)793920223(16,17)
(17,16)1452796442(18,16)
(17,16)1089199358(17,17)
(18,16)999320332(19,16)
(18,16)2101877880(18,17)
(19,16)1648182890(20,16)
(19,16)197680501(19,17)
(20,16)1431708184(21,16)
(20,16)365281009(20,17)
(21,16)680393666(22,16)
(21,16)1006065533(21,17)
(22,16)541100889(23,16)
(22,16)211832019(22,17)
(23,16)1672279048(24,16)
(23,16)820780579(23,17)
(24,16)649682238(25,16)
(24,16)711115254(24,17)
(25,16)787015705(26,16)
(25,16)2146789718(25,17)
(26,16)381567275(27,16)
(26,16)667140578(26,17)
(27,16)291491660(28,16)
(27,16)1543597069(27,17)
(28,16)1180578871(29,16)
(28,16)493859978(28,17)
(29,16)817256802(29,17)
(0,17)1970186586(1,17)
(0,17)1224071752(0,18)
(1,17)1170156526(2,17)
(1,17)101358692(1,18)
(2,17)1972201289(3,17)
(2,17)616623161(2,18)
(3,17)2069419604(4,17)
(3,17)111872236(3,18)
(4,17)1111192568(5,17)
(4,17)1926595521(4,18)
(5,17)1427294763(6,17)
(5,17)119616457(5,18)
(6,17)1551324642(7,17)
(6,17)1476473577(6,18)
(7,17)9383596(8,17)
(7,17)285876648(7,18)
(8,17)826977538(9,17)
(8,17)1763156661(8,18)
(9,17)1287952061(10,17)
(9,17)830164175(9,18)
(10,17)1479846414(11,17)
(10,17)1538092792(10,18)
(11,17)177624849(12,17)
(11,17)1287258131(11,18)
(12,17)1668825406(13,17)
(12,17)2146986992(12,18)
(13,17)290995004(14,17)
(13,17)1721221918(13,18)
(14,17)754317142(15,17)
(14,17)15201737(14,18)
(15,17)1239273489(16,17)
(15,17)1108251807(15,18)
(16,17)1209610499(17,17)
(16,17)577020080(16,18)
(17,17)1193643242(18,17)
(17,17)261946368(17,18)
(18,17)373818604(19,17)
(18,17)1034328140(18,18)
(19,17)813440013(20,17)
(19,17)1115579198(19,18)
(20,17)1235195655(21,17)
(20,17)1485011173(20,18)
(21,17)814001102(22,17)
(21,17)93251129(21,18)
(22,17)379127777(23,17)
(22,17)639036649(22,18)
(23,17)254709662(24,17)
(23,17)823384698(23,18)
(24,17)1653548874(25,17)
(24,17)1206105315(24,18)
(25,17)596714459(26,17)
(25,17)1542661723(25,18)
(26,17)682436207(27,17)
(26,17)985911640(26,18)
(27,17)985414984(28,17)
(27,17)774339308(27,18)
(28,17)348077579(29,17)
(28,17)203777965(28,18)
(29,17)1276409988(29,18)
(0,18)1102394721(1,18)
(0,18)218979702(0,19)
(1,18)1458253192(2,18)
(1,18)237178147(1,19)
(2,18)1446788646(3,18)
(2,18)1679414801(2,19)
(3,18)725574395(4,18)
(3,18)1720199560(3,19)
(4,18)2094018164(5,18)
(4,18)333633138(4,19)
(5,18)1147073152(6,18)
(5,18)1841153593(5,19)
(6,18)928865601(7,18)
(6,18)1431545689(6,19)
(7,18)98063144(8,18)
(7,18)1240324281(7,19)
(8,18)1619452058(9,18)
(8,18)1567902250(8,19)
(9,18)1822611913(10,18)
(9,18)921447842(9,19)
(10,18)427513068(11,18)
(10,18)678073726(10,19)
(11,18)1274788185(12,18)
(11,18)1217789988(11,19)
(12,18)1900226195(13,18)
(12,18)1413424708(12,19)
(13,18)251356044(14,18)
(13,18)2049127494(13,19)
(14,18)249721425(15,18)
(14,18)2104004161(14,19)
(15,18)175500215(16,18)
(15,18)1527766033(15,19)
(16,18)1764944180(17,18)
(16,18)1352116146(16,19)
(17,18)884047299(18,18)
(17,18)1633753407(17,19)
(18,18)1206469319(19,18)
(18,18)1064249179(18,19)
(19,18)1397882317(20,18)
(19,18)1609621695(19,19)
(20,18)1303291640(21,18)
(20,18)1153003836(20,19)
(21,18)437065877(22,18)
(21,18)397471821(21,19)
(22,18)1637796102(23,18)
(22,18)84673593(22,19)
(23,18)1652575844(24,18)
(23,18)535129021(23,19)
(24,18)1456576864(25,18)
(24,18)1109764513(24,19)
(25,18)1787838239(26,18)
(25,18)1327704109(25,19)
(26,18)398010449(27,18)
(26,18)1884089932(26,19)
(27,18)1150030993(28,18)
(27,18)915142776(27,19)
(28,18)816786622(29,18)
(28,18)150752997(28,19)
(29,18)1401387037(29,19)
(0,19)1066508047(1,19)
(0,19)107273510(0,20)
(1,19)282773725(2,19)
(1,19)781669422(1,20)
(2,19)399129955(3,19)
(2,19)271140545(2,20)
(3,19)1155187845(4,19)
(3,19)1916527133(3,20)
(4,19)975512804(5,19)
(4,19)1463379134(4,20)
(5,19)713777803(6,19)
(5,19)617325892(5,20)
(6,19)1920617532(7,19)
(6,19)2128516640(6,20)
(7,19)418098870(8,19)
(7,19)1111249625(7,20)
(8,19)601562079(9,19)
(8,19)2005291126(8,20)
(9,19)1510383322(10,19)
(9,19)953227891(9,20)
(10,19)262321107(11,19)
(10,19)1711326592(10,20)
(11,19)1351681183(12,19)
(11,19)690603783(11,20)
(12,19)1088614232(13,19)
(12,19)2146411040(12,20)
(13,19)1148958385(14,19)
(13,19)119340312(13,20)
(14,19)936126934(15,19)
(14,19)1239367229(14,20)
(15,19)1346640739(16,19)
(15,19)402861774(15,20)
(16,19)1184531197(17,19)
(16,19)2002634982(16,20)
(17,19)126291879(18,19)
(17,19)1629414465(17,20)
(18,19)1398457950(19,19)
(18,19)1583661152(18,20)
(19,19)899556638(20,19)
(19,19)1281479724(19,20)
(20,19)1898805616(21,19)
(20,19)226487106(20,20)
(21,19)207520099(22,19)
(21,19)1613334441(21,20)
(22,19)577100418(23,19)
(22,19)1671939501(22,20)
(23,19)1529746979(24,19)
(23,19)625618969(23,20)
(24,19)1578846860(25,19)
(24,19)1178662498(24,20)
(25,19)742505442(26,19)
(25,19)892646653(25,20)
(26,19)1583250436(27,19)
(26,19)1841167968(26,20)
(27,19)1840095360(28,19)
(27,19)2094186626(27,20)
(28,19)66043290(29,19)
(28,19)524381020(28,20)
(29,19)841570097(29,20)
(0,20)1002170224(1,20)
(0,20)1763748250(0,21)
(1,20)962905341(2,20)
(1,20)1244431871(1,21)
(2,20)281479420(3,20)
(2,20)857321558(2,21)
(3,20)983613438(4,20)
(3,20)444836158(3,21)
(4,20)1843294108(5,20)
(4,20)1865140572(4,21)
(5,20)617213562(6,20)
(5,20)117609514(5,21)
(6,20)2016415131(7,20)
(6,20)2069781215(6,21)
(7,20)129817666(8,20)
(7,20)83064356(7,21)
(8,20)660164774(9,20)
(8,20)1540870984(8,21)
(9,20)923134315(10,20)
(9,20)755436635(9,21)
(10,20)186799847(11,20)
(10,20)1838827272(10,21)
(11,20)433849067(12,20)
(11,20)1815780968(11,21)
(12,20)1251547756(13,20)
(12,20)2027967815(12,21)
(13,20)1720579527(14,20)
(13,20)380552045(13,21)
(14,20)446595335(15,20)
(14,20)1775928776(14,21)
(15,20)1392193378(16,20)
(15,20)414665976(15,21)
(16,20)1659097848(17,20)
(16,20)1448765559(16,21)
(17,20)158603470(18,20)
(17,20)207615072(17,21)
(18,20)652451230(19,20)
(18,20)1940577268(18,21)
(19,20)1658234193(20,20)
(19,20)1142216908(19,21)
(20,20)1259826422(21,20)
(20,20)348261691(20,21)
(21,20)270559258(22,20)
(21,20)127964107(21,21)
(22,20)211028463(23,20)
(22,20)1128757905(22,21)
(23,20)522145241(24,20)
(23,20)400376924(23,21)
(24,20)1155813559(25,20)
(24,20)871193238(24,21)
(25,20)562536862(26,20)
(25,20)1445279556(25,21)
(26,20)1113576876(27,20)
(26,20)1342613406(26,21)
(27,20)1223097574(28,20)
(27,20)996385929(27,21)
(28,20)1376937974(29,20)
(28,20)217640984(28,21)
(29,20)796193453(29,21)
(0,21)1823533309(1,21)
(0,21)1993569761(0,22)
(1,21)1238279491(2,21)
(1,21)1210859430(1,22)
(2,21)722473630(3,21)
(2,21)1124815221(2,22)
(3,21)1283418691(4,21)
(3,21)1445894563(3,22)
(4,21)2098345794(5,21)
(4,21)515567250(4,22)
(5,21)26317795(6,21)
(5,21)278151951(5,22)
(6,21)1537978373(7,21)
(6,21)299123837(6,22)
(7,21)569683095(8,21)
(7,21)154281903(7,22)
(8,21)365310366(9,21)
(8,21)519252631(8,22)
(9,21)1041397872(10,21)
(9,21)970060019(9,22)
(10,21)2125873578(11,21)
(10,21)1236503604(10,22)
(11,21)1799040467(12,21)
(11,21)339193781(11,22)
(12,21)1452770657(13,21)
(12,21)1321003336(12,22)
(13,21)396617262(14,21)
(13,21)647942748(13,22)
(14,21)2024880723(15,21)
(14,21)1670411642(14,22)
(15,21)1516497755(16,21)
(15,21)1192810716(15,22)
(16,21)256186498(17,21)
(16,21)1700930384(16,22)
(17,21)678261957(18,21)
(17,21)607293598(17,22)
(18,21)2053188162(19,21)
(18,21)978660128(18,22)
(19,21)1494227378(20,21)
(19,21)1961680648(19,22)
(20,21)92348951(21,21)
(20,21)2004050308(20,22)
(21,21)155690497(22,21)
(21,21)1520545174(21,22)
(22,21)1674827077(23,21)
(22,21)1630327325(22,22)
(23,21)2096308(24,21)
(23,21)725373592(23,22)
(24,21)1695433611(25,21)
(24,21)2040137443(24,22)
(25,21)1129157400(26,21)
(25,21)1043494180(25,22)
(26,21)1382687961(27,21)
(26,21)1673823541(26,22)
(27,21)847343229(28,21)
(27,21)780714219(27,22)
(28,21)1428656967(29,21)
(28,21)687974971(28,22)
(29,21)1243960492(29,22)
(0,22)1306054042(1,22)
(0,22)210902965(0,23)
(1,22)1727400720(2,22)
(1,22)289287560(1,23)
(2,22)545474058(3,22)
(2,22)859500779(2,23)
(3,22)1537762736(4,22)
(3,22)187210670(3,23)
(4,22)92915184(5,22)
(4,22)1524134186(4,23)
(5,22)870877916(6,22)
(5,22)1351959737(5,23)
(6,22)1444308688(7,22)
(6,22)2096965492(6,23)
(7,22)105172341(8,22)
(7,22)243939442(7,23)
(8,22)1918766519(9,22)
(8,22)927152365(8,23)
(9,22)929248673(10,22)
(9,22)830545933(9,23)
(10,22)378495896(11,22)
(10,22)1811420315(10,23)
(11,22)793094067(12,22)
(11,22)1972742854(11,23)
(12,22)1207947167(13,22)
(12,22)2052319437(12,23)
(13,22)752179019(14,22)
(13,22)1573808286(13,23)
(14,22)854981605(15,22)
(14,22)1895922138(14,23)
(15,22)2106825103(16,22)
(15,22)1996139511(15,23)
(16,22)137943423(17,22)
(16,22)13552000(16,23)
(17,22)873052779(18,22)
(17,22)1686742175(17,23)
(18,22)1873952846(19,22)
(18,22)683417481(18,23)
(19,22)60068019(20,22)
(19,22)263331867(19,23)
(20,22)1615291604(21,22)
(20,22)1966868030(20,23)
(21,22)1916349875(22,22)
(21,22)930945935(21,23)
(22,22)1174885378(23,22)
(22,22)912116645(22,23)
(23,22)1839269010(24,22)
(23,22)2021522216(23,23)
(24,22)704584502(25,22)
(24,22)946168249(24,23)
(25,22)610104916(26,22)
(25,22)621034036(25,23)
(26,22)446293242(27,22)
(26,22)1083080398(26,23)
(27,22)987916188(28,22)
(27,22)1403198983(27,23)
(28,22)829523621(29,22)
(28,22)1654240409(28,23)
(29,22)1740095207(29,23)
(0,23)1684505227(1,23)
(0,23)1402678900(0,24)
(1,23)1362020355(2,23)
(1,23)1588751070(1,24)
(2,23)1726694493(3,23)
(2,23)1698057227(2,24)
(3,23)423626358(4,23)
(3,23)901278883(3,24)
(4,23)627748081(5,23)
(4,23)262628326(4,24)
(5,23)322696345(6,23)
(5,23)686958225(5,24)
(6,23)154766182(7,23)
(6,23)447132463(6,24)
(7,23)215998690(8,23)
(7,23)1253642280(7,24)
(8,23)281044010(9,23)
(8,23)1066882827(8,24)
(9,23)758668189(10,23)
(9,23)90037259(9,24)
(10,23)794621761(11,23)
(10,23)1227212260(10,24)
(11,23)1837317176(12,23)
(11,23)1379702225(11,24)
(12,23)1825995467(13,23)
(12,23)1877702159(12,24)
(13,23)718134699(14,23)
(13,23)1093032512(13,24)
(14,23)1922556133(15,23)
(14,23)1332752229(14,24)
(15,23)587947481(16,23)
(15,23)310746258(15,24)
(16,23)1899497328(17,23)
(16,23)1459577712(16,24)
(17,23)1010151291(18,23)
(17,23)1949967836(17,24)
(18,23)703763071(19,23)
(18,23)1478708173(18,24)
(19,23)1741336499(20,23)
(19,23)1433777649(19,24)
(20,23)2120735875(21,23)
(20,23)1331511152(20,24)
(21,23)1778643616(22,23)
(21,23)2064032844(21,24)
(22,23)1170191477(23,23)
(22,23)128018409(22,24)
(23,23)1194901236(24,23)
(23,23)1994642306(23,24)
(24,23)2084679565(25,23)
(24,23)1451235487(24,24)
(25,23)530964099(26,23)
(25,23)1953569425(25,24)
(26,23)1185788003(27,23)
(26,23)731817678(26,24)
(27,23)462036190(28,23)
(27,23)220797628(27,24)
(28,23)1313830140(29,23)
(28,23)864299822(28,24)
(29,23)1180170889(29,24)
(0,24)1088902625(1,24)
(0,24)49568403(0,25)
(1,24)637515884(2,24)
(1,24)1490917148(1,25)
(2,24)1242930828(3,24)
(2,24)400996690(2,25)
(3,24)1411147981(4,24)
(3,24)440000073(3,25)
(4,24)1143763144(5,24)
(4,24)574155354(4,25)
(5,24)168008205(6,24)
(5,24)697441983(5,25)
(6,24)670694210(7,24)
(6,24)327790649(6,25)
(7,24)2106434265(8,24)
(7,24)84557402(7,25)
(8,24)1254748879(9,24)
(8,24)798712619(8,25)
(9,24)1993613855(10,24)
(9,24)1953592923(9,25)
(10,24)1890788841(11,24)
(10,24)558500718(10,25)
(11,24)1089464818(12,24)
(11,24)1799699632(11,25)
(12,24)838003987(13,24)
(12,24)475122871(12,25)
(13,24)937159061(14,24)
(13,24)1310262446(13,25)
(14,24)476608938(15,24)
(14,24)1702303810(14,25)
(15,24)1751872213(16,24)
(15,24)2117329951(15,25)
(16,24)1460763451(17,24)
(16,24)1565511563(16,25)
(17,24)1966508253(18,24)
(17,24)241904450(17,25)
(18,24)681904523(19,24)
(18,24)556210631(18,25)
(19,24)1130365985(20,24)
(19,24)1230172587(19,25)
(20,24)1927614570(21,24)
(20,24)1825667667(20,25)
(21,24)5974668(22,24)
(21,24)1298374191(21,25)
(22,24)1382931593(23,24)
(22,24)450825132(22,25)
(23,24)1249537751(24,24)
(23,24)2112408933(23,25)
(24,24)1918518209(25,24)
(24,24)490196824(24,25)
(25,24)1048697542(26,24)
(25,24)1095667958(25,25)
(26,24)747883942(27,24)
(26,24)1661823402(26,25)
(27,24)2136946273(28,24)
(27,24)2138162360(27,25)
(28,24)1300941158(29,24)
(28,24)1585887930(28,25)
(29,24)926621687(29,25)
(0,25)1777550096(1,25)
(0,25)1140708092(0,26)
(1,25)745096657(2,25)
(1,25)896467990(1,26)
(2,25)209747793(3,25)
(2,25)1195578012(2,26)
(3,25)1014602617(4,25)
(3,25)987001107(3,26)
(4,25)1668905630(5,25)
(4,25)765958424(4,26)
(5,25)1896324410(6,25)
(5,25)97291556(5,26)
(6,25)2024906126(7,25)
(6,25)1347089650(6,26)
(7,25)1353064318(8,25)
(7,25)1047214953(7,26)
(8,25)282662898(9,25)
(8,25)328247610(8,26)
(9,25)1577785361(10,25)
(9,25)1317989604(9,26)
(10,25)1089024165(11,25)
(10,25)772859722(10,26)
(11,25)1821557264(12,25)
(11,25)525969671(11,26)
(12,25)1273853614(13,25)
(12,25)603363919(12,26)
(13,25)592826544(14,25)
(13,25)1812235977(13,26)
(14,25)965693487(15,25)
(14,25)712257896(14,26)
(15,25)1852965988(16,25)
(15,25)1519448231(15,26)
(16,25)268432573(17,25)
(16,25)595759936(16,26)
(17,25)1791337948(18,25)
(17,25)450578997(17,26)
(18,25)1437580105(19,25)
(18,25)478180366(18,26)
(19,25)1244138791(20,25)
(19,25)658456917(19,26)
(20,25)755748474(21,25)
(20,25)959002087(20,26)
(21,25)158608089(22,25)
(21,25)992979553(21,26)
(22,25)2040194506(23,25)
(22,25)633170952(22,26)
(23,25)961418563(24,25)
(23,25)1511672408(23,26)
(24,25)682178364(25,25)
(24,25)175373756(24,26)
(25,25)948233478(26,25)
(25,25)391720276(25,26)
(26,25)917689948(27,25)
(26,25)1771202529(26,26)
(27,25)227082800(28,25)
(27,25)622307094(27,26)
(28,25)287059423(29,25)
(28,25)44059914(28,26)
(29,25)819909344(29,26)
(0,26)1252752911(1,26)
(0,26)756317810(0,27)
(1,26)461800150(2,26)
(1,26)191873928(1,27)
(2,26)460306501(3,26)
(2,26)1848512847(2,27)
(3,26)1492367147(4,26)
(3,26)912379147(3,27)
(4,26)202475604(5,26)
(4,26)938486868(4,27)
(5,26)35142011(6,26)
(5,26)3340416(5,27)
(6,26)759088890(7,26)
(6,26)1161477692(6,27)
(7,26)1320085781(8,26)
(7,26)1028121564(7,27)
(8,26)920832422(9,26)
(8,26)1392259843(8,27)
(9,26)206194758(10,26)
(9,26)684274541(9,27)
(10,26)1366452905(11,26)
(10,26)1096206178(10,27)
(11,26)2044439656(12,26)
(11,26)597915034(11,27)
(12,26)1515604982(13,26)
(12,26)990171786(12,27)
(13,26)1217254586(14,26)
(13,26)519263102(13,27)
(14,26)806322526(15,26)
(14,26)1559664896(14,27)
(15,26)168499058(16,26)
(15,26)2037163931(15,27)
(16,26)81554211(17,26)
(16,26)2059075437(16,27)
(17,26)1760104636(18,26)
(17,26)630299208(17,27)
(18,26)1542678356(19,26)
(18,26)541860712(18,27)
(19,26)1480347580(20,26)
(19,26)1104988135(19,27)
(20,26)1108328551(21,26)
(20,26)1745153960(20,27)
(21,26)759148004(22,26)
(21,26)1515489591(21,27)
(22,26)396127507(23,26)
(22,26)1867417442(22,27)
(23,26)1112193637(24,26)
(23,26)2079233786(23,27)
(24,26)616024679(25,26)
(24,26)1316959929(24,27)
(25,26)265682459(26,26)
(25,26)1318388395(25,27)
(26,26)1916303429(27,26)
(26,26)1982477585(26,27)
(27,26)825165723(28,26)
(27,26)162638467(27,27)
(28,26)681901570(29,26)
(28,26)1284424764(28,27)
(29,26)2042420310(29,27)
(0,27)1488224096(1,27)
(0,27)696606012(0,28)
(1,27)865105071(2,27)
(1,27)1932100593(1,28)
(2,27)2013654804(3,27)
(2,27)1399815885(2,28)
(3,27)1012436873(4,27)
(3,27)1495404279(3,28)
(4,27)890598987(5,27)
(4,27)408031868(4,28)
(5,27)1888379449(6,27)
(5,27)2117425008(5,28)
(6,27)1078269911(7,27)
(6,27)488269300(6,28)
(7,27)1247417304(8,27)
(7,27)1256385392(7,28)
(8,27)1652512900(9,27)
(8,27)798203705(8,28)
(9,27)1910397342(10,27)
(9,27)1179167442(9,28)
(10,27)1795192122(11,27)
(10,27)821989181(10,28)
(11,27)1087671641(12,27)
(11,27)1081302089(11,28)
(12,27)850121871(13,27)
(12,27)1630186059(12,28)
(13,27)307868134(14,27)
(13,27)1250310108(13,28)
(14,27)1932211678(15,27)
(14,27)2134546635(14,28)
(15,27)683668999(16,27)
(15,27)202804796(15,28)
(16,27)2134905389(17,27)
(16,27)1272952126(16,28)
(17,27)525284363(18,27)
(17,27)1548774070(17,28)
(18,27)896694702(19,27)
(18,27)2001076545(18,28)
(19,27)261624766(20,27)
(19,27)1537721236(19,28)
(20,27)1507662596(21,27)
(20,27)1787293689(20,28)
(21,27)128079341(22,27)
(21,27)2520567(21,28)
(22,27)1258905959(23,27)
(22,27)438448860(22,28)
(23,27)1236652565(24,27)
(23,27)1375496646(23,28)
(24,27)407180440(25,27)
(24,27)763935211(24,28)
(25,27)1585924393(26,27)
(25,27)999566260(25,28)
(26,27)2080868349(27,27)
(26,27)54888914(26,28)
(27,27)1685074973(28,27)
(27,27)526112386(27,28)
(28,27)1776422494(29,27)
(28,27)783506572(28,28)
(29,27)1992943108(29,28)
(0,28)1561150525(1,28)
(0,28)770569559(0,29)
(1,28)1454238559(2,28)
(1,28)48264256(1,29)
(2,28)35685998(3,28)
(2,28)686619003(2,29)
(3,28)1211903367(4,28)
(3,28)855528981(3,29)
(4,28)1752223683(5,28)
(4,28)2036762543(4,29)
(5,28)150903661(6,28)
(5,28)602140955(5,29)
(6,28)2109803552(7,28)
(6,28)1392033725(6,29)
(7,28)1520113066(8,28)
(7,28)153424228(7,29)
(8,28)1412330188(9,28)
(8,28)400768764(8,29)
(9,28)1637421329(10,28)
(9,28)748126064(9,29)
(10,28)1155306505(11,28)
(10,28)28781751(10,29)
(11,28)1614706144(12,28)
(11,28)489503941(11,29)
(12,28)422888643(13,28)
(12,28)1210195419(12,29)
(13,28)747786745(14,28)
(13,28)2140818530(13,29)
(14,28)1769757377(15,28)
(14,28)1206395215(14,29)
(15,28)1976964775(16,28)
(15,28)593246205(15,29)
(16,28)641510461(17,28)
(16,28)1183424254(16,29)
(17,28)1870043257(18,28)
(17,28)1283719686(17,29)
(18,28)2139248667(19,28)
(18,28)677196459(18,29)
(19,28)566475355(20,28)
(19,28)934462976(19,29)
(20,28)1536603932(21,28)
(20,28)1743988703(20,29)
(21,28)988538780(22,28)
(21,28)717379016(21,29)
(22,28)870803245(23,28)
(22,28)1498923836(22,29)
(23,28)1899692600(24,28)
(23,28)361168198(23,29)
(24,28)1109294263(25,28)
(24,28)135649785(24,29)
(25,28)164431536(26,28)
(25,28)1389630281(25,29)
(26,28)1879134223(27,28)
(26,28)117117120(26,29)
(27,28)1327312539(28,28)
(27,28)1779137681(27,29)
(28,28)1772472563(29,28)
(28,28)154539218(28,29)
(29,28)2075099284(29,29)
(0,29)1394746292(1,29)
(0,29)1360934433(0,30)
(1,29)1190415560(2,29)
(1,29)520861841(1,30)
(2,29)1162372303(3,29)
(2,29)430686898(2,30)
(3,29)153246508(4,29)
(3,29)326651598(3,30)
(4,29)318416618(5,29)
(4,29)1839568762(4,30)
(5,29)258560469(6,29)
(5,29)1087709484(5,30)
(6,29)476829768(7,29)
(6,29)2062405321(6,30)
(7,29)903460453(8,29)
(7,29)975939486(7,30)
(8,29)1846742731(9,29)
(8,29)1975753604(8,30)
(9,29)1727962556(10,29)
(9,29)1264628651(9,30)
(10,29)226439266(11,29)
(10,29)1982392516(10,30)
(11,29)2146824052(12,29)
(11,29)970109190(11,30)
(12,29)701759765(13,29)
(12,29)343556386(12,30)
(13,29)1670868926(14,29)
(13,29)1778478085(13,30)
(14,29)1403467001(15,29)
(14,29)856298983(14,30)
(15,29)69749768(16,29)
(15,29)1598484562(15,30)
(16,29)2119346404(17,29)
(16,29)650729645(16,30)
(17,29)1081416544(18,29)
(17,29)1260165329(17,30)
(18,29)1586816927(19,29)
(18,29)1134235059(18,30)
(19,29)826320173(20,29)
(19,29)1234663052(19,30)
(20,29)174888888(21,29)
(20,29)1905233545(20,30)
(21,29)1820155218(22,29)
(21,29)1084880643(21,30)
(22,29)2060820129(23,29)
(22,29)651718657(22,30)
(23,29)479988613(24,29)
(23,29)576132023(23,30)
(24,29)1840760675(25,29)
(24,29)1760079212(24,30)
(25,29)1594988080(26,29)
(25,29)60467522(25,30)
(26,29)1030576712(27,29)
(26,29)2067199941(26,30)
(27,29)263272680(28,29)
(27,29)1594328484(27,30)
(28,29)1225322922(29,29)
(28,29)1732336477(28,30)
(29,29)1934141606(29,30)
(0,30)481306275(1,30)
(0,30)441151812(0,31)
(1,30)510901580(2,30)
(1,30)1385142520(1,31)
(2,30)1357005276(3,30)
(2,30)1132035920(2,31)
(3,30)65968816(4,30)
(3,30)1771066909(3,31)
(4,30)1210400189(5,30)
(4,30)343756687(4,31)
(5,30)1170076861(6,30)
(5,30)1300631868(5,31)
(6,30)1475520757(7,30)
(6,30)968150086(6,31)
(7,30)640821657(8,30)
(7,30)107473856(7,31)
(8,30)20810337(9,30)
(8,30)2127239414(8,31)
(9,30)459744379(10,30)
(9,30)1216953680(9,31)
(10,30)910230707(11,30)
(10,30)1780889549(10,31)
(11,30)1228393981(12,30)
(11,30)520211901(11,31)
(12,30)1550788613(13,30)
(12,30)829947001(12,31)
(13,30)1093219681(14,30)
(13,30)675238817(13,31)
(14,30)1900561739(15,30)
(14,30)1135641442(14,31)
(15,30)1576793254(16,30)
(15,30)879877639(15,31)
(16,30)117536511(17,30)
(16,30)234384366(16,31)
(17,30)1366420287(18,30)
(17,30)2087694835(17,31)
(18,30)1711278096(19,30)
(18,30)1474541788(18,31)
(19,30)1818298475(20,30)
(19,30)1432389103(19,31)
(20,30)585537324(21,30)
(20,30)774194637(20,31)
(21,30)1742344724(22,30)
(21,30)840891688(21,31)
(22,30)948365544(23,30)
(22,30)2061058081(22,31)
(23,30)2040813847(24,30)
(23,30)235682733(23,31)
(24,30)1452636413(25,30)
(24,30)969175881(24,31)
(25,30)602581782(26,30)
(25,30)353074578(25,31)
(26,30)873286480(27,30)
(26,30)215383473(26,31)
(27,30)1045330474(28,30)
(27,30)1830975763(27,31)
(28,30)358730933(29,30)
(28,30)276591445(28,31)
(29,30)2138550155(29,31)
(0,31)111809024(1,31)
(0,31)1412232888(0,32)
(1,31)841542494(2,31)
(1,31)870944146(1,32)
(2,31)988480657(3,31)
(2,31)346193391(2,32)
(3,31)1712613678(4,31)
(3,31)781753681(3,32)
(4,31)345548130(5,31)
(4,31)315538797(4,32)
(5,31)2133837273(6,31)
(5,31)997519133(5,32)
(6,31)1583056457(7,31)
(6,31)1119742767(6,32)
(7,31)714603843(8,31)
(7,31)827245313(7,32)
(8,31)1775610858(9,31)
(8,31)1496630890(8,32)
(9,31)1389961089(10,31)
(9,31)950286576(9,32)
(10,31)255439342(11,31)
(10,31)597303091(10,32)
(11,31)1199884874(12,31)
(11,31)1743035668(11,32)
(12,31)468838500(13,31)
(12,31)470822815(12,32)
(13,31)1516153289(14,31)
(13,31)883376989(13,32)
(14,31)1242107922(15,31)
(14,31)745429945(14,32)
(15,31)10179185(16,31)
(15,31)1507219796(15,32)
(16,31)230680294(17,31)
(16,31)1353916947(16,32)
(17,31)1700110338(18,31)
(17,31)851721680(17,32)
(18,31)1633475361(19,31)
(18,31)1219160951(18,32)
(19,31)1534699749(20,31)
(19,31)1265240368(19,32)
(20,31)115275853(21,31)
(20,31)1979023491(20,32)
(21,31)951282611(22,31)
(21,31)1521053374(21,32)
(22,31)200815039(23,31)
(22,31)1698332311(22,32)
(23,31)1047479553(24,31)
(23,31)1665886454(23,32)
(24,31)468689383(25,31)
(24,31)1976425897(24,32)
(25,31)426245341(26,31)
(25,31)289956995(25,32)
(26,31)2032992663(27,31)
(26,31)724128725(26,32)
(27,31)1194951540(28,31)
(27,31)1626130215(27,32)
(28,31)362023556(29,31)
(28,31)354347515(28,32)
(29,31)563621181(29,32)
(0,32)1604131479(1,32)
(0,32)1099777460(0,33)
(1,32)1109956646(2,32)
(1,32)2070840977(1,33)
(2,32)154037623(3,32)
(2,32)810564778(2,33)
(3,32)363191468(4,32)
(3,32)1961678326(3,33)
(4,32)1447670039(5,32)
(4,32)1373198574(4,33)
(5,32)760414675(6,32)
(5,32)1628431836(5,33)
(6,32)1743707689(7,32)
(6,32)1279209883(6,33)
(7,32)83008846(8,32)
(7,32)133984401(7,33)
(8,32)334799441(9,32)
(8,32)1294556352(8,33)
(9,32)194552258(10,32)
(9,32)1748895300(9,33)
(10,32)70101035(11,32)
(10,32)163741690(10,33)
(11,32)589987031(12,32)
(11,32)484509253(11,33)
(12,32)370018268(13,32)
(12,32)794229760(12,33)
(13,32)1989181300(14,32)
(13,32)68633598(13,33)
(14,32)430657155(15,32)
(14,32)724365783(14,33)
(15,32)1824143243(16,32)
(15,32)405318833(15,33)
(16,32)328676162(17,32)
(16,32)2034788634(16,33)
(17,32)697869764(18,32)
(17,32)786616241(17,33)
(18,32)600810919(19,32)
(18,32)482713785(18,33)
(19,32)1855912360(20,32)
(19,32)1061061232(19,33)
(20,32)542009420(21,32)
(20,32)2048480959(20,33)
(21,32)1180207194(22,32)
(21,32)468843387(21,33)
(22,32)602827789(23,32)
(22,32)138233461(22,33)
(23,32)1432789814(24,32)
(23,32)1263216040(23,33)
(24,32)864627692(25,32)
(24,32)937627230(24,33)
(25,32)1101368920(26,32)
(25,32)1627342072(25,33)
(26,32)2111851325(27,32)
(26,32)934728728(26,33)
(27,32)1728958488(28,32)
(27,32)1691355952(27,33)
(28,32)1759989550(29,32)
(28,32)334385945(28,33)
(29,32)1570656141(29,33)
(0,33)43163057(1,33)
(0,33)1058751728(0,34)
(1,33)735411323(2,33)
(1,33)1975974974(1,34)
(2,33)157167489(3,33)
(2,33)2077951691(2,34)
(3,33)628337807(4,33)
(3,33)1522027565(3,34)
(4,33)2122838484(5,33)
(4,33)639881274(4,34)
(5,33)348309986(6,33)
(5,33)1689399039(5,34)
(6,33)83924811(7,33)
(6,33)2023835795(6,34)
(7,33)1056559341(8,33)
(7,33)817153374(7,34)
(8,33)1419981163(9,33)
(8,33)222158273(8,34)
(9,33)1654948087(10,33)
(9,33)172291733(9,34)
(10,33)1036919426(11,33)
(10,33)210124745(10,34)
(11,33)1311493665(12,33)
(11,33)1134806511(11,34)
(12,33)1099174188(13,33)
(12,33)1971648154(12,34)
(13,33)1553122994(14,33)
(13,33)855365969(13,34)
(14,33)467871872(15,33)
(14,33)1433560133(14,34)
(15,33)344828213(16,33)
(15,33)976295487(15,34)
(16,33)804786814(17,33)
(16,33)511034929(16,34)
(17,33)441502973(18,33)
(17,33)1080239536(17,34)
(18,33)454783453(19,33)
(18,33)961954303(18,34)
(19,33)1601835577(20,33)
(19,33)1069840780(19,34)
(20,33)611756172(21,33)
(20,33)430138290(20,34)
(21,33)306490437(22,33)
(21,33)1950145564(21,34)
(22,33)619815290(23,33)
(22,33)695680983(22,34)
(23,33)917839256(24,33)
(23,33)1363049779(23,34)
(24,33)1535341512(25,33)
(24,33)2039796453(24,34)
(25,33)102437550(26,33)
(25,33)425303695(25,34)
(26,33)1560110206(27,33)
(26,33)424777290(26,34)
(27,33)248941796(28,33)
(27,33)1413931215(27,34)
(28,33)121813537(29,33)
(28,33)511800746(28,34)
(29,33)1802064791(29,34)
(0,34)589685409(1,34)
(0,34)1945360879(0,35)
(1,34)142705444(2,34)
(1,34)630876630(1,35)
(2,34)1435663444(3,34)
(2,34)1100720338(2,35)
(3,34)1542223311(4,34)
(3,34)1222944981(3,35)
(4,34)1677728434(5,34)
(4,34)250134099(4,35)
(5,34)1851969677(6,34)
(5,34)464580444(5,35)
(6,34)1076336616(7,34)
(6,34)2107866724(6,35)
(7,34)266873514(8,34)
(7,34)1654631593(7,35)
(8,34)126963235(9,34)
(8,34)1772017599(8,35)
(9,34)542373208(10,34)
(9,34)1629923293(9,35)
(10,34)1017781157(11,34)
(10,34)19276040(10,35)
(11,34)121713590(12,34)
(11,34)967676903(11,35)
(12,34)380303462(13,34)
(12,34)1442558448(12,35)
(13,34)1691500244(14,34)
(13,34)1535644805(13,35)
(14,34)1657458342(15,34)
(14,34)892104208(14,35)
(15,34)689981440(16,34)
(15,34)1346081387(15,35)
(16,34)1976958018(17,34)
(16,34)99660103(16,35)
(17,34)1200380442(18,34)
(17,34)832686884(17,35)
(18,34)2055631865(19,34)
(18,34)1265137814(18,35)
(19,34)1515271914(20,34)
(19,34)595120105(19,35)
(20,34)1059700549(21,34)
(20,34)1585876652(20,35)
(21,34)1546259728(22,34)
(21,34)1219757943(21,35)
(22,34)726905888(23,34)
(22,34)2136037165(22,35)
(23,34)1760571117(24,34)
(23,34)1813133242(23,35)
(24,34)1295572887(25,34)
(24,34)853869123(24,35)
(25,34)873145163(26,34)
(25,34)155460677(25,35)
(26,34)1123137580(27,34)
(26,34)165870397(26,35)
(27,34)1608428845(28,34)
(27,34)994858753(27,35)
(28,34)383019910(29,34)
(28,34)1503441042(28,35)
(29,34)1152445441(29,35)
(0,35)2040478253(1,35)
(0,35)248061603(0,36)
(1,35)938043043(2,35)
(1,35)351043181(1,36)
(2,35)180517551(3,35)
(2,35)2140138356(2,36)
(3,35)1193035150(4,35)
(3,35)1770729927(3,36)
(4,35)1678878145(5,35)
(4,35)1445655365(4,36)
(5,35)813443631(6,35)
(5,35)1788155256(5,36)
(6,35)700372157(7,35)
(6,35)1117271149(6,36)
(7,35)516047229(8,35)
(7,35)2033201574(7,36)
(8,35)612623814(9,35)
(8,35)688925675(8,36)
(9,35)302013144(10,35)
(9,35)181696824(9,36)
(10,35)1477269711(11,35)
(10,35)1466492937(10,36)
(11,35)192154452(12,35)
(11,35)457473821(11,36)
(12,35)1580611401(13,35)
(12,35)1643140108(12,36)
(13,35)1104085305(14,35)
(13,35)1187013205(13,36)
(14,35)1570033116(15,35)
(14,35)936568796(14,36)
(15,35)1184630399(16,35)
(15,35)109047099(15,36)
(16,35)460090280(17,35)
(16,35)1463027721(16,36)
(17,35)1455682429(18,35)
(17,35)2122673442(17,36)
(18,35)1745919721(19,35)
(18,35)640607831(18,36)
(19,35)2086263196(20,35)
(19,35)501233932(19,36)
(20,35)141905540(21,35)
(20,35)1277314218(20,36)
(21,35)247101719(22,35)
(21,35)752223180(21,36)
(22,35)637941106(23,35)
(22,35)842277697(22,36)
(23,35)1531203372(24,35)
(23,35)763148949(23,36)
(24,35)944845773(25,35)
(24,35)1250564921(24,36)
(25,35)569574210(26,35)
(25,35)1833216516(25,36)
(26,35)143206689(27,35)
(26,35)274631836(26,36)
(27,35)1917771945(28,35)
(27,35)761728663(27,36)
(28,35)1948741868(29,35)
(28,35)1723818091(28,36)
(29,35)874373602(29,36)
(0,36)1371291336(1,36)
(0,36)512903239(0,37)
(1,36)1697533638(2,36)
(1,36)983420701(1,37)
(2,36)1443510981(3,36)
(2,36)686835409(2,37)
(3,36)2142517839(4,36)
(3,36)1672723432(3,37)
(4,36)1271159505(5,36)
(4,36)2084118812(4,37)
(5,36)2022898361(6,36)
(5,36)496268123(5,37)
(6,36)638173663(7,36)
(6,36)400990076(6,37)
(7,36)648091795(8,36)
(7,36)627637893(7,37)
(8,36)1265578999(9,36)
(8,36)1480451360(8,37)
(9,36)864171085(10,36)
(9,36)1411240744(9,37)
(10,36)208602869(11,36)
(10,36)368660272(10,37)
(11,36)938234483(12,36)
(11,36)549903953(11,37)
(12,36)693110643(13,36)
(12,36)483234706(12,37)
(13,36)253523003(14,36)
(13,36)1699963146(13,37)
(14,36)1501221366(15,36)
(14,36)269445086(14,37)
(15,36)782348325(16,36)
(15,36)1127896605(15,37)
(16,36)2111317307(17,36)
(16,36)725029055(16,37)
(17,36)1411864464(18,36)
(17,36)332398315(17,37)
(18,36)2005121747(19,36)
(18,36)1407344640(18,37)
(19,36)1343979805(20,36)
(19,36)1406898655(19,37)
(20,36)1903166778(21,36)
(20,36)1128797604(20,37)
(21,36)1529787680(22,36)
(21,36)1219394518(21,37)
(22,36)1847032411(23,36)
(22,36)393856793(22,37)
(23,36)1874308154(24,36)
(23,36)30395828(23,37)
(24,36)1441636572(25,36)
(24,36)965127762(24,37)
(25,36)1333788035(26,36)
(25,36)590995591(25,37)
(26,36)1140899544(27,36)
(26,36)1650239442(26,37)
(27,36)2133474148(28,36)
(27,36)124538870(27,37)
(28,36)1824502016(29,36)
(28,36)1834010187(28,37)
(29,36)239513503(29,37)
(0,37)1178239734(1,37)
(0,37)2103455273(0,38)
(1,37)738319950(2,37)
(1,37)1367410108(1,38)
(2,37)1331243767(3,37)
(2,37)1903268789(2,38)
(3,37)1167649606(4,37)
(3,37)1070718265(3,38)
(4,37)928356364(5,37)
(4,37)591104760(4,38)
(5,37)1935084565(6,37)
(5,37)427064613(5,38)
(6,37)182747744(7,37)
(6,37)2057153969(6,38)
(7,37)1439458001(8,37)
(7,37)1006995435(7,38)
(8,37)706544198(9,37)
(8,37)576604537(8,38)
(9,37)303429043(10,37)
(9,37)1469853829(9,38)
(10,37)764006754(11,37)
(10,37)1671671960(10,38)
(11,37)857976347(12,37)
(11,37)894424634(11,38)
(12,37)2035324179(13,37)
(12,37)266762548(12,38)
(13,37)252753048(14,37)
(13,37)982515217(13,38)
(14,37)659533585(15,37)
(14,37)1721850718(14,38)
(15,37)1677822344(16,37)
(15,37)492266551(15,38)
(16,37)1859676659(17,37)
(16,37)1837773320(16,38)
(17,37)1593558461(18,37)
(17,37)268658646(17,38)
(18,37)1339376912(19,37)
(18,37)1043436779(18,38)
(19,37)1634541539(20,37)
(19,37)613724419(19,38)
(20,37)1040789033(21,37)
(20,37)120249628(20,38)
(21,37)29919949(22,37)
(21,37)1422142456(21,38)
(22,37)281654243(23,37)
(22,37)1223536777(22,38)
(23,37)1800141314(24,37)
(23,37)1469377951(23,38)
(24,37)791748132(25,37)
(24,37)988198441(24,38)
(25,37)512386753(26,37)
(25,37)2103570358(25,38)
(26,37)850511344(27,37)
(26,37)1555754886(26,38)
(27,37)1822517434(28,37)
(27,37)1370363101(27,38)
(28,37)205394670(29,37)
(28,37)738351875(28,38)
(29,37)2075270482(29,38)
(0,38)864928256(1,38)
(0,38)312718946(0,39)
(1,38)1990541290(2,38)
(1,38)420053385(1,39)
(2,38)132246397(3,38)
(2,38)555217928(2,39)
(3,38)1292741(4,38)
(3,38)111716288(3,39)
(4,38)1451093200(5,38)
(4,38)1175683176(4,39)
(5,38)662741067(6,38)
(5,38)615017161(5,39)
(6,38)1655806194(7,38)
(6,38)1571342829(6,39)
(7,38)1601262778(8,38)
(7,38)2084883523(7,39)
(8,38)219054118(9,38)
(8,38)731859323(8,39)
(9,38)384516989(10,38)
(9,38)923157081(9,39)
(10,38)1714905214(11,38)
(10,38)1207252559(10,39)
(11,38)1719639312(12,38)
(11,38)340603699(11,39)
(12,38)1191115044(13,38)
(12,38)1123176452(12,39)
(13,38)798210239(14,38)
(13,38)942518765(13,39)
(14,38)1147913436(15,38)
(14,38)1929466919(14,39)
(15,38)94702217(16,38)
(15,38)725997073(15,39)
(16,38)1146050459(17,38)
(16,38)2012841692(16,39)
(17,38)420575972(18,38)
(17,38)2085243507(17,39)
(18,38)49476148(19,38)
(18,38)1278296856(18,39)
(19,38)306496384(20,38)
(19,38)421868713(19,39)
(20,38)1036885874(21,38)
(20,38)1500569348(20,39)
(21,38)924428529(22,38)
(21,38)969237451(21,39)
(22,38)906637326(23,38)
(22,38)545208420(22,39)
(23,38)1277067743(24,38)
(23,38)378207660(23,39)
(24,38)1301364741(25,38)
(24,38)1125691444(24,39)
(25,38)185460355(26,38)
(25,38)1661584733(25,39)
(26,38)2002188432(27,38)
(26,38)868786307(26,39)
(27,38)1991962760(28,38)
(27,38)1905099667(27,39)
(28,38)700134785(29,38)
(28,38)1045819828(28,39)
(29,38)642689351(29,39)
(0,39)1848048221(1,39)
(0,39)827803100(0,40)
(1,39)922505317(2,39)
(1,39)1368686424(1,40)
(2,39)367253235(3,39)
(2,39)1713406265(2,40)
(3,39)2133982237(4,39)
(3,39)860265177(3,40)
(4,39)909741325(5,39)
(4,39)1645550091(4,40)
(5,39)1952046475(6,39)
(5,39)408367302(5,40)
(6,39)1445253177(7,39)
(6,39)262827025(6,40)
(7,39)1187255555(8,39)
(7,39)773800278(7,40)
(8,39)1680437604(9,39)
(8,39)1990461597(8,40)
(9,39)1120045693(10,39)
(9,39)1565463215(9,40)
(10,39)719344308(11,39)
(10,39)658645400(10,40)
(11,39)844105755(12,39)
(11,39)634146778(11,40)
(12,39)488851562(13,39)
(12,39)1588130616(12,40)
(13,39)1432609728(14,39)
(13,39)601721775(13,40)
(14,39)1301856560(15,39)
(14,39)1534671391(14,40)
(15,39)214990843(16,39)
(15,39)2075299079(15,40)
(16,39)1296501855(17,39)
(16,39)1002421133(16,40)
(17,39)568343750(18,39)
(17,39)1137496160(17,40)
(18,39)1997761337(19,39)
(18,39)1663755091(18,40)
(19,39)1161821534(20,39)
(19,39)554842339(19,40)
(20,39)963209641(21,39)
(20,39)760019014(20,40)
(21,39)1022846040(22,39)
(21,39)966384362(21,40)
(22,39)1740184640(23,39)
(22,39)260979170(22,40)
(23,39)103957120(24,39)
(23,39)62617947(23,40)
(24,39)1628081162(25,39)
(24,39)1273138597(24,40)
(25,39)1931783997(26,39)
(25,39)1224002813(25,40)
(26,39)1858149591(27,39)
(26,39)199941822(26,40)
(27,39)1788072438(28,39)
(27,39)628406105(27,40)
(28,39)1230127880(29,39)
(28,39)199517505(28,40)
(29,39)1073198518(29,40)
(0,40)384500792(1,40)
(0,40)1734188896(0,41)
(1,40)1949179739(2,40)
(1,40)1001013949(1,41)
(2,40)150032157(3,40)
(2,40)1386921925(2,41)
(3,40)1955265675(4,40)
(3,40)939192252(3,41)
(4,40)789469941(5,40)
(4,40)1813787248(4,41)
(5,40)828125134(6,40)
(5,40)362624366(5,41)
(6,40)1325834007(7,40)
(6,40)1549488956(6,41)
(7,40)424851348(8,40)
(7,40)1794509496(7,41)
(8,40)1387210489(9,40)
(8,40)1586813178(8,41)
(9,40)1690770298(10,40)
(9,40)487469295(9,41)
(10,40)2115550457(11,40)
(10,40)512865438(10,41)
(11,40)297165787(12,40)
(11,40)767289463(11,41)
(12,40)477955406(13,40)
(12,40)168008631(12,41)
(13,40)1956081070(14,40)
(13,40)925571892(13,41)
(14,40)8216124(15,40)
(14,40)677472911(14,41)
(15,40)264178160(16,40)
(15,40)881795940(15,41)
(16,40)1882809890(17,40)
(16,40)392716916(16,41)
(17,40)1779638841(18,40)
(17,40)65874251(17,41)
(18,40)1005066503(19,40)
(18,40)2032842047(18,41)
(19,40)1699145647(20,40)
(19,40)1587420868(19,41)
(20,40)1950045234(21,40)
(20,40)1794536445(20,41)
(21,40)1196541753(22,40)
(21,40)379787133(21,41)
(22,40)26812982(23,40)
(22,40)1128395594(22,41)
(23,40)567725124(24,40)
(23,40)1621393101(23,41)
(24,40)2108862396(25,40)
(24,40)1414023471(24,41)
(25,40)1926888909(26,40)
(25,40)111011774(25,41)
(26,40)878301237(27,40)
(26,40)2076929205(26,41)
(27,40)97454188(28,40)
(27,40)76571048(27,41)
(28,40)1002142941(29,40)
(28,40)1356256643(28,41)
(29,40)2053535258(29,41)
(0,41)1010359065(1,41)
(0,41)2033729554(0,42)
(1,41)150424066(2,41)
(1,41)787847551(1,42)
(2,41)523173793(3,41)
(2,41)1403075982(2,42)
(3,41)1035231175(4,41)
(3,41)216298318(3,42)
(4,41)1221364821(5,41)
(4,41)408532192(4,42)
(5,41)2107677839(6,41)
(5,41)475168396(5,42)
(6,41)277729982(7,41)
(6,41)868417618(6,42)
(7,41)2064959371(8,41)
(7,41)339981324(7,42)
(8,41)366794306(9,41)
(8,41)1406125576(8,42)
(9,41)1973850700(10,41)
(9,41)1538868824(9,42)
(10,41)1500247572(11,41)
(10,41)1780817777(10,42)
(11,41)1560223038(12,41)
(11,41)2084862474(11,42)
(12,41)815680063(13,41)
(12,41)1429693129(12,42)
(13,41)1527147318(14,41)
(13,41)1636794087(13,42)
(14,41)491453380(15,41)
(14,41)24453058(14,42)
(15,41)2058182613(16,41)
(15,41)1433198928(15,42)
(16,41)73562831(17,41)
(16,41)1501812445(16,42)
(17,41)757404779(18,41)
(17,41)61123031(17,42)
(18,41)277421349(19,41)
(18,41)596736624(18,42)
(19,41)1005268816(20,41)
(19,41)1792635955(19,42)
(20,41)120320703(21,41)
(20,41)1498786171(20,42)
(21,41)219720141(22,41)
(21,41)965463007(21,42)
(22,41)1305444332(23,41)
(22,41)398050685(22,42)
(23,41)1804176262(24,41)
(23,41)137195865(23,42)
(24,41)1676064689(25,41)
(24,41)1672238638(24,42)
(25,41)1305572768(26,41)
(25,41)1630543314(25,42)
(26,41)1567922141(27,41)
(26,41)1028828614(26,42)
(27,41)311038095(28,41)
(27,41)718312158(27,42)
(28,41)207622597(29,41)
(28,41)236118556(28,42)
(29,41)1838185413(29,42)
(0,42)699075977(1,42)
(0,42)260571615(0,43)
(1,42)171270580(2,42)
(1,42)1123900694(1,43)
(2,42)1197463525(3,42)
(2,42)53404775(2,43)
(3,42)810809554(4,42)
(3,42)232393611(3,43)
(4,42)509814961(5,42)
(4,42)1794200150(4,43)
(5,42)651985318(6,42)
(5,42)455961861(5,43)
(6,42)576282564(7,42)
(6,42)2008601132(6,43)
(7,42)80837625(8,42)
(7,42)1617448326(7,43)
(8,42)775409010(9,42)
(8,42)974333250(8,43)
(9,42)631025864(10,42)
(9,42)218033490(9,43)
(10,42)1894098180(11,42)
(10,42)300164000(10,43)
(11,42)1605736768(12,42)
(11,42)114085530(11,43)
(12,42)1682007671(13,42)
(12,42)775443146(12,43)
(13,42)1086481241(14,42)
(13,42)176565279(13,43)
(14,42)384187876(15,42)
(14,42)1918126228(14,43)
(15,42)31214195(16,42)
(15,42)777183007(15,43)
(16,42)1901083701(17,42)
(16,42)1083263854(16,43)
(17,42)1136668629(18,42)
(17,42)202484775(17,43)
(18,42)434878386(19,42)
(18,42)951063578(18,43)
(19,42)597780080(20,42)
(19,42)1947478183(19,43)
(20,42)255956397(21,42)
(20,42)944693347(20,43)
(21,42)805810831(22,42)
(21,42)1249765399(21,43)
(22,42)719730077(23,42)
(22,42)832238961(22,43)
(23,42)1806572211(24,42)
(23,42)886648457(23,43)
(24,42)1104681947(25,42)
(24,42)1495139087(24,43)
(25,42)1795303087(26,42)
(25,42)290114427(25,43)
(26,42)404199958(27,42)
(26,42)851296479(26,43)
(27,42)1626739625(28,42)
(27,42)1253556208(27,43)
(28,42)1430121487(29,42)
(28,42)2086207629(28,43)
(29,42)565737219(29,43)
(0,43)1814309363(1,43)
(0,43)1856850209(0,44)
(1,43)1888064404(2,43)
(1,43)1342920226(1,44)
(2,43)1096520279(3,43)
(2,43)750089569(2,44)
(3,43)1886758198(4,43)
(3,43)2090549179(3,44)
(4,43)377943918(5,43)
(4,43)2047583857(4,44)
(5,43)497880290(6,43)
(5,43)1686752734(5,44)
(6,43)1942709131(7,43)
(6,43)1322637265(6,44)
(7,43)2128448097(8,43)
(7,43)1747645689(7,44)
(8,43)319892118(9,43)
(8,43)627464444(8,44)
(9,43)286553008(10,43)
(9,43)867612906(9,44)
(10,43)1972294853(11,43)
(10,43)1815031205(10,44)
(11,43)1462850644(12,43)
(11,43)576667435(11,44)
(12,43)980867393(13,43)
(12,43)676107685(12,44)
(13,43)155363662(14,43)
(13,43)568923204(13,44)
(14,43)1999044691(15,43)
(14,43)919591375(14,44)
(15,43)628957936(16,43)
(15,43)721100881(15,44)
(16,43)2064021107(17,43)
(16,43)1665870407(16,44)
(17,43)268476328(18,43)
(17,43)369538693(17,44)
(18,43)312604224(19,43)
(18,43)1013057738(18,44)
(19,43)913157948(20,43)
(19,43)7750879(19,44)
(20,43)1694503613(21,43)
(20,43)690548142(20,44)
(21,43)2013185408(22,43)
(21,43)1411038238(21,44)
(22,43)1011200279(23,43)
(22,43)1489729096(22,44)
(23,43)2117193540(24,43)
(23,43)1994149857(23,44)
(24,43)714279115(25,43)
(24,43)1331092397(24,44)
(25,43)998639954(26,43)
(25,43)256262900(25,44)
(26,43)832930336(27,43)
(26,43)539090320(26,44)
(27,43)1215198005(28,43)
(27,43)314006950(27,44)
(28,43)882930155(29,43)
(28,43)1813797729(28,44)
(29,43)1370561668(29,44)
(0,44)734491198(1,44)
(0,44)585905456(0,45)
(1,44)1214863393(2,44)
(1,44)2091662549(1,45)
(2,44)2008200009(3,44)
(2,44)252877957(2,45)
(3,44)521354286(4,44)
(3,44)1584402086(3,45)
(4,44)1897006310(5,44)
(4,44)873774099(4,45)
(5,44)1786932047(6,44)
(5,44)529105165(5,45)
(6,44)76125130(7,44)
(6,44)440070805(6,45)
(7,44)305772565(8,44)
(7,44)1050486637(7,45)
(8,44)2061686916(9,44)
(8,44)1565854226(8,45)
(9,44)1535564118(10,44)
(9,44)152438774(9,45)
(10,44)866717889(11,44)
(10,44)1245295665(10,45)
(11,44)96451971(12,44)
(11,44)1791827019(11,45)
(12,44)477273707(13,44)
(12,44)1405808209(12,45)
(13,44)473522567(14,44)
(13,44)410458922(13,45)
(14,44)1293389077(15,44)
(14,44)143587788(14,45)
(15,44)729493245(16,44)
(15,44)1844084235(15,45)
(16,44)1788263136(17,44)
(16,44)2027880275(16,45)
(17,44)133274585(18,44)
(17,44)1944356638(17,45)
(18,44)1381275076(19,44)
(18,44)1648979497(18,45)
(19,44)375269949(20,44)
(19,44)654628871(19,45)
(20,44)1183734036(21,44)
(20,44)1130797738(20,45)
(21,44)1570868543(22,44)
(21,44)14718348(21,45)
(22,44)1065204986(23,44)
(22,44)1259859166(22,45)
(23,44)678229744(24,44)
(23,44)1876641108(23,45)
(24,44)2029079882(25,44)
(24,44)979408254(24,45)
(25,44)77220272(26,44)
(25,44)66310214(25,45)
(26,44)1858137233(27,44)
(26,44)748314123(26,45)
(27,44)6638685(28,44)
(27,44)173672243(27,45)
(28,44)584131165(29,44)
(28,44)187927292(28,45)
(29,44)480161252(29,45)
(0,45)1877520242(1,45)
(0,45)331515081(0,46)
(1,45)1061008326(2,45)
(1,45)176761839(1,46)
(2,45)1965024975(3,45)
(2,45)1757916870(2,46)
(3,45)1891191455(4,45)
(3,45)857881316(3,46)
(4,45)91672744(5,45)
(4,45)1466520825(4,46)
(5,45)1841790774(6,45)
(5,45)398336678(5,46)
(6,45)1582070714(7,45)
(6,45)1222470482(6,46)
(7,45)645855378(8,45)
(7,45)1856509122(7,46)
(8,45)774230460(9,45)
(8,45)694446232(8,46)
(9,45)1372675976(10,45)
(9,45)375012838(9,46)
(10,45)256609073(11,45)
(10,45)1753638715(10,46)
(11,45)1830858987(12,45)
(11,45)1438986190(11,46)
(12,45)1149639776(13,45)
(12,45)1004923196(12,46)
(13,45)1011561881(14,45)
(13,45)2004531230(13,46)
(14,45)441178748(15,45)
(14,45)1337567068(14,46)
(15,45)1669082149(16,45)
(15,45)1491723133(15,46)
(16,45)1668484972(17,45)
(16,45)171215342(16,46)
(17,45)1929132212(18,45)
(17,45)582606827(17,46)
(18,45)1440488143(19,45)
(18,45)1486026300(18,46)
(19,45)805063477(20,45)
(19,45)1672840019(19,46)
(20,45)2071176697(21,45)
(20,45)1532160887(20,46)
(21,45)607147722(22,45)
(21,45)499370603(21,46)
(22,45)208396077(23,45)
(22,45)1505763763(22,46)
(23,45)52726347(24,45)
(23,45)1253003100(23,46)
(24,45)1628015938(25,45)
(24,45)982626538(24,46)
(25,45)588781605(26,45)
(25,45)1425402323(25,46)
(26,45)716904866(27,45)
(26,45)1884625011(26,46)
(27,45)742064560(28,45)
(27,45)272156944(27,46)
(28,45)129204526(29,45)
(28,45)1866544642(28,46)
(29,45)1753626441(29,46)
(0,46)570383274(1,46)
(0,46)1056628062(0,47)
(1,46)578226564(2,46)
(1,46)1097865927(1,47)
(2,46)618867251(3,46)
(2,46)741598617(2,47)
(3,46)523247181(4,46)
(3,46)1160833391(3,47)
(4,46)453837887(5,46)
(4,46)2104893551(4,47)
(5,46)762473380(6,46)
(5,46)48603553(5,47)
(6,46)2119780250(7,46)
(6,46)1985998774(6,47)
(7,46)445662848(8,46)
(7,46)1261843983(7,47)
(8,46)1470240061(9,46)
(8,46)1478060366(8,47)
(9,46)1530786713(10,46)
(9,46)1698665948(9,47)
(10,46)1179198239(11,46)
(10,46)305382951(10,47)
(11,46)894164556(12,46)
(11,46)808705389(11,47)
(12,46)1525610255(13,46)
(12,46)916339602(12,47)
(13,46)1658404162(14,46)
(13,46)1166321500(13,47)
(14,46)1295526026(15,46)
(14,46)1244671249(14,47)
(15,46)153815663(16,46)
(15,46)1264546956(15,47)
(16,46)214929235(17,46)
(16,46)1865909301(16,47)
(17,46)460024270(18,46)
(17,46)732042227(17,47)
(18,46)1892875619(19,46)
(18,46)833796486(18,47)
(19,46)791206390(20,46)
(19,46)983271451(19,47)
(20,46)1031875004(21,46)
(20,46)199229858(20,47)
(21,46)37744984(22,46)
(21,46)1553679770(21,47)
(22,46)668040106(23,46)
(22,46)1004171607(22,47)
(23,46)334748325(24,46)
(23,46)483407833(23,47)
(24,46)34590133(25,46)
(24,46)2138280167(24,47)
(25,46)296179470(26,46)
(25,46)1865535038(25,47)
(26,46)526756779(27,46)
(26,46)1213788372(26,47)
(27,46)2130127975(28,46)
(27,46)1190344026(27,47)
(28,46)209181878(29,46)
(28,46)2052367034(28,47)
(29,46)1641048489(29,47)
(0,47)1504707904(1,47)
(0,47)1149554635(0,48)
(1,47)1303370299(2,47)
(1,47)758111797(1,48)
(2,47)973041032(3,47)
(2,47)1223133557(2,48)
(3,47)1683157827(4,47)
(3,47)2035412526(3,48)
(4,47)1780804497(5,47)
(4,47)1806837519(4,48)
(5,47)450560261(6,47)
(5,47)518945631(5,48)
(6,47)1550820635(7,47)
(6,47)1980034355(6,48)
(7,47)2017779340(8,47)
(7,47)2004240031(7,48)
(8,47)524796489(9,47)
(8,47)407508594(8,48)
(9,47)742256919(10,47)
(9,47)353703525(9,48)
(10,47)388293658(11,47)
(10,47)515593008(10,48)
(11,47)811772478(12,47)
(11,47)460308310(11,48)
(12,47)987065089(13,47)
(12,47)1602082031(12,48)
(13,47)1584726358(14,47)
(13,47)2002116504(13,48)
(14,47)63814734(15,47)
(14,47)891948476(14,48)
(15,47)2041503111(16,47)
(15,47)1078291199(15,48)
(16,47)1836402997(17,47)
(16,47)1568522639(16,48)
(17,47)644172548(18,47)
(17,47)1197389762(17,48)
(18,47)1085318641(19,47)
(18,47)661960381(18,48)
(19,47)321314252(20,47)
(19,47)179846728(19,48)
(20,47)698792359(21,47)
(20,47)718639490(20,48)
(21,47)551190198(22,47)
(21,47)771874513(21,48)
(22,47)628630897(23,47)
(22,47)102129346(22,48)
(23,47)509637941(24,47)
(23,47)421485890(23,48)
(24,47)775189415(25,47)
(24,47)1153427386(24,48)
(25,47)1669020395(26,47)
(25,47)1251894860(25,48)
(26,47)1712203170(27,47)
(26,47)1163483073(26,48)
(27,47)618081456(28,47)
(27,47)333309225(27,48)
(28,47)187942082(29,47)
(28,47)551784612(28,48)
(29,47)55324166(29,48)
(0,48)251756816(1,48)
(0,48)1443733088(0,49)
(1,48)1337752551(2,48)
(1,48)1133615366(1,49)
(2,48)822534715(3,48)
(2,48)1820279455(2,49)
(3,48)316968356(4,48)
(3,48)387658666(3,49)
(4,48)1472977307(5,48)
(4,48)1484495096(4,49)
(5,48)1805809349(6,48)
(5,48)496815084(5,49)
(6,48)1195607443(7,48)
(6,48)44133149(6,49)
(7,48)595323347(8,48)
(7,48)430200214(7,49)
(8,48)1058831111(9,48)
(8,48)1297736789(8,49)
(9,48)1807374730(10,48)
(9,48)1016809237(9,49)
(10,48)1791998652(11,48)
(10,48)64774850(10,49)
(11,48)1733795245(12,48)
(11,48)911785943(11,49)
(12,48)476505465(13,48)
(12,48)807998078(12,49)
(13,48)1426079534(14,48)
(13,48)2067104470(13,49)
(14,48)107562904(15,48)
(14,48)1028290077(14,49)
(15,48)324539517(16,48)
(15,48)1481403701(15,49)
(16,48)467535419(17,48)
(16,48)359319721(16,49)
(17,48)32115528(18,48)
(17,48)1662292069(17,49)
(18,48)2049950735(19,48)
(18,48)1290070134(18,49)
(19,48)627081582(20,48)
(19,48)349083884(19,49)
(20,48)845898968(21,48)
(20,48)1375444394(20,49)
(21,48)1419577543(22,48)
(21,48)285407283(21,49)
(22,48)715607498(23,48)
(22,48)2041506411(22,49)
(23,48)1191759553(24,48)
(23,48)2014900891(23,49)
(24,48)884226480(25,48)
(24,48)1774438609(24,49)
(25,48)1839213459(26,48)
(25,48)851650635(25,49)
(26,48)1763436578(27,48)
(26,48)528741485(26,49)
(27,48)1336739563(28,48)
(27,48)1425525056(27,49)
(28,48)1345145879(29,48)
(28,48)92458396(28,49)
(29,48)615335449(29,49)
(0,49)1120748473(1,49)
(1,49)1452708783(2,49)
(2,49)2096739150(3,49)
(3,49)1445287991(4,49)
(4,49)1812028504(5,49)
(5,49)416790921(6,49)
(6,49)960096412(7,49)
(7,49)1844144033(8,49)
(8,49)1706861055(9,49)
(9,49)862563499(10,49)
(10,49)45744269(11,49)
(11,49)186458990(12,49)
(12,49)90524245(13,49)
(13,49)891643238(14,49)
(14,49)471866273(15,49)
(15,49)1510101788(16,49)
(16,49)785666001(17,49)
(17,49)1187473771(18,49)
(18,49)1377519031(19,49)
(19,49)1977425554(20,49)
(20,49)814428733(21,49)
(21,49)114261864(22,49)
(22,49)681592542(23,49)
(23,49)506158544(24,49)
(24,49)643003349(25,49)
(25,49)297545472(26,49)
(26,49)1931683601(27,49)
(27,49)1979742912(28,49)
(28,49)390003868(29,49)
