100 37
(0,0)1069916450(0,1)
(1,0)958526666(1,1)
(2,0)755727079(2,1)
(3,0)895715987(4,0)
(4,0)268909458(4,1)
(5,0)165146947(5,1)
(6,0)344708285(7,0)
(6,0)942011135(6,1)
(8,0)323589893(8,1)
(9,0)925809784(10,0)
(9,0)122091341(9,1)
(10,0)774891812(10,1)
(11,0)1107838956(12,0)
(12,0)413169017(13,0)
(13,0)687901671(13,1)
(14,0)709298461(14,1)
(15,0)665218367(15,1)
(16,0)967131255(16,1)
(17,0)1347912715(17,1)
(18,0)393630999(19,0)
(19,0)471090674(19,1)
(20,0)636237621(21,0)
(21,0)640762521(22,0)
(22,0)551074635(23,0)
(22,0)980945906(22,1)
(23,0)1304535799(24,0)
(25,0)612597227(26,0)
(25,0)82861936(25,1)
(27,0)936651047(28,0)
(28,0)260854206(29,0)
(29,0)628534407(30,0)
(29,0)813344416(29,1)
(30,0)1375983526(30,1)
(31,0)195631134(32,0)
(31,0)260265671(31,1)
(32,0)1608178386(33,0)
(33,0)260331657(34,0)
(34,0)242096495(35,0)
(36,0)878334116(36,1)
(37,0)1859280022(38,0)
(37,0)193839643(37,1)
(39,0)1016332174(39,1)
(40,0)1099194110(41,0)
(41,0)348132733(41,1)
(42,0)605261038(42,1)
(43,0)524496984(44,0)
(43,0)11073519(43,1)
(44,0)824417935(45,0)
(44,0)181939475(44,1)
(46,0)1413297063(47,0)
(46,0)155497071(46,1)
(47,0)1110321241(48,0)
(48,0)873991801(48,1)
(49,0)728317538(50,0)
(50,0)1205401500(51,0)
(51,0)281394660(51,1)
(52,0)475234304(53,0)
(53,0)449987049(54,0)
(53,0)209303294(53,1)
(54,0)284363183(54,1)
(55,0)185522555(55,1)
(56,0)533655289(57,0)
(56,0)177345930(56,1)
(57,0)782606969(58,0)
(58,0)1063852278(59,0)
(58,0)454740558(58,1)
(59,0)636680033(60,0)
(60,0)312651697(61,0)
(61,0)47119387(61,1)
(62,0)1725948760(62,1)
(63,0)452456913(64,0)
(63,0)1006604879(63,1)
(64,0)229774129(65,0)
(65,0)796922636(66,0)
(67,0)1294429556(67,1)
(68,0)1503732851(69,0)
(69,0)74282951(70,0)
(69,0)289835988(69,1)
(70,0)475358543(71,0)
(71,0)759230602(72,0)
(72,0)957934351(73,0)
(72,0)1009013832(72,1)
(73,0)1463754390(74,0)
(74,0)701457876(75,0)
(76,0)70163(77,0)
(76,0)1014109574(76,1)
(77,0)592574686(78,0)
(78,0)517978064(79,0)
(79,0)831009871(80,0)
(80,0)78322403(81,0)
(80,0)747752193(80,1)
(81,0)35444175(82,0)
(82,0)774878416(83,0)
(84,0)165129102(85,0)
(84,0)131127619(84,1)
(85,0)713012291(86,0)
(86,0)1309849826(87,0)
(86,0)640487646(86,1)
(88,0)866596816(89,0)
(88,0)120300529(88,1)
(89,0)965772221(89,1)
(90,0)918722997(91,0)
(91,0)434680618(92,0)
(92,0)1268549891(93,0)
(92,0)918793160(92,1)
(93,0)572053199(94,0)
(93,0)1027255305(93,1)
(95,0)386796501(96,0)
(96,0)883511931(97,0)
(96,0)3125660(96,1)
(97,0)422240676(97,1)
(98,0)297533791(99,0)
(99,0)726544811(99,1)
(0,1)462662893(1,1)
(1,1)355046610(2,1)
(2,1)1293605225(3,1)
(2,1)1103150539(2,2)
(3,1)605168370(4,1)
(4,1)546402671(5,1)
(6,1)342179940(7,1)
(7,1)401654334(8,1)
(7,1)1018202324(7,2)
(8,1)139268567(9,1)
(11,1)165109376(12,1)
(11,1)1088605723(11,2)
(13,1)752972084(14,1)
(13,1)587350052(13,2)
(14,1)884883843(15,1)
(15,1)1125058672(16,1)
(15,1)1479516896(15,2)
(17,1)303213628(18,1)
(18,1)609393871(18,2)
(19,1)908381998(19,2)
(20,1)331838941(21,1)
(21,1)1284325243(21,2)
(22,1)155043919(23,1)
(22,1)674018881(22,2)
(24,1)294312487(24,2)
(25,1)72625362(26,1)
(26,1)561656709(27,1)
(27,1)237734738(27,2)
(28,1)386290715(28,2)
(29,1)524924090(29,2)
(31,1)910031723(32,1)
(31,1)846890093(31,2)
(32,1)179511727(33,1)
(34,1)1339422865(34,2)
(35,1)898253025(36,1)
(36,1)305982643(36,2)
(37,1)980001525(38,1)
(37,1)424056901(37,2)
(38,1)351515111(39,1)
(39,1)767509859(39,2)
(40,1)240560845(41,1)
(41,1)122996409(42,1)
(42,1)802217554(42,2)
(44,1)419872505(45,1)
(44,1)379598726(44,2)
(45,1)910339689(45,2)
(46,1)276829843(46,2)
(47,1)852115435(47,2)
(49,1)1128680727(50,1)
(50,1)1037155165(51,1)
(51,1)198003484(52,1)
(52,1)303507006(53,1)
(54,1)655022117(54,2)
(55,1)215421430(56,1)
(55,1)173431428(55,2)
(56,1)38592065(56,2)
(57,1)840809619(58,1)
(57,1)338417839(57,2)
(58,1)233366254(59,1)
(60,1)792173930(61,1)
(60,1)653238759(60,2)
(61,1)930068602(62,1)
(62,1)218522436(63,1)
(62,1)401920064(62,2)
(63,1)191177926(64,1)
(63,1)379644430(63,2)
(64,1)136399575(64,2)
(65,1)28420416(66,1)
(66,1)648515279(66,2)
(67,1)480467874(68,1)
(67,1)226423901(67,2)
(69,1)10354233(70,1)
(71,1)225775663(71,2)
(72,1)564193503(73,1)
(72,1)1073387520(72,2)
(73,1)118112082(74,1)
(74,1)797559757(74,2)
(75,1)1450798517(76,1)
(76,1)608386338(76,2)
(77,1)1010306403(78,1)
(77,1)233383471(77,2)
(78,1)613027901(79,1)
(80,1)373859335(81,1)
(80,1)224388015(80,2)
(81,1)872903294(82,1)
(83,1)928500209(84,1)
(84,1)615632986(85,1)
(84,1)923037611(84,2)
(86,1)1164630106(87,1)
(86,1)51326232(86,2)
(87,1)1124713752(88,1)
(87,1)1219066291(87,2)
(89,1)378899718(90,1)
(89,1)1242825834(89,2)
(90,1)785261204(91,1)
(90,1)969656867(90,2)
(93,1)440865961(93,2)
(94,1)528625960(94,2)
(95,1)753013975(96,1)
(95,1)232716415(95,2)
(98,1)831804789(99,1)
(98,1)1190993564(98,2)
(99,1)222910631(99,2)
(0,2)1447437775(1,2)
(1,2)1161765074(1,3)
(2,2)178911532(3,2)
(3,2)475994111(4,2)
(3,2)1163627913(3,3)
(4,2)169588724(5,2)
(5,2)139151211(6,2)
(6,2)356597502(7,2)
(7,2)569805150(8,2)
(8,2)50701078(8,3)
(9,2)1010671111(9,3)
(10,2)505537753(11,2)
(10,2)265589818(10,3)
(11,2)1018603794(12,2)
(12,2)777270741(13,2)
(12,2)374263731(12,3)
(13,2)497037415(13,3)
(14,2)1328842205(15,2)
(16,2)1053349859(17,2)
(16,2)628796332(16,3)
(18,2)895517721(19,2)
(19,2)992512884(20,2)
(19,2)456070803(19,3)
(20,2)27407101(21,2)
(20,2)1065106446(20,3)
(21,2)56868390(22,2)
(22,2)384004603(22,3)
(23,2)434705681(24,2)
(23,2)626673540(23,3)
(25,2)955583571(26,2)
(26,2)559244668(27,2)
(27,2)369662487(28,2)
(28,2)323741132(29,2)
(29,2)1157296067(30,2)
(29,2)38336641(29,3)
(31,2)133896022(32,2)
(32,2)676514060(33,2)
(33,2)68049028(34,2)
(33,2)113972714(33,3)
(34,2)570043517(35,2)
(35,2)489654580(36,2)
(36,2)44742359(37,2)
(37,2)981455221(38,2)
(37,2)546522970(37,3)
(40,2)663057513(40,3)
(41,2)658456269(42,2)
(41,2)495865929(41,3)
(42,2)322569646(43,2)
(43,2)471312475(44,2)
(44,2)646310779(44,3)
(45,2)151410468(46,2)
(46,2)425749147(47,2)
(47,2)285306490(47,3)
(48,2)399279204(49,2)
(49,2)526811341(50,2)
(50,2)960775401(51,2)
(50,2)969322722(50,3)
(52,2)1005517760(52,3)
(53,2)400744914(53,3)
(54,2)588701753(54,3)
(56,2)392458214(56,3)
(58,2)790850645(59,2)
(58,2)214524301(58,3)
(59,2)860835080(60,2)
(61,2)706199219(62,2)
(63,2)538363680(63,3)
(64,2)438577169(65,2)
(65,2)518670317(66,2)
(66,2)403498619(67,2)
(67,2)257386682(68,2)
(68,2)338704924(69,2)
(69,2)407705616(70,2)
(69,2)113193049(69,3)
(70,2)8127092(70,3)
(71,2)400585306(72,2)
(72,2)1422196771(73,2)
(74,2)65563768(74,3)
(75,2)476595809(75,3)
(77,2)481585382(77,3)
(78,2)1(79,2)
(78,2)1(78,3)
(79,2)188257344(80,2)
(79,2)1(79,3)
(81,2)710395153(82,2)
(81,2)706927662(81,3)
(82,2)644887672(83,2)
(82,2)109779111(82,3)
(85,2)336488590(85,3)
(86,2)590256658(86,3)
(88,2)1270666596(88,3)
(90,2)83849626(91,2)
(91,2)652654915(92,2)
(91,2)1111616527(91,3)
(93,2)64117085(94,2)
(94,2)283445498(95,2)
(94,2)465667323(94,3)
(95,2)252374429(95,3)
(96,2)959302091(97,2)
(97,2)99505100(98,2)
(97,2)487105059(97,3)
(99,2)28288074(99,3)
(0,3)388378131(1,3)
(0,3)440298711(0,4)
(1,3)364776665(1,4)
(2,3)213246490(3,3)
(2,3)978634790(2,4)
(3,3)970127877(4,3)
(3,3)676839747(3,4)
(5,3)672659803(6,3)
(5,3)577381693(5,4)
(6,3)661231319(7,3)
(8,3)1229994592(9,3)
(8,3)86438655(8,4)
(9,3)150555740(10,3)
(11,3)402930170(11,4)
(14,3)818938377(14,4)
(15,3)1259237088(16,3)
(16,3)331165903(17,3)
(17,3)486409402(18,3)
(17,3)543771840(17,4)
(18,3)544412394(18,4)
(21,3)18685224(22,3)
(22,3)190294319(23,3)
(22,3)547666644(22,4)
(23,3)634105300(24,3)
(25,3)968467180(26,3)
(25,3)784661040(25,4)
(27,3)293355354(27,4)
(28,3)105348588(29,3)
(28,3)402339824(28,4)
(30,3)924776859(31,3)
(31,3)880003330(32,3)
(31,3)333031641(31,4)
(32,3)876803482(33,3)
(34,3)675466364(35,3)
(35,3)1020044689(36,3)
(36,3)87214978(37,3)
(36,3)561901689(36,4)
(38,3)658642009(39,3)
(38,3)277509298(38,4)
(40,3)380851026(41,3)
(41,3)1025669074(42,3)
(41,3)518781742(41,4)
(42,3)812137096(43,3)
(44,3)856859504(45,3)
(44,3)917485685(44,4)
(45,3)142230754(46,3)
(45,3)1044576613(45,4)
(47,3)890095478(48,3)
(48,3)241163169(49,3)
(48,3)106928089(48,4)
(49,3)56859510(50,3)
(50,3)76680329(51,3)
(50,3)916629533(50,4)
(52,3)163895308(52,4)
(53,3)441404606(54,3)
(53,3)440615907(53,4)
(54,3)36805893(55,3)
(55,3)470771155(56,3)
(56,3)510500910(57,3)
(56,3)417656919(56,4)
(59,3)92640043(60,3)
(60,3)104287968(60,4)
(61,3)234870798(61,4)
(62,3)1257104882(63,3)
(63,3)43543229(64,3)
(63,3)628536162(63,4)
(65,3)267413936(66,3)
(65,3)100402740(65,4)
(66,3)1177306940(67,3)
(68,3)39077418(69,3)
(68,3)1145457405(68,4)
(70,3)75883311(70,4)
(71,3)493540230(72,3)
(71,3)95537387(71,4)
(72,3)208219823(72,4)
(73,3)332155737(73,4)
(74,3)839406080(74,4)
(75,3)943694048(76,3)
(76,3)700560191(76,4)
(77,3)1(78,3)
(77,3)1(77,4)
(79,3)1(80,3)
(79,3)680718561(79,4)
(80,3)1(81,3)
(80,3)334690395(80,4)
(81,3)1(81,4)
(82,3)184649756(83,3)
(84,3)553468758(85,3)
(84,3)223727174(84,4)
(85,3)299610485(86,3)
(86,3)251187671(86,4)
(87,3)459407494(88,3)
(88,3)1125306452(89,3)
(88,3)121199585(88,4)
(89,3)960605665(90,3)
(90,3)1119376110(90,4)
(92,3)438950797(93,3)
(93,3)309627984(93,4)
(95,3)316445138(95,4)
(96,3)902633383(97,3)
(98,3)219687676(99,3)
(99,3)391330790(99,4)
(1,4)972499020(1,5)
(3,4)256287865(3,5)
(4,4)1381594318(5,4)
(5,4)583526241(6,4)
(6,4)645329175(7,4)
(6,4)353486780(6,5)
(7,4)25939433(8,4)
(7,4)340342306(7,5)
(8,4)779293103(9,4)
(9,4)335567417(9,5)
(10,4)1325913963(11,4)
(10,4)381431146(10,5)
(11,4)318259583(12,4)
(12,4)891759449(13,4)
(12,4)949898161(12,5)
(13,4)384826953(14,4)
(15,4)776157743(15,5)
(16,4)683322358(16,5)
(17,4)605706405(17,5)
(18,4)861994270(19,4)
(19,4)873298329(20,4)
(20,4)222984042(21,4)
(20,4)96104940(20,5)
(21,4)449591720(22,4)
(22,4)868313217(22,5)
(23,4)543323316(24,4)
(23,4)475531153(23,5)
(24,4)811098571(25,4)
(24,4)428976332(24,5)
(25,4)810407478(26,4)
(25,4)216004244(25,5)
(26,4)205130310(27,4)
(28,4)819145308(29,4)
(29,4)928448701(30,4)
(30,4)729311232(30,5)
(32,4)529240712(33,4)
(33,4)804478964(34,4)
(33,4)972816405(33,5)
(35,4)1487339923(36,4)
(36,4)987118215(37,4)
(36,4)92251214(36,5)
(37,4)960564432(38,4)
(38,4)264979149(39,4)
(38,4)636801444(38,5)
(39,4)1065777776(40,4)
(40,4)1076077720(40,5)
(42,4)857368667(43,4)
(43,4)874428415(44,4)
(45,4)258341560(46,4)
(46,4)1134732102(46,5)
(47,4)688833313(48,4)
(48,4)496307907(49,4)
(48,4)108168488(48,5)
(50,4)1023605923(51,4)
(50,4)365575080(50,5)
(51,4)457826294(52,4)
(51,4)839259747(51,5)
(52,4)628707743(53,4)
(53,4)500041934(54,4)
(54,4)774794827(55,4)
(56,4)347203172(56,5)
(57,4)124741827(58,4)
(57,4)887887571(57,5)
(58,4)745437577(59,4)
(58,4)4406336(58,5)
(59,4)999170243(59,5)
(60,4)654563711(61,4)
(61,4)914490038(62,4)
(62,4)233491487(62,5)
(63,4)341659976(64,4)
(64,4)949151980(65,4)
(65,4)177152713(66,4)
(66,4)532839546(67,4)
(67,4)634979008(67,5)
(69,4)188556680(69,5)
(70,4)680680913(70,5)
(72,4)1(73,4)
(72,4)1(72,5)
(73,4)1(74,4)
(74,4)1(75,4)
(75,4)1(75,5)
(76,4)1(77,4)
(76,4)1(76,5)
(77,4)892367707(78,4)
(80,4)315112657(80,5)
(81,4)1(82,4)
(82,4)1(83,4)
(83,4)1(84,4)
(84,4)17458339(85,4)
(84,4)1(84,5)
(86,4)112292703(87,4)
(87,4)525765142(88,4)
(88,4)789607715(89,4)
(88,4)730211774(88,5)
(90,4)793920223(90,5)
(91,4)1089199358(91,5)
(92,4)999320332(93,4)
(93,4)197680501(93,5)
(94,4)365281009(94,5)
(95,4)680393666(96,4)
(96,4)541100889(97,4)
(96,4)211832019(96,5)
(97,4)820780579(97,5)
(98,4)649682238(99,4)
(98,4)711115254(98,5)
(0,5)667140578(1,5)
(1,5)381567275(1,6)
(2,5)493859978(3,5)
(2,5)291491660(2,6)
(3,5)817256802(4,5)
(5,5)101358692(5,6)
(6,5)616623161(6,6)
(7,5)111872236(7,6)
(8,5)1111192568(9,5)
(9,5)119616457(9,6)
(11,5)9383596(12,5)
(11,5)285876648(11,6)
(12,5)826977538(13,5)
(13,5)1287952061(14,5)
(13,5)830164175(13,6)
(15,5)177624849(16,5)
(15,5)1287258131(15,6)
(17,5)290995004(18,5)
(18,5)754317142(19,5)
(18,5)15201737(18,6)
(20,5)577020080(20,6)
(21,5)261946368(21,6)
(22,5)373818604(23,5)
(22,5)1034328140(22,6)
(23,5)1115579198(23,6)
(25,5)814001102(26,5)
(25,5)93251129(25,6)
(26,5)379127777(27,5)
(26,5)639036649(26,6)
(27,5)254709662(28,5)
(29,5)596714459(30,5)
(30,5)682436207(31,5)
(31,5)774339308(31,6)
(32,5)348077579(33,5)
(32,5)203777965(32,6)
(33,5)218979702(34,5)
(34,5)237178147(35,5)
(34,5)1102394721(34,6)
(37,5)333633138(38,5)
(37,5)725574395(37,6)
(39,5)1147073152(39,6)
(40,5)928865601(40,6)
(41,5)98063144(41,6)
(42,5)921447842(43,5)
(43,5)678073726(44,5)
(44,5)1217789988(45,5)
(44,5)427513068(44,6)
(47,5)251356044(47,6)
(48,5)249721425(48,6)
(49,5)175500215(49,6)
(51,5)1064249179(52,5)
(51,5)884047299(51,6)
(53,5)1153003836(54,5)
(54,5)397471821(55,5)
(55,5)84673593(56,5)
(55,5)437065877(55,6)
(56,5)535129021(57,5)
(60,5)915142776(61,5)
(60,5)398010449(60,6)
(61,5)150752997(62,5)
(62,5)816786622(62,6)
(63,5)107273510(63,6)
(64,5)282773725(65,5)
(64,5)781669422(64,6)
(65,5)399129955(66,5)
(65,5)271140545(65,6)
(68,5)713777803(69,5)
(68,5)617325892(68,6)
(70,5)418098870(71,5)
(71,5)601562079(72,5)
(72,5)1(72,6)
(73,5)262321107(74,5)
(74,5)690603783(74,6)
(75,5)1(76,5)
(76,5)119340312(76,6)
(77,5)936126934(78,5)
(78,5)402861774(78,6)
(79,5)1184531197(80,5)
(80,5)126291879(81,5)
(82,5)899556638(83,5)
(82,5)1281479724(82,6)
(83,5)226487106(83,6)
(84,5)1(85,5)
(85,5)1(86,5)
(86,5)1(86,6)
(87,5)1178662498(87,6)
(88,5)742505442(89,5)
(91,5)66043290(92,5)
(91,5)524381020(91,6)
(92,5)841570097(92,6)
(93,5)1244431871(94,5)
(93,5)1002170224(93,6)
(94,5)857321558(95,5)
(94,5)962905341(94,6)
(95,5)444836158(96,5)
(95,5)281479420(95,6)
(97,5)117609514(98,5)
(98,5)617213562(98,6)
(99,5)2016415131(99,6)
(0,6)129817666(1,6)
(0,6)83064356(0,7)
(1,6)660164774(2,6)
(2,6)923134315(3,6)
(2,6)755436635(2,7)
(3,6)186799847(4,6)
(4,6)433849067(5,6)
(6,6)380552045(6,7)
(7,6)446595335(8,6)
(8,6)414665976(8,7)
(10,6)158603470(11,6)
(10,6)207615072(10,7)
(11,6)652451230(12,6)
(13,6)348261691(13,7)
(14,6)270559258(15,6)
(14,6)127964107(14,7)
(15,6)211028463(16,6)
(16,6)522145241(17,6)
(16,6)400376924(16,7)
(18,6)562536862(19,6)
(20,6)996385929(20,7)
(21,6)217640984(21,7)
(22,6)796193453(22,7)
(24,6)1124815221(25,6)
(25,6)722473630(25,7)
(26,6)515567250(27,6)
(27,6)278151951(28,6)
(28,6)299123837(29,6)
(28,6)26317795(28,7)
(29,6)154281903(30,6)
(30,6)519252631(31,6)
(31,6)970060019(32,6)
(31,6)365310366(31,7)
(32,6)1041397872(32,7)
(33,6)339193781(34,6)
(35,6)647942748(36,6)
(36,6)396617262(36,7)
(37,6)1192810716(38,6)
(39,6)607293598(40,6)
(39,6)256186498(39,7)
(40,6)978660128(41,6)
(40,6)678261957(40,7)
(42,6)1494227378(42,7)
(43,6)92348951(43,7)
(44,6)155690497(44,7)
(45,6)725373592(46,6)
(46,6)2096308(46,7)
(47,6)1043494180(48,6)
(49,6)780714219(50,6)
(50,6)687974971(51,6)
(50,6)847343229(50,7)
(52,6)210902965(52,7)
(53,6)289287560(53,7)
(54,6)545474058(55,6)
(55,6)187210670(55,7)
(56,6)92915184(57,6)
(57,6)870877916(58,6)
(57,6)1351959737(57,7)
(59,6)105172341(60,6)
(59,6)243939442(59,7)
(60,6)927152365(60,7)
(61,6)830545933(61,7)
(62,6)378495896(63,6)
(63,6)793094067(64,6)
(65,6)752179019(66,6)
(66,6)854981605(67,6)
(68,6)137943423(69,6)
(68,6)13552000(68,7)
(70,6)683417481(70,7)
(71,6)1(72,6)
(71,6)1(71,7)
(73,6)930945935(73,7)
(74,6)1174885378(75,6)
(74,6)912116645(74,7)
(76,6)704584502(77,6)
(76,6)946168249(76,7)
(77,6)610104916(78,6)
(77,6)621034036(77,7)
(78,6)446293242(79,6)
(79,6)987916188(80,6)
(80,6)829523621(81,6)
(83,6)1362020355(83,7)
(84,6)901278883(85,6)
(85,6)262628326(86,6)
(85,6)423626358(85,7)
(86,6)686958225(87,6)
(86,6)1(86,7)
(87,6)447132463(88,6)
(87,6)322696345(87,7)
(88,6)154766182(88,7)
(89,6)1066882827(90,6)
(89,6)215998690(89,7)
(90,6)90037259(91,6)
(90,6)281044010(90,7)
(91,6)758668189(91,7)
(92,6)794621761(92,7)
(95,6)718134699(95,7)
(96,6)310746258(97,6)
(97,6)587947481(97,7)
(99,6)1010151291(99,7)
(0,7)703763071(1,7)
(1,7)1433777649(1,8)
(3,7)1778643616(4,7)
(4,7)1170191477(5,7)
(4,7)128018409(4,8)
(7,7)530964099(8,7)
(8,7)731817678(8,8)
(9,7)462036190(10,7)
(9,7)220797628(9,8)
(10,7)864299822(10,8)
(11,7)49568403(12,7)
(12,7)1088902625(12,8)
(13,7)400996690(14,7)
(13,7)637515884(13,8)
(14,7)440000073(15,7)
(16,7)697441983(17,7)
(17,7)327790649(18,7)
(17,7)168008205(17,8)
(18,7)84557402(19,7)
(18,7)670694210(18,8)
(19,7)798712619(20,7)
(21,7)558500718(22,7)
(23,7)475122871(24,7)
(24,7)838003987(24,8)
(25,7)937159061(25,8)
(26,7)476608938(26,8)
(27,7)1565511563(28,7)
(28,7)241904450(29,7)
(29,7)556210631(30,7)
(30,7)681904523(30,8)
(33,7)450825132(34,7)
(33,7)5974668(33,8)
(35,7)490196824(36,7)
(36,7)1095667958(37,7)
(37,7)1048697542(37,8)
(38,7)747883942(38,8)
(40,7)926621687(41,7)
(41,7)1140708092(41,8)
(42,7)745096657(43,7)
(42,7)896467990(42,8)
(43,7)209747793(44,7)
(44,7)1014602617(45,7)
(45,7)765958424(45,8)
(46,7)97291556(46,8)
(47,7)1347089650(47,8)
(48,7)1047214953(48,8)
(49,7)282662898(50,7)
(49,7)328247610(49,8)
(51,7)772859722(51,8)
(52,7)525969671(52,8)
(53,7)603363919(53,8)
(54,7)592826544(55,7)
(55,7)965693487(56,7)
(55,7)712257896(55,8)
(57,7)268432573(58,7)
(57,7)595759936(57,8)
(58,7)450578997(58,8)
(59,7)478180366(59,8)
(60,7)658456917(60,8)
(61,7)755748474(62,7)
(62,7)158608089(63,7)
(63,7)633170952(63,8)
(64,7)961418563(65,7)
(65,7)1(66,7)
(65,7)1(65,8)
(66,7)1(66,8)
(67,7)917689948(68,7)
(68,7)227082800(69,7)
(68,7)622307094(68,8)
(69,7)287059423(70,7)
(69,7)44059914(69,8)
(70,7)1(71,7)
(70,7)1(70,8)
(71,7)191873928(72,7)
(72,7)461800150(72,8)
(73,7)912379147(74,7)
(73,7)460306501(73,8)
(74,7)938486868(75,7)
(75,7)3340416(76,7)
(75,7)202475604(75,8)
(76,7)35142011(76,8)
(77,7)1028121564(78,7)
(77,7)759088890(77,8)
(79,7)684274541(80,7)
(80,7)1096206178(81,7)
(80,7)206194758(80,8)
(81,7)597915034(82,7)
(82,7)990171786(83,7)
(83,7)519263102(84,7)
(85,7)806322526(85,8)
(86,7)1(86,8)
(87,7)81554211(87,8)
(88,7)541860712(89,7)
(91,7)1108328551(91,8)
(92,7)759148004(92,8)
(93,7)396127507(93,8)
(94,7)1112193637(94,8)
(95,7)616024679(95,8)
(96,7)265682459(96,8)
(97,7)162638467(98,7)
(98,7)825165723(98,8)
(99,7)681901570(99,8)
(0,8)696606012(1,8)
(2,8)1399815885(3,8)
(2,8)865105071(2,9)
(4,8)408031868(5,8)
(5,8)890598987(5,9)
(6,8)488269300(7,8)
(7,8)1256385392(8,8)
(7,8)1078269911(7,9)
(8,8)798203705(9,8)
(8,8)1247417304(8,9)
(10,8)821989181(11,8)
(11,8)1081302089(12,8)
(13,8)850121871(13,9)
(14,8)307868134(14,9)
(15,8)202804796(16,8)
(16,8)683668999(16,9)
(18,8)525284363(18,9)
(19,8)896694702(19,9)
(20,8)261624766(20,9)
(21,8)2520567(22,8)
(22,8)438448860(23,8)
(22,8)128079341(22,9)
(24,8)763935211(25,8)
(25,8)999566260(26,8)
(25,8)407180440(25,9)
(26,8)54888914(27,8)
(27,8)526112386(28,8)
(28,8)783506572(29,8)
(30,8)770569559(30,9)
(31,8)48264256(31,9)
(32,8)35685998(33,8)
(32,8)686619003(32,9)
(33,8)1211903367(34,8)
(33,8)855528981(33,9)
(35,8)150903661(36,8)
(35,8)602140955(35,9)
(37,8)153424228(37,9)
(38,8)400768764(38,9)
(39,8)748126064(39,9)
(40,8)28781751(40,9)
(41,8)489503941(41,9)
(42,8)422888643(43,8)
(43,8)747786745(44,8)
(45,8)593246205(45,9)
(46,8)641510461(47,8)
(46,8)1183424254(46,9)
(48,8)677196459(48,9)
(49,8)566475355(50,8)
(49,8)934462976(49,9)
(51,8)988538780(52,8)
(51,8)717379016(51,9)
(52,8)870803245(53,8)
(53,8)361168198(53,9)
(54,8)135649785(54,9)
(55,8)164431536(56,8)
(56,8)117117120(56,9)
(58,8)154539218(58,9)
(60,8)520861841(61,8)
(61,8)430686898(62,8)
(62,8)326651598(63,8)
(63,8)153246508(63,9)
(64,8)318416618(64,9)
(65,8)1(65,9)
(66,8)1(66,9)
(67,8)903460453(67,9)
(70,8)1(70,9)
(71,8)343556386(72,8)
(72,8)701759765(72,9)
(73,8)856298983(74,8)
(75,8)69749768(75,9)
(77,8)1134235059(78,8)
(77,8)1081416544(77,9)
(79,8)826320173(79,9)
(80,8)1(81,8)
(80,8)1(80,9)
(81,8)1(82,8)
(82,8)1(83,8)
(83,8)1(83,9)
(84,8)60467522(85,8)
(86,8)1(86,9)
(87,8)263272680(87,9)
(88,8)1225322922(88,9)
(89,8)481306275(90,8)
(89,8)441151812(89,9)
(90,8)510901580(91,8)
(92,8)65968816(93,8)
(93,8)343756687(93,9)
(94,8)1170076861(95,8)
(95,8)968150086(95,9)
(96,8)640821657(97,8)
(96,8)107473856(96,9)
(97,8)20810337(98,8)
(98,8)459744379(99,8)
(0,9)520211901(1,9)
(0,9)910230707(0,10)
(1,9)829947001(2,9)
(2,9)675238817(3,9)
(4,9)879877639(5,9)
(5,9)234384366(6,9)
(6,9)117536511(6,10)
(9,9)774194637(10,9)
(10,9)840891688(11,9)
(10,9)585537324(10,10)
(12,9)235682733(13,9)
(12,9)948365544(12,10)
(14,9)353074578(15,9)
(15,9)215383473(16,9)
(15,9)602581782(15,10)
(17,9)276591445(18,9)
(18,9)358730933(18,10)
(19,9)111809024(20,9)
(20,9)841542494(21,9)
(21,9)988480657(22,9)
(21,9)346193391(21,10)
(22,9)781753681(22,10)
(23,9)345548130(24,9)
(23,9)315538797(23,10)
(25,9)1119742767(25,10)
(26,9)714603843(27,9)
(26,9)827245313(26,10)
(28,9)950286576(28,10)
(29,9)255439342(30,9)
(29,9)597303091(29,10)
(31,9)468838500(32,9)
(31,9)470822815(31,10)
(32,9)883376989(32,10)
(33,9)745429945(33,10)
(34,9)10179185(35,9)
(35,9)230680294(36,9)
(36,9)851721680(36,10)
(37,9)1219160951(37,10)
(38,9)1265240368(38,10)
(39,9)115275853(40,9)
(40,9)951282611(41,9)
(41,9)200815039(42,9)
(42,9)1047479553(43,9)
(43,9)468689383(44,9)
(44,9)426245341(45,9)
(44,9)289956995(44,10)
(46,9)1194951540(47,9)
(47,9)1(48,9)
(47,9)1(47,10)
(48,9)1(48,10)
(50,9)810564778(51,9)
(50,9)1109956646(50,10)
(51,9)154037623(51,10)
(52,9)363191468(52,10)
(54,9)760414675(54,10)
(55,9)133984401(56,9)
(56,9)83008846(56,10)
(57,9)334799441(57,10)
(58,9)163741690(59,9)
(58,9)194552258(58,10)
(59,9)1(60,9)
(59,9)1(59,10)
(60,9)1(60,10)
(61,9)1(62,9)
(61,9)1(61,10)
(62,9)1(63,9)
(63,9)405318833(64,9)
(63,9)1(63,10)
(65,9)1(65,10)
(66,9)1(67,9)
(66,9)697869764(66,10)
(67,9)1061061232(68,9)
(67,9)1(67,10)
(69,9)1(70,9)
(69,9)1(69,10)
(70,9)138233461(71,9)
(70,9)1180207194(70,10)
(71,9)602827789(71,10)
(72,9)937627230(73,9)
(73,9)864627692(73,10)
(74,9)934728728(75,9)
(76,9)334385945(77,9)
(78,9)43163057(79,9)
(78,9)1058751728(78,10)
(79,9)735411323(80,9)
(80,9)1(81,9)
(81,9)1(82,9)
(82,9)1(82,10)
(83,9)1(84,9)
(84,9)1(85,9)
(85,9)1(86,9)
(85,9)817153374(85,10)
(86,9)222158273(86,10)
(87,9)172291733(87,10)
(88,9)1036919426(89,9)
(88,9)210124745(88,10)
(90,9)1099174188(91,9)
(91,9)855365969(91,10)
(92,9)467871872(93,9)
(93,9)344828213(94,9)
(93,9)976295487(93,10)
(94,9)804786814(95,9)
(94,9)511034929(94,10)
(95,9)441502973(96,9)
(95,9)1080239536(95,10)
(96,9)454783453(97,9)
(97,9)1069840780(97,10)
(98,9)611756172(99,9)
(98,9)430138290(98,10)
(0,10)695680983(1,10)
(0,10)306490437(0,11)
(1,10)619815290(1,11)
(2,10)917839256(2,11)
(3,10)425303695(4,10)
(4,10)424777290(5,10)
(4,10)102437550(4,11)
(6,10)248941796(6,11)
(7,10)121813537(7,11)
(8,10)589685409(9,10)
(9,10)142705444(10,10)
(9,10)630876630(9,11)
(11,10)1222944981(11,11)
(12,10)1677728434(13,10)
(12,10)250134099(12,11)
(13,10)464580444(13,11)
(14,10)1076336616(15,10)
(15,10)266873514(16,10)
(16,10)126963235(17,10)
(17,10)542373208(18,10)
(18,10)19276040(18,11)
(19,10)121713590(20,10)
(19,10)967676903(19,11)
(20,10)380303462(21,10)
(22,10)892104208(22,11)
(23,10)689981440(24,10)
(24,10)99660103(24,11)
(25,10)1200380442(26,10)
(25,10)832686884(25,11)
(27,10)595120105(27,11)
(28,10)1059700549(29,10)
(30,10)726905888(31,10)
(32,10)853869123(32,11)
(33,10)873145163(34,10)
(33,10)155460677(33,11)
(34,10)165870397(34,11)
(35,10)994858753(35,11)
(36,10)383019910(37,10)
(37,10)248061603(38,10)
(38,10)351043181(39,10)
(39,10)938043043(39,11)
(40,10)180517551(40,11)
(41,10)1445655365(42,10)
(41,10)1193035150(41,11)
(43,10)1117271149(44,10)
(43,10)813443631(43,11)
(44,10)700372157(44,11)
(45,10)516047229(45,11)
(46,10)1(47,10)
(46,10)1(46,11)
(47,10)302013144(47,11)
(48,10)1(49,10)
(49,10)1(49,11)
(51,10)936568796(52,10)
(51,10)1104085305(51,11)
(52,10)109047099(53,10)
(54,10)460090280(54,11)
(55,10)640607831(56,10)
(56,10)501233932(57,10)
(58,10)141905540(58,11)
(59,10)1(59,11)
(60,10)1(61,10)
(60,10)637941106(60,11)
(62,10)944845773(62,11)
(63,10)1(64,10)
(63,10)569574210(63,11)
(64,10)1(65,10)
(64,10)143206689(64,11)
(67,10)1(67,11)
(68,10)983420701(68,11)
(69,10)1(69,11)
(72,10)496268123(72,11)
(73,10)400990076(73,11)
(74,10)648091795(75,10)
(74,10)627637893(74,11)
(76,10)864171085(77,10)
(77,10)208602869(78,10)
(77,10)368660272(77,11)
(78,10)938234483(79,10)
(78,10)549903953(78,11)
(79,10)693110643(80,10)
(79,10)483234706(79,11)
(80,10)253523003(81,10)
(81,10)269445086(81,11)
(82,10)1(83,10)
(83,10)1(83,11)
(84,10)332398315(84,11)
(89,10)393856793(89,11)
(90,10)30395828(90,11)
(91,10)965127762(91,11)
(92,10)590995591(92,11)
(94,10)124538870(94,11)
(96,10)239513503(96,11)
(98,10)738319950(98,11)
(99,10)1331243767(99,11)
(1,11)591104760(1,12)
(2,11)427064613(2,12)
(3,11)182747744(4,11)
(4,11)1006995435(4,12)
(5,11)706544198(6,11)
(5,11)576604537(5,12)
(6,11)303429043(7,11)
(6,11)1469853829(6,12)
(7,11)764006754(8,11)
(8,11)857976347(9,11)
(9,11)266762548(9,12)
(10,11)252753048(11,11)
(10,11)982515217(10,12)
(11,11)659533585(12,11)
(12,11)492266551(12,12)
(14,11)268658646(14,12)
(15,11)1043436779(15,12)
(16,11)613724419(16,12)
(17,11)120249628(17,12)
(18,11)29919949(19,11)
(19,11)281654243(20,11)
(21,11)791748132(22,11)
(21,11)988198441(21,12)
(22,11)512386753(23,11)
(23,11)850511344(24,11)
(25,11)205394670(26,11)
(25,11)738351875(25,12)
(26,11)312718946(27,11)
(27,11)420053385(28,11)
(27,11)864928256(27,12)
(28,11)555217928(29,11)
(29,11)111716288(30,11)
(30,11)1292741(30,12)
(31,11)615017161(32,11)
(32,11)662741067(32,12)
(34,11)731859323(35,11)
(35,11)923157081(36,11)
(35,11)219054118(35,12)
(36,11)384516989(36,12)
(37,11)340603699(38,11)
(38,11)1123176452(39,11)
(39,11)942518765(40,11)
(39,11)1191115044(39,12)
(40,11)798210239(40,12)
(41,11)725997073(42,11)
(42,11)94702217(42,12)
(44,11)420575972(44,12)
(45,11)1(46,11)
(45,11)1(45,12)
(46,11)306496384(46,12)
(48,11)545208420(49,11)
(49,11)378207660(50,11)
(49,11)1(49,12)
(50,11)1125691444(51,11)
(52,11)868786307(53,11)
(52,11)185460355(52,12)
(54,11)1045819828(55,11)
(55,11)642689351(56,11)
(55,11)700134785(55,12)
(57,11)922505317(58,11)
(59,11)1(59,12)
(61,11)408367302(61,12)
(62,11)262827025(62,12)
(65,11)1120045693(66,11)
(66,11)719344308(67,11)
(66,11)658645400(66,12)
(67,11)1(68,11)
(67,11)634146778(67,12)
(68,11)1(69,11)
(69,11)601721775(69,12)
(70,11)1301856560(71,11)
(71,11)214990843(72,11)
(72,11)1002421133(72,12)
(73,11)568343750(74,11)
(73,11)1137496160(73,12)
(75,11)1161821534(76,11)
(75,11)554842339(75,12)
(76,11)963209641(77,11)
(76,11)760019014(76,12)
(78,11)260979170(78,12)
(79,11)103957120(80,11)
(79,11)62617947(79,12)
(81,11)1224002813(81,12)
(82,11)199941822(82,12)
(83,11)1(83,12)
(84,11)199517505(84,12)
(85,11)1073198518(85,12)
(86,11)1001013949(87,11)
(86,11)384500792(86,12)
(88,11)939192252(89,11)
(88,11)150032157(88,12)
(90,11)362624366(91,11)
(90,11)789469941(90,12)
(91,11)828125134(91,12)
(92,11)1325834007(92,12)
(93,11)424851348(93,12)
(94,11)487469295(95,11)
(95,11)512865438(96,11)
(96,11)767289463(97,11)
(97,11)168008631(98,11)
(97,11)297165787(97,12)
(98,11)925571892(99,11)
(98,11)477955406(98,12)
(0,12)8216124(1,12)
(0,12)677472911(0,13)
(1,12)264178160(2,12)
(2,12)392716916(2,13)
(3,12)65874251(3,13)
(4,12)1005066503(5,12)
(7,12)1196541753(8,12)
(7,12)379787133(7,13)
(8,12)26812982(9,12)
(9,12)567725124(10,12)
(11,12)111011774(11,13)
(12,12)878301237(13,12)
(13,12)97454188(14,12)
(13,12)76571048(13,13)
(14,12)1002142941(15,12)
(16,12)787847551(17,12)
(17,12)150424066(17,13)
(18,12)216298318(19,12)
(18,12)523173793(18,13)
(19,12)408532192(20,12)
(20,12)475168396(21,12)
(21,12)868417618(22,12)
(22,12)339981324(23,12)
(22,12)277729982(22,13)
(24,12)366794306(24,13)
(26,12)1500247572(26,13)
(28,12)815680063(28,13)
(29,12)24453058(30,12)
(30,12)1433198928(31,12)
(30,12)491453380(30,13)
(32,12)61123031(33,12)
(32,12)73562831(32,13)
(34,12)277421349(34,13)
(35,12)1005268816(35,13)
(36,12)965463007(37,12)
(36,12)120320703(36,13)
(37,12)398050685(38,12)
(37,12)219720141(37,13)
(38,12)137195865(39,12)
(41,12)1028828614(42,12)
(42,12)718312158(43,12)
(43,12)1(44,12)
(43,12)1(43,13)
(44,12)1(44,13)
(45,12)1(45,13)
(46,12)171270580(47,12)
(46,12)1123900694(46,13)
(47,12)53404775(47,13)
(48,12)810809554(49,12)
(48,12)232393611(48,13)
(49,12)1(50,12)
(50,12)1(51,12)
(50,12)455961861(50,13)
(51,12)1(52,12)
(52,12)1(53,12)
(53,12)1(54,12)
(54,12)1(55,12)
(54,12)218033490(54,13)
(55,12)1(55,13)
(56,12)114085530(56,13)
(57,12)775443146(57,13)
(58,12)176565279(58,13)
(59,12)1(60,12)
(60,12)31214195(61,12)
(60,12)1(60,13)
(62,12)202484775(62,13)
(63,12)434878386(64,12)
(64,12)597780080(65,12)
(65,12)255956397(66,12)
(67,12)719730077(68,12)
(67,12)832238961(67,13)
(69,12)1104681947(70,12)
(70,12)290114427(70,13)
(71,12)404199958(72,12)
(71,12)851296479(71,13)
(72,12)1253556208(72,13)
(74,12)565737219(74,13)
(76,12)750089569(77,12)
(77,12)1096520279(77,13)
(79,12)377943918(79,13)
(80,12)497880290(80,13)
(82,12)627464444(83,12)
(83,12)1(83,13)
(84,12)286553008(84,13)
(85,12)576667435(86,12)
(86,12)676107685(87,12)
(87,12)568923204(88,12)
(87,12)980867393(87,13)
(88,12)919591375(89,12)
(88,12)155363662(88,13)
(89,12)721100881(90,12)
(90,12)628957936(90,13)
(91,12)369538693(92,12)
(92,12)268476328(92,13)
(93,12)7750879(94,12)
(93,12)312604224(93,13)
(94,12)690548142(95,12)
(94,12)913157948(94,13)
(95,12)1411038238(96,12)
(97,12)1011200279(97,13)
(99,12)714279115(99,13)
(0,13)256262900(0,14)
(1,13)539090320(1,14)
(2,13)314006950(2,14)
(3,13)882930155(4,13)
(4,13)585905456(5,13)
(5,13)734491198(5,14)
(6,13)252877957(7,13)
(6,13)1214863393(6,14)
(8,13)873774099(9,13)
(8,13)521354286(8,14)
(9,13)529105165(10,13)
(10,13)440070805(11,13)
(11,13)76125130(11,14)
(12,13)305772565(12,14)
(13,13)152438774(14,13)
(15,13)866717889(15,14)
(16,13)96451971(16,14)
(17,13)410458922(18,13)
(17,13)477273707(17,14)
(18,13)143587788(19,13)
(18,13)473522567(18,14)
(20,13)729493245(20,14)
(21,13)1788263136(21,14)
(22,13)133274585(22,14)
(23,13)654628871(24,13)
(24,13)1130797738(25,13)
(24,13)375269949(24,14)
(25,13)14718348(26,13)
(27,13)1065204986(27,14)
(28,13)979408254(29,13)
(28,13)678229744(28,14)
(29,13)66310214(30,13)
(30,13)748314123(31,13)
(30,13)77220272(30,14)
(31,13)173672243(32,13)
(32,13)187927292(33,13)
(32,13)6638685(32,14)
(33,13)480161252(34,13)
(33,13)584131165(33,14)
(34,13)331515081(34,14)
(35,13)176761839(35,14)
(37,13)857881316(37,14)
(38,13)91672744(39,13)
(39,13)398336678(39,14)
(40,13)1222470482(40,14)
(41,13)645855378(42,13)
(42,13)694446232(42,14)
(43,13)1(43,14)
(44,13)1(45,13)
(46,13)1004923196(46,14)
(48,13)441178748(49,13)
(50,13)171215342(50,14)
(51,13)582606827(51,14)
(52,13)1440488143(53,13)
(53,13)805063477(54,13)
(55,13)1(56,13)
(55,13)499370603(55,14)
(56,13)1(57,13)
(57,13)1(58,13)
(58,13)1(58,14)
(59,13)588781605(60,13)
(60,13)1(61,13)
(61,13)742064560(62,13)
(61,13)1(61,14)
(62,13)129204526(63,13)
(64,13)570383274(64,14)
(65,13)741598617(66,13)
(65,13)578226564(65,14)
(66,13)618867251(66,14)
(67,13)523247181(67,14)
(68,13)48603553(69,13)
(68,13)453837887(68,14)
(71,13)445662848(71,14)
(73,13)305382951(74,13)
(74,13)808705389(75,13)
(75,13)916339602(76,13)
(75,13)894164556(75,14)
(77,13)1244671249(78,13)
(79,13)153815663(79,14)
(80,13)214929235(80,14)
(81,13)833796486(82,13)
(81,13)460024270(81,14)
(82,13)983271451(83,13)
(83,13)199229858(84,13)
(83,13)1(83,14)
(85,13)37744984(85,14)
(86,13)483407833(87,13)
(87,13)334748325(87,14)
(88,13)34590133(88,14)
(89,13)296179470(89,14)
(90,13)1190344026(91,13)
(90,13)526756779(90,14)
(92,13)209181878(92,14)
(94,13)1303370299(95,13)
(94,13)758111797(94,14)
(95,13)973041032(96,13)
(95,13)1223133557(95,14)
(98,13)450560261(99,13)
(98,13)518945631(98,14)
(1,14)407508594(2,14)
(2,14)353703525(3,14)
(2,14)524796489(2,15)
(3,14)515593008(4,14)
(4,14)460308310(5,14)
(4,14)388293658(4,15)
(6,14)987065089(6,15)
(7,14)891948476(8,14)
(8,14)1078291199(9,14)
(8,14)63814734(8,15)
(10,14)1197389762(11,14)
(11,14)661960381(12,14)
(11,14)644172548(11,15)
(12,14)179846728(13,14)
(13,14)321314252(13,15)
(14,14)771874513(15,14)
(14,14)698792359(14,15)
(15,14)102129346(16,14)
(15,14)551190198(15,15)
(16,14)421485890(17,14)
(17,14)509637941(17,15)
(18,14)775189415(18,15)
(19,14)1163483073(20,14)
(20,14)333309225(21,14)
(21,14)551784612(22,14)
(21,14)618081456(21,15)
(22,14)55324166(23,14)
(22,14)187942082(22,15)
(23,14)251756816(24,14)
(25,14)822534715(26,14)
(26,14)316968356(27,14)
(26,14)387658666(26,15)
(28,14)496815084(28,15)
(29,14)44133149(29,15)
(30,14)595323347(31,14)
(30,14)430200214(30,15)
(32,14)1016809237(32,15)
(33,14)64774850(33,15)
(35,14)476505465(36,14)
(35,14)807998078(35,15)
(37,14)107562904(38,14)
(38,14)324539517(39,14)
(39,14)467535419(40,14)
(39,14)359319721(39,15)
(40,14)32115528(41,14)
(42,14)627081582(43,14)
(42,14)349083884(42,15)
(43,14)1(44,14)
(44,14)1(44,15)
(45,14)715607498(46,14)
(47,14)884226480(48,14)
(48,14)851650635(48,15)
(49,14)528741485(49,15)
(51,14)92458396(51,15)
(52,14)1120748473(53,14)
(52,14)615335449(52,15)
(54,14)1445287991(54,15)
(55,14)960096412(56,14)
(55,14)416790921(55,15)
(57,14)45744269(58,14)
(57,14)862563499(57,15)
(58,14)1(59,14)
(58,14)186458990(58,15)
(59,14)1(60,14)
(59,14)891643238(59,15)
(60,14)1(61,14)
(61,14)1187473771(61,15)
(62,14)814428733(63,14)
(63,14)681592542(64,14)
(63,14)114261864(63,15)
(64,14)506158544(64,15)
(65,14)297545472(65,15)
(66,14)390003868(67,14)
(67,14)447594713(68,14)
(68,14)434570967(69,14)
(69,14)808556685(70,14)
(69,14)396850216(69,15)
(70,14)813641137(71,14)
(70,14)99115824(70,15)
(72,14)483732948(73,14)
(72,14)373018545(72,15)
(73,14)559477535(74,14)
(74,14)733163716(75,14)
(74,14)574257193(74,15)
(76,14)71333932(77,14)
(77,14)1314394365(77,15)
(78,14)885762665(78,15)
(80,14)180425991(81,14)
(81,14)1176121162(81,15)
(82,14)157983346(83,14)
(82,14)570429859(82,15)
(83,14)1(83,15)
(84,14)600880123(85,14)
(84,14)592554314(84,15)
(85,14)691670138(86,14)
(86,14)363424687(87,14)
(87,14)487446347(87,15)
(88,14)328966825(89,14)
(88,14)847157635(88,15)
(89,14)199533693(89,15)
(90,14)1062130542(90,15)
(91,14)433476612(92,14)
(92,14)525200879(93,14)
(93,14)40490450(94,14)
(96,14)461049174(97,14)
(97,14)268500957(98,14)
(98,14)619032521(98,15)
(99,14)202199511(99,15)
(0,15)291894615(1,15)
(1,15)944454749(1,16)
(3,15)243219672(3,16)
(4,15)572186497(5,15)
(4,15)7553424(4,16)
(6,15)629399580(7,15)
(7,15)639774767(7,16)
(8,15)1164975646(9,15)
(10,15)1220203347(11,15)
(10,15)971349106(10,16)
(11,15)701898496(12,15)
(12,15)918274445(12,16)
(13,15)188883080(13,16)
(14,15)189627524(14,16)
(16,15)185946015(17,15)
(16,15)171792186(16,16)
(17,15)1156987684(17,16)
(19,15)1077196448(19,16)
(20,15)475718527(21,15)
(21,15)782863481(21,16)
(22,15)1105118108(22,16)
(23,15)889245474(24,15)
(24,15)440130246(24,16)
(25,15)713863290(25,16)
(26,15)7331539(26,16)
(27,15)925605984(28,15)
(28,15)154777280(29,15)
(30,15)34674852(30,16)
(31,15)206467038(32,15)
(31,15)984846005(31,16)
(33,15)886160471(34,15)
(35,15)240055700(35,16)
(36,15)1022919181(37,15)
(37,15)447740889(38,15)
(37,15)531211199(37,16)
(38,15)298073782(38,16)
(39,15)738204028(40,15)
(40,15)697876640(40,16)
(41,15)705208180(42,15)
(41,15)2199733(41,16)
(43,15)1268262894(44,15)
(44,15)1(44,16)
(45,15)157546066(46,15)
(45,15)851894540(45,16)
(46,15)802100908(46,16)
(47,15)194435927(48,15)
(47,15)364013104(47,16)
(48,15)301204557(49,15)
(49,15)1078164335(50,15)
(49,15)1080596399(49,16)
(51,15)658215240(52,15)
(51,15)150148290(51,16)
(52,15)681359489(53,15)
(52,15)196087632(52,16)
(53,15)494161414(54,15)
(54,15)295458844(55,15)
(54,15)444624289(54,16)
(56,15)198824849(56,16)
(60,15)779267882(60,16)
(61,15)1581368790(62,15)
(64,15)810403(64,16)
(65,15)349301932(65,16)
(66,15)499450222(67,15)
(67,15)78173552(68,15)
(68,15)933090583(69,15)
(69,15)572334966(69,16)
(71,15)620451283(71,16)
(72,15)320676745(73,15)
(72,15)891781937(72,16)
(74,15)399353471(75,15)
(75,15)283500606(76,15)
(76,15)608080464(77,15)
(76,15)297627232(76,16)
(78,15)307686310(78,16)
(79,15)308496713(80,15)
(79,15)1303779136(79,16)
(80,15)54624286(80,16)
(82,15)5047643(82,16)
(83,15)1(83,16)
(84,15)587218724(85,15)
(84,15)237640966(84,16)
(85,15)663807708(85,16)
(86,15)244435485(86,16)
(87,15)746081022(87,16)
(90,15)208178896(91,15)
(90,15)350925097(90,16)
(91,15)648552329(92,15)
(92,15)816259360(92,16)
(93,15)533710220(93,16)
(94,15)455761633(94,16)
(95,15)510385919(96,15)
(95,15)1432442384(95,16)
(96,15)909858312(97,15)
(97,15)447096124(97,16)
(98,15)461979882(99,15)
(98,15)214408694(98,16)
(99,15)386508127(99,16)
(0,16)1049198606(1,16)
(0,16)452049660(0,17)
(1,16)1050315835(1,17)
(2,16)187091179(3,16)
(3,16)282367866(4,16)
(3,16)516837428(3,17)
(4,16)468409054(5,16)
(5,16)753711730(6,16)
(6,16)819334151(6,17)
(8,16)1108951965(9,16)
(8,16)242497297(8,17)
(11,16)651401704(11,17)
(12,16)887205538(12,17)
(13,16)87856310(14,16)
(13,16)374711994(13,17)
(15,16)80234723(16,16)
(15,16)474364437(15,17)
(17,16)1032040925(18,16)
(18,16)367828557(19,16)
(20,16)532467832(21,16)
(20,16)836237611(20,17)
(23,16)201203067(24,16)
(23,16)975974595(23,17)
(24,16)830087648(25,16)
(25,16)487621870(26,16)
(26,16)71564091(27,16)
(26,16)374206409(26,17)
(27,16)415237739(27,17)
(28,16)789949733(29,16)
(29,16)1261009169(30,16)
(31,16)1341243892(31,17)
(32,16)1192235021(33,16)
(32,16)1200829321(32,17)
(33,16)765117125(34,16)
(33,16)249605721(33,17)
(35,16)248817542(36,16)
(38,16)732880252(39,16)
(39,16)968322876(40,16)
(39,16)108907534(39,17)
(42,16)1748117660(42,17)
(43,16)1051102609(43,17)
(44,16)252887220(45,16)
(44,16)1(44,17)
(45,16)346983640(45,17)
(47,16)1129865589(48,16)
(48,16)732978906(48,17)
(49,16)145558837(50,16)
(50,16)1023991562(50,17)
(51,16)394376380(51,17)
(52,16)151282037(53,16)
(55,16)299646541(56,16)
(55,16)524192102(55,17)
(56,16)518672182(56,17)
(57,16)119306194(58,16)
(57,16)89337202(57,17)
(58,16)1140439812(59,16)
(59,16)70000610(60,16)
(61,16)62807143(61,17)
(62,16)1240491838(62,17)
(63,16)304745241(63,17)
(64,16)52244307(65,16)
(64,16)880639169(64,17)
(66,16)365922314(67,16)
(67,16)730137343(67,17)
(68,16)517204351(68,17)
(70,16)452950683(70,17)
(71,16)971622865(72,16)
(73,16)1048180056(74,16)
(73,16)1090929059(73,17)
(74,16)296209724(75,16)
(74,16)783306548(74,17)
(75,16)29149932(76,16)
(76,16)1180987809(77,16)
(77,16)1088965868(78,16)
(78,16)454166280(78,17)
(79,16)914952965(79,17)
(80,16)886498900(81,16)
(81,16)1091952533(81,17)
(83,16)1(83,17)
(86,16)577038092(87,16)
(87,16)1(88,16)
(87,16)1(87,17)
(88,16)1(88,17)
(89,16)1003211376(90,16)
(90,16)923719522(91,16)
(91,16)1032361308(91,17)
(92,16)236390892(93,16)
(93,16)411389964(94,16)
(93,16)739623234(93,17)
(96,16)690664298(97,16)
(96,16)393591452(96,17)
(97,16)788379203(97,17)
(98,16)365270527(98,17)
(1,17)144179495(1,18)
(2,17)721217587(3,17)
(2,17)1016541091(2,18)
(4,17)1310115972(5,17)
(4,17)941122415(4,18)
(6,17)503158270(7,17)
(7,17)762956674(8,17)
(7,17)829211451(7,18)
(8,17)1065602343(9,17)
(8,17)460381954(8,18)
(9,17)871771918(10,17)
(10,17)810768060(10,18)
(11,17)116952909(12,17)
(11,17)470483683(11,18)
(12,17)1403263912(12,18)
(13,17)905332112(13,18)
(14,17)460051862(15,17)
(15,17)22463867(15,18)
(16,17)166643362(17,17)
(17,17)932635965(18,17)
(17,17)123774199(17,18)
(18,17)887860949(18,18)
(19,17)706535857(19,18)
(20,17)285974605(21,17)
(21,17)55364544(22,17)
(22,17)307561310(23,17)
(22,17)789132875(22,18)
(23,17)818321218(23,18)
(24,17)173417478(25,17)
(25,17)36448065(26,17)
(27,17)438870203(28,17)
(27,17)153400975(27,18)
(28,17)1058733087(29,17)
(29,17)984369626(30,17)
(33,17)270147666(34,17)
(33,17)220032142(33,18)
(34,17)926567999(35,17)
(35,17)861285660(36,17)
(37,17)916650204(37,18)
(38,17)1734971422(39,17)
(39,17)1110722206(40,17)
(39,17)1103706661(39,18)
(40,17)1077509760(41,17)
(41,17)943995192(42,17)
(43,17)979747660(44,17)
(44,17)1(44,18)
(45,17)1730605636(46,17)
(47,17)1018001812(47,18)
(48,17)1238033954(49,17)
(50,17)17118305(50,18)
(51,17)305489605(51,18)
(52,17)973250891(52,18)
(53,17)710809443(54,17)
(54,17)40075754(55,17)
(54,17)809627584(54,18)
(56,17)821218273(57,17)
(57,17)491898410(58,17)
(58,17)749909776(59,17)
(59,17)186126557(60,17)
(61,17)1117642894(62,17)
(62,17)787250358(63,17)
(63,17)644910180(64,17)
(63,17)291617847(63,18)
(64,17)1883224113(65,17)
(65,17)89114125(65,18)
(66,17)394603730(67,17)
(67,17)104761357(68,17)
(68,17)60948972(69,17)
(69,17)278887475(70,17)
(70,17)489618802(71,17)
(70,17)101024726(70,18)
(72,17)216464693(73,17)
(74,17)966374470(74,18)
(75,17)144845480(76,17)
(76,17)175467134(76,18)
(77,17)1146910147(78,17)
(80,17)1289846687(80,18)
(81,17)421357154(82,17)
(81,17)1800488042(81,18)
(82,17)128054534(82,18)
(83,17)1(83,18)
(84,17)838533246(84,18)
(85,17)939557973(86,17)
(86,17)725622214(87,17)
(87,17)1(87,18)
(88,17)1(88,18)
(89,17)132320841(89,18)
(90,17)608380642(90,18)
(91,17)783847777(92,17)
(92,17)696624748(92,18)
(93,17)576909508(94,17)
(94,17)574934159(94,18)
(95,17)334994932(95,18)
(96,17)1308545408(96,18)
(97,17)138654352(97,18)
(98,17)664772864(99,17)
(98,17)765583601(98,18)
(0,18)1604116847(0,19)
(1,18)396191172(2,18)
(1,18)910116270(1,19)
(3,18)537464538(4,18)
(3,18)406875738(3,19)
(4,18)430341743(4,19)
(5,18)191319473(6,18)
(6,18)125892077(7,18)
(7,18)97142683(7,19)
(8,18)1265454268(9,18)
(8,18)822516825(8,19)
(9,18)1156088003(9,19)
(10,18)583698958(11,18)
(14,18)213629194(15,18)
(14,18)340520546(14,19)
(15,18)67791381(15,19)
(16,18)72607722(16,19)
(17,18)193344918(17,19)
(18,18)600220656(19,18)
(18,18)466162487(18,19)
(19,18)896504231(20,18)
(19,18)152875256(19,19)
(20,18)822660635(21,18)
(20,18)580805964(20,19)
(23,18)395101993(23,19)
(24,18)302937007(24,19)
(25,18)1023012224(25,19)
(26,18)609949842(27,18)
(28,18)184886787(28,19)
(29,18)525407333(30,18)
(29,18)913526686(29,19)
(30,18)981318067(31,18)
(31,18)322561078(31,19)
(32,18)515905996(33,18)
(33,18)277904558(34,18)
(33,18)1004031376(33,19)
(34,18)1156906632(35,18)
(34,18)1116126653(34,19)
(36,18)114748845(37,18)
(37,18)780636332(38,18)
(37,18)719220883(37,19)
(38,18)1114322876(39,18)
(39,18)404222223(39,19)
(40,18)518029224(40,19)
(41,18)505434530(42,18)
(42,18)1004537789(43,18)
(43,18)1(44,18)
(43,18)1(43,19)
(45,18)1275450818(46,18)
(45,18)599994761(45,19)
(46,18)922555839(47,18)
(47,18)516587828(47,19)
(48,18)1438461836(48,19)
(49,18)407104841(50,18)
(49,18)74608290(49,19)
(50,18)530042188(50,19)
(51,18)362125807(52,18)
(52,18)675774693(53,18)
(53,18)515997510(54,18)
(55,18)160643145(56,18)
(56,18)826735162(56,19)
(57,18)666077675(57,19)
(58,18)903678231(59,18)
(58,18)426714268(58,19)
(59,18)386152150(60,18)
(59,18)791023231(59,19)
(60,18)1391017992(61,18)
(62,18)30707148(63,18)
(62,18)166090183(62,19)
(64,18)1551326352(64,19)
(66,18)1012612588(66,19)
(67,18)228894865(68,18)
(67,18)296010700(67,19)
(69,18)139115636(70,18)
(69,18)744892375(69,19)
(70,18)716058477(71,18)
(70,18)838273555(70,19)
(71,18)299758781(71,19)
(72,18)965836457(73,18)
(72,18)138234956(72,19)
(73,18)564949224(74,18)
(73,18)233960872(73,19)
(74,18)1024984103(75,18)
(75,18)951101374(75,19)
(76,18)465220695(77,18)
(76,18)268518447(76,19)
(77,18)434608630(78,18)
(78,18)1358107215(79,18)
(78,18)495927843(78,19)
(80,18)1121702723(80,19)
(82,18)129666140(83,18)
(83,18)73078952(84,18)
(83,18)1(83,19)
(85,18)1(86,18)
(85,18)1(85,19)
(86,18)1(87,18)
(88,18)1(89,18)
(89,18)1(89,19)
(90,18)1183479288(91,18)
(90,18)1035698931(90,19)
(91,18)829173732(91,19)
(92,18)350810082(93,18)
(95,18)683136373(96,18)
(97,18)962930462(98,18)
(97,18)669968036(97,19)
(98,18)885694565(99,18)
(99,18)1036009415(99,19)
(0,19)1428675288(0,20)
(1,19)1248204004(1,20)
(2,19)1375507203(2,20)
(4,19)1090463554(4,20)
(5,19)142800773(6,19)
(6,19)311309446(7,19)
(6,19)363588244(6,20)
(9,19)1259147983(9,20)
(10,19)742167346(11,19)
(10,19)884218237(10,20)
(11,19)1567354610(12,19)
(13,19)943967386(14,19)
(13,19)89838998(13,20)
(15,19)726066449(16,19)
(16,19)674363386(16,20)
(17,19)266486976(17,20)
(18,19)693370884(18,20)
(20,19)73152993(21,19)
(22,19)751126069(23,19)
(22,19)384462439(22,20)
(23,19)196988221(24,19)
(23,19)942944639(23,20)
(24,19)54608975(25,19)
(25,19)6658181(25,20)
(26,19)796776321(26,20)
(27,19)777813245(28,19)
(27,19)230516207(27,20)
(28,19)320355206(29,19)
(29,19)595272530(30,19)
(32,19)487487295(32,20)
(34,19)670478284(35,19)
(35,19)83038189(36,19)
(36,19)596360532(37,19)
(36,19)743631277(36,20)
(38,19)301121845(39,19)
(39,19)1273913610(40,19)
(40,19)355730820(40,20)
(41,19)1152507142(42,19)
(42,19)167591415(43,19)
(43,19)1(44,19)
(44,19)1(44,20)
(45,19)790653237(45,20)
(46,19)911407509(46,20)
(48,19)1331759348(49,19)
(49,19)432269335(49,20)
(51,19)598385261(52,19)
(51,19)659376480(51,20)
(52,19)17553686(53,19)
(54,19)904077267(55,19)
(54,19)318675532(54,20)
(55,19)674406352(56,19)
(55,19)172271752(55,20)
(56,19)109346959(57,19)
(56,19)88333738(56,20)
(58,19)276938374(58,20)
(59,19)764884995(60,19)
(61,19)401236738(61,20)
(63,19)1129702622(63,20)
(64,19)1192116338(64,20)
(65,19)1046870322(66,19)
(66,19)576941235(67,19)
(66,19)663966613(66,20)
(67,19)362321802(68,19)
(68,19)594494922(68,20)
(71,19)69178271(72,19)
(74,19)383708778(75,19)
(74,19)729273239(74,20)
(75,19)584122025(75,20)
(76,19)355575798(76,20)
(77,19)291951386(78,19)
(78,19)409183989(79,19)
(78,19)845715753(78,20)
(80,19)1698226253(81,19)
(81,19)487638912(82,19)
(81,19)937218766(81,20)
(82,19)434990702(83,19)
(82,19)127683840(82,20)
(83,19)1(84,19)
(84,19)1(85,19)
(84,19)1659241616(84,20)
(86,19)1075442375(87,19)
(87,19)1233374658(88,19)
(88,19)1(89,19)
(88,19)1(88,20)
(89,19)924238619(90,19)
(91,19)472912167(91,20)
(92,19)474608829(92,20)
(93,19)1320324583(94,19)
(94,19)161577524(94,20)
(95,19)1210673026(95,20)
(96,19)408144(97,19)
(96,19)979432187(96,20)
(97,19)472888735(97,20)
(98,19)435398846(98,20)
(0,20)1433490108(1,20)
(2,20)245119085(3,20)
(2,20)977082463(2,21)
(3,20)62973473(4,20)
(4,20)440084465(4,21)
(5,20)1115585161(5,21)
(6,20)604835226(7,20)
(6,20)913800404(6,21)
(7,20)269877102(8,20)
(9,20)252284991(10,20)
(10,20)1346594768(11,20)
(12,20)178543307(12,21)
(13,20)1285659334(14,20)
(13,20)61861221(13,21)
(15,20)967470476(15,21)
(16,20)137147187(17,20)
(16,20)670717131(16,21)
(18,20)287221228(19,20)
(18,20)382266272(18,21)
(19,20)822350738(20,20)
(20,20)678874580(21,20)
(20,20)53037085(20,21)
(21,20)39190174(21,21)
(23,20)215670215(24,20)
(25,20)467955206(25,21)
(26,20)353730898(26,21)
(27,20)532274205(28,20)
(27,20)511265713(27,21)
(28,20)573126934(29,20)
(29,20)998077098(30,20)
(30,20)637920368(31,20)
(31,20)481071088(32,20)
(31,20)696515273(31,21)
(33,20)1157333827(34,20)
(34,20)121933992(34,21)
(35,20)174971077(36,20)
(36,20)223551035(36,21)
(37,20)1141808567(37,21)
(38,20)231039511(39,20)
(39,20)918903435(40,20)
(40,20)43402615(41,20)
(42,20)204978728(43,20)
(43,20)124180744(43,21)
(44,20)1(44,21)
(45,20)588459619(46,20)
(46,20)620736651(47,20)
(46,20)432551004(46,21)
(48,20)455449415(48,21)
(49,20)577383407(50,20)
(49,20)217468738(49,21)
(50,20)49669656(51,20)
(51,20)819145232(52,20)
(53,20)178922426(53,21)
(55,20)440297054(55,21)
(56,20)134010069(57,20)
(58,20)338988797(58,21)
(59,20)698232568(59,21)
(60,20)622453946(61,20)
(60,20)874096125(60,21)
(62,20)627601137(63,20)
(63,20)366782040(63,21)
(64,20)584250778(65,20)
(65,20)126629429(66,20)
(65,20)128539771(65,21)
(67,20)554981182(68,20)
(67,20)945774661(67,21)
(68,20)627573660(68,21)
(69,20)605292575(70,20)
(69,20)76374801(69,21)
(70,20)516671855(71,20)
(71,20)676839372(72,20)
(72,20)776471877(73,20)
(72,20)650681924(72,21)
(73,20)989670721(74,20)
(73,20)301444012(73,21)
(75,20)582549843(76,20)
(77,20)717837477(78,20)
(78,20)108495364(79,20)
(78,20)144953099(78,21)
(79,20)268993841(79,21)
(80,20)397533613(81,20)
(80,20)692746142(80,21)
(82,20)748392421(83,20)
(85,20)604672782(86,20)
(85,20)363810456(85,21)
(86,20)184997589(87,20)
(86,20)327210767(86,21)
(88,20)1(88,21)
(89,20)669923184(90,20)
(90,20)435149100(90,21)
(92,20)994186351(93,20)
(93,20)627633456(93,21)
(94,20)896627298(95,20)
(94,20)1102681715(94,21)
(95,20)1265138337(95,21)
(96,20)1294160911(96,21)
(97,20)425105132(98,20)
(97,20)974610786(97,21)
(98,20)708774898(99,20)
(99,20)183623013(99,21)
(0,21)519313810(1,21)
(1,21)547433469(1,22)
(2,21)732431058(3,21)
(2,21)846524578(2,22)
(4,21)715928188(5,21)
(5,21)216340060(6,21)
(6,21)1151077288(6,22)
(7,21)1060873267(8,21)
(8,21)315515790(9,21)
(8,21)720571589(8,22)
(9,21)162237947(10,21)
(10,21)437650374(11,21)
(12,21)347648734(13,21)
(13,21)9432769(14,21)
(14,21)602043751(15,21)
(14,21)16313606(14,22)
(15,21)193055782(15,22)
(16,21)740489251(17,21)
(18,21)689983521(19,21)
(21,21)409505349(22,21)
(21,21)1235677247(21,22)
(22,21)557006686(23,21)
(22,21)418203830(22,22)
(24,21)872522477(24,22)
(25,21)143236334(26,21)
(26,21)580906002(27,21)
(28,21)1102646903(29,21)
(28,21)928554737(28,22)
(29,21)944868343(30,21)
(29,21)1042812473(29,22)
(31,21)678564568(32,21)
(31,21)355452681(31,22)
(33,21)498963060(33,22)
(34,21)454964055(34,22)
(35,21)173647707(35,22)
(36,21)1138124321(36,22)
(37,21)1556328151(38,21)
(37,21)122897466(37,22)
(39,21)547619922(39,22)
(40,21)457194128(40,22)
(41,21)834606804(41,22)
(42,21)282055643(42,22)
(43,21)792142251(43,22)
(44,21)1(44,22)
(45,21)1(46,21)
(45,21)1(45,22)
(46,21)363447756(47,21)
(46,21)1(46,22)
(47,21)752213189(48,21)
(48,21)128428289(48,22)
(49,21)583392344(50,21)
(50,21)80171417(51,21)
(51,21)720818591(52,21)
(51,21)296784461(51,22)
(52,21)419681927(53,21)
(53,21)129663095(53,22)
(54,21)677283017(55,21)
(55,21)322668490(56,21)
(56,21)378432658(56,22)
(57,21)81431037(57,22)
(58,21)873573288(59,21)
(58,21)583339194(58,22)
(60,21)561044364(60,22)
(61,21)1484383695(62,21)
(62,21)95057864(62,22)
(63,21)223486153(64,21)
(63,21)89113236(63,22)
(65,21)395371819(66,21)
(65,21)806878498(65,22)
(66,21)75808363(66,22)
(67,21)1116190411(67,22)
(69,21)726165450(69,22)
(70,21)578396635(71,21)
(71,21)154085533(72,21)
(73,21)814573834(73,22)
(74,21)538188867(75,21)
(74,21)519008415(74,22)
(76,21)269798975(76,22)
(77,21)364856839(78,21)
(77,21)416952826(77,22)
(78,21)353731049(78,22)
(79,21)588342993(79,22)
(80,21)501703009(80,22)
(81,21)577511372(82,21)
(82,21)530487181(83,21)
(82,21)351400802(82,22)
(84,21)721497909(85,21)
(86,21)680085378(87,21)
(87,21)417645520(88,21)
(88,21)1(89,21)
(88,21)325520505(88,22)
(89,21)844528920(90,21)
(89,21)1(89,22)
(90,21)911358150(90,22)
(91,21)1181157125(92,21)
(92,21)194050877(93,21)
(92,21)529765759(92,22)
(94,21)700116939(94,22)
(95,21)1201819948(96,21)
(97,21)1733495603(98,21)
(0,22)348678041(1,22)
(1,22)1028056311(2,22)
(1,22)429355283(1,23)
(2,22)1109440661(3,22)
(3,22)586651759(3,23)
(4,22)959821042(5,22)
(5,22)132006438(6,22)
(5,22)37470147(5,23)
(7,22)904852669(8,22)
(8,22)103155366(9,22)
(9,22)303382986(9,23)
(10,22)290256296(11,22)
(11,22)607983990(11,23)
(12,22)1672351097(12,23)
(13,22)1258363052(14,22)
(15,22)571637047(15,23)
(16,22)1000992330(17,22)
(17,22)1113887037(18,22)
(17,22)276027290(17,23)
(18,22)862679049(19,22)
(19,22)1032621494(19,23)
(20,22)1070091641(21,22)
(22,22)362391305(22,23)
(23,22)184456728(24,22)
(23,22)303564657(23,23)
(24,22)606947643(25,22)
(25,22)197965460(26,22)
(25,22)890018959(25,23)
(26,22)897203940(26,23)
(27,22)422071389(28,22)
(27,22)55574066(27,23)
(30,22)104587841(31,22)
(31,22)274464856(32,22)
(31,22)442584677(31,23)
(32,22)718611967(33,22)
(33,22)1068529515(34,22)
(34,22)273489739(35,22)
(35,22)318956377(35,23)
(37,22)655019448(37,23)
(38,22)958584105(39,22)
(39,22)535104267(40,22)
(40,22)632964725(41,22)
(41,22)315252040(42,22)
(41,22)733069727(41,23)
(42,22)788643793(43,22)
(43,22)737323430(43,23)
(44,22)1(45,22)
(44,22)333674138(44,23)
(45,22)453319547(45,23)
(46,22)895904225(47,22)
(46,22)1(46,23)
(48,22)658157643(49,22)
(49,22)401488105(49,23)
(50,22)720444482(51,22)
(51,22)127745115(52,22)
(51,22)157147374(51,23)
(53,22)1562245271(54,22)
(55,22)1188799027(56,22)
(56,22)682935618(57,22)
(56,22)62144643(56,23)
(57,22)45628670(58,22)
(58,22)93890850(59,22)
(60,22)364165074(60,23)
(61,22)739027139(62,22)
(61,22)800594445(61,23)
(62,22)70400195(63,22)
(63,22)120590835(64,22)
(63,22)71985729(63,23)
(64,22)473473834(65,22)
(64,22)728557839(64,23)
(68,22)1474184489(69,22)
(69,22)1030514098(69,23)
(70,22)980379989(71,22)
(70,22)903364407(70,23)
(71,22)965509050(72,22)
(71,22)802811251(71,23)
(72,22)159378671(73,22)
(74,22)315472238(75,22)
(74,22)253269521(74,23)
(75,22)617434595(76,22)
(75,22)645181274(75,23)
(76,22)73126304(76,23)
(79,22)97250105(80,22)
(79,22)847275431(79,23)
(81,22)948355966(82,22)
(82,22)1397922015(83,22)
(82,22)1194767951(82,23)
(83,22)416624792(83,23)
(84,22)724622856(84,23)
(85,22)799525120(85,23)
(86,22)280035231(86,23)
(87,22)446012665(87,23)
(89,22)1(89,23)
(90,22)1428459836(91,22)
(91,22)484935512(91,23)
(92,22)726751907(92,23)
(93,22)95444174(94,22)
(93,22)424949876(93,23)
(94,22)1272225307(95,22)
(95,22)876798713(96,22)
(95,22)192694279(95,23)
(97,22)188215790(98,22)
(98,22)94295823(99,22)
(98,22)1200587974(98,23)
(0,23)1541434714(1,23)
(1,23)1405714446(2,23)
(1,23)25770158(1,24)
(4,23)1161393849(5,23)
(5,23)253132051(5,24)
(6,23)786532825(6,24)
(7,23)484798105(8,23)
(8,23)1288687952(9,23)
(8,23)260860147(8,24)
(9,23)356304321(10,23)
(10,23)34489640(11,23)
(10,23)263565367(10,24)
(11,23)548998600(11,24)
(12,23)351664559(13,23)
(13,23)818035111(13,24)
(14,23)912330934(15,23)
(15,23)589881955(15,24)
(16,23)615652113(17,23)
(16,23)306282000(16,24)
(17,23)588210513(17,24)
(18,23)292453977(19,23)
(18,23)96274995(18,24)
(19,23)1338612919(20,23)
(20,23)1453847826(20,24)
(21,23)92897003(22,23)
(21,23)300968112(21,24)
(23,23)577695108(23,24)
(24,23)1036946769(24,24)
(26,23)403525145(27,23)
(27,23)549870210(28,23)
(27,23)293392568(27,24)
(28,23)755189704(28,24)
(29,23)159958589(30,23)
(30,23)355905435(31,23)
(31,23)182556966(32,23)
(32,23)971557548(32,24)
(33,23)162825264(33,24)
(34,23)223119147(34,24)
(35,23)258961815(35,24)
(36,23)559929927(37,23)
(37,23)701046613(38,23)
(38,23)1(39,23)
(38,23)1(38,24)
(39,23)1(39,24)
(40,23)53795382(41,23)
(41,23)498164003(41,24)
(42,23)791556571(43,23)
(42,23)457320528(42,24)
(46,23)1(47,23)
(47,23)1(48,23)
(48,23)1(48,24)
(49,23)868707797(50,23)
(51,23)398191122(51,24)
(52,23)20571451(53,23)
(52,23)297081272(52,24)
(53,23)605270017(54,23)
(54,23)220646888(54,24)
(55,23)1908165415(56,23)
(56,23)301085887(57,23)
(57,23)317737101(58,23)
(57,23)822649376(57,24)
(58,23)287003548(59,23)
(59,23)848143061(60,23)
(60,23)755232507(61,23)
(61,23)479918630(61,24)
(62,23)294251166(63,23)
(64,23)271408966(64,24)
(65,23)836968785(65,24)
(66,23)1235159907(67,23)
(66,23)1024329442(66,24)
(67,23)915303204(67,24)
(68,23)522655557(69,23)
(70,23)329276748(70,24)
(71,23)189693321(72,23)
(73,23)975847314(74,23)
(73,23)507430422(73,24)
(74,23)199229290(74,24)
(76,23)156425358(77,23)
(76,23)645426615(76,24)
(77,23)967758422(77,24)
(78,23)629263341(79,23)
(78,23)450676524(78,24)
(79,23)722085490(80,23)
(80,23)773328726(81,23)
(81,23)793287233(82,23)
(81,23)583599307(81,24)
(83,23)1116736344(84,23)
(85,23)203351169(86,23)
(85,23)445630943(85,24)
(87,23)393044490(87,24)
(88,23)900474912(89,23)
(89,23)1(89,24)
(90,23)790669019(90,24)
(92,23)331031251(93,23)
(92,23)20514608(92,24)
(93,23)471191132(94,23)
(94,23)960294593(94,24)
(95,23)729252384(96,23)
(95,23)1193276622(95,24)
(97,23)1522539617(97,24)
(98,23)1128294793(98,24)
(99,23)944140938(99,24)
(0,24)1236165303(1,24)
(0,24)1002369214(0,25)
(2,24)924979190(3,24)
(2,24)564695656(2,25)
(4,24)351756137(5,24)
(4,24)372412240(4,25)
(5,24)19074581(6,24)
(7,24)431037143(8,24)
(9,24)319808380(10,24)
(10,24)673673255(10,25)
(12,24)994702220(12,25)
(13,24)777981608(13,25)
(14,24)120251878(15,24)
(14,24)123288429(14,25)
(17,24)183894378(17,25)
(19,24)158443769(20,24)
(21,24)1129356896(22,24)
(21,24)177518350(21,25)
(23,24)1338276978(24,24)
(24,24)1248142122(25,24)
(26,24)128961087(26,25)
(28,24)18680349(28,25)
(29,24)141968778(30,24)
(30,24)100593155(30,25)
(31,24)1267626421(31,25)
(32,24)425586565(32,25)
(33,24)211618094(34,24)
(34,24)780699582(35,24)
(35,24)370061863(35,25)
(36,24)547580213(37,24)
(36,24)294773026(36,25)
(37,24)55501390(37,25)
(38,24)1(38,25)
(39,24)1(39,25)
(40,24)485827798(41,24)
(40,24)716553904(40,25)
(42,24)677451390(43,24)
(44,24)657792667(44,25)
(45,24)758385822(46,24)
(46,24)790306411(47,24)
(47,24)67912511(47,25)
(48,24)1(48,25)
(49,24)1181039964(50,24)
(50,24)44298226(51,24)
(51,24)226540999(52,24)
(51,24)107184458(51,25)
(52,24)162685849(53,24)
(54,24)838716197(55,24)
(55,24)347651535(56,24)
(55,24)80014809(55,25)
(57,24)686574859(58,24)
(58,24)85074272(58,25)
(59,24)67286071(59,25)
(60,24)634842303(60,25)
(62,24)380272473(62,25)
(63,24)474616036(64,24)
(64,24)956212288(65,24)
(64,24)720233664(64,25)
(65,24)652001637(66,24)
(66,24)1000510514(66,25)
(67,24)878542636(67,25)
(68,24)742032745(69,24)
(69,24)144229719(69,25)
(70,24)224244528(71,24)
(71,24)757809290(72,24)
(72,24)949958353(73,24)
(75,24)452178186(76,24)
(75,24)459808622(75,25)
(76,24)1101636282(76,25)
(77,24)124052193(77,25)
(78,24)1406028118(79,24)
(80,24)214756758(80,25)
(81,24)607494663(81,25)
(82,24)1080053955(82,25)
(83,24)858096615(84,24)
(83,24)660172578(83,25)
(84,24)804402297(85,24)
(84,24)80586397(84,25)
(85,24)267236906(85,25)
(86,24)24028733(87,24)
(87,24)660514236(88,24)
(87,24)271660981(87,25)
(89,24)791322970(90,24)
(89,24)1(89,25)
(91,24)34384337(92,24)
(92,24)1367553350(93,24)
(92,24)650842278(92,25)
(94,24)626097820(94,25)
(95,24)840854578(96,24)
(96,24)449089329(97,24)
(96,24)642547734(96,25)
(98,24)568810781(99,24)
(99,24)433214657(99,25)
(0,25)1373213078(1,25)
(1,25)700451563(1,26)
(2,25)724480296(3,25)
(2,25)254376256(2,26)
(3,25)914890492(4,25)
(5,25)342306705(6,25)
(6,25)302535236(6,26)
(7,25)336919573(8,25)
(8,25)805877563(9,25)
(8,25)632969582(8,26)
(9,25)519071222(10,25)
(10,25)1031063256(11,25)
(11,25)125346313(12,25)
(11,25)360665888(11,26)
(12,25)809755217(13,25)
(13,25)33984516(13,26)
(14,25)602795297(15,25)
(14,25)597398198(14,26)
(15,25)465627575(16,25)
(16,25)234911604(17,25)
(17,25)82900983(18,25)
(18,25)959391901(18,26)
(19,25)510375636(20,25)
(20,25)142654238(21,25)
(21,25)852682341(21,26)
(22,25)291006554(23,25)
(22,25)124781543(22,26)
(23,25)757751125(24,25)
(25,25)381375853(26,25)
(26,25)100001313(26,26)
(27,25)506722167(27,26)
(28,25)540706683(29,25)
(28,25)299759806(28,26)
(29,25)897158004(30,25)
(30,25)409317728(31,25)
(31,25)972026707(32,25)
(32,25)644229333(32,26)
(33,25)1054927691(33,26)
(34,25)711944919(34,26)
(36,25)47889757(36,26)
(37,25)1(38,25)
(37,25)1(37,26)
(39,25)1(40,25)
(40,25)1(41,25)
(41,25)1289104314(42,25)
(41,25)1(41,26)
(42,25)947700608(43,25)
(43,25)915232969(43,26)
(44,25)1488407291(44,26)
(45,25)1(46,25)
(45,25)1(45,26)
(46,25)1(46,26)
(47,25)696154070(48,25)
(48,25)1(49,25)
(49,25)1(49,26)
(50,25)118804878(51,25)
(50,25)269131892(50,26)
(51,25)317021649(52,25)
(52,25)938000441(52,26)
(53,25)489692949(53,26)
(54,25)1420115374(55,25)
(55,25)943896654(56,25)
(56,25)401299939(57,25)
(57,25)1029642214(58,25)
(57,25)85517320(57,26)
(59,25)689924190(60,25)
(60,25)643357298(60,26)
(61,25)695282036(62,25)
(62,25)483318496(63,25)
(63,25)612832745(64,25)
(64,25)847214869(64,26)
(65,25)349773695(65,26)
(67,25)453049435(68,25)
(69,25)353768346(69,26)
(70,25)314089844(71,25)
(71,25)528085938(72,25)
(71,25)3216456(71,26)
(72,25)88733776(73,25)
(74,25)289412238(75,25)
(75,25)606830874(75,26)
(77,25)280639752(77,26)
(78,25)117015535(78,26)
(79,25)964230405(80,25)
(80,25)170739354(81,25)
(81,25)583368967(82,25)
(85,25)1(86,25)
(85,25)1(85,26)
(86,25)1(87,25)
(87,25)1(88,25)
(88,25)1(89,25)
(88,25)296432980(88,26)
(89,25)189089412(89,26)
(90,25)795920286(91,25)
(90,25)417991758(90,26)
(91,25)185771606(92,25)
(92,25)429617326(92,26)
(93,25)546632861(94,25)
(94,25)1362353826(95,25)
(94,25)776506726(94,26)
(97,25)280712019(97,26)
(98,25)662935066(98,26)
(99,25)223925624(99,26)
(0,26)559833522(1,26)
(1,26)428408371(1,27)
(2,26)636107574(3,26)
(2,26)116626467(2,27)
(3,26)388809196(4,26)
(3,26)566075153(3,27)
(5,26)170973952(6,26)
(5,26)577898609(5,27)
(7,26)1142248715(7,27)
(8,26)246679582(9,26)
(9,26)202585435(10,26)
(9,26)692322559(9,27)
(10,26)1023186308(10,27)
(11,26)720529360(12,26)
(12,26)1440285918(12,27)
(13,26)519048597(14,26)
(14,26)170888153(15,26)
(15,26)742974221(15,27)
(16,26)730721676(16,27)
(17,26)847348143(18,26)
(19,26)592547073(20,26)
(20,26)291334279(20,27)
(21,26)763521026(21,27)
(22,26)1040391196(22,27)
(23,26)554915103(23,27)
(24,26)4965675(24,27)
(25,26)1028151983(26,26)
(25,26)898929205(25,27)
(26,26)464894258(27,26)
(26,26)1154430399(26,27)
(27,26)447232669(28,26)
(28,26)602439074(29,26)
(29,26)966281267(29,27)
(30,26)773327228(30,27)
(31,26)183053668(31,27)
(32,26)733154433(32,27)
(33,26)393160952(34,26)
(33,26)203913399(33,27)
(34,26)957821374(34,27)
(35,26)985708025(35,27)
(37,26)1(37,27)
(38,26)1060567820(39,26)
(39,26)695894359(39,27)
(40,26)160321834(40,27)
(41,26)1314752234(42,26)
(41,26)1(41,27)
(44,26)1(45,26)
(44,26)1(44,27)
(45,26)239755977(45,27)
(46,26)1(47,26)
(46,26)142554363(46,27)
(47,26)1(48,26)
(47,26)726678408(47,27)
(48,26)1(49,26)
(49,26)594289140(50,26)
(50,26)107094125(51,26)
(50,26)223178899(50,27)
(52,26)201613863(53,26)
(53,26)1216354673(54,26)
(55,26)581351845(55,27)
(56,26)974500999(57,26)
(57,26)589772104(57,27)
(58,26)204273359(59,26)
(59,26)624407601(59,27)
(60,26)785055882(60,27)
(61,26)927610245(62,26)
(61,26)788263277(61,27)
(63,26)923440990(64,26)
(64,26)924705141(65,26)
(64,26)298049844(64,27)
(65,26)521228743(66,26)
(67,26)740638795(68,26)
(68,26)1032939563(69,26)
(69,26)530003174(70,26)
(70,26)390861666(71,26)
(70,26)910722803(70,27)
(71,26)235845958(72,26)
(72,26)394795148(73,26)
(73,26)186726866(74,26)
(74,26)97610890(75,26)
(74,26)599068507(74,27)
(76,26)393140268(77,26)
(77,26)101264044(78,26)
(77,26)164250986(77,27)
(79,26)58648150(80,26)
(80,26)394951516(81,26)
(81,26)579876893(81,27)
(82,26)283443928(83,26)
(83,26)876464282(84,26)
(83,26)369745934(83,27)
(84,26)179255755(85,26)
(85,26)1(86,26)
(86,26)1(86,27)
(87,26)315468605(87,27)
(89,26)57870508(90,26)
(91,26)848057252(92,26)
(93,26)949321297(93,27)
(95,26)23640136(96,26)
(96,26)371863914(97,26)
(96,26)221494200(96,27)
(98,26)22493209(99,26)
(98,26)655307843(98,27)
(99,26)559117626(99,27)
(0,27)201748965(1,27)
(2,27)771866386(2,28)
(3,27)559862825(4,27)
(3,27)219298939(3,28)
(4,27)7970833(5,27)
(4,27)488393936(4,28)
(5,27)546264444(6,27)
(6,27)114186428(7,27)
(7,27)742310870(8,27)
(8,27)86926993(8,28)
(10,27)725870193(10,28)
(11,27)749510329(12,27)
(13,27)402257604(13,28)
(14,27)424750813(15,27)
(14,27)639424643(14,28)
(15,27)463632330(16,27)
(16,27)626499778(16,28)
(17,27)367462664(17,28)
(18,27)586761603(19,27)
(18,27)681649743(18,28)
(20,27)345331473(21,27)
(20,27)594732437(20,28)
(21,27)488986054(22,27)
(22,27)459517901(22,28)
(23,27)546444895(24,27)
(23,27)1231296924(23,28)
(24,27)775445443(25,27)
(24,27)856621746(24,28)
(25,27)366710759(25,28)
(26,27)146136646(26,28)
(27,27)184518620(27,28)
(28,27)586776224(29,27)
(29,27)602505088(30,27)
(29,27)1160644443(29,28)
(30,27)994600816(31,27)
(32,27)646658624(32,28)
(33,27)888909333(33,28)
(34,27)699654676(35,27)
(35,27)467610474(36,27)
(35,27)350868399(35,28)
(36,27)1044986149(36,28)
(37,27)1(37,28)
(38,27)40409805(39,27)
(39,27)185914790(40,27)
(40,27)270176057(41,27)
(40,27)815855249(40,28)
(41,27)1(42,27)
(42,27)1(42,28)
(43,27)1(44,27)
(43,27)1(43,28)
(44,27)392217926(44,28)
(46,27)708075554(46,28)
(48,27)1166979087(48,28)
(49,27)535558898(49,28)
(50,27)886427297(51,27)
(50,27)335368494(50,28)
(52,27)316580480(53,27)
(53,27)135413215(54,27)
(54,27)356990286(54,28)
(55,27)1172845535(56,27)
(55,27)321328005(55,28)
(56,27)911016402(56,28)
(58,27)687667725(59,27)
(59,27)139910715(60,27)
(60,27)39617840(61,27)
(60,27)401142464(60,28)
(62,27)290460164(63,27)
(63,27)939975933(64,27)
(63,27)316468549(63,28)
(64,27)852027447(65,27)
(65,27)261542477(66,27)
(67,27)397091267(68,27)
(67,27)1641897121(67,28)
(68,27)231788520(69,27)
(69,27)532504482(69,28)
(70,27)853832487(71,27)
(70,27)872628865(70,28)
(72,27)796083574(72,28)
(73,27)543776362(74,27)
(74,27)21210329(75,27)
(75,27)683687077(75,28)
(76,27)79859109(77,27)
(76,27)60828169(76,28)
(78,27)370319273(78,28)
(79,27)296493256(80,27)
(79,27)773800948(79,28)
(80,27)606150358(81,27)
(80,27)97660353(80,28)
(81,27)558035734(81,28)
(82,27)52449207(83,27)
(83,27)85722716(83,28)
(84,27)618227199(85,27)
(84,27)284237728(84,28)
(85,27)1156866593(86,27)
(86,27)1(87,27)
(87,27)120659612(88,27)
(87,27)1(87,28)
(89,27)804442320(90,27)
(89,27)664435975(89,28)
(91,27)771872306(91,28)
(92,27)1427982161(92,28)
(93,27)1505209452(93,28)
(94,27)1(95,27)
(94,27)1(94,28)
(95,27)1(96,27)
(96,27)1(97,27)
(96,27)737677110(96,28)
(97,27)1(98,27)
(98,27)1(98,28)
(0,28)1584394935(1,28)
(0,28)842033713(0,29)
(1,28)1164343729(1,29)
(4,28)86307162(5,28)
(4,28)467066231(4,29)
(6,28)894705965(7,28)
(7,28)1220764220(8,28)
(8,28)175204479(8,29)
(9,28)578490024(9,29)
(10,28)710016777(11,28)
(10,28)691087090(10,29)
(12,28)278680087(13,28)
(13,28)615862032(13,29)
(14,28)1582029768(15,28)
(14,28)836476072(14,29)
(16,28)844273190(17,28)
(16,28)1018941055(16,29)
(18,28)26887667(19,28)
(18,28)73184623(18,29)
(19,28)540250854(20,28)
(20,28)356641880(21,28)
(20,28)113194830(20,29)
(23,28)883338832(23,29)
(26,28)1025907900(27,28)
(26,28)24361986(26,29)
(28,28)199472976(29,28)
(30,28)988356404(31,28)
(31,28)652960152(32,28)
(33,28)433388533(33,29)
(34,28)1243447500(35,28)
(34,28)1081420659(34,29)
(35,28)298581424(35,29)
(37,28)703953577(38,28)
(37,28)1(37,29)
(39,28)827620636(40,28)
(40,28)1054874143(40,29)
(41,28)675814567(41,29)
(42,28)1(43,28)
(42,28)114021096(42,29)
(43,28)403808354(43,29)
(44,28)458898486(44,29)
(45,28)92917583(46,28)
(46,28)553108053(46,29)
(47,28)238253999(48,28)
(47,28)745877735(47,29)
(49,28)925266045(50,28)
(50,28)295165993(51,28)
(50,28)275230120(50,29)
(52,28)258023174(52,29)
(53,28)431789429(53,29)
(54,28)414811683(55,28)
(54,28)422633273(54,29)
(55,28)608673959(55,29)
(56,28)1650408528(56,29)
(57,28)409259897(57,29)
(58,28)813068252(59,28)
(59,28)1035555060(59,29)
(60,28)300260906(61,28)
(60,28)377819901(60,29)
(61,28)930927955(62,28)
(62,28)694124193(63,28)
(63,28)1080902335(64,28)
(64,28)1165766523(65,28)
(65,28)1136933(66,28)
(68,28)160762215(69,28)
(68,28)660670605(68,29)
(69,28)1083303879(70,28)
(69,28)1500009014(69,29)
(70,28)575573898(70,29)
(71,28)78498778(72,28)
(71,28)413327647(71,29)
(72,28)822587545(73,28)
(73,28)642118241(74,28)
(74,28)730999815(75,28)
(75,28)497447116(75,29)
(76,28)445693575(77,28)
(77,28)120834022(78,28)
(77,28)796920005(77,29)
(78,28)1139817768(78,29)
(80,28)984384835(80,29)
(81,28)297833704(82,28)
(81,28)866861515(81,29)
(82,28)595834301(83,28)
(84,28)756596516(84,29)
(85,28)487994544(85,29)
(86,28)901322191(87,28)
(87,28)1(88,28)
(88,28)1(89,28)
(89,28)1212081885(90,28)
(89,28)1(89,29)
(91,28)720890836(92,28)
(91,28)1078073936(91,29)
(93,28)1(94,28)
(93,28)1(93,29)
(95,28)530513441(96,28)
(96,28)591413793(97,28)
(96,28)956398658(96,29)
(97,28)828347145(97,29)
(98,28)697652892(99,28)
(98,28)1(98,29)
(1,29)1128531376(2,29)
(2,29)494426118(3,29)
(3,29)391716921(3,30)
(4,29)70852206(4,30)
(5,29)602069265(5,30)
(6,29)22869265(7,29)
(7,29)213524380(7,30)
(9,29)895674184(10,29)
(9,29)602593032(9,30)
(10,29)498570600(11,29)
(11,29)17676720(12,29)
(11,29)620226461(11,30)
(13,29)846023865(13,30)
(14,29)251404700(14,30)
(15,29)47765662(16,29)
(15,29)260497358(15,30)
(17,29)565675205(18,29)
(18,29)348027403(18,30)
(19,29)418879609(20,29)
(19,29)96907939(19,30)
(20,29)698977205(21,29)
(20,29)918361182(20,30)
(22,29)721846470(22,30)
(23,29)611209311(24,29)
(24,29)321799723(25,29)
(26,29)820370324(26,30)
(27,29)127855934(28,29)
(28,29)59752971(29,29)
(28,29)1191266563(28,30)
(29,29)1442671263(30,29)
(31,29)919106842(32,29)
(32,29)519250317(33,29)
(35,29)16765918(35,30)
(36,29)133183544(36,30)
(37,29)855030014(38,29)
(37,29)1(37,30)
(38,29)535687021(39,29)
(40,29)825639172(41,29)
(41,29)391375546(41,30)
(42,29)805265481(42,30)
(44,29)941473266(45,29)
(46,29)634672937(47,29)
(46,29)337730887(46,30)
(47,29)39910545(47,30)
(48,29)1153923254(48,30)
(49,29)1093703884(50,29)
(50,29)958898932(50,30)
(51,29)1092082476(52,29)
(52,29)620842377(53,29)
(52,29)920821640(52,30)
(53,29)259772046(54,29)
(54,29)1156529399(54,30)
(57,29)749289173(58,29)
(58,29)1202618920(59,29)
(59,29)1116433029(60,29)
(59,29)598337569(59,30)
(61,29)334339425(62,29)
(61,29)237236732(61,30)
(62,29)277147278(63,29)
(62,29)377246518(62,30)
(64,29)1254888968(65,29)
(65,29)613255155(66,29)
(65,29)477390009(65,30)
(66,29)281752056(67,29)
(66,29)457130989(66,30)
(68,29)902594434(68,30)
(70,29)623350993(70,30)
(71,29)567374686(72,29)
(72,29)1322562246(73,29)
(72,29)644323339(72,30)
(73,29)1316663859(73,30)
(74,29)377697518(74,30)
(75,29)374306057(76,29)
(75,29)1064848125(75,30)
(77,29)708645482(77,30)
(78,29)630574701(79,29)
(81,29)195111010(82,29)
(82,29)30166071(82,30)
(83,29)932760505(84,29)
(84,29)1063304667(85,29)
(84,29)762180322(84,30)
(85,29)844400690(85,30)
(86,29)622573371(87,29)
(87,29)505480592(88,29)
(88,29)1122086213(89,29)
(89,29)1(90,29)
(89,29)453895689(89,30)
(90,29)1(90,30)
(91,29)1(92,29)
(91,29)1(91,30)
(92,29)1(92,30)
(93,29)105093512(94,29)
(93,29)1(93,30)
(95,29)1338681871(95,30)
(98,29)1(98,30)
(99,29)269397833(99,30)
(0,30)163367771(1,30)
(0,30)1057435909(0,31)
(1,30)295483577(2,30)
(1,30)1113798523(1,31)
(2,30)24525025(2,31)
(3,30)530005617(4,30)
(3,30)100905931(3,31)
(5,30)983901306(5,31)
(6,30)355161473(7,30)
(7,30)364807847(8,30)
(7,30)111545247(7,31)
(9,30)651841084(9,31)
(10,30)209898327(11,30)
(11,30)590610455(12,30)
(11,30)324798233(11,31)
(13,30)1000490560(14,30)
(13,30)265093567(13,31)
(15,30)568047818(16,30)
(16,30)236203268(17,30)
(17,30)863531395(17,31)
(19,30)83055085(19,31)
(20,30)39945823(20,31)
(21,30)5058314(22,30)
(21,30)921005079(21,31)
(22,30)1032550326(23,30)
(23,30)303140714(24,30)
(23,30)369866161(23,31)
(24,30)1(25,30)
(24,30)1(24,31)
(27,30)747975157(28,30)
(28,30)74371681(29,30)
(28,30)976895281(28,31)
(29,30)487507190(30,30)
(30,30)870870462(31,30)
(32,30)1107073730(32,31)
(33,30)1(34,30)
(33,30)1(33,31)
(34,30)1(35,30)
(34,30)736040083(34,31)
(35,30)775985906(36,30)
(35,30)1(35,31)
(37,30)1093231606(38,30)
(37,30)1(37,31)
(39,30)204781683(40,30)
(40,30)685629397(41,30)
(40,30)25133979(40,31)
(42,30)1380211104(43,30)
(42,30)299684707(42,31)
(43,30)1276579988(44,30)
(45,30)894111138(46,30)
(46,30)329083592(46,31)
(48,30)443761296(48,31)
(49,30)220838918(49,31)
(50,30)364635891(51,30)
(50,30)1282390844(50,31)
(51,30)953504585(52,30)
(52,30)589347857(53,30)
(54,30)1295624865(55,30)
(56,30)1007537700(57,30)
(57,30)133455322(58,30)
(58,30)731879184(59,30)
(58,30)240265156(58,31)
(60,30)190092315(60,31)
(61,30)441475432(61,31)
(62,30)303639367(63,30)
(64,30)28688500(65,30)
(66,30)393324392(66,31)
(67,30)922800995(67,31)
(68,30)822053539(69,30)
(69,30)1054585363(69,31)
(70,30)491190073(71,30)
(71,30)783211066(71,31)
(74,30)242254725(74,31)
(75,30)432347040(76,30)
(76,30)226611196(76,31)
(77,30)951522948(77,31)
(78,30)759372530(79,30)
(79,30)718377589(80,30)
(80,30)947876369(81,30)
(80,30)788061030(80,31)
(81,30)1181385422(82,30)
(81,30)687673999(81,31)
(83,30)856664110(83,31)
(84,30)285044885(84,31)
(85,30)255239641(86,30)
(85,30)373919520(85,31)
(86,30)254955899(86,31)
(87,30)59205011(87,31)
(88,30)667506127(88,31)
(90,30)1(91,30)
(92,30)1(93,30)
(92,30)64415541(92,31)
(93,30)1348617833(93,31)
(94,30)905519723(94,31)
(95,30)666781506(95,31)
(96,30)1354455505(97,30)
(97,30)727482528(97,31)
(98,30)1(98,31)
(99,30)1061683956(99,31)
(0,31)1102491736(0,32)
(2,31)445250415(3,31)
(3,31)1209068388(4,31)
(4,31)1112756543(4,32)
(5,31)406777696(5,32)
(6,31)890844228(7,31)
(6,31)610160152(6,32)
(7,31)33369407(8,31)
(9,31)1381987241(9,32)
(10,31)356121386(11,31)
(10,31)121324910(10,32)
(12,31)278131901(12,32)
(13,31)394904545(13,32)
(14,31)1594863901(14,32)
(15,31)549871990(16,31)
(15,31)1045399141(15,32)
(16,31)333518970(17,31)
(16,31)1179480000(16,32)
(17,31)634864716(18,31)
(18,31)778769386(18,32)
(20,31)103227152(21,31)
(20,31)443134553(20,32)
(22,31)836217670(23,31)
(22,31)994071380(22,32)
(23,31)1086664113(23,32)
(24,31)1(25,31)
(24,31)52022857(24,32)
(25,31)1(26,31)
(26,31)1(27,31)
(26,31)677289092(26,32)
(27,31)1(28,31)
(28,31)1(29,31)
(28,31)905889782(28,32)
(29,31)1(30,31)
(30,31)1(30,32)
(31,31)903142025(31,32)
(32,31)1(33,31)
(32,31)1(32,32)
(35,31)1(36,31)
(35,31)693382310(35,32)
(36,31)1(37,31)
(37,31)527850923(38,31)
(38,31)128443929(39,31)
(38,31)1148676009(38,32)
(39,31)329698425(39,32)
(40,31)1035209612(41,31)
(40,31)449611635(40,32)
(42,31)1214816419(43,31)
(44,31)873974253(45,31)
(45,31)275358514(45,32)
(46,31)711025925(46,32)
(47,31)881596568(48,31)
(47,31)616970832(47,32)
(48,31)351073766(49,31)
(50,31)376835259(51,31)
(52,31)712345065(53,31)
(52,31)689293598(52,32)
(54,31)172955048(55,31)
(54,31)840788995(54,32)
(55,31)891184827(55,32)
(56,31)117747814(57,31)
(57,31)224363357(58,31)
(58,31)204655784(59,31)
(59,31)635571334(60,31)
(59,31)146451836(59,32)
(60,31)421810350(61,31)
(61,31)5820301(61,32)
(62,31)622791133(63,31)
(63,31)1294589526(64,31)
(63,31)523768883(63,32)
(64,31)207221833(65,31)
(64,31)973864900(64,32)
(65,31)755491057(66,31)
(65,31)681702368(65,32)
(66,31)204783969(67,31)
(66,31)584057092(66,32)
(67,31)70896757(67,32)
(68,31)917129034(68,32)
(69,31)963836651(69,32)
(70,31)87108429(70,32)
(71,31)1295273090(72,31)
(71,31)900835012(71,32)
(72,31)1170652722(73,31)
(73,31)1157849877(74,31)
(75,31)306454896(76,31)
(78,31)472396095(79,31)
(78,31)274548998(78,32)
(79,31)1248413898(80,31)
(80,31)679617928(80,32)
(81,31)1263675020(82,31)
(83,31)343963476(84,31)
(83,31)389542063(83,32)
(86,31)855232870(87,31)
(86,31)1060916544(86,32)
(87,31)886202188(88,31)
(88,31)596005763(89,31)
(90,31)114610399(90,32)
(91,31)55025384(92,31)
(94,31)136099364(95,31)
(95,31)1(96,31)
(95,31)1(95,32)
(96,31)1(97,31)
(97,31)1(98,31)
(98,31)19056370(99,31)
(98,31)500966116(98,32)
(0,32)342437561(0,33)
(1,32)271017435(2,32)
(1,32)1230829262(1,33)
(2,32)285867981(2,33)
(3,32)1172070170(4,32)
(5,32)1068638588(5,33)
(6,32)611144570(7,32)
(6,32)58002913(6,33)
(7,32)113028298(8,32)
(7,32)483372580(7,33)
(11,32)191709432(12,32)
(12,32)565096058(13,32)
(14,32)1066062174(14,33)
(16,32)347790057(17,32)
(18,32)286368541(18,33)
(19,32)103348969(20,32)
(19,32)523169698(19,33)
(21,32)1028299349(22,32)
(22,32)55469208(22,33)
(24,32)702623556(25,32)
(24,32)1502093921(24,33)
(25,32)1282582536(25,33)
(26,32)1274030542(27,32)
(26,32)400018830(26,33)
(29,32)757705126(30,32)
(30,32)1(31,32)
(31,32)1(32,32)
(31,32)18721213(31,33)
(32,32)1055811481(32,33)
(33,32)1342180022(34,32)
(34,32)577658656(34,33)
(36,32)472085193(37,32)
(37,32)428770793(37,33)
(40,32)616448483(41,32)
(40,32)125238348(40,33)
(41,32)525257179(42,32)
(41,32)517104666(41,33)
(43,32)1582121978(44,32)
(44,32)935224461(44,33)
(45,32)192343457(45,33)
(46,32)211064670(47,32)
(46,32)132419526(46,33)
(47,32)1188231007(48,32)
(49,32)339478062(50,32)
(49,32)382927381(49,33)
(51,32)908581775(52,32)
(52,32)168720299(53,32)
(52,32)153057917(52,33)
(53,32)135071892(54,32)
(53,32)381570097(53,33)
(56,32)331884528(56,33)
(57,32)74879906(58,32)
(57,32)241830619(57,33)
(58,32)222651740(59,32)
(59,32)665836137(60,32)
(61,32)487270651(61,33)
(62,32)407630413(63,32)
(63,32)967700375(63,33)
(65,32)14223832(65,33)
(67,32)1184658398(68,32)
(67,32)30175740(67,33)
(68,32)411745837(69,32)
(70,32)791426429(71,32)
(70,32)127181881(70,33)
(71,32)459066409(72,32)
(72,32)780227235(72,33)
(73,32)510838911(74,32)
(73,32)533946315(73,33)
(74,32)43464552(75,32)
(75,32)1489818019(76,32)
(75,32)1176675048(75,33)
(77,32)1269287387(77,33)
(78,32)89504114(79,32)
(81,32)324248702(82,32)
(81,32)971185029(81,33)
(82,32)1001360769(83,32)
(84,32)681153742(85,32)
(85,32)686001567(85,33)
(87,32)105323759(88,32)
(88,32)385817564(89,32)
(89,32)616162671(89,33)
(90,32)429282116(90,33)
(91,32)174608362(92,32)
(91,32)574539074(91,33)
(93,32)1233392235(94,32)
(94,32)1313342999(95,32)
(95,32)1(95,33)
(96,32)660565211(96,33)
(97,32)1550227500(97,33)
(98,32)911650952(99,32)
(98,32)760561801(98,33)
(0,33)26184759(0,34)
(2,33)917901219(2,34)
(3,33)1023224978(4,33)
(3,33)1418344496(3,34)
(4,33)925975431(4,34)
(5,33)10696486(6,33)
(6,33)85960529(6,34)
(7,33)260568891(8,33)
(8,33)281578374(9,33)
(8,33)446557844(8,34)
(9,33)93429862(9,34)
(10,33)67425302(10,34)
(11,33)467966083(11,34)
(12,33)227167115(13,33)
(13,33)696147951(13,34)
(14,33)987728917(14,34)
(15,33)1013913676(16,33)
(15,33)615548786(15,34)
(16,33)87800305(17,33)
(16,33)1053119951(16,34)
(17,33)432903275(17,34)
(19,33)402830992(20,33)
(19,33)846762500(19,34)
(20,33)338666502(21,33)
(21,33)413527479(21,34)
(22,33)998763040(23,33)
(24,33)1280341414(24,34)
(27,33)493687168(27,34)
(28,33)150082049(28,34)
(29,33)1137810966(30,33)
(29,33)808844291(29,34)
(30,33)650150375(30,34)
(31,33)4240994(31,34)
(32,33)437144270(33,33)
(33,33)989048943(34,33)
(34,33)226086701(35,33)
(34,33)140908393(34,34)
(36,33)564753203(36,34)
(37,33)40677778(38,33)
(37,33)1095237642(37,34)
(38,33)802209598(39,33)
(38,33)656686807(38,34)
(40,33)602611417(40,34)
(42,33)1488507629(42,34)
(43,33)789331553(43,34)
(44,33)673349929(44,34)
(45,33)628916996(45,34)
(46,33)633157990(47,33)
(46,33)875085273(46,34)
(47,33)239795007(48,33)
(47,33)879286983(47,34)
(48,33)258611184(49,33)
(48,33)1070302260(48,34)
(50,33)473240239(51,33)
(50,33)484697885(50,34)
(51,33)1049451088(52,33)
(51,33)712561583(51,34)
(52,33)131164006(52,34)
(53,33)787850813(54,33)
(54,33)1053289063(55,33)
(54,33)462525176(54,34)
(55,33)1065136593(56,33)
(55,33)577395386(55,34)
(56,33)471398110(56,34)
(57,33)727439042(57,34)
(58,33)1198221486(58,34)
(59,33)1451011769(59,34)
(60,33)967462792(60,34)
(62,33)565603108(62,34)
(64,33)38002592(64,34)
(65,33)522700477(66,33)
(65,33)699632374(65,34)
(68,33)514796783(69,33)
(69,33)408474786(69,34)
(71,33)452687658(71,34)
(72,33)1180126700(73,33)
(72,33)553093201(72,34)
(74,33)1155434170(75,33)
(74,33)549413648(74,34)
(76,33)375506881(77,33)
(76,33)1087879287(76,34)
(78,33)1146800284(79,33)
(78,33)154898289(78,34)
(79,33)192900882(80,33)
(80,33)163020013(80,34)
(81,33)715601359(81,34)
(82,33)140269277(83,33)
(83,33)31272688(84,33)
(84,33)655066060(84,34)
(85,33)75668259(86,33)
(86,33)667448913(86,34)
(87,33)1220542115(88,33)
(88,33)1051638111(88,34)
(89,33)824373155(89,34)
(90,33)152291963(91,33)
(90,33)827525138(90,34)
(91,33)970444553(91,34)
(92,33)34901764(93,33)
(92,33)527798844(92,34)
(93,33)682697133(94,33)
(94,33)415823641(95,33)
(94,33)1181702048(94,34)
(95,33)1(95,34)
(96,33)109876484(96,34)
(97,33)997202042(97,34)
(98,33)270305996(99,33)
(0,34)239051064(0,35)
(1,34)314719323(2,34)
(1,34)666219726(1,35)
(2,34)537731137(3,34)
(2,34)619333650(2,35)
(3,34)282387891(3,35)
(5,34)1042937360(6,34)
(5,34)516765272(5,35)
(6,34)782003998(6,35)
(7,34)549924776(8,34)
(8,34)1196856079(8,35)
(10,34)239667943(11,34)
(10,34)1082502078(10,35)
(11,34)279740491(12,34)
(11,34)607667580(11,35)
(12,34)51383307(13,34)
(12,34)349544427(12,35)
(14,34)1547248529(15,34)
(15,34)665580037(15,35)
(17,34)189138699(17,35)
(18,34)471526590(19,34)
(20,34)180140657(21,34)
(20,34)426005450(20,35)
(21,34)206870213(21,35)
(22,34)72768478(23,34)
(22,34)849197892(22,35)
(25,34)1056070586(26,34)
(26,34)238307467(27,34)
(27,34)23507250(28,34)
(28,34)465269963(29,34)
(28,34)289690774(28,35)
(30,34)107271351(31,34)
(31,34)1364168110(32,34)
(33,34)1161118366(34,34)
(33,34)1335151378(33,35)
(34,34)460143750(34,35)
(35,34)886149201(36,34)
(35,34)325051219(35,35)
(36,34)531921432(37,34)
(38,34)604689910(38,35)
(39,34)578258418(40,34)
(40,34)1138904107(40,35)
(41,34)812866930(42,34)
(42,34)822656434(43,34)
(43,34)836374180(43,35)
(44,34)278065495(45,34)
(45,34)1152961241(46,34)
(46,34)385336846(46,35)
(47,34)369645704(47,35)
(49,34)110888574(50,34)
(49,34)838042679(49,35)
(50,34)555840198(50,35)
(51,34)997037775(51,35)
(53,34)152221593(54,34)
(54,34)500838356(54,35)
(55,34)730480011(55,35)
(56,34)217325368(57,34)
(56,34)803433145(56,35)
(57,34)451332488(58,34)
(57,34)305125745(57,35)
(58,34)1039981802(58,35)
(59,34)180424551(60,34)
(59,34)388922605(59,35)
(60,34)251571807(61,34)
(62,34)1703031496(63,34)
(63,34)1481826580(63,35)
(64,34)172385612(65,34)
(66,34)672370643(67,34)
(67,34)883011193(68,34)
(68,34)870614734(69,34)
(69,34)1035232786(69,35)
(70,34)116972357(70,35)
(71,34)920405502(72,34)
(73,34)875536319(74,34)
(74,34)908322616(74,35)
(75,34)180404389(76,34)
(75,34)1055960870(75,35)
(76,34)241863015(77,34)
(79,34)1057755794(80,34)
(80,34)1165709037(81,34)
(81,34)680031063(82,34)
(81,34)726457275(81,35)
(83,34)1306679453(84,34)
(84,34)450791394(85,34)
(84,34)852797461(84,35)
(85,34)969769818(86,34)
(86,34)737814526(87,34)
(86,34)69020544(86,35)
(88,34)504637216(88,35)
(89,34)780111381(89,35)
(90,34)727606611(90,35)
(91,34)592355366(92,34)
(93,34)370803592(93,35)
(94,34)603353171(94,35)
(95,34)1(95,35)
(96,34)879405149(96,35)
(97,34)570001182(98,34)
(97,34)627935787(97,35)
(98,34)43494396(99,34)
(0,35)494285790(1,35)
(0,35)199572092(0,36)
(1,35)1005314569(1,36)
(2,35)563306334(2,36)
(3,35)467881396(4,35)
(4,35)100282664(4,36)
(6,35)936581380(7,35)
(6,35)606586210(6,36)
(8,35)242826652(9,35)
(8,35)867032999(8,36)
(9,35)594895481(10,35)
(10,35)846179823(10,36)
(12,35)745105661(13,35)
(12,35)15362782(12,36)
(13,35)585363964(14,35)
(14,35)91880292(14,36)
(15,35)291452385(16,35)
(15,35)314560951(15,36)
(17,35)375623207(18,35)
(17,35)1460794296(17,36)
(18,35)225344232(19,35)
(18,35)915520968(18,36)
(19,35)843504603(19,36)
(20,35)104323831(20,36)
(21,35)710910042(22,35)
(21,35)381562480(21,36)
(22,35)1340685550(23,35)
(22,35)880595113(22,36)
(24,35)1332113139(25,35)
(25,35)282208377(26,35)
(25,35)195039945(25,36)
(26,35)468070772(26,36)
(27,35)483433554(28,35)
(28,35)350829611(29,35)
(28,35)173175716(28,36)
(29,35)265056008(30,35)
(30,35)1383358470(31,35)
(31,35)556508393(31,36)
(32,35)555750343(32,36)
(34,35)700305377(35,35)
(34,35)95163273(34,36)
(35,35)199487105(36,35)
(35,35)339591295(35,36)
(36,35)721153775(37,35)
(36,35)644319110(36,36)
(37,35)910397147(37,36)
(38,35)672765117(39,35)
(39,35)1125058687(39,36)
(41,35)325465380(42,35)
(42,35)708885534(43,35)
(42,35)748168686(42,36)
(43,35)921344402(44,35)
(43,35)808898935(43,36)
(45,35)728575839(46,35)
(45,35)1186400411(45,36)
(46,35)1113571276(46,36)
(47,35)209753405(47,36)
(48,35)66554179(49,35)
(49,35)993109282(49,36)
(50,35)766859557(50,36)
(52,35)670291723(53,35)
(53,35)788609242(53,36)
(54,35)1343056841(54,36)
(58,35)187332117(59,35)
(59,35)572303905(60,35)
(59,35)608312354(59,36)
(61,35)1031116199(62,35)
(61,35)1300879744(61,36)
(63,35)855382119(64,35)
(63,35)552954171(63,36)
(65,35)196563238(66,35)
(65,35)415789591(65,36)
(66,35)175684167(67,35)
(67,35)637651088(68,35)
(68,35)248867499(69,35)
(68,35)845975891(68,36)
(69,35)41549084(70,35)
(70,35)15051780(70,36)
(71,35)1101334693(72,35)
(71,35)1242000533(71,36)
(72,35)620433715(73,35)
(72,35)580674960(72,36)
(73,35)93263720(74,35)
(74,35)807765832(74,36)
(75,35)725310755(76,35)
(75,35)665567625(75,36)
(77,35)286498389(78,35)
(78,35)161897478(79,35)
(78,35)1329596872(78,36)
(79,35)759300553(80,35)
(79,35)1141880509(79,36)
(81,35)291757666(82,35)
(82,35)416122049(83,35)
(83,35)431846510(84,35)
(83,35)929408754(83,36)
(84,35)664989549(84,36)
(85,35)680041329(86,35)
(85,35)473395594(85,36)
(87,35)1597949272(88,35)
(88,35)422195020(89,35)
(88,35)188346195(88,36)
(89,35)996112028(90,35)
(90,35)209296969(91,35)
(91,35)715170487(92,35)
(92,35)28260691(92,36)
(93,35)1001668876(93,36)
(94,35)1492263568(94,36)
(95,35)1(96,35)
(96,35)1(97,35)
(97,35)1(98,35)
(97,35)1344498518(97,36)
(98,35)126423625(99,35)
(98,35)1(98,36)
(3,36)539207541(4,36)
(4,36)384000514(5,36)
(6,36)173099916(7,36)
(9,36)595294936(10,36)
(11,36)649735617(12,36)
(12,36)266621307(13,36)
(14,36)223674753(15,36)
(15,36)981791794(16,36)
(19,36)973610707(20,36)
(22,36)943285176(23,36)
(24,36)1385778597(25,36)
(26,36)1148576486(27,36)
(27,36)377901406(28,36)
(28,36)1063000099(29,36)
(29,36)1275000111(30,36)
(31,36)922166311(32,36)
(32,36)641726314(33,36)
(38,36)860192967(39,36)
(39,36)965620271(40,36)
(40,36)82285056(41,36)
(41,36)238388449(42,36)
(43,36)348906363(44,36)
(48,36)1245587837(49,36)
(50,36)415244752(51,36)
(52,36)998717939(53,36)
(53,36)1358529928(54,36)
(55,36)237012889(56,36)
(56,36)1079869717(57,36)
(57,36)949579408(58,36)
(58,36)614914295(59,36)
(60,36)77095871(61,36)
(61,36)416785021(62,36)
(62,36)917552479(63,36)
(63,36)718822185(64,36)
(64,36)116020661(65,36)
(65,36)231442683(66,36)
(67,36)1428017343(68,36)
(69,36)457258333(70,36)
(70,36)246153967(71,36)
(72,36)695646782(73,36)
(74,36)149624222(75,36)
(75,36)521527684(76,36)
(77,36)1480322379(78,36)
(79,36)651161039(80,36)
(80,36)499513911(81,36)
(81,36)378406481(82,36)
(82,36)648085993(83,36)
(85,36)449088914(86,36)
(87,36)669322478(88,36)
(88,36)1398668322(89,36)
(89,36)202675387(90,36)
(90,36)664708646(91,36)
(92,36)619460408(93,36)
(94,36)47102731(95,36)
(95,36)735481070(96,36)
(98,36)1(99,36)
