100 10
(0,0)1069916450(0,1)
(1,0)958526666(1,1)
(2,0)755727079(2,1)
(3,0)895715987(4,0)
(4,0)268909458(4,1)
(5,0)165146947(5,1)
(6,0)344708285(7,0)
(6,0)942011135(6,1)
(8,0)323589893(8,1)
(9,0)925809784(10,0)
(9,0)122091341(9,1)
(10,0)774891812(10,1)
(11,0)1107838956(12,0)
(12,0)413169017(13,0)
(13,0)687901671(13,1)
(14,0)709298461(14,1)
(15,0)665218367(15,1)
(16,0)967131255(16,1)
(17,0)1347912715(17,1)
(18,0)393630999(19,0)
(19,0)471090674(19,1)
(20,0)636237621(21,0)
(21,0)640762521(22,0)
(22,0)551074635(23,0)
(22,0)980945906(22,1)
(23,0)1304535799(24,0)
(25,0)612597227(26,0)
(25,0)82861936(25,1)
(27,0)936651047(28,0)
(28,0)260854206(29,0)
(29,0)628534407(30,0)
(29,0)813344416(29,1)
(30,0)1375983526(30,1)
(31,0)195631134(32,0)
(31,0)260265671(31,1)
(32,0)1608178386(33,0)
(33,0)260331657(34,0)
(34,0)242096495(35,0)
(36,0)878334116(36,1)
(37,0)1859280022(38,0)
(37,0)193839643(37,1)
(39,0)1016332174(39,1)
(40,0)1099194110(41,0)
(41,0)348132733(41,1)
(42,0)605261038(42,1)
(43,0)524496984(44,0)
(43,0)11073519(43,1)
(44,0)824417935(45,0)
(44,0)181939475(44,1)
(46,0)1413297063(47,0)
(46,0)155497071(46,1)
(47,0)1110321241(48,0)
(48,0)873991801(48,1)
(49,0)728317538(50,0)
(50,0)1205401500(51,0)
(51,0)281394660(51,1)
(52,0)475234304(53,0)
(53,0)449987049(54,0)
(53,0)209303294(53,1)
(54,0)284363183(54,1)
(55,0)185522555(55,1)
(56,0)1(57,0)
(56,0)1(56,1)
(57,0)1(58,0)
(58,0)1(59,0)
(58,0)454740558(58,1)
(59,0)1(60,0)
(60,0)1(61,0)
(61,0)1(61,1)
(62,0)1725948760(62,1)
(63,0)452456913(64,0)
(63,0)1006604879(63,1)
(64,0)229774129(65,0)
(65,0)796922636(66,0)
(67,0)1294429556(67,1)
(68,0)1503732851(69,0)
(69,0)74282951(70,0)
(69,0)289835988(69,1)
(70,0)475358543(71,0)
(71,0)759230602(72,0)
(72,0)957934351(73,0)
(72,0)1009013832(72,1)
(73,0)1463754390(74,0)
(74,0)701457876(75,0)
(76,0)70163(77,0)
(76,0)1014109574(76,1)
(77,0)592574686(78,0)
(78,0)517978064(79,0)
(79,0)831009871(80,0)
(80,0)78322403(81,0)
(80,0)747752193(80,1)
(81,0)35444175(82,0)
(82,0)774878416(83,0)
(84,0)165129102(85,0)
(84,0)131127619(84,1)
(85,0)713012291(86,0)
(86,0)1309849826(87,0)
(86,0)640487646(86,1)
(88,0)866596816(89,0)
(88,0)120300529(88,1)
(89,0)965772221(89,1)
(90,0)918722997(91,0)
(91,0)434680618(92,0)
(92,0)1268549891(93,0)
(92,0)918793160(92,1)
(93,0)572053199(94,0)
(93,0)1027255305(93,1)
(95,0)386796501(96,0)
(96,0)883511931(97,0)
(96,0)3125660(96,1)
(97,0)422240676(97,1)
(98,0)297533791(99,0)
(99,0)726544811(99,1)
(0,1)462662893(1,1)
(1,1)355046610(2,1)
(2,1)1293605225(3,1)
(2,1)1103150539(2,2)
(3,1)605168370(4,1)
(4,1)546402671(5,1)
(6,1)342179940(7,1)
(7,1)401654334(8,1)
(7,1)1018202324(7,2)
(8,1)139268567(9,1)
(11,1)165109376(12,1)
(11,1)1088605723(11,2)
(13,1)752972084(14,1)
(13,1)587350052(13,2)
(14,1)884883843(15,1)
(15,1)1125058672(16,1)
(15,1)1479516896(15,2)
(17,1)303213628(18,1)
(18,1)609393871(18,2)
(19,1)908381998(19,2)
(20,1)331838941(21,1)
(21,1)1284325243(21,2)
(22,1)155043919(23,1)
(22,1)674018881(22,2)
(24,1)294312487(24,2)
(25,1)72625362(26,1)
(26,1)561656709(27,1)
(27,1)237734738(27,2)
(28,1)386290715(28,2)
(29,1)524924090(29,2)
(31,1)910031723(32,1)
(31,1)846890093(31,2)
(32,1)179511727(33,1)
(34,1)1339422865(34,2)
(35,1)898253025(36,1)
(36,1)305982643(36,2)
(37,1)980001525(38,1)
(37,1)424056901(37,2)
(38,1)351515111(39,1)
(39,1)767509859(39,2)
(40,1)240560845(41,1)
(41,1)122996409(42,1)
(42,1)802217554(42,2)
(44,1)419872505(45,1)
(44,1)379598726(44,2)
(45,1)910339689(45,2)
(46,1)276829843(46,2)
(47,1)852115435(47,2)
(49,1)1128680727(50,1)
(50,1)1037155165(51,1)
(51,1)198003484(52,1)
(52,1)303507006(53,1)
(54,1)655022117(54,2)
(55,1)215421430(56,1)
(55,1)173431428(55,2)
(56,1)1(56,2)
(57,1)840809619(58,1)
(57,1)338417839(57,2)
(58,1)233366254(59,1)
(60,1)792173930(61,1)
(60,1)653238759(60,2)
(61,1)1(62,1)
(62,1)1(63,1)
(62,1)401920064(62,2)
(63,1)1(64,1)
(63,1)379644430(63,2)
(64,1)1(64,2)
(65,1)28420416(66,1)
(66,1)648515279(66,2)
(67,1)480467874(68,1)
(67,1)226423901(67,2)
(69,1)10354233(70,1)
(71,1)225775663(71,2)
(72,1)564193503(73,1)
(72,1)1073387520(72,2)
(73,1)118112082(74,1)
(74,1)797559757(74,2)
(75,1)1450798517(76,1)
(76,1)608386338(76,2)
(77,1)1010306403(78,1)
(77,1)233383471(77,2)
(78,1)613027901(79,1)
(80,1)373859335(81,1)
(80,1)224388015(80,2)
(81,1)872903294(82,1)
(83,1)928500209(84,1)
(84,1)615632986(85,1)
(84,1)923037611(84,2)
(86,1)1164630106(87,1)
(86,1)51326232(86,2)
(87,1)1124713752(88,1)
(87,1)1219066291(87,2)
(89,1)378899718(90,1)
(89,1)1242825834(89,2)
(90,1)785261204(91,1)
(90,1)969656867(90,2)
(93,1)440865961(93,2)
(94,1)528625960(94,2)
(95,1)753013975(96,1)
(95,1)232716415(95,2)
(98,1)831804789(99,1)
(98,1)1190993564(98,2)
(99,1)222910631(99,2)
(0,2)1447437775(1,2)
(1,2)1161765074(1,3)
(2,2)178911532(3,2)
(3,2)475994111(4,2)
(3,2)1163627913(3,3)
(4,2)169588724(5,2)
(5,2)139151211(6,2)
(6,2)356597502(7,2)
(7,2)569805150(8,2)
(8,2)50701078(8,3)
(9,2)1010671111(9,3)
(10,2)505537753(11,2)
(10,2)265589818(10,3)
(11,2)1018603794(12,2)
(12,2)777270741(13,2)
(12,2)374263731(12,3)
(13,2)497037415(13,3)
(14,2)1328842205(15,2)
(16,2)1053349859(17,2)
(16,2)628796332(16,3)
(18,2)895517721(19,2)
(19,2)992512884(20,2)
(19,2)456070803(19,3)
(20,2)27407101(21,2)
(20,2)1065106446(20,3)
(21,2)56868390(22,2)
(22,2)384004603(22,3)
(23,2)434705681(24,2)
(23,2)626673540(23,3)
(25,2)955583571(26,2)
(26,2)559244668(27,2)
(27,2)369662487(28,2)
(28,2)323741132(29,2)
(29,2)1157296067(30,2)
(29,2)38336641(29,3)
(31,2)133896022(32,2)
(32,2)676514060(33,2)
(33,2)1(34,2)
(33,2)1(33,3)
(34,2)1(35,2)
(35,2)1(36,2)
(36,2)1(37,2)
(37,2)981455221(38,2)
(37,2)1(37,3)
(40,2)663057513(40,3)
(41,2)658456269(42,2)
(41,2)495865929(41,3)
(42,2)322569646(43,2)
(43,2)471312475(44,2)
(44,2)646310779(44,3)
(45,2)151410468(46,2)
(46,2)425749147(47,2)
(47,2)285306490(47,3)
(48,2)399279204(49,2)
(49,2)526811341(50,2)
(50,2)960775401(51,2)
(50,2)969322722(50,3)
(52,2)1005517760(52,3)
(53,2)400744914(53,3)
(54,2)588701753(54,3)
(56,2)1(56,3)
(58,2)790850645(59,2)
(58,2)214524301(58,3)
(59,2)860835080(60,2)
(61,2)706199219(62,2)
(63,2)538363680(63,3)
(64,2)1(65,2)
(65,2)1(66,2)
(66,2)1(67,2)
(67,2)1(68,2)
(68,2)1(69,2)
(69,2)1(70,2)
(69,2)113193049(69,3)
(70,2)1(70,3)
(71,2)400585306(72,2)
(72,2)1422196771(73,2)
(74,2)65563768(74,3)
(75,2)476595809(75,3)
(77,2)481585382(77,3)
(78,2)1(79,2)
(78,2)1(78,3)
(79,2)188257344(80,2)
(79,2)1(79,3)
(81,2)710395153(82,2)
(81,2)706927662(81,3)
(82,2)644887672(83,2)
(82,2)109779111(82,3)
(85,2)336488590(85,3)
(86,2)590256658(86,3)
(88,2)1270666596(88,3)
(90,2)83849626(91,2)
(91,2)652654915(92,2)
(91,2)1111616527(91,3)
(93,2)64117085(94,2)
(94,2)283445498(95,2)
(94,2)465667323(94,3)
(95,2)252374429(95,3)
(96,2)959302091(97,2)
(97,2)99505100(98,2)
(97,2)487105059(97,3)
(99,2)28288074(99,3)
(0,3)388378131(1,3)
(0,3)440298711(0,4)
(1,3)364776665(1,4)
(2,3)213246490(3,3)
(2,3)978634790(2,4)
(3,3)970127877(4,3)
(3,3)676839747(3,4)
(5,3)672659803(6,3)
(5,3)577381693(5,4)
(6,3)661231319(7,3)
(8,3)1229994592(9,3)
(8,3)86438655(8,4)
(9,3)150555740(10,3)
(11,3)402930170(11,4)
(14,3)818938377(14,4)
(15,3)1259237088(16,3)
(16,3)331165903(17,3)
(17,3)486409402(18,3)
(17,3)543771840(17,4)
(18,3)544412394(18,4)
(21,3)18685224(22,3)
(22,3)190294319(23,3)
(22,3)547666644(22,4)
(23,3)634105300(24,3)
(25,3)968467180(26,3)
(25,3)784661040(25,4)
(27,3)293355354(27,4)
(28,3)1(29,3)
(28,3)1(28,4)
(29,3)1(30,3)
(30,3)1(31,3)
(31,3)1(32,3)
(31,3)333031641(31,4)
(32,3)1(33,3)
(34,3)675466364(35,3)
(35,3)1020044689(36,3)
(36,3)1(37,3)
(36,3)1(36,4)
(38,3)658642009(39,3)
(38,3)277509298(38,4)
(40,3)380851026(41,3)
(41,3)1025669074(42,3)
(41,3)518781742(41,4)
(42,3)812137096(43,3)
(44,3)856859504(45,3)
(44,3)917485685(44,4)
(45,3)142230754(46,3)
(45,3)1044576613(45,4)
(47,3)890095478(48,3)
(48,3)241163169(49,3)
(48,3)106928089(48,4)
(49,3)56859510(50,3)
(50,3)76680329(51,3)
(50,3)916629533(50,4)
(52,3)163895308(52,4)
(53,3)1(54,3)
(53,3)1(53,4)
(54,3)1(55,3)
(55,3)1(56,3)
(56,3)510500910(57,3)
(56,3)417656919(56,4)
(59,3)92640043(60,3)
(60,3)104287968(60,4)
(61,3)234870798(61,4)
(62,3)1257104882(63,3)
(63,3)43543229(64,3)
(63,3)628536162(63,4)
(65,3)267413936(66,3)
(65,3)100402740(65,4)
(66,3)1177306940(67,3)
(68,3)39077418(69,3)
(68,3)1145457405(68,4)
(70,3)1(70,4)
(71,3)493540230(72,3)
(71,3)95537387(71,4)
(72,3)208219823(72,4)
(73,3)332155737(73,4)
(74,3)839406080(74,4)
(75,3)943694048(76,3)
(76,3)700560191(76,4)
(77,3)1(78,3)
(77,3)1(77,4)
(79,3)1(80,3)
(79,3)680718561(79,4)
(80,3)1(81,3)
(80,3)334690395(80,4)
(81,3)1(81,4)
(82,3)184649756(83,3)
(84,3)553468758(85,3)
(84,3)223727174(84,4)
(85,3)299610485(86,3)
(86,3)251187671(86,4)
(87,3)459407494(88,3)
(88,3)1125306452(89,3)
(88,3)121199585(88,4)
(89,3)960605665(90,3)
(90,3)1119376110(90,4)
(92,3)438950797(93,3)
(93,3)309627984(93,4)
(95,3)316445138(95,4)
(96,3)902633383(97,3)
(98,3)219687676(99,3)
(99,3)391330790(99,4)
(1,4)972499020(1,5)
(3,4)256287865(3,5)
(4,4)1381594318(5,4)
(5,4)583526241(6,4)
(6,4)645329175(7,4)
(6,4)353486780(6,5)
(7,4)25939433(8,4)
(7,4)340342306(7,5)
(8,4)779293103(9,4)
(9,4)335567417(9,5)
(10,4)1325913963(11,4)
(10,4)381431146(10,5)
(11,4)318259583(12,4)
(12,4)891759449(13,4)
(12,4)949898161(12,5)
(13,4)384826953(14,4)
(15,4)776157743(15,5)
(16,4)683322358(16,5)
(17,4)605706405(17,5)
(18,4)861994270(19,4)
(19,4)873298329(20,4)
(20,4)1(21,4)
(20,4)1(20,5)
(21,4)1(22,4)
(22,4)1(22,5)
(23,4)1(24,4)
(23,4)1(23,5)
(24,4)1(25,4)
(24,4)428976332(24,5)
(25,4)810407478(26,4)
(25,4)1(25,5)
(26,4)205130310(27,4)
(28,4)1(29,4)
(29,4)1(30,4)
(30,4)1(30,5)
(32,4)529240712(33,4)
(33,4)804478964(34,4)
(33,4)972816405(33,5)
(35,4)1487339923(36,4)
(36,4)1(37,4)
(36,4)92251214(36,5)
(37,4)1(38,4)
(38,4)1(39,4)
(38,4)636801444(38,5)
(39,4)1(40,4)
(40,4)1(40,5)
(42,4)857368667(43,4)
(43,4)874428415(44,4)
(45,4)258341560(46,4)
(46,4)1134732102(46,5)
(47,4)688833313(48,4)
(48,4)496307907(49,4)
(48,4)108168488(48,5)
(50,4)1023605923(51,4)
(50,4)365575080(50,5)
(51,4)1(52,4)
(51,4)1(51,5)
(52,4)1(53,4)
(53,4)500041934(54,4)
(54,4)774794827(55,4)
(56,4)347203172(56,5)
(57,4)124741827(58,4)
(57,4)887887571(57,5)
(58,4)745437577(59,4)
(58,4)4406336(58,5)
(59,4)999170243(59,5)
(60,4)654563711(61,4)
(61,4)914490038(62,4)
(62,4)233491487(62,5)
(63,4)341659976(64,4)
(64,4)949151980(65,4)
(65,4)177152713(66,4)
(66,4)532839546(67,4)
(67,4)634979008(67,5)
(69,4)188556680(69,5)
(70,4)1(70,5)
(72,4)1(73,4)
(72,4)1(72,5)
(73,4)1(74,4)
(74,4)1(75,4)
(75,4)1(75,5)
(76,4)1(77,4)
(76,4)1(76,5)
(77,4)892367707(78,4)
(80,4)315112657(80,5)
(81,4)1(82,4)
(82,4)1(83,4)
(83,4)1(84,4)
(84,4)17458339(85,4)
(84,4)1(84,5)
(86,4)112292703(87,4)
(87,4)525765142(88,4)
(88,4)789607715(89,4)
(88,4)730211774(88,5)
(90,4)793920223(90,5)
(91,4)1089199358(91,5)
(92,4)999320332(93,4)
(93,4)197680501(93,5)
(94,4)365281009(94,5)
(95,4)680393666(96,4)
(96,4)541100889(97,4)
(96,4)211832019(96,5)
(97,4)820780579(97,5)
(98,4)649682238(99,4)
(98,4)711115254(98,5)
(0,5)667140578(1,5)
(1,5)381567275(1,6)
(2,5)493859978(3,5)
(2,5)291491660(2,6)
(3,5)817256802(4,5)
(5,5)101358692(5,6)
(6,5)616623161(6,6)
(7,5)111872236(7,6)
(8,5)1111192568(9,5)
(9,5)119616457(9,6)
(11,5)9383596(12,5)
(11,5)285876648(11,6)
(12,5)826977538(13,5)
(13,5)1287952061(14,5)
(13,5)830164175(13,6)
(15,5)177624849(16,5)
(15,5)1(15,6)
(17,5)290995004(18,5)
(18,5)754317142(19,5)
(18,5)15201737(18,6)
(20,5)1(20,6)
(21,5)261946368(21,6)
(22,5)1(23,5)
(22,5)1034328140(22,6)
(23,5)1115579198(23,6)
(25,5)1(26,5)
(25,5)93251129(25,6)
(26,5)379127777(27,5)
(26,5)1(26,6)
(27,5)254709662(28,5)
(29,5)596714459(30,5)
(30,5)1(31,5)
(31,5)1(31,6)
(32,5)348077579(33,5)
(32,5)203777965(32,6)
(33,5)218979702(34,5)
(34,5)237178147(35,5)
(34,5)1102394721(34,6)
(37,5)333633138(38,5)
(37,5)725574395(37,6)
(39,5)1147073152(39,6)
(40,5)1(40,6)
(41,5)98063144(41,6)
(42,5)921447842(43,5)
(43,5)678073726(44,5)
(44,5)1(45,5)
(44,5)1(44,6)
(45,5)1(45,6)
(47,5)251356044(47,6)
(48,5)249721425(48,6)
(49,5)175500215(49,6)
(51,5)1064249179(52,5)
(51,5)1(51,6)
(53,5)1153003836(54,5)
(54,5)397471821(55,5)
(55,5)84673593(56,5)
(55,5)437065877(55,6)
(56,5)535129021(57,5)
(60,5)915142776(61,5)
(60,5)398010449(60,6)
(61,5)150752997(62,5)
(62,5)816786622(62,6)
(63,5)107273510(63,6)
(64,5)282773725(65,5)
(64,5)781669422(64,6)
(65,5)399129955(66,5)
(65,5)271140545(65,6)
(68,5)713777803(69,5)
(68,5)617325892(68,6)
(70,5)1(71,5)
(71,5)1(72,5)
(72,5)953227891(72,6)
(73,5)262321107(74,5)
(74,5)690603783(74,6)
(75,5)1(76,5)
(76,5)119340312(76,6)
(77,5)936126934(78,5)
(78,5)402861774(78,6)
(79,5)1184531197(80,5)
(80,5)126291879(81,5)
(82,5)899556638(83,5)
(82,5)1281479724(82,6)
(83,5)226487106(83,6)
(84,5)1(85,5)
(85,5)1(86,5)
(86,5)1(86,6)
(87,5)1178662498(87,6)
(88,5)742505442(89,5)
(91,5)1(92,5)
(91,5)1(91,6)
(92,5)1(92,6)
(93,5)1244431871(94,5)
(93,5)1002170224(93,6)
(94,5)857321558(95,5)
(94,5)962905341(94,6)
(95,5)444836158(96,5)
(95,5)281479420(95,6)
(97,5)117609514(98,5)
(98,5)617213562(98,6)
(99,5)2016415131(99,6)
(0,6)129817666(1,6)
(0,6)83064356(0,7)
(1,6)660164774(2,6)
(2,6)923134315(3,6)
(2,6)755436635(2,7)
(3,6)186799847(4,6)
(4,6)433849067(5,6)
(6,6)380552045(6,7)
(7,6)446595335(8,6)
(8,6)414665976(8,7)
(10,6)158603470(11,6)
(10,6)207615072(10,7)
(11,6)652451230(12,6)
(13,6)348261691(13,7)
(14,6)270559258(15,6)
(14,6)127964107(14,7)
(15,6)1(16,6)
(16,6)522145241(17,6)
(16,6)1(16,7)
(18,6)562536862(19,6)
(20,6)1(20,7)
(21,6)217640984(21,7)
(22,6)796193453(22,7)
(24,6)1124815221(25,6)
(25,6)722473630(25,7)
(26,6)1(27,6)
(27,6)1(28,6)
(28,6)1(29,6)
(28,6)26317795(28,7)
(29,6)1(30,6)
(30,6)1(31,6)
(31,6)970060019(32,6)
(31,6)365310366(31,7)
(32,6)1041397872(32,7)
(33,6)339193781(34,6)
(34,6)1321003336(35,6)
(35,6)647942748(36,6)
(36,6)396617262(36,7)
(37,6)1192810716(38,6)
(39,6)607293598(40,6)
(39,6)256186498(39,7)
(40,6)978660128(41,6)
(40,6)1(40,7)
(42,6)1494227378(42,7)
(43,6)92348951(43,7)
(44,6)1(44,7)
(45,6)1(46,6)
(46,6)1(46,7)
(47,6)1043494180(48,6)
(49,6)780714219(50,6)
(50,6)1(51,6)
(50,6)1(50,7)
(52,6)210902965(52,7)
(53,6)289287560(53,7)
(54,6)545474058(55,6)
(55,6)187210670(55,7)
(56,6)92915184(57,6)
(57,6)870877916(58,6)
(57,6)1351959737(57,7)
(59,6)105172341(60,6)
(59,6)243939442(59,7)
(60,6)927152365(60,7)
(61,6)830545933(61,7)
(62,6)378495896(63,6)
(63,6)793094067(64,6)
(65,6)752179019(66,6)
(66,6)854981605(67,6)
(68,6)137943423(69,6)
(68,6)13552000(68,7)
(70,6)683417481(70,7)
(71,6)60068019(72,6)
(71,6)263331867(71,7)
(73,6)930945935(73,7)
(74,6)1174885378(75,6)
(74,6)912116645(74,7)
(76,6)704584502(77,6)
(76,6)946168249(76,7)
(77,6)610104916(78,6)
(77,6)621034036(77,7)
(78,6)446293242(79,6)
(79,6)987916188(80,6)
(80,6)829523621(81,6)
(83,6)1362020355(83,7)
(84,6)901278883(85,6)
(85,6)262628326(86,6)
(85,6)423626358(85,7)
(86,6)1(87,6)
(86,6)627748081(86,7)
(87,6)1(88,6)
(87,6)322696345(87,7)
(88,6)1(88,7)
(89,6)1(90,6)
(89,6)1(89,7)
(90,6)1(91,6)
(90,6)281044010(90,7)
(91,6)758668189(91,7)
(92,6)1(92,7)
(95,6)718134699(95,7)
(96,6)310746258(97,6)
(97,6)587947481(97,7)
(99,6)1010151291(99,7)
(0,7)703763071(1,7)
(1,7)1433777649(1,8)
(3,7)1778643616(4,7)
(4,7)1170191477(5,7)
(4,7)128018409(4,8)
(5,7)1194901236(6,7)
(7,7)530964099(8,7)
(8,7)731817678(8,8)
(9,7)462036190(10,7)
(9,7)220797628(9,8)
(10,7)864299822(10,8)
(11,7)49568403(12,7)
(12,7)1088902625(12,8)
(13,7)400996690(14,7)
(13,7)637515884(13,8)
(14,7)440000073(15,7)
(14,7)1242930828(14,8)
(16,7)1(17,7)
(16,7)1143763144(16,8)
(17,7)1(18,7)
(17,7)168008205(17,8)
(18,7)1(19,7)
(18,7)670694210(18,8)
(19,7)1(20,7)
(21,7)558500718(22,7)
(23,7)475122871(24,7)
(23,7)1089464818(23,8)
(24,7)838003987(24,8)
(25,7)937159061(25,8)
(26,7)476608938(26,8)
(27,7)1565511563(28,7)
(28,7)241904450(29,7)
(29,7)556210631(30,7)
(30,7)681904523(30,8)
(33,7)450825132(34,7)
(33,7)5974668(33,8)
(35,7)490196824(36,7)
(36,7)1095667958(37,7)
(37,7)1048697542(37,8)
(38,7)747883942(38,8)
(40,7)1(41,7)
(41,7)1(41,8)
(42,7)745096657(43,7)
(42,7)896467990(42,8)
(43,7)209747793(44,7)
(44,7)1(45,7)
(45,7)1(45,8)
(46,7)1(46,8)
(47,7)1347089650(47,8)
(48,7)1047214953(48,8)
(49,7)1(50,7)
(49,7)1(49,8)
(51,7)772859722(51,8)
(52,7)525969671(52,8)
(53,7)603363919(53,8)
(54,7)592826544(55,7)
(55,7)965693487(56,7)
(55,7)712257896(55,8)
(57,7)268432573(58,7)
(57,7)595759936(57,8)
(58,7)450578997(58,8)
(59,7)478180366(59,8)
(60,7)658456917(60,8)
(61,7)755748474(62,7)
(62,7)158608089(63,7)
(63,7)633170952(63,8)
(64,7)961418563(65,7)
(65,7)682178364(66,7)
(65,7)175373756(65,8)
(66,7)948233478(67,7)
(66,7)391720276(66,8)
(67,7)917689948(68,7)
(68,7)227082800(69,7)
(68,7)622307094(68,8)
(69,7)287059423(70,7)
(69,7)44059914(69,8)
(70,7)756317810(71,7)
(70,7)819909344(70,8)
(71,7)191873928(72,7)
(72,7)461800150(72,8)
(73,7)912379147(74,7)
(73,7)460306501(73,8)
(74,7)938486868(75,7)
(75,7)3340416(76,7)
(75,7)202475604(75,8)
(76,7)35142011(76,8)
(77,7)1028121564(78,7)
(77,7)759088890(77,8)
(79,7)684274541(80,7)
(80,7)1096206178(81,7)
(80,7)206194758(80,8)
(81,7)597915034(82,7)
(82,7)990171786(83,7)
(83,7)519263102(84,7)
(84,7)1217254586(84,8)
(85,7)806322526(85,8)
(86,7)168499058(86,8)
(87,7)81554211(87,8)
(88,7)1(89,7)
(92,7)1(92,8)
(93,7)396127507(93,8)
(94,7)1112193637(94,8)
(95,7)616024679(95,8)
(96,7)265682459(96,8)
(97,7)162638467(98,7)
(98,7)825165723(98,8)
(99,7)681901570(99,8)
(0,8)696606012(1,8)
(2,8)1399815885(3,8)
(2,8)865105071(2,9)
(4,8)408031868(5,8)
(4,8)1012436873(4,9)
(5,8)890598987(5,9)
(6,8)488269300(7,8)
(7,8)1078269911(7,9)
(8,8)798203705(9,8)
(10,8)821989181(11,8)
(11,8)1081302089(12,8)
(13,8)850121871(13,9)
(14,8)307868134(14,9)
(15,8)202804796(16,8)
(16,8)683668999(16,9)
(18,8)525284363(18,9)
(19,8)896694702(19,9)
(20,8)261624766(20,9)
(21,8)2520567(22,8)
(22,8)438448860(23,8)
(22,8)128079341(22,9)
(23,8)1258905959(23,9)
(24,8)763935211(25,8)
(25,8)999566260(26,8)
(25,8)407180440(25,9)
(26,8)54888914(27,8)
(27,8)526112386(28,8)
(28,8)783506572(29,8)
(30,8)770569559(30,9)
(31,8)48264256(31,9)
(32,8)35685998(33,8)
(32,8)686619003(32,9)
(33,8)1211903367(34,8)
(33,8)855528981(33,9)
(35,8)150903661(36,8)
(35,8)602140955(35,9)
(37,8)153424228(37,9)
(38,8)400768764(38,9)
(39,8)748126064(39,9)
(40,8)28781751(40,9)
(41,8)1(41,9)
(42,8)422888643(43,8)
(43,8)747786745(44,8)
(45,8)1(45,9)
(46,8)641510461(47,8)
(46,8)1(46,9)
(48,8)677196459(48,9)
(49,8)566475355(50,8)
(49,8)1(49,9)
(51,8)988538780(52,8)
(51,8)717379016(51,9)
(52,8)870803245(53,8)
(53,8)361168198(53,9)
(54,8)1109294263(55,8)
(54,8)135649785(54,9)
(55,8)164431536(56,8)
(55,8)1389630281(55,9)
(56,8)117117120(56,9)
(58,8)154539218(58,9)
(60,8)520861841(61,8)
(61,8)430686898(62,8)
(61,8)1190415560(61,9)
(62,8)326651598(63,8)
(63,8)153246508(63,9)
(64,8)318416618(64,9)
(65,8)258560469(65,9)
(66,8)476829768(66,9)
(67,8)903460453(67,9)
(70,8)226439266(70,9)
(71,8)343556386(72,8)
(72,8)701759765(72,9)
(73,8)856298983(74,8)
(75,8)69749768(75,9)
(77,8)1134235059(78,8)
(77,8)1081416544(77,9)
(79,8)826320173(79,9)
(80,8)1084880643(81,8)
(80,8)174888888(80,9)
(81,8)651718657(82,8)
(82,8)576132023(83,8)
(83,8)479988613(83,9)
(84,8)60467522(85,8)
(86,8)1030576712(86,9)
(87,8)263272680(87,9)
(88,8)1225322922(88,9)
(89,8)481306275(90,8)
(89,8)441151812(89,9)
(90,8)510901580(91,8)
(92,8)1(93,8)
(93,8)1(93,9)
(94,8)1170076861(95,8)
(95,8)968150086(95,9)
(96,8)640821657(97,8)
(96,8)107473856(96,9)
(97,8)20810337(98,8)
(98,8)459744379(99,8)
(0,9)910230707(1,9)
(1,9)520211901(2,9)
(2,9)1228393981(3,9)
(3,9)829947001(4,9)
(5,9)675238817(6,9)
(6,9)1093219681(7,9)
(7,9)1135641442(8,9)
(9,9)879877639(10,9)
(10,9)1576793254(11,9)
(11,9)234384366(12,9)
(12,9)117536511(13,9)
(14,9)1366420287(15,9)
(17,9)1432389103(18,9)
(19,9)774194637(20,9)
(20,9)585537324(21,9)
(21,9)840891688(22,9)
(24,9)948365544(25,9)
(25,9)235682733(26,9)
(27,9)969175881(28,9)
(28,9)1452636413(29,9)
(29,9)353074578(30,9)
(30,9)602581782(31,9)
(31,9)215383473(32,9)
(34,9)1045330474(35,9)
(35,9)276591445(36,9)
(36,9)358730933(37,9)
(38,9)1412232888(39,9)
(39,9)111809024(40,9)
(40,9)870944146(41,9)
(41,9)1(42,9)
(42,9)1(43,9)
(43,9)1(44,9)
(44,9)1(45,9)
(46,9)1(47,9)
(47,9)1(48,9)
(48,9)1(49,9)
(50,9)1119742767(51,9)
(52,9)827245313(53,9)
(53,9)714603843(54,9)
(56,9)950286576(57,9)
(57,9)1389961089(58,9)
(58,9)597303091(59,9)
(59,9)255439342(60,9)
(62,9)470822815(63,9)
(63,9)468838500(64,9)
(64,9)883376989(65,9)
(66,9)745429945(67,9)
(67,9)1242107922(68,9)
(69,9)10179185(70,9)
(71,9)230680294(72,9)
(72,9)851721680(73,9)
(74,9)1219160951(75,9)
(76,9)1265240368(77,9)
(77,9)1534699749(78,9)
(79,9)115275853(80,9)
(80,9)1521053374(81,9)
(81,9)951282611(82,9)
(83,9)200815039(84,9)
(85,9)1047479553(86,9)
(87,9)468689383(88,9)
(88,9)289956995(89,9)
(89,9)426245341(90,9)
(90,9)724128725(91,9)
(92,9)1626130215(93,9)
(93,9)1(94,9)
(94,9)1(95,9)
(95,9)1(96,9)
(96,9)1(97,9)
(97,9)1(98,9)
(98,9)1(99,9)
