100 10
(0,0)1999485583(1,0)
(0,0)1069916450(0,1)
(1,0)1716181451(2,0)
(1,0)958526666(1,1)
(2,0)1976729749(3,0)
(2,0)755727079(2,1)
(3,0)895715987(4,0)
(3,0)1193201932(3,1)
(4,0)1452604034(5,0)
(4,0)268909458(4,1)
(5,0)2085073557(6,0)
(5,0)165146947(5,1)
(6,0)344708285(7,0)
(6,0)942011135(6,1)
(7,0)1122010363(8,0)
(7,0)1039067781(7,1)
(8,0)1434114427(9,0)
(8,0)323589893(8,1)
(9,0)925809784(10,0)
(9,0)122091341(9,1)
(10,0)1938016086(11,0)
(10,0)774891812(10,1)
(11,0)1107838956(12,0)
(11,0)1570688640(11,1)
(12,0)413169017(13,0)
(12,0)1408738032(12,1)
(13,0)2024177017(14,0)
(13,0)687901671(13,1)
(14,0)1115129320(15,0)
(14,0)709298461(14,1)
(15,0)1779214911(16,0)
(15,0)665218367(15,1)
(16,0)1623745034(17,0)
(16,0)967131255(16,1)
(17,0)1722858335(18,0)
(17,0)1347912715(17,1)
(18,0)393630999(19,0)
(18,0)1452991135(18,1)
(19,0)1721900593(20,0)
(19,0)471090674(19,1)
(20,0)636237621(21,0)
(20,0)1846235033(20,1)
(21,0)640762521(22,0)
(21,0)1659490502(21,1)
(22,0)551074635(23,0)
(22,0)980945906(22,1)
(23,0)1304535799(24,0)
(23,0)1762772884(23,1)
(24,0)1884864225(25,0)
(24,0)1985189062(24,1)
(25,0)612597227(26,0)
(25,0)82861936(25,1)
(26,0)1653550576(27,0)
(26,0)1675396663(26,1)
(27,0)936651047(28,0)
(27,0)1720436183(27,1)
(28,0)260854206(29,0)
(28,0)2066719594(28,1)
(29,0)628534407(30,0)
(29,0)813344416(29,1)
(30,0)1478562784(31,0)
(30,0)1375983526(30,1)
(31,0)195631134(32,0)
(31,0)260265671(31,1)
(32,0)1608178386(33,0)
(32,0)954824170(32,1)
(33,0)260331657(34,0)
(33,0)1918489469(33,1)
(34,0)242096495(35,0)
(34,0)2001809385(34,1)
(35,0)1700560770(36,0)
(35,0)1982232250(35,1)
(36,0)1494239104(37,0)
(36,0)878334116(36,1)
(37,0)1859280022(38,0)
(37,0)193839643(37,1)
(38,0)1956612527(39,0)
(38,0)2045313740(38,1)
(39,0)1883019154(40,0)
(39,0)1016332174(39,1)
(40,0)1099194110(41,0)
(40,0)1693993104(40,1)
(41,0)1221906119(42,0)
(41,0)348132733(41,1)
(42,0)2068568917(43,0)
(42,0)605261038(42,1)
(43,0)524496984(44,0)
(43,0)11073519(43,1)
(44,0)824417935(45,0)
(44,0)181939475(44,1)
(45,0)1557923002(46,0)
(45,0)1153031392(45,1)
(46,0)1413297063(47,0)
(46,0)155497071(46,1)
(47,0)1110321241(48,0)
(47,0)1753554136(47,1)
(48,0)1524559957(49,0)
(48,0)873991801(48,1)
(49,0)728317538(50,0)
(49,0)1370652898(49,1)
(50,0)1205401500(51,0)
(50,0)1766656452(50,1)
(51,0)497506920(52,0)
(51,0)281394660(51,1)
(52,0)475234304(53,0)
(52,0)552156957(52,1)
(53,0)449987049(54,0)
(53,0)209303294(53,1)
(54,0)1225635468(55,0)
(54,0)284363183(54,1)
(55,0)1978356288(56,0)
(55,0)185522555(55,1)
(56,0)533655289(57,0)
(56,0)177345930(56,1)
(57,0)782606969(58,0)
(57,0)1052778759(57,1)
(58,0)1063852278(59,0)
(58,0)454740558(58,1)
(59,0)636680033(60,0)
(59,0)1307103953(59,1)
(60,0)312651697(61,0)
(60,0)1888270214(60,1)
(61,0)2043767285(62,0)
(61,0)47119387(61,1)
(62,0)1800673523(63,0)
(62,0)1725948760(62,1)
(63,0)452456913(64,0)
(63,0)1006604879(63,1)
(64,0)229774129(65,0)
(64,0)1177749832(64,1)
(65,0)796922636(66,0)
(65,0)1180774451(65,1)
(66,0)1462169112(67,0)
(66,0)1435175630(66,1)
(67,0)1987332587(68,0)
(67,0)1294429556(67,1)
(68,0)1503732851(69,0)
(68,0)1937403416(68,1)
(69,0)74282951(70,0)
(69,0)289835988(69,1)
(70,0)475358543(71,0)
(70,0)581884671(70,1)
(71,0)759230602(72,0)
(71,0)2052639239(71,1)
(72,0)957934351(73,0)
(72,0)1009013832(72,1)
(73,0)1463754390(74,0)
(73,0)1541837571(73,1)
(74,0)701457876(75,0)
(74,0)2021786629(74,1)
(75,0)1762573195(76,0)
(75,0)2100434424(75,1)
(76,0)70163(77,0)
(76,0)1014109574(76,1)
(77,0)592574686(78,0)
(77,0)1658856833(77,1)
(78,0)517978064(79,0)
(78,0)1800743687(78,1)
(79,0)831009871(80,0)
(79,0)1045031600(79,1)
(80,0)78322403(81,0)
(80,0)747752193(80,1)
(81,0)35444175(82,0)
(81,0)1627932508(81,1)
(82,0)774878416(83,0)
(82,0)1540491515(82,1)
(83,0)1330411283(84,0)
(83,0)2022776762(83,1)
(84,0)165129102(85,0)
(84,0)131127619(84,1)
(85,0)713012291(86,0)
(85,0)1404694235(85,1)
(86,0)1309849826(87,0)
(86,0)640487646(86,1)
(87,0)1649501478(88,0)
(87,0)1472242893(87,1)
(88,0)866596816(89,0)
(88,0)120300529(88,1)
(89,0)2142087159(90,0)
(89,0)965772221(89,1)
(90,0)918722997(91,0)
(90,0)1568054692(90,1)
(91,0)434680618(92,0)
(91,0)1757176706(91,1)
(92,0)1268549891(93,0)
(92,0)918793160(92,1)
(93,0)572053199(94,0)
(93,0)1027255305(93,1)
(94,0)2072286905(95,0)
(94,0)1786527955(94,1)
(95,0)386796501(96,0)
(95,0)1403063071(95,1)
(96,0)883511931(97,0)
(96,0)3125660(96,1)
(97,0)1543617176(98,0)
(97,0)422240676(97,1)
(98,0)297533791(99,0)
(98,0)1658390347(98,1)
(99,0)726544811(99,1)
(0,1)462662893(1,1)
(0,1)1789517967(0,2)
(1,1)355046610(2,1)
(1,1)2131239046(1,2)
(2,1)1293605225(3,1)
(2,1)1103150539(2,2)
(3,1)605168370(4,1)
(3,1)1827289503(3,2)
(4,1)546402671(5,1)
(4,1)1413905754(4,2)
(5,1)1408509265(6,1)
(5,1)1570940591(5,2)
(6,1)342179940(7,1)
(6,1)2114457363(6,2)
(7,1)401654334(8,1)
(7,1)1018202324(7,2)
(8,1)139268567(9,1)
(8,1)1260973100(8,2)
(9,1)1833026300(10,1)
(9,1)1428909639(9,2)
(10,1)1353712896(11,1)
(10,1)1925796523(10,2)
(11,1)165109376(12,1)
(11,1)1088605723(11,2)
(12,1)1972117654(13,1)
(12,1)1356838556(12,2)
(13,1)752972084(14,1)
(13,1)587350052(13,2)
(14,1)884883843(15,1)
(14,1)1483024353(14,2)
(15,1)1125058672(16,1)
(15,1)1479516896(15,2)
(16,1)1463272294(17,1)
(16,1)1347546737(16,2)
(17,1)303213628(18,1)
(17,1)1480105282(17,2)
(18,1)1159911137(19,1)
(18,1)609393871(18,2)
(19,1)2023299626(20,1)
(19,1)908381998(19,2)
(20,1)331838941(21,1)
(20,1)1706313808(20,2)
(21,1)1673287524(22,1)
(21,1)1284325243(21,2)
(22,1)155043919(23,1)
(22,1)674018881(22,2)
(23,1)1934991982(24,1)
(23,1)2074941858(23,2)
(24,1)1356367849(25,1)
(24,1)294312487(24,2)
(25,1)72625362(26,1)
(25,1)1620534634(25,2)
(26,1)561656709(27,1)
(26,1)562597097(26,2)
(27,1)1919435653(28,1)
(27,1)237734738(27,2)
(28,1)825084790(29,1)
(28,1)386290715(28,2)
(29,1)1869315068(30,1)
(29,1)524924090(29,2)
(30,1)2004440986(31,1)
(30,1)1709968634(30,2)
(31,1)910031723(32,1)
(31,1)846890093(31,2)
(32,1)179511727(33,1)
(32,1)1320229632(32,2)
(33,1)1929623504(34,1)
(33,1)1213245351(33,2)
(34,1)2121627350(35,1)
(34,1)1339422865(34,2)
(35,1)898253025(36,1)
(35,1)1805439482(35,2)
(36,1)942281077(37,1)
(36,1)305982643(36,2)
(37,1)980001525(38,1)
(37,1)424056901(37,2)
(38,1)351515111(39,1)
(38,1)1097324997(38,2)
(39,1)1391637484(40,1)
(39,1)767509859(39,2)
(40,1)240560845(41,1)
(40,1)1707882960(40,2)
(41,1)122996409(42,1)
(41,1)1464262846(41,2)
(42,1)1701997584(43,1)
(42,1)802217554(42,2)
(43,1)1188508269(44,1)
(43,1)2042432063(43,2)
(44,1)419872505(45,1)
(44,1)379598726(44,2)
(45,1)2089567360(46,1)
(45,1)910339689(45,2)
(46,1)1757229782(47,1)
(46,1)276829843(46,2)
(47,1)1597059475(48,1)
(47,1)852115435(47,2)
(48,1)2065360787(49,1)
(48,1)1936741510(48,2)
(49,1)1128680727(50,1)
(49,1)1379199331(49,2)
(50,1)1037155165(51,1)
(50,1)2039504489(50,2)
(51,1)198003484(52,1)
(51,1)2026933752(51,2)
(52,1)303507006(53,1)
(52,1)1979436243(52,2)
(53,1)929277592(54,1)
(53,1)1178005009(53,2)
(54,1)1945514868(55,1)
(54,1)655022117(54,2)
(55,1)215421430(56,1)
(55,1)173431428(55,2)
(56,1)1637694274(57,1)
(56,1)38592065(56,2)
(57,1)840809619(58,1)
(57,1)338417839(57,2)
(58,1)233366254(59,1)
(58,1)1192208210(58,2)
(59,1)1571806936(60,1)
(59,1)2029317888(59,2)
(60,1)792173930(61,1)
(60,1)653238759(60,2)
(61,1)930068602(62,1)
(61,1)1513890649(61,2)
(62,1)218522436(63,1)
(62,1)401920064(62,2)
(63,1)191177926(64,1)
(63,1)379644430(63,2)
(64,1)1758843761(65,1)
(64,1)136399575(64,2)
(65,1)28420416(66,1)
(65,1)1319858653(65,2)
(66,1)1199308758(67,1)
(66,1)648515279(66,2)
(67,1)480467874(68,1)
(67,1)226423901(67,2)
(68,1)1404428910(69,1)
(68,1)1502815764(68,2)
(69,1)10354233(70,1)
(69,1)1409745466(69,2)
(70,1)1583176894(71,1)
(70,1)1202460131(70,2)
(71,1)1241052196(72,1)
(71,1)225775663(71,2)
(72,1)564193503(73,1)
(72,1)1073387520(72,2)
(73,1)118112082(74,1)
(73,1)2081861816(73,2)
(74,1)1963696056(75,1)
(74,1)797559757(74,2)
(75,1)1450798517(76,1)
(75,1)1689919018(75,2)
(76,1)1056326019(77,1)
(76,1)608386338(76,2)
(77,1)1010306403(78,1)
(77,1)233383471(77,2)
(78,1)613027901(79,1)
(78,1)1274848456(78,2)
(79,1)1411248031(80,1)
(79,1)1201484329(79,2)
(80,1)373859335(81,1)
(80,1)224388015(80,2)
(81,1)872903294(82,1)
(81,1)1439668448(81,2)
(82,1)1666092349(83,1)
(82,1)1573168093(82,2)
(83,1)928500209(84,1)
(83,1)1353371168(83,2)
(84,1)615632986(85,1)
(84,1)923037611(84,2)
(85,1)2125497742(86,1)
(85,1)938854442(85,2)
(86,1)1164630106(87,1)
(86,1)51326232(86,2)
(87,1)1124713752(88,1)
(87,1)1219066291(87,2)
(88,1)1153444459(89,1)
(88,1)1728823609(88,2)
(89,1)378899718(90,1)
(89,1)1242825834(89,2)
(90,1)785261204(91,1)
(90,1)969656867(90,2)
(91,1)1578043206(92,1)
(91,1)1829698235(91,2)
(92,1)2063081707(93,1)
(92,1)1841587224(92,2)
(93,1)968952032(94,1)
(93,1)440865961(93,2)
(94,1)1642350290(95,1)
(94,1)528625960(94,2)
(95,1)753013975(96,1)
(95,1)232716415(95,2)
(96,1)1672384863(97,1)
(96,1)2016209625(96,2)
(97,1)1441894070(98,1)
(97,1)1625917269(97,2)
(98,1)831804789(99,1)
(98,1)1190993564(98,2)
(99,1)222910631(99,2)
(0,2)1447437775(1,2)
(0,2)2114031176(0,3)
(1,2)2092045270(2,2)
(1,2)1161765074(1,3)
(2,2)178911532(3,2)
(2,2)1498764007(2,3)
(3,2)475994111(4,2)
(3,2)1163627913(3,3)
(4,2)169588724(5,2)
(4,2)1907735141(4,3)
(5,2)139151211(6,2)
(5,2)1718819945(5,3)
(6,2)356597502(7,2)
(6,2)1139245592(6,3)
(7,2)569805150(8,2)
(7,2)1968849447(7,3)
(8,2)1884447506(9,2)
(8,2)50701078(8,3)
(9,2)1019653110(10,2)
(9,2)1010671111(9,3)
(10,2)505537753(11,2)
(10,2)265589818(10,3)
(11,2)1018603794(12,2)
(11,2)1252369525(11,3)
(12,2)777270741(13,2)
(12,2)374263731(12,3)
(13,2)1816157801(14,2)
(13,2)497037415(13,3)
(14,2)1328842205(15,2)
(14,2)1968264305(14,3)
(15,2)1934811833(16,2)
(15,2)2039068433(15,3)
(16,2)1053349859(17,2)
(16,2)628796332(16,3)
(17,2)2127560340(18,2)
(17,2)1879373456(17,3)
(18,2)895517721(19,2)
(18,2)1232261391(18,3)
(19,2)992512884(20,2)
(19,2)456070803(19,3)
(20,2)27407101(21,2)
(20,2)1065106446(20,3)
(21,2)56868390(22,2)
(21,2)1131664095(21,3)
(22,2)953029894(23,2)
(22,2)384004603(22,3)
(23,2)434705681(24,2)
(23,2)626673540(23,3)
(24,2)1637344651(25,2)
(24,2)689993752(24,3)
(25,2)955583571(26,2)
(25,2)1454358791(25,3)
(26,2)559244668(27,2)
(26,2)2142882404(26,3)
(27,2)369662487(28,2)
(27,2)1974187365(27,3)
(28,2)323741132(29,2)
(28,2)1336515409(28,3)
(29,2)1157296067(30,2)
(29,2)38336641(29,3)
(30,2)2077405074(31,2)
(30,2)1652583337(30,3)
(31,2)133896022(32,2)
(31,2)944624252(31,3)
(32,2)676514060(33,2)
(32,2)983271285(32,3)
(33,2)68049028(34,2)
(33,2)113972714(33,3)
(34,2)570043517(35,2)
(34,2)1572031782(34,3)
(35,2)489654580(36,2)
(35,2)1060561912(35,3)
(36,2)44742359(37,2)
(36,2)597450618(36,3)
(37,2)981455221(38,2)
(37,2)546522970(37,3)
(38,2)1173196510(39,2)
(38,2)997772254(38,3)
(39,2)1687766006(40,2)
(39,2)1416160902(39,3)
(40,2)723036045(41,2)
(40,2)663057513(40,3)
(41,2)658456269(42,2)
(41,2)495865929(41,3)
(42,2)322569646(43,2)
(42,2)1282280714(42,3)
(43,2)471312475(44,2)
(43,2)1028118757(43,3)
(44,2)1066455398(45,2)
(44,2)646310779(44,3)
(45,2)151410468(46,2)
(45,2)1628608542(45,3)
(46,2)425749147(47,2)
(46,2)996376824(46,3)
(47,2)1979648109(48,2)
(47,2)285306490(47,3)
(48,2)399279204(49,2)
(48,2)1102263207(48,3)
(49,2)526811341(50,2)
(49,2)2047697137(49,3)
(50,2)960775401(51,2)
(50,2)969322722(50,3)
(51,2)1566773340(52,2)
(51,2)1016465921(51,3)
(52,2)1562988891(53,2)
(52,2)1005517760(52,3)
(53,2)2003290014(54,2)
(53,2)400744914(53,3)
(54,2)1816905816(55,2)
(54,2)588701753(54,3)
(55,2)1251759266(56,2)
(55,2)1543572373(55,3)
(56,2)2039438302(57,2)
(56,2)392458214(56,3)
(57,2)1674738928(58,2)
(57,2)1910215536(57,3)
(58,2)790850645(59,2)
(58,2)214524301(58,3)
(59,2)860835080(60,2)
(59,2)2146051403(59,3)
(60,2)1627176298(61,2)
(60,2)1857306043(60,3)
(61,2)706199219(62,2)
(61,2)1012245548(61,3)
(62,2)1297552039(63,2)
(62,2)2052925445(62,3)
(63,2)1007705004(64,2)
(63,2)538363680(63,3)
(64,2)438577169(65,2)
(64,2)1696831243(64,3)
(65,2)518670317(66,2)
(65,2)1534516346(65,3)
(66,2)403498619(67,2)
(66,2)1399352570(66,3)
(67,2)257386682(68,2)
(67,2)2085443658(67,3)
(68,2)338704924(69,2)
(68,2)1966487511(68,3)
(69,2)407705616(70,2)
(69,2)113193049(69,3)
(70,2)1656765422(71,2)
(70,2)8127092(70,3)
(71,2)400585306(72,2)
(71,2)1659464883(71,3)
(72,2)1422196771(73,2)
(72,2)1548720076(72,3)
(73,2)1763244377(74,2)
(73,2)2075324234(73,3)
(74,2)2073891990(75,2)
(74,2)65563768(74,3)
(75,2)1922869811(76,2)
(75,2)476595809(75,3)
(76,2)1488841358(77,2)
(76,2)1553584640(76,3)
(77,2)1459026437(78,2)
(77,2)481585382(77,3)
(78,2)1019949062(79,2)
(78,2)638909749(78,3)
(79,2)188257344(80,2)
(79,2)319247793(79,3)
(80,2)1853764139(81,2)
(80,2)1458526231(80,3)
(81,2)710395153(82,2)
(81,2)706927662(81,3)
(82,2)644887672(83,2)
(82,2)109779111(82,3)
(83,2)2076266622(84,2)
(83,2)967781835(83,3)
(84,2)1080974884(85,2)
(84,2)983592596(84,3)
(85,2)991719688(86,2)
(85,2)336488590(85,3)
(86,2)1995953473(87,2)
(86,2)590256658(86,3)
(87,2)2138976735(88,2)
(87,2)1392304995(87,3)
(88,2)1320145581(89,2)
(88,2)1270666596(88,3)
(89,2)1336230364(90,2)
(89,2)1754737464(89,3)
(90,2)83849626(91,2)
(90,2)1246553923(90,3)
(91,2)652654915(92,2)
(91,2)1111616527(91,3)
(92,2)1593201909(93,2)
(92,2)1572690984(92,3)
(93,2)64117085(94,2)
(93,2)2111681352(93,3)
(94,2)283445498(95,2)
(94,2)465667323(94,3)
(95,2)1924193554(96,2)
(95,2)252374429(95,3)
(96,2)959302091(97,2)
(96,2)2137209637(96,3)
(97,2)99505100(98,2)
(97,2)487105059(97,3)
(98,2)1454886895(99,2)
(98,2)1604189763(98,3)
(99,2)28288074(99,3)
(0,3)388378131(1,3)
(0,3)440298711(0,4)
(1,3)1432018400(2,3)
(1,3)364776665(1,4)
(2,3)213246490(3,3)
(2,3)978634790(2,4)
(3,3)970127877(4,3)
(3,3)676839747(3,4)
(4,3)1996985328(5,3)
(4,3)1483913087(4,4)
(5,3)672659803(6,3)
(5,3)577381693(5,4)
(6,3)661231319(7,3)
(6,3)1096055604(6,4)
(7,3)1748710519(8,3)
(7,3)1784276331(7,4)
(8,3)1229994592(9,3)
(8,3)86438655(8,4)
(9,3)150555740(10,3)
(9,3)1712908224(9,4)
(10,3)1996353722(11,3)
(10,3)1695661916(10,4)
(11,3)1472371822(12,3)
(11,3)402930170(11,4)
(12,3)1362232261(13,3)
(12,3)1986079711(12,4)
(13,3)2085584812(14,3)
(13,3)1959476882(13,4)
(14,3)1266880129(15,3)
(14,3)818938377(14,4)
(15,3)1259237088(16,3)
(15,3)2113872886(15,4)
(16,3)331165903(17,3)
(16,3)1655258260(16,4)
(17,3)486409402(18,3)
(17,3)543771840(17,4)
(18,3)1220611587(19,3)
(18,3)544412394(18,4)
(19,3)2028325481(20,3)
(19,3)1456537279(19,4)
(20,3)2033918973(21,3)
(20,3)1070113268(20,4)
(21,3)18685224(22,3)
(21,3)553501636(21,4)
(22,3)190294319(23,3)
(22,3)547666644(22,4)
(23,3)634105300(24,3)
(23,3)1767395743(23,4)
(24,3)1332820319(25,3)
(24,3)1420288912(24,4)
(25,3)968467180(26,3)
(25,3)784661040(25,4)
(26,3)1187591210(27,3)
(26,3)1181690393(26,4)
(27,3)1020286457(28,3)
(27,3)293355354(27,4)
(28,3)105348588(29,3)
(28,3)402339824(28,4)
(29,3)1221278201(30,3)
(29,3)958387621(29,4)
(30,3)924776859(31,3)
(30,3)1372228717(30,4)
(31,3)880003330(32,3)
(31,3)333031641(31,4)
(32,3)876803482(33,3)
(32,3)1255942763(32,4)
(33,3)1800355157(34,3)
(33,3)1366412732(33,4)
(34,3)675466364(35,3)
(34,3)2097415069(34,4)
(35,3)1020044689(36,3)
(35,3)1681196990(35,4)
(36,3)87214978(37,3)
(36,3)561901689(36,4)
(37,3)1109568333(38,3)
(37,3)1038729913(37,4)
(38,3)658642009(39,3)
(38,3)277509298(38,4)
(39,3)1697798210(40,3)
(39,3)1743673633(39,4)
(40,3)380851026(41,3)
(40,3)1991462328(40,4)
(41,3)1025669074(42,3)
(41,3)518781742(41,4)
(42,3)812137096(43,3)
(42,3)1568442236(42,4)
(43,3)1970782060(44,3)
(43,3)2045955531(43,4)
(44,3)856859504(45,3)
(44,3)917485685(44,4)
(45,3)142230754(46,3)
(45,3)1044576613(45,4)
(46,3)1377608255(47,3)
(46,3)1781636363(46,4)
(47,3)890095478(48,3)
(47,3)1022234084(47,4)
(48,3)241163169(49,3)
(48,3)106928089(48,4)
(49,3)56859510(50,3)
(49,3)542966987(49,4)
(50,3)76680329(51,3)
(50,3)916629533(50,4)
(51,3)1478531222(52,3)
(51,3)1076904200(51,4)
(52,3)2115634113(53,3)
(52,3)163895308(52,4)
(53,3)441404606(54,3)
(53,3)440615907(53,4)
(54,3)36805893(55,3)
(54,3)626792474(54,4)
(55,3)470771155(56,3)
(55,3)2139202816(55,4)
(56,3)510500910(57,3)
(56,3)417656919(56,4)
(57,3)1986099155(58,3)
(57,3)1496440229(57,4)
(58,3)1394912112(59,3)
(58,3)1322638006(58,4)
(59,3)92640043(60,3)
(59,3)1809397568(59,4)
(60,3)706490533(61,3)
(60,3)104287968(60,4)
(61,3)1885924331(62,3)
(61,3)234870798(61,4)
(62,3)1257104882(63,3)
(62,3)2084098788(62,4)
(63,3)43543229(64,3)
(63,3)628536162(63,4)
(64,3)1171503149(65,3)
(64,3)1498268051(64,4)
(65,3)267413936(66,3)
(65,3)100402740(65,4)
(66,3)1177306940(67,3)
(66,3)1248183479(66,4)
(67,3)1412078787(68,3)
(67,3)1745945158(67,4)
(68,3)39077418(69,3)
(68,3)1145457405(68,4)
(69,3)1772249880(70,3)
(69,3)1853483393(69,4)
(70,3)1845202561(71,3)
(70,3)75883311(70,4)
(71,3)493540230(72,3)
(71,3)95537387(71,4)
(72,3)1591977616(73,3)
(72,3)208219823(72,4)
(73,3)1530857829(74,3)
(73,3)332155737(73,4)
(74,3)2141553305(75,3)
(74,3)839406080(74,4)
(75,3)943694048(76,3)
(75,3)1623497873(75,4)
(76,3)1858368671(77,3)
(76,3)700560191(76,4)
(77,3)637175331(78,3)
(77,3)682134731(77,4)
(78,3)1310670893(79,3)
(78,3)967989905(78,4)
(79,3)318774309(80,3)
(79,3)680718561(79,4)
(80,3)781121301(81,3)
(80,3)334690395(80,4)
(81,3)1582873874(82,3)
(81,3)586188245(81,4)
(82,3)184649756(83,3)
(82,3)1958428241(82,4)
(83,3)956401998(84,3)
(83,3)847469013(83,4)
(84,3)553468758(85,3)
(84,3)223727174(84,4)
(85,3)299610485(86,3)
(85,3)581168230(85,4)
(86,3)676705617(87,3)
(86,3)251187671(86,4)
(87,3)459407494(88,3)
(87,3)793150715(87,4)
(88,3)1125306452(89,3)
(88,3)121199585(88,4)
(89,3)960605665(90,3)
(89,3)1990265323(89,4)
(90,3)1466279548(91,3)
(90,3)1119376110(90,4)
(91,3)1819936301(92,3)
(91,3)1904299713(91,4)
(92,3)438950797(93,3)
(92,3)1177164571(92,4)
(93,3)2145154477(94,3)
(93,3)309627984(93,4)
(94,3)990346545(95,3)
(94,3)1749621690(94,4)
(95,3)2084312085(96,3)
(95,3)316445138(95,4)
(96,3)902633383(97,3)
(96,3)1771467846(96,4)
(97,3)1582412439(98,3)
(97,3)1519702311(97,4)
(98,3)219687676(99,3)
(98,3)1087283139(98,4)
(99,3)391330790(99,4)
(0,4)773156434(1,4)
(0,4)1311010313(0,5)
(1,4)1610620798(2,4)
(1,4)972499020(1,5)
(2,4)1649204638(3,4)
(2,4)1024344105(2,5)
(3,4)1483751599(4,4)
(3,4)256287865(3,5)
(4,4)1381594318(5,4)
(4,4)1770404223(4,5)
(5,4)583526241(6,4)
(5,4)1326533275(5,5)
(6,4)645329175(7,4)
(6,4)353486780(6,5)
(7,4)25939433(8,4)
(7,4)340342306(7,5)
(8,4)779293103(9,4)
(8,4)1822493747(8,5)
(9,4)1820164576(10,4)
(9,4)335567417(9,5)
(10,4)1325913963(11,4)
(10,4)381431146(10,5)
(11,4)318259583(12,4)
(11,4)2136609714(11,5)
(12,4)891759449(13,4)
(12,4)949898161(12,5)
(13,4)384826953(14,4)
(13,4)1837961895(13,5)
(14,4)2057649571(15,4)
(14,4)1979042589(14,5)
(15,4)1142569254(16,4)
(15,4)776157743(15,5)
(16,4)1748656763(17,4)
(16,4)683322358(16,5)
(17,4)1707666463(18,4)
(17,4)605706405(17,5)
(18,4)861994270(19,4)
(18,4)1250377753(18,5)
(19,4)873298329(20,4)
(19,4)1043934415(19,5)
(20,4)222984042(21,4)
(20,4)96104940(20,5)
(21,4)449591720(22,4)
(21,4)1456824570(21,5)
(22,4)1797166876(23,4)
(22,4)868313217(22,5)
(23,4)543323316(24,4)
(23,4)475531153(23,5)
(24,4)811098571(25,4)
(24,4)428976332(24,5)
(25,4)810407478(26,4)
(25,4)216004244(25,5)
(26,4)205130310(27,4)
(26,4)2137012534(26,5)
(27,4)939427047(28,4)
(27,4)1128667061(27,5)
(28,4)819145308(29,4)
(28,4)1096889760(28,5)
(29,4)928448701(30,4)
(29,4)1324254000(29,5)
(30,4)2100411743(31,4)
(30,4)729311232(30,5)
(31,4)1412633590(32,4)
(31,4)2071017955(31,5)
(32,4)529240712(33,4)
(32,4)1701584859(32,5)
(33,4)804478964(34,4)
(33,4)972816405(33,5)
(34,4)2016750820(35,4)
(34,4)1391234983(34,5)
(35,4)1487339923(36,4)
(35,4)1677777293(35,5)
(36,4)987118215(37,4)
(36,4)92251214(36,5)
(37,4)960564432(38,4)
(37,4)1936931644(37,5)
(38,4)264979149(39,4)
(38,4)636801444(38,5)
(39,4)1065777776(40,4)
(39,4)1503887748(39,5)
(40,4)1719891993(41,4)
(40,4)1076077720(40,5)
(41,4)1065606606(42,4)
(41,4)1876185254(41,5)
(42,4)857368667(43,4)
(42,4)1925022303(42,5)
(43,4)874428415(44,4)
(43,4)2005033654(43,5)
(44,4)1181804006(45,4)
(44,4)1676513976(44,5)
(45,4)258341560(46,4)
(45,4)1802877116(45,5)
(46,4)1726411424(47,4)
(46,4)1134732102(46,5)
(47,4)688833313(48,4)
(47,4)1670975150(47,5)
(48,4)496307907(49,4)
(48,4)108168488(48,5)
(49,4)1499403471(50,4)
(49,4)1493312277(49,5)
(50,4)1023605923(51,4)
(50,4)365575080(50,5)
(51,4)457826294(52,4)
(51,4)839259747(51,5)
(52,4)628707743(53,4)
(52,4)2010724138(52,5)
(53,4)500041934(54,4)
(53,4)1418390726(53,5)
(54,4)774794827(55,4)
(54,4)893686892(54,5)
(55,4)1969764613(56,4)
(55,4)1565819710(55,5)
(56,4)1294521316(57,4)
(56,4)347203172(56,5)
(57,4)124741827(58,4)
(57,4)887887571(57,5)
(58,4)745437577(59,4)
(58,4)4406336(58,5)
(59,4)1680920312(60,4)
(59,4)999170243(59,5)
(60,4)654563711(61,4)
(60,4)1927241584(60,5)
(61,4)914490038(62,4)
(61,4)1939261872(61,5)
(62,4)1462753374(63,4)
(62,4)233491487(62,5)
(63,4)341659976(64,4)
(63,4)1603323351(63,5)
(64,4)949151980(65,4)
(64,4)1959061281(64,5)
(65,4)177152713(66,4)
(65,4)1841063447(65,5)
(66,4)532839546(67,4)
(66,4)1972757903(66,5)
(67,4)1835998394(68,4)
(67,4)634979008(67,5)
(68,4)2053369734(69,4)
(68,4)1161547289(68,5)
(69,4)2055234182(70,4)
(69,4)188556680(69,5)
(70,4)1754376391(71,4)
(70,4)680680913(70,5)
(71,4)1027884085(72,4)
(71,4)1877515147(71,5)
(72,4)617919070(73,4)
(72,4)901414059(72,5)
(73,4)905820395(74,4)
(73,4)1152625913(73,5)
(74,4)4312508(75,4)
(74,4)1363356648(74,5)
(75,4)1143114584(76,4)
(75,4)439257059(75,5)
(76,4)231035283(77,4)
(76,4)658876219(76,5)
(77,4)892367707(78,4)
(77,4)2057604622(77,5)
(78,4)1513444325(79,4)
(78,4)1693788657(78,5)
(79,4)1505366291(80,4)
(79,4)1234027683(79,5)
(80,4)927607482(81,4)
(80,4)315112657(80,5)
(81,4)140386913(82,4)
(81,4)1682519004(81,5)
(82,4)170014364(83,4)
(82,4)1460447029(82,5)
(83,4)474510670(84,4)
(83,4)1976385307(83,5)
(84,4)17458339(85,4)
(84,4)75900451(84,5)
(85,4)756581364(86,4)
(85,4)382261204(85,5)
(86,4)112292703(87,4)
(86,4)1771834730(86,5)
(87,4)525765142(88,4)
(87,4)1784465450(87,5)
(88,4)789607715(89,4)
(88,4)730211774(88,5)
(89,4)2093568422(90,4)
(89,4)1431585537(89,5)
(90,4)1870842597(91,4)
(90,4)793920223(90,5)
(91,4)1452796442(92,4)
(91,4)1089199358(91,5)
(92,4)999320332(93,4)
(92,4)2101877880(92,5)
(93,4)1648182890(94,4)
(93,4)197680501(93,5)
(94,4)1431708184(95,4)
(94,4)365281009(94,5)
(95,4)680393666(96,4)
(95,4)1006065533(95,5)
(96,4)541100889(97,4)
(96,4)211832019(96,5)
(97,4)1672279048(98,4)
(97,4)820780579(97,5)
(98,4)649682238(99,4)
(98,4)711115254(98,5)
(99,4)2146789718(99,5)
(0,5)667140578(1,5)
(0,5)787015705(0,6)
(1,5)1543597069(2,5)
(1,5)381567275(1,6)
(2,5)493859978(3,5)
(2,5)291491660(2,6)
(3,5)817256802(4,5)
(3,5)1180578871(3,6)
(4,5)1970186586(5,5)
(4,5)1224071752(4,6)
(5,5)1170156526(6,5)
(5,5)101358692(5,6)
(6,5)1972201289(7,5)
(6,5)616623161(6,6)
(7,5)2069419604(8,5)
(7,5)111872236(7,6)
(8,5)1111192568(9,5)
(8,5)1926595521(8,6)
(9,5)1427294763(10,5)
(9,5)119616457(9,6)
(10,5)1551324642(11,5)
(10,5)1476473577(10,6)
(11,5)9383596(12,5)
(11,5)285876648(11,6)
(12,5)826977538(13,5)
(12,5)1763156661(12,6)
(13,5)1287952061(14,5)
(13,5)830164175(13,6)
(14,5)1479846414(15,5)
(14,5)1538092792(14,6)
(15,5)177624849(16,5)
(15,5)1287258131(15,6)
(16,5)1668825406(17,5)
(16,5)2146986992(16,6)
(17,5)290995004(18,5)
(17,5)1721221918(17,6)
(18,5)754317142(19,5)
(18,5)15201737(18,6)
(19,5)1239273489(20,5)
(19,5)1108251807(19,6)
(20,5)1209610499(21,5)
(20,5)577020080(20,6)
(21,5)1193643242(22,5)
(21,5)261946368(21,6)
(22,5)373818604(23,5)
(22,5)1034328140(22,6)
(23,5)813440013(24,5)
(23,5)1115579198(23,6)
(24,5)1235195655(25,5)
(24,5)1485011173(24,6)
(25,5)814001102(26,5)
(25,5)93251129(25,6)
(26,5)379127777(27,5)
(26,5)639036649(26,6)
(27,5)254709662(28,5)
(27,5)823384698(27,6)
(28,5)1653548874(29,5)
(28,5)1206105315(28,6)
(29,5)596714459(30,5)
(29,5)1542661723(29,6)
(30,5)682436207(31,5)
(30,5)985911640(30,6)
(31,5)985414984(32,5)
(31,5)774339308(31,6)
(32,5)348077579(33,5)
(32,5)203777965(32,6)
(33,5)218979702(34,5)
(33,5)1276409988(33,6)
(34,5)237178147(35,5)
(34,5)1102394721(34,6)
(35,5)1679414801(36,5)
(35,5)1458253192(35,6)
(36,5)1720199560(37,5)
(36,5)1446788646(36,6)
(37,5)333633138(38,5)
(37,5)725574395(37,6)
(38,5)1841153593(39,5)
(38,5)2094018164(38,6)
(39,5)1431545689(40,5)
(39,5)1147073152(39,6)
(40,5)1240324281(41,5)
(40,5)928865601(40,6)
(41,5)1567902250(42,5)
(41,5)98063144(41,6)
(42,5)921447842(43,5)
(42,5)1619452058(42,6)
(43,5)678073726(44,5)
(43,5)1822611913(43,6)
(44,5)1217789988(45,5)
(44,5)427513068(44,6)
(45,5)1413424708(46,5)
(45,5)1274788185(45,6)
(46,5)2049127494(47,5)
(46,5)1900226195(46,6)
(47,5)2104004161(48,5)
(47,5)251356044(47,6)
(48,5)1527766033(49,5)
(48,5)249721425(48,6)
(49,5)1352116146(50,5)
(49,5)175500215(49,6)
(50,5)1633753407(51,5)
(50,5)1764944180(50,6)
(51,5)1064249179(52,5)
(51,5)884047299(51,6)
(52,5)1609621695(53,5)
(52,5)1206469319(52,6)
(53,5)1153003836(54,5)
(53,5)1397882317(53,6)
(54,5)397471821(55,5)
(54,5)1303291640(54,6)
(55,5)84673593(56,5)
(55,5)437065877(55,6)
(56,5)535129021(57,5)
(56,5)1637796102(56,6)
(57,5)1109764513(58,5)
(57,5)1652575844(57,6)
(58,5)1327704109(59,5)
(58,5)1456576864(58,6)
(59,5)1884089932(60,5)
(59,5)1787838239(59,6)
(60,5)915142776(61,5)
(60,5)398010449(60,6)
(61,5)150752997(62,5)
(61,5)1150030993(61,6)
(62,5)1401387037(63,5)
(62,5)816786622(62,6)
(63,5)1066508047(64,5)
(63,5)107273510(63,6)
(64,5)282773725(65,5)
(64,5)781669422(64,6)
(65,5)399129955(66,5)
(65,5)271140545(65,6)
(66,5)1155187845(67,5)
(66,5)1916527133(66,6)
(67,5)975512804(68,5)
(67,5)1463379134(67,6)
(68,5)713777803(69,5)
(68,5)617325892(68,6)
(69,5)1920617532(70,5)
(69,5)2128516640(69,6)
(70,5)418098870(71,5)
(70,5)1111249625(70,6)
(71,5)601562079(72,5)
(71,5)2005291126(71,6)
(72,5)1510383322(73,5)
(72,5)953227891(72,6)
(73,5)262321107(74,5)
(73,5)1711326592(73,6)
(74,5)1351681183(75,5)
(74,5)690603783(74,6)
(75,5)1088614232(76,5)
(75,5)2146411040(75,6)
(76,5)1148958385(77,5)
(76,5)119340312(76,6)
(77,5)936126934(78,5)
(77,5)1239367229(77,6)
(78,5)1346640739(79,5)
(78,5)402861774(78,6)
(79,5)1184531197(80,5)
(79,5)2002634982(79,6)
(80,5)126291879(81,5)
(80,5)1629414465(80,6)
(81,5)1398457950(82,5)
(81,5)1583661152(81,6)
(82,5)899556638(83,5)
(82,5)1281479724(82,6)
(83,5)1898805616(84,5)
(83,5)226487106(83,6)
(84,5)207520099(85,5)
(84,5)1613334441(84,6)
(85,5)577100418(86,5)
(85,5)1671939501(85,6)
(86,5)1529746979(87,5)
(86,5)625618969(86,6)
(87,5)1578846860(88,5)
(87,5)1178662498(87,6)
(88,5)742505442(89,5)
(88,5)892646653(88,6)
(89,5)1583250436(90,5)
(89,5)1841167968(89,6)
(90,5)1840095360(91,5)
(90,5)2094186626(90,6)
(91,5)66043290(92,5)
(91,5)524381020(91,6)
(92,5)1763748250(93,5)
(92,5)841570097(92,6)
(93,5)1244431871(94,5)
(93,5)1002170224(93,6)
(94,5)857321558(95,5)
(94,5)962905341(94,6)
(95,5)444836158(96,5)
(95,5)281479420(95,6)
(96,5)1865140572(97,5)
(96,5)983613438(96,6)
(97,5)117609514(98,5)
(97,5)1843294108(97,6)
(98,5)2069781215(99,5)
(98,5)617213562(98,6)
(99,5)2016415131(99,6)
(0,6)129817666(1,6)
(0,6)83064356(0,7)
(1,6)660164774(2,6)
(1,6)1540870984(1,7)
(2,6)923134315(3,6)
(2,6)755436635(2,7)
(3,6)186799847(4,6)
(3,6)1838827272(3,7)
(4,6)433849067(5,6)
(4,6)1815780968(4,7)
(5,6)1251547756(6,6)
(5,6)2027967815(5,7)
(6,6)1720579527(7,6)
(6,6)380552045(6,7)
(7,6)446595335(8,6)
(7,6)1775928776(7,7)
(8,6)1392193378(9,6)
(8,6)414665976(8,7)
(9,6)1659097848(10,6)
(9,6)1448765559(9,7)
(10,6)158603470(11,6)
(10,6)207615072(10,7)
(11,6)652451230(12,6)
(11,6)1940577268(11,7)
(12,6)1658234193(13,6)
(12,6)1142216908(12,7)
(13,6)1259826422(14,6)
(13,6)348261691(13,7)
(14,6)270559258(15,6)
(14,6)127964107(14,7)
(15,6)211028463(16,6)
(15,6)1128757905(15,7)
(16,6)522145241(17,6)
(16,6)400376924(16,7)
(17,6)1155813559(18,6)
(17,6)871193238(17,7)
(18,6)562536862(19,6)
(18,6)1445279556(18,7)
(19,6)1113576876(20,6)
(19,6)1342613406(19,7)
(20,6)1223097574(21,6)
(20,6)996385929(20,7)
(21,6)1376937974(22,6)
(21,6)217640984(21,7)
(22,6)1993569761(23,6)
(22,6)796193453(22,7)
(23,6)1210859430(24,6)
(23,6)1823533309(23,7)
(24,6)1124815221(25,6)
(24,6)1238279491(24,7)
(25,6)1445894563(26,6)
(25,6)722473630(25,7)
(26,6)515567250(27,6)
(26,6)1283418691(26,7)
(27,6)278151951(28,6)
(27,6)2098345794(27,7)
(28,6)299123837(29,6)
(28,6)26317795(28,7)
(29,6)154281903(30,6)
(29,6)1537978373(29,7)
(30,6)519252631(31,6)
(30,6)569683095(30,7)
(31,6)970060019(32,6)
(31,6)365310366(31,7)
(32,6)1236503604(33,6)
(32,6)1041397872(32,7)
(33,6)339193781(34,6)
(33,6)2125873578(33,7)
(34,6)1321003336(35,6)
(34,6)1799040467(34,7)
(35,6)647942748(36,6)
(35,6)1452770657(35,7)
(36,6)1670411642(37,6)
(36,6)396617262(36,7)
(37,6)1192810716(38,6)
(37,6)2024880723(37,7)
(38,6)1700930384(39,6)
(38,6)1516497755(38,7)
(39,6)607293598(40,6)
(39,6)256186498(39,7)
(40,6)978660128(41,6)
(40,6)678261957(40,7)
(41,6)1961680648(42,6)
(41,6)2053188162(41,7)
(42,6)2004050308(43,6)
(42,6)1494227378(42,7)
(43,6)1520545174(44,6)
(43,6)92348951(43,7)
(44,6)1630327325(45,6)
(44,6)155690497(44,7)
(45,6)725373592(46,6)
(45,6)1674827077(45,7)
(46,6)2040137443(47,6)
(46,6)2096308(46,7)
(47,6)1043494180(48,6)
(47,6)1695433611(47,7)
(48,6)1673823541(49,6)
(48,6)1129157400(48,7)
(49,6)780714219(50,6)
(49,6)1382687961(49,7)
(50,6)687974971(51,6)
(50,6)847343229(50,7)
(51,6)1243960492(52,6)
(51,6)1428656967(51,7)
(52,6)1306054042(53,6)
(52,6)210902965(52,7)
(53,6)1727400720(54,6)
(53,6)289287560(53,7)
(54,6)545474058(55,6)
(54,6)859500779(54,7)
(55,6)1537762736(56,6)
(55,6)187210670(55,7)
(56,6)92915184(57,6)
(56,6)1524134186(56,7)
(57,6)870877916(58,6)
(57,6)1351959737(57,7)
(58,6)1444308688(59,6)
(58,6)2096965492(58,7)
(59,6)105172341(60,6)
(59,6)243939442(59,7)
(60,6)1918766519(61,6)
(60,6)927152365(60,7)
(61,6)929248673(62,6)
(61,6)830545933(61,7)
(62,6)378495896(63,6)
(62,6)1811420315(62,7)
(63,6)793094067(64,6)
(63,6)1972742854(63,7)
(64,6)1207947167(65,6)
(64,6)2052319437(64,7)
(65,6)752179019(66,6)
(65,6)1573808286(65,7)
(66,6)854981605(67,6)
(66,6)1895922138(66,7)
(67,6)2106825103(68,6)
(67,6)1996139511(67,7)
(68,6)137943423(69,6)
(68,6)13552000(68,7)
(69,6)873052779(70,6)
(69,6)1686742175(69,7)
(70,6)1873952846(71,6)
(70,6)683417481(70,7)
(71,6)60068019(72,6)
(71,6)263331867(71,7)
(72,6)1615291604(73,6)
(72,6)1966868030(72,7)
(73,6)1916349875(74,6)
(73,6)930945935(73,7)
(74,6)1174885378(75,6)
(74,6)912116645(74,7)
(75,6)1839269010(76,6)
(75,6)2021522216(75,7)
(76,6)704584502(77,6)
(76,6)946168249(76,7)
(77,6)610104916(78,6)
(77,6)621034036(77,7)
(78,6)446293242(79,6)
(78,6)1083080398(78,7)
(79,6)987916188(80,6)
(79,6)1403198983(79,7)
(80,6)829523621(81,6)
(80,6)1654240409(80,7)
(81,6)1402678900(82,6)
(81,6)1740095207(81,7)
(82,6)1588751070(83,6)
(82,6)1684505227(82,7)
(83,6)1698057227(84,6)
(83,6)1362020355(83,7)
(84,6)901278883(85,6)
(84,6)1726694493(84,7)
(85,6)262628326(86,6)
(85,6)423626358(85,7)
(86,6)686958225(87,6)
(86,6)627748081(86,7)
(87,6)447132463(88,6)
(87,6)322696345(87,7)
(88,6)1253642280(89,6)
(88,6)154766182(88,7)
(89,6)1066882827(90,6)
(89,6)215998690(89,7)
(90,6)90037259(91,6)
(90,6)281044010(90,7)
(91,6)1227212260(92,6)
(91,6)758668189(91,7)
(92,6)1379702225(93,6)
(92,6)794621761(92,7)
(93,6)1877702159(94,6)
(93,6)1837317176(93,7)
(94,6)1093032512(95,6)
(94,6)1825995467(94,7)
(95,6)1332752229(96,6)
(95,6)718134699(95,7)
(96,6)310746258(97,6)
(96,6)1922556133(96,7)
(97,6)1459577712(98,6)
(97,6)587947481(97,7)
(98,6)1949967836(99,6)
(98,6)1899497328(98,7)
(99,6)1010151291(99,7)
(0,7)703763071(1,7)
(0,7)1478708173(0,8)
(1,7)1741336499(2,7)
(1,7)1433777649(1,8)
(2,7)2120735875(3,7)
(2,7)1331511152(2,8)
(3,7)1778643616(4,7)
(3,7)2064032844(3,8)
(4,7)1170191477(5,7)
(4,7)128018409(4,8)
(5,7)1194901236(6,7)
(5,7)1994642306(5,8)
(6,7)2084679565(7,7)
(6,7)1451235487(6,8)
(7,7)530964099(8,7)
(7,7)1953569425(7,8)
(8,7)1185788003(9,7)
(8,7)731817678(8,8)
(9,7)462036190(10,7)
(9,7)220797628(9,8)
(10,7)1313830140(11,7)
(10,7)864299822(10,8)
(11,7)49568403(12,7)
(11,7)1180170889(11,8)
(12,7)1490917148(13,7)
(12,7)1088902625(12,8)
(13,7)400996690(14,7)
(13,7)637515884(13,8)
(14,7)440000073(15,7)
(14,7)1242930828(14,8)
(15,7)574155354(16,7)
(15,7)1411147981(15,8)
(16,7)697441983(17,7)
(16,7)1143763144(16,8)
(17,7)327790649(18,7)
(17,7)168008205(17,8)
(18,7)84557402(19,7)
(18,7)670694210(18,8)
(19,7)798712619(20,7)
(19,7)2106434265(19,8)
(20,7)1953592923(21,7)
(20,7)1254748879(20,8)
(21,7)558500718(22,7)
(21,7)1993613855(21,8)
(22,7)1799699632(23,7)
(22,7)1890788841(22,8)
(23,7)475122871(24,7)
(23,7)1089464818(23,8)
(24,7)1310262446(25,7)
(24,7)838003987(24,8)
(25,7)1702303810(26,7)
(25,7)937159061(25,8)
(26,7)2117329951(27,7)
(26,7)476608938(26,8)
(27,7)1565511563(28,7)
(27,7)1751872213(27,8)
(28,7)241904450(29,7)
(28,7)1460763451(28,8)
(29,7)556210631(30,7)
(29,7)1966508253(29,8)
(30,7)1230172587(31,7)
(30,7)681904523(30,8)
(31,7)1825667667(32,7)
(31,7)1130365985(31,8)
(32,7)1298374191(33,7)
(32,7)1927614570(32,8)
(33,7)450825132(34,7)
(33,7)5974668(33,8)
(34,7)2112408933(35,7)
(34,7)1382931593(34,8)
(35,7)490196824(36,7)
(35,7)1249537751(35,8)
(36,7)1095667958(37,7)
(36,7)1918518209(36,8)
(37,7)1661823402(38,7)
(37,7)1048697542(37,8)
(38,7)2138162360(39,7)
(38,7)747883942(38,8)
(39,7)1585887930(40,7)
(39,7)2136946273(39,8)
(40,7)926621687(41,7)
(40,7)1300941158(40,8)
(41,7)1777550096(42,7)
(41,7)1140708092(41,8)
(42,7)745096657(43,7)
(42,7)896467990(42,8)
(43,7)209747793(44,7)
(43,7)1195578012(43,8)
(44,7)1014602617(45,7)
(44,7)987001107(44,8)
(45,7)1668905630(46,7)
(45,7)765958424(45,8)
(46,7)1896324410(47,7)
(46,7)97291556(46,8)
(47,7)2024906126(48,7)
(47,7)1347089650(47,8)
(48,7)1353064318(49,7)
(48,7)1047214953(48,8)
(49,7)282662898(50,7)
(49,7)328247610(49,8)
(50,7)1577785361(51,7)
(50,7)1317989604(50,8)
(51,7)1089024165(52,7)
(51,7)772859722(51,8)
(52,7)1821557264(53,7)
(52,7)525969671(52,8)
(53,7)1273853614(54,7)
(53,7)603363919(53,8)
(54,7)592826544(55,7)
(54,7)1812235977(54,8)
(55,7)965693487(56,7)
(55,7)712257896(55,8)
(56,7)1852965988(57,7)
(56,7)1519448231(56,8)
(57,7)268432573(58,7)
(57,7)595759936(57,8)
(58,7)1791337948(59,7)
(58,7)450578997(58,8)
(59,7)1437580105(60,7)
(59,7)478180366(59,8)
(60,7)1244138791(61,7)
(60,7)658456917(60,8)
(61,7)755748474(62,7)
(61,7)959002087(61,8)
(62,7)158608089(63,7)
(62,7)992979553(62,8)
(63,7)2040194506(64,7)
(63,7)633170952(63,8)
(64,7)961418563(65,7)
(64,7)1511672408(64,8)
(65,7)682178364(66,7)
(65,7)175373756(65,8)
(66,7)948233478(67,7)
(66,7)391720276(66,8)
(67,7)917689948(68,7)
(67,7)1771202529(67,8)
(68,7)227082800(69,7)
(68,7)622307094(68,8)
(69,7)287059423(70,7)
(69,7)44059914(69,8)
(70,7)756317810(71,7)
(70,7)819909344(70,8)
(71,7)191873928(72,7)
(71,7)1252752911(71,8)
(72,7)1848512847(73,7)
(72,7)461800150(72,8)
(73,7)912379147(74,7)
(73,7)460306501(73,8)
(74,7)938486868(75,7)
(74,7)1492367147(74,8)
(75,7)3340416(76,7)
(75,7)202475604(75,8)
(76,7)1161477692(77,7)
(76,7)35142011(76,8)
(77,7)1028121564(78,7)
(77,7)759088890(77,8)
(78,7)1392259843(79,7)
(78,7)1320085781(78,8)
(79,7)684274541(80,7)
(79,7)920832422(79,8)
(80,7)1096206178(81,7)
(80,7)206194758(80,8)
(81,7)597915034(82,7)
(81,7)1366452905(81,8)
(82,7)990171786(83,7)
(82,7)2044439656(82,8)
(83,7)519263102(84,7)
(83,7)1515604982(83,8)
(84,7)1559664896(85,7)
(84,7)1217254586(84,8)
(85,7)2037163931(86,7)
(85,7)806322526(85,8)
(86,7)2059075437(87,7)
(86,7)168499058(86,8)
(87,7)630299208(88,7)
(87,7)81554211(87,8)
(88,7)541860712(89,7)
(88,7)1760104636(88,8)
(89,7)1104988135(90,7)
(89,7)1542678356(89,8)
(90,7)1745153960(91,7)
(90,7)1480347580(90,8)
(91,7)1515489591(92,7)
(91,7)1108328551(91,8)
(92,7)1867417442(93,7)
(92,7)759148004(92,8)
(93,7)2079233786(94,7)
(93,7)396127507(93,8)
(94,7)1316959929(95,7)
(94,7)1112193637(94,8)
(95,7)1318388395(96,7)
(95,7)616024679(95,8)
(96,7)1982477585(97,7)
(96,7)265682459(96,8)
(97,7)162638467(98,7)
(97,7)1916303429(97,8)
(98,7)1284424764(99,7)
(98,7)825165723(98,8)
(99,7)681901570(99,8)
(0,8)696606012(1,8)
(0,8)2042420310(0,9)
(1,8)1932100593(2,8)
(1,8)1488224096(1,9)
(2,8)1399815885(3,8)
(2,8)865105071(2,9)
(3,8)1495404279(4,8)
(3,8)2013654804(3,9)
(4,8)408031868(5,8)
(4,8)1012436873(4,9)
(5,8)2117425008(6,8)
(5,8)890598987(5,9)
(6,8)488269300(7,8)
(6,8)1888379449(6,9)
(7,8)1256385392(8,8)
(7,8)1078269911(7,9)
(8,8)798203705(9,8)
(8,8)1247417304(8,9)
(9,8)1179167442(10,8)
(9,8)1652512900(9,9)
(10,8)821989181(11,8)
(10,8)1910397342(10,9)
(11,8)1081302089(12,8)
(11,8)1795192122(11,9)
(12,8)1630186059(13,8)
(12,8)1087671641(12,9)
(13,8)1250310108(14,8)
(13,8)850121871(13,9)
(14,8)2134546635(15,8)
(14,8)307868134(14,9)
(15,8)202804796(16,8)
(15,8)1932211678(15,9)
(16,8)1272952126(17,8)
(16,8)683668999(16,9)
(17,8)1548774070(18,8)
(17,8)2134905389(17,9)
(18,8)2001076545(19,8)
(18,8)525284363(18,9)
(19,8)1537721236(20,8)
(19,8)896694702(19,9)
(20,8)1787293689(21,8)
(20,8)261624766(20,9)
(21,8)2520567(22,8)
(21,8)1507662596(21,9)
(22,8)438448860(23,8)
(22,8)128079341(22,9)
(23,8)1375496646(24,8)
(23,8)1258905959(23,9)
(24,8)763935211(25,8)
(24,8)1236652565(24,9)
(25,8)999566260(26,8)
(25,8)407180440(25,9)
(26,8)54888914(27,8)
(26,8)1585924393(26,9)
(27,8)526112386(28,8)
(27,8)2080868349(27,9)
(28,8)783506572(29,8)
(28,8)1685074973(28,9)
(29,8)1992943108(30,8)
(29,8)1776422494(29,9)
(30,8)1561150525(31,8)
(30,8)770569559(30,9)
(31,8)1454238559(32,8)
(31,8)48264256(31,9)
(32,8)35685998(33,8)
(32,8)686619003(32,9)
(33,8)1211903367(34,8)
(33,8)855528981(33,9)
(34,8)1752223683(35,8)
(34,8)2036762543(34,9)
(35,8)150903661(36,8)
(35,8)602140955(35,9)
(36,8)2109803552(37,8)
(36,8)1392033725(36,9)
(37,8)1520113066(38,8)
(37,8)153424228(37,9)
(38,8)1412330188(39,8)
(38,8)400768764(38,9)
(39,8)1637421329(40,8)
(39,8)748126064(39,9)
(40,8)1155306505(41,8)
(40,8)28781751(40,9)
(41,8)1614706144(42,8)
(41,8)489503941(41,9)
(42,8)422888643(43,8)
(42,8)1210195419(42,9)
(43,8)747786745(44,8)
(43,8)2140818530(43,9)
(44,8)1769757377(45,8)
(44,8)1206395215(44,9)
(45,8)1976964775(46,8)
(45,8)593246205(45,9)
(46,8)641510461(47,8)
(46,8)1183424254(46,9)
(47,8)1870043257(48,8)
(47,8)1283719686(47,9)
(48,8)2139248667(49,8)
(48,8)677196459(48,9)
(49,8)566475355(50,8)
(49,8)934462976(49,9)
(50,8)1536603932(51,8)
(50,8)1743988703(50,9)
(51,8)988538780(52,8)
(51,8)717379016(51,9)
(52,8)870803245(53,8)
(52,8)1498923836(52,9)
(53,8)1899692600(54,8)
(53,8)361168198(53,9)
(54,8)1109294263(55,8)
(54,8)135649785(54,9)
(55,8)164431536(56,8)
(55,8)1389630281(55,9)
(56,8)1879134223(57,8)
(56,8)117117120(56,9)
(57,8)1327312539(58,8)
(57,8)1779137681(57,9)
(58,8)1772472563(59,8)
(58,8)154539218(58,9)
(59,8)1360934433(60,8)
(59,8)2075099284(59,9)
(60,8)520861841(61,8)
(60,8)1394746292(60,9)
(61,8)430686898(62,8)
(61,8)1190415560(61,9)
(62,8)326651598(63,8)
(62,8)1162372303(62,9)
(63,8)1839568762(64,8)
(63,8)153246508(63,9)
(64,8)1087709484(65,8)
(64,8)318416618(64,9)
(65,8)2062405321(66,8)
(65,8)258560469(65,9)
(66,8)975939486(67,8)
(66,8)476829768(66,9)
(67,8)1975753604(68,8)
(67,8)903460453(67,9)
(68,8)1264628651(69,8)
(68,8)1846742731(68,9)
(69,8)1982392516(70,8)
(69,8)1727962556(69,9)
(70,8)970109190(71,8)
(70,8)226439266(70,9)
(71,8)343556386(72,8)
(71,8)2146824052(71,9)
(72,8)1778478085(73,8)
(72,8)701759765(72,9)
(73,8)856298983(74,8)
(73,8)1670868926(73,9)
(74,8)1598484562(75,8)
(74,8)1403467001(74,9)
(75,8)650729645(76,8)
(75,8)69749768(75,9)
(76,8)1260165329(77,8)
(76,8)2119346404(76,9)
(77,8)1134235059(78,8)
(77,8)1081416544(77,9)
(78,8)1234663052(79,8)
(78,8)1586816927(78,9)
(79,8)1905233545(80,8)
(79,8)826320173(79,9)
(80,8)1084880643(81,8)
(80,8)174888888(80,9)
(81,8)651718657(82,8)
(81,8)1820155218(81,9)
(82,8)576132023(83,8)
(82,8)2060820129(82,9)
(83,8)1760079212(84,8)
(83,8)479988613(83,9)
(84,8)60467522(85,8)
(84,8)1840760675(84,9)
(85,8)2067199941(86,8)
(85,8)1594988080(85,9)
(86,8)1594328484(87,8)
(86,8)1030576712(86,9)
(87,8)1732336477(88,8)
(87,8)263272680(87,9)
(88,8)1934141606(89,8)
(88,8)1225322922(88,9)
(89,8)481306275(90,8)
(89,8)441151812(89,9)
(90,8)510901580(91,8)
(90,8)1385142520(90,9)
(91,8)1357005276(92,8)
(91,8)1132035920(91,9)
(92,8)65968816(93,8)
(92,8)1771066909(92,9)
(93,8)1210400189(94,8)
(93,8)343756687(93,9)
(94,8)1170076861(95,8)
(94,8)1300631868(94,9)
(95,8)1475520757(96,8)
(95,8)968150086(95,9)
(96,8)640821657(97,8)
(96,8)107473856(96,9)
(97,8)20810337(98,8)
(97,8)2127239414(97,9)
(98,8)459744379(99,8)
(98,8)1216953680(98,9)
(99,8)1780889549(99,9)
(0,9)910230707(1,9)
(1,9)520211901(2,9)
(2,9)1228393981(3,9)
(3,9)829947001(4,9)
(4,9)1550788613(5,9)
(5,9)675238817(6,9)
(6,9)1093219681(7,9)
(7,9)1135641442(8,9)
(8,9)1900561739(9,9)
(9,9)879877639(10,9)
(10,9)1576793254(11,9)
(11,9)234384366(12,9)
(12,9)117536511(13,9)
(13,9)2087694835(14,9)
(14,9)1366420287(15,9)
(15,9)1474541788(16,9)
(16,9)1711278096(17,9)
(17,9)1432389103(18,9)
(18,9)1818298475(19,9)
(19,9)774194637(20,9)
(20,9)585537324(21,9)
(21,9)840891688(22,9)
(22,9)1742344724(23,9)
(23,9)2061058081(24,9)
(24,9)948365544(25,9)
(25,9)235682733(26,9)
(26,9)2040813847(27,9)
(27,9)969175881(28,9)
(28,9)1452636413(29,9)
(29,9)353074578(30,9)
(30,9)602581782(31,9)
(31,9)215383473(32,9)
(32,9)873286480(33,9)
(33,9)1830975763(34,9)
(34,9)1045330474(35,9)
(35,9)276591445(36,9)
(36,9)358730933(37,9)
(37,9)2138550155(38,9)
(38,9)1412232888(39,9)
(39,9)111809024(40,9)
(40,9)870944146(41,9)
(41,9)841542494(42,9)
(42,9)346193391(43,9)
(43,9)988480657(44,9)
(44,9)781753681(45,9)
(45,9)1712613678(46,9)
(46,9)315538797(47,9)
(47,9)345548130(48,9)
(48,9)997519133(49,9)
(49,9)2133837273(50,9)
(50,9)1119742767(51,9)
(51,9)1583056457(52,9)
(52,9)827245313(53,9)
(53,9)714603843(54,9)
(54,9)1496630890(55,9)
(55,9)1775610858(56,9)
(56,9)950286576(57,9)
(57,9)1389961089(58,9)
(58,9)597303091(59,9)
(59,9)255439342(60,9)
(60,9)1743035668(61,9)
(61,9)1199884874(62,9)
(62,9)470822815(63,9)
(63,9)468838500(64,9)
(64,9)883376989(65,9)
(65,9)1516153289(66,9)
(66,9)745429945(67,9)
(67,9)1242107922(68,9)
(68,9)1507219796(69,9)
(69,9)10179185(70,9)
(70,9)1353916947(71,9)
(71,9)230680294(72,9)
(72,9)851721680(73,9)
(73,9)1700110338(74,9)
(74,9)1219160951(75,9)
(75,9)1633475361(76,9)
(76,9)1265240368(77,9)
(77,9)1534699749(78,9)
(78,9)1979023491(79,9)
(79,9)115275853(80,9)
(80,9)1521053374(81,9)
(81,9)951282611(82,9)
(82,9)1698332311(83,9)
(83,9)200815039(84,9)
(84,9)1665886454(85,9)
(85,9)1047479553(86,9)
(86,9)1976425897(87,9)
(87,9)468689383(88,9)
(88,9)289956995(89,9)
(89,9)426245341(90,9)
(90,9)724128725(91,9)
(91,9)2032992663(92,9)
(92,9)1626130215(93,9)
(93,9)1194951540(94,9)
(94,9)354347515(95,9)
(95,9)362023556(96,9)
(96,9)563621181(97,9)
(97,9)1099777460(98,9)
(98,9)1604131479(99,9)
