10 200
(0,0)1999485583(1,0)
(0,0)1069916450(0,1)
(1,0)1716181451(2,0)
(1,0)958526666(1,1)
(2,0)1976729749(3,0)
(2,0)755727079(2,1)
(3,0)895715987(4,0)
(3,0)1193201932(3,1)
(4,0)1452604034(5,0)
(4,0)268909458(4,1)
(5,0)2085073557(6,0)
(5,0)165146947(5,1)
(6,0)344708285(7,0)
(6,0)942011135(6,1)
(7,0)1122010363(8,0)
(7,0)1039067781(7,1)
(8,0)1434114427(9,0)
(8,0)323589893(8,1)
(9,0)122091341(9,1)
(0,1)774891812(1,1)
(0,1)925809784(0,2)
(1,1)1570688640(2,1)
(1,1)1938016086(1,2)
(2,1)1408738032(3,1)
(2,1)1107838956(2,2)
(3,1)687901671(4,1)
(3,1)413169017(3,2)
(4,1)709298461(5,1)
(4,1)2024177017(4,2)
(5,1)665218367(6,1)
(5,1)1115129320(5,2)
(6,1)967131255(7,1)
(6,1)1779214911(6,2)
(7,1)1347912715(8,1)
(7,1)1623745034(7,2)
(8,1)1452991135(9,1)
(8,1)1722858335(8,2)
(9,1)393630999(9,2)
(0,2)1721900593(1,2)
(0,2)471090674(0,3)
(1,2)636237621(2,2)
(1,2)1846235033(1,3)
(2,2)640762521(3,2)
(2,2)1659490502(2,3)
(3,2)551074635(4,2)
(3,2)980945906(3,3)
(4,2)1304535799(5,2)
(4,2)1762772884(4,3)
(5,2)1884864225(6,2)
(5,2)1985189062(5,3)
(6,2)612597227(7,2)
(6,2)82861936(6,3)
(7,2)1653550576(8,2)
(7,2)1675396663(7,3)
(8,2)936651047(9,2)
(8,2)1720436183(8,3)
(9,2)2066719594(9,3)
(0,3)813344416(1,3)
(0,3)260854206(0,4)
(1,3)1375983526(2,3)
(1,3)628534407(1,4)
(2,3)260265671(3,3)
(2,3)1478562784(2,4)
(3,3)954824170(4,3)
(3,3)195631134(3,4)
(4,3)1918489469(5,3)
(4,3)1608178386(4,4)
(5,3)2001809385(6,3)
(5,3)260331657(5,4)
(6,3)1982232250(7,3)
(6,3)242096495(6,4)
(7,3)878334116(8,3)
(7,3)1700560770(7,4)
(8,3)193839643(9,3)
(8,3)1494239104(8,4)
(9,3)1859280022(9,4)
(0,4)1956612527(1,4)
(0,4)2045313740(0,5)
(1,4)1883019154(2,4)
(1,4)1016332174(1,5)
(2,4)1099194110(3,4)
(2,4)1693993104(2,5)
(3,4)1221906119(4,4)
(3,4)348132733(3,5)
(4,4)2068568917(5,4)
(4,4)605261038(4,5)
(5,4)524496984(6,4)
(5,4)11073519(5,5)
(6,4)824417935(7,4)
(6,4)181939475(6,5)
(7,4)1557923002(8,4)
(7,4)1153031392(7,5)
(8,4)1413297063(9,4)
(8,4)155497071(8,5)
(9,4)1753554136(9,5)
(0,5)873991801(1,5)
(0,5)1110321241(0,6)
(1,5)1370652898(2,5)
(1,5)1524559957(1,6)
(2,5)1766656452(3,5)
(2,5)728317538(2,6)
(3,5)281394660(4,5)
(3,5)1205401500(3,6)
(4,5)552156957(5,5)
(4,5)497506920(4,6)
(5,5)209303294(6,5)
(5,5)475234304(5,6)
(6,5)284363183(7,5)
(6,5)449987049(6,6)
(7,5)185522555(8,5)
(7,5)1225635468(7,6)
(8,5)177345930(9,5)
(8,5)1978356288(8,6)
(9,5)533655289(9,6)
(0,6)782606969(1,6)
(0,6)1052778759(0,7)
(1,6)1063852278(2,6)
(1,6)454740558(1,7)
(2,6)636680033(3,6)
(2,6)1307103953(2,7)
(3,6)312651697(4,6)
(3,6)1888270214(3,7)
(4,6)2043767285(5,6)
(4,6)47119387(4,7)
(5,6)1800673523(6,6)
(5,6)1725948760(5,7)
(6,6)452456913(7,6)
(6,6)1006604879(6,7)
(7,6)229774129(8,6)
(7,6)1177749832(7,7)
(8,6)796922636(9,6)
(8,6)1180774451(8,7)
(9,6)1435175630(9,7)
(0,7)1294429556(1,7)
(0,7)1462169112(0,8)
(1,7)1937403416(2,7)
(1,7)1987332587(1,8)
(2,7)289835988(3,7)
(2,7)1503732851(2,8)
(3,7)581884671(4,7)
(3,7)74282951(3,8)
(4,7)2052639239(5,7)
(4,7)475358543(4,8)
(5,7)1009013832(6,7)
(5,7)759230602(5,8)
(6,7)1541837571(7,7)
(6,7)957934351(6,8)
(7,7)2021786629(8,7)
(7,7)1463754390(7,8)
(8,7)2100434424(9,7)
(8,7)701457876(8,8)
(9,7)1762573195(9,8)
(0,8)70163(1,8)
(0,8)1014109574(0,9)
(1,8)592574686(2,8)
(1,8)1658856833(1,9)
(2,8)517978064(3,8)
(2,8)1800743687(2,9)
(3,8)831009871(4,8)
(3,8)1045031600(3,9)
(4,8)78322403(5,8)
(4,8)747752193(4,9)
(5,8)35444175(6,8)
(5,8)1627932508(5,9)
(6,8)774878416(7,8)
(6,8)1540491515(6,9)
(7,8)1330411283(8,8)
(7,8)2022776762(7,9)
(8,8)165129102(9,8)
(8,8)131127619(8,9)
(9,8)1404694235(9,9)
(0,9)640487646(1,9)
(0,9)713012291(0,10)
(1,9)1472242893(2,9)
(1,9)1309849826(1,10)
(2,9)120300529(3,9)
(2,9)1649501478(2,10)
(3,9)965772221(4,9)
(3,9)866596816(3,10)
(4,9)1568054692(5,9)
(4,9)2142087159(4,10)
(5,9)1757176706(6,9)
(5,9)918722997(5,10)
(6,9)918793160(7,9)
(6,9)434680618(6,10)
(7,9)1027255305(8,9)
(7,9)1268549891(7,10)
(8,9)1786527955(9,9)
(8,9)572053199(8,10)
(9,9)2072286905(9,10)
(0,10)386796501(1,10)
(0,10)1403063071(0,11)
(1,10)883511931(2,10)
(1,10)3125660(1,11)
(2,10)1543617176(3,10)
(2,10)422240676(2,11)
(3,10)297533791(4,10)
(3,10)1658390347(3,11)
(4,10)1789517967(5,10)
(4,10)726544811(4,11)
(5,10)2131239046(6,10)
(5,10)462662893(5,11)
(6,10)1103150539(7,10)
(6,10)355046610(6,11)
(7,10)1827289503(8,10)
(7,10)1293605225(7,11)
(8,10)1413905754(9,10)
(8,10)605168370(8,11)
(9,10)546402671(9,11)
(0,11)1408509265(1,11)
(0,11)1570940591(0,12)
(1,11)342179940(2,11)
(1,11)2114457363(1,12)
(2,11)401654334(3,11)
(2,11)1018202324(2,12)
(3,11)139268567(4,11)
(3,11)1260973100(3,12)
(4,11)1833026300(5,11)
(4,11)1428909639(4,12)
(5,11)1353712896(6,11)
(5,11)1925796523(5,12)
(6,11)165109376(7,11)
(6,11)1088605723(6,12)
(7,11)1972117654(8,11)
(7,11)1356838556(7,12)
(8,11)752972084(9,11)
(8,11)587350052(8,12)
(9,11)1483024353(9,12)
(0,12)1479516896(1,12)
(0,12)884883843(0,13)
(1,12)1347546737(2,12)
(1,12)1125058672(1,13)
(2,12)1480105282(3,12)
(2,12)1463272294(2,13)
(3,12)609393871(4,12)
(3,12)303213628(3,13)
(4,12)908381998(5,12)
(4,12)1159911137(4,13)
(5,12)1706313808(6,12)
(5,12)2023299626(5,13)
(6,12)1284325243(7,12)
(6,12)331838941(6,13)
(7,12)674018881(8,12)
(7,12)1673287524(7,13)
(8,12)2074941858(9,12)
(8,12)155043919(8,13)
(9,12)1934991982(9,13)
(0,13)1356367849(1,13)
(0,13)294312487(0,14)
(1,13)72625362(2,13)
(1,13)1620534634(1,14)
(2,13)561656709(3,13)
(2,13)562597097(2,14)
(3,13)1919435653(4,13)
(3,13)237734738(3,14)
(4,13)825084790(5,13)
(4,13)386290715(4,14)
(5,13)1869315068(6,13)
(5,13)524924090(5,14)
(6,13)2004440986(7,13)
(6,13)1709968634(6,14)
(7,13)910031723(8,13)
(7,13)846890093(7,14)
(8,13)179511727(9,13)
(8,13)1320229632(8,14)
(9,13)1213245351(9,14)
(0,14)1339422865(1,14)
(0,14)1929623504(0,15)
(1,14)1805439482(2,14)
(1,14)2121627350(1,15)
(2,14)305982643(3,14)
(2,14)898253025(2,15)
(3,14)424056901(4,14)
(3,14)942281077(3,15)
(4,14)1097324997(5,14)
(4,14)980001525(4,15)
(5,14)767509859(6,14)
(5,14)351515111(5,15)
(6,14)1707882960(7,14)
(6,14)1391637484(6,15)
(7,14)1464262846(8,14)
(7,14)240560845(7,15)
(8,14)802217554(9,14)
(8,14)122996409(8,15)
(9,14)1701997584(9,15)
(0,15)1188508269(1,15)
(0,15)2042432063(0,16)
(1,15)419872505(2,15)
(1,15)379598726(1,16)
(2,15)2089567360(3,15)
(2,15)910339689(2,16)
(3,15)1757229782(4,15)
(3,15)276829843(3,16)
(4,15)1597059475(5,15)
(4,15)852115435(4,16)
(5,15)2065360787(6,15)
(5,15)1936741510(5,16)
(6,15)1128680727(7,15)
(6,15)1379199331(6,16)
(7,15)1037155165(8,15)
(7,15)2039504489(7,16)
(8,15)198003484(9,15)
(8,15)2026933752(8,16)
(9,15)1979436243(9,16)
(0,16)1178005009(1,16)
(0,16)303507006(0,17)
(1,16)655022117(2,16)
(1,16)929277592(1,17)
(2,16)173431428(3,16)
(2,16)1945514868(2,17)
(3,16)38592065(4,16)
(3,16)215421430(3,17)
(4,16)338417839(5,16)
(4,16)1637694274(4,17)
(5,16)1192208210(6,16)
(5,16)840809619(5,17)
(6,16)2029317888(7,16)
(6,16)233366254(6,17)
(7,16)653238759(8,16)
(7,16)1571806936(7,17)
(8,16)1513890649(9,16)
(8,16)792173930(8,17)
(9,16)930068602(9,17)
(0,17)218522436(1,17)
(0,17)401920064(0,18)
(1,17)191177926(2,17)
(1,17)379644430(1,18)
(2,17)1758843761(3,17)
(2,17)136399575(2,18)
(3,17)28420416(4,17)
(3,17)1319858653(3,18)
(4,17)1199308758(5,17)
(4,17)648515279(4,18)
(5,17)480467874(6,17)
(5,17)226423901(5,18)
(6,17)1404428910(7,17)
(6,17)1502815764(6,18)
(7,17)10354233(8,17)
(7,17)1409745466(7,18)
(8,17)1583176894(9,17)
(8,17)1202460131(8,18)
(9,17)225775663(9,18)
(0,18)1073387520(1,18)
(0,18)1241052196(0,19)
(1,18)2081861816(2,18)
(1,18)564193503(1,19)
(2,18)797559757(3,18)
(2,18)118112082(2,19)
(3,18)1689919018(4,18)
(3,18)1963696056(3,19)
(4,18)608386338(5,18)
(4,18)1450798517(4,19)
(5,18)233383471(6,18)
(5,18)1056326019(5,19)
(6,18)1274848456(7,18)
(6,18)1010306403(6,19)
(7,18)1201484329(8,18)
(7,18)613027901(7,19)
(8,18)224388015(9,18)
(8,18)1411248031(8,19)
(9,18)373859335(9,19)
(0,19)872903294(1,19)
(0,19)1439668448(0,20)
(1,19)1666092349(2,19)
(1,19)1573168093(1,20)
(2,19)928500209(3,19)
(2,19)1353371168(2,20)
(3,19)615632986(4,19)
(3,19)923037611(3,20)
(4,19)2125497742(5,19)
(4,19)938854442(4,20)
(5,19)1164630106(6,19)
(5,19)51326232(5,20)
(6,19)1124713752(7,19)
(6,19)1219066291(6,20)
(7,19)1153444459(8,19)
(7,19)1728823609(7,20)
(8,19)378899718(9,19)
(8,19)1242825834(8,20)
(9,19)969656867(9,20)
(0,20)1829698235(1,20)
(0,20)785261204(0,21)
(1,20)1841587224(2,20)
(1,20)1578043206(1,21)
(2,20)440865961(3,20)
(2,20)2063081707(2,21)
(3,20)528625960(4,20)
(3,20)968952032(3,21)
(4,20)232716415(5,20)
(4,20)1642350290(4,21)
(5,20)2016209625(6,20)
(5,20)753013975(5,21)
(6,20)1625917269(7,20)
(6,20)1672384863(6,21)
(7,20)1190993564(8,20)
(7,20)1441894070(7,21)
(8,20)222910631(9,20)
(8,20)831804789(8,21)
(9,20)2114031176(9,21)
(0,21)1161765074(1,21)
(0,21)1447437775(0,22)
(1,21)1498764007(2,21)
(1,21)2092045270(1,22)
(2,21)1163627913(3,21)
(2,21)178911532(2,22)
(3,21)1907735141(4,21)
(3,21)475994111(3,22)
(4,21)1718819945(5,21)
(4,21)169588724(4,22)
(5,21)1139245592(6,21)
(5,21)139151211(5,22)
(6,21)1968849447(7,21)
(6,21)356597502(6,22)
(7,21)50701078(8,21)
(7,21)569805150(7,22)
(8,21)1010671111(9,21)
(8,21)1884447506(8,22)
(9,21)1019653110(9,22)
(0,22)505537753(1,22)
(0,22)265589818(0,23)
(1,22)1018603794(2,22)
(1,22)1252369525(1,23)
(2,22)777270741(3,22)
(2,22)374263731(2,23)
(3,22)1816157801(4,22)
(3,22)497037415(3,23)
(4,22)1328842205(5,22)
(4,22)1968264305(4,23)
(5,22)1934811833(6,22)
(5,22)2039068433(5,23)
(6,22)1053349859(7,22)
(6,22)628796332(6,23)
(7,22)2127560340(8,22)
(7,22)1879373456(7,23)
(8,22)895517721(9,22)
(8,22)1232261391(8,23)
(9,22)456070803(9,23)
(0,23)1065106446(1,23)
(0,23)992512884(0,24)
(1,23)1131664095(2,23)
(1,23)27407101(1,24)
(2,23)384004603(3,23)
(2,23)56868390(2,24)
(3,23)626673540(4,23)
(3,23)953029894(3,24)
(4,23)689993752(5,23)
(4,23)434705681(4,24)
(5,23)1454358791(6,23)
(5,23)1637344651(5,24)
(6,23)2142882404(7,23)
(6,23)955583571(6,24)
(7,23)1974187365(8,23)
(7,23)559244668(7,24)
(8,23)1336515409(9,23)
(8,23)369662487(8,24)
(9,23)323741132(9,24)
(0,24)1157296067(1,24)
(0,24)38336641(0,25)
(1,24)2077405074(2,24)
(1,24)1652583337(1,25)
(2,24)133896022(3,24)
(2,24)944624252(2,25)
(3,24)676514060(4,24)
(3,24)983271285(3,25)
(4,24)68049028(5,24)
(4,24)113972714(4,25)
(5,24)570043517(6,24)
(5,24)1572031782(5,25)
(6,24)489654580(7,24)
(6,24)1060561912(6,25)
(7,24)44742359(8,24)
(7,24)597450618(7,25)
(8,24)981455221(9,24)
(8,24)546522970(8,25)
(9,24)997772254(9,25)
(0,25)1416160902(1,25)
(0,25)1173196510(0,26)
(1,25)663057513(2,25)
(1,25)1687766006(1,26)
(2,25)495865929(3,25)
(2,25)723036045(2,26)
(3,25)1282280714(4,25)
(3,25)658456269(3,26)
(4,25)1028118757(5,25)
(4,25)322569646(4,26)
(5,25)646310779(6,25)
(5,25)471312475(5,26)
(6,25)1628608542(7,25)
(6,25)1066455398(6,26)
(7,25)996376824(8,25)
(7,25)151410468(7,26)
(8,25)285306490(9,25)
(8,25)425749147(8,26)
(9,25)1979648109(9,26)
(0,26)399279204(1,26)
(0,26)1102263207(0,27)
(1,26)526811341(2,26)
(1,26)2047697137(1,27)
(2,26)960775401(3,26)
(2,26)969322722(2,27)
(3,26)1566773340(4,26)
(3,26)1016465921(3,27)
(4,26)1562988891(5,26)
(4,26)1005517760(4,27)
(5,26)2003290014(6,26)
(5,26)400744914(5,27)
(6,26)1816905816(7,26)
(6,26)588701753(6,27)
(7,26)1251759266(8,26)
(7,26)1543572373(7,27)
(8,26)2039438302(9,26)
(8,26)392458214(8,27)
(9,26)1910215536(9,27)
(0,27)214524301(1,27)
(0,27)1674738928(0,28)
(1,27)2146051403(2,27)
(1,27)790850645(1,28)
(2,27)1857306043(3,27)
(2,27)860835080(2,28)
(3,27)1012245548(4,27)
(3,27)1627176298(3,28)
(4,27)2052925445(5,27)
(4,27)706199219(4,28)
(5,27)538363680(6,27)
(5,27)1297552039(5,28)
(6,27)1696831243(7,27)
(6,27)1007705004(6,28)
(7,27)1534516346(8,27)
(7,27)438577169(7,28)
(8,27)1399352570(9,27)
(8,27)518670317(8,28)
(9,27)403498619(9,28)
(0,28)257386682(1,28)
(0,28)2085443658(0,29)
(1,28)338704924(2,28)
(1,28)1966487511(1,29)
(2,28)407705616(3,28)
(2,28)113193049(2,29)
(3,28)1656765422(4,28)
(3,28)8127092(3,29)
(4,28)400585306(5,28)
(4,28)1659464883(4,29)
(5,28)1422196771(6,28)
(5,28)1548720076(5,29)
(6,28)1763244377(7,28)
(6,28)2075324234(6,29)
(7,28)2073891990(8,28)
(7,28)65563768(7,29)
(8,28)1922869811(9,28)
(8,28)476595809(8,29)
(9,28)1553584640(9,29)
(0,29)481585382(1,29)
(0,29)1488841358(0,30)
(1,29)638909749(2,29)
(1,29)1459026437(1,30)
(2,29)319247793(3,29)
(2,29)1019949062(2,30)
(3,29)1458526231(4,29)
(3,29)188257344(3,30)
(4,29)706927662(5,29)
(4,29)1853764139(4,30)
(5,29)109779111(6,29)
(5,29)710395153(5,30)
(6,29)967781835(7,29)
(6,29)644887672(6,30)
(7,29)983592596(8,29)
(7,29)2076266622(7,30)
(8,29)336488590(9,29)
(8,29)1080974884(8,30)
(9,29)991719688(9,30)
(0,30)1995953473(1,30)
(0,30)590256658(0,31)
(1,30)2138976735(2,30)
(1,30)1392304995(1,31)
(2,30)1320145581(3,30)
(2,30)1270666596(2,31)
(3,30)1336230364(4,30)
(3,30)1754737464(3,31)
(4,30)83849626(5,30)
(4,30)1246553923(4,31)
(5,30)652654915(6,30)
(5,30)1111616527(5,31)
(6,30)1593201909(7,30)
(6,30)1572690984(6,31)
(7,30)64117085(8,30)
(7,30)2111681352(7,31)
(8,30)283445498(9,30)
(8,30)465667323(8,31)
(9,30)252374429(9,31)
(0,31)2137209637(1,31)
(0,31)1924193554(0,32)
(1,31)487105059(2,31)
(1,31)959302091(1,32)
(2,31)1604189763(3,31)
(2,31)99505100(2,32)
(3,31)28288074(4,31)
(3,31)1454886895(3,32)
(4,31)388378131(5,31)
(4,31)440298711(4,32)
(5,31)1432018400(6,31)
(5,31)364776665(5,32)
(6,31)213246490(7,31)
(6,31)978634790(6,32)
(7,31)970127877(8,31)
(7,31)676839747(7,32)
(8,31)1996985328(9,31)
(8,31)1483913087(8,32)
(9,31)577381693(9,32)
(0,32)1096055604(1,32)
(0,32)672659803(0,33)
(1,32)1784276331(2,32)
(1,32)661231319(1,33)
(2,32)86438655(3,32)
(2,32)1748710519(2,33)
(3,32)1712908224(4,32)
(3,32)1229994592(3,33)
(4,32)1695661916(5,32)
(4,32)150555740(4,33)
(5,32)402930170(6,32)
(5,32)1996353722(5,33)
(6,32)1986079711(7,32)
(6,32)1472371822(6,33)
(7,32)1959476882(8,32)
(7,32)1362232261(7,33)
(8,32)818938377(9,32)
(8,32)2085584812(8,33)
(9,32)1266880129(9,33)
(0,33)1259237088(1,33)
(0,33)2113872886(0,34)
(1,33)331165903(2,33)
(1,33)1655258260(1,34)
(2,33)486409402(3,33)
(2,33)543771840(2,34)
(3,33)1220611587(4,33)
(3,33)544412394(3,34)
(4,33)2028325481(5,33)
(4,33)1456537279(4,34)
(5,33)2033918973(6,33)
(5,33)1070113268(5,34)
(6,33)18685224(7,33)
(6,33)553501636(6,34)
(7,33)190294319(8,33)
(7,33)547666644(7,34)
(8,33)634105300(9,33)
(8,33)1767395743(8,34)
(9,33)1420288912(9,34)
(0,34)784661040(1,34)
(0,34)1332820319(0,35)
(1,34)1181690393(2,34)
(1,34)968467180(1,35)
(2,34)293355354(3,34)
(2,34)1187591210(2,35)
(3,34)402339824(4,34)
(3,34)1020286457(3,35)
(4,34)958387621(5,34)
(4,34)105348588(4,35)
(5,34)1372228717(6,34)
(5,34)1221278201(5,35)
(6,34)333031641(7,34)
(6,34)924776859(6,35)
(7,34)1255942763(8,34)
(7,34)880003330(7,35)
(8,34)1366412732(9,34)
(8,34)876803482(8,35)
(9,34)1800355157(9,35)
(0,35)675466364(1,35)
(0,35)2097415069(0,36)
(1,35)1020044689(2,35)
(1,35)1681196990(1,36)
(2,35)87214978(3,35)
(2,35)561901689(2,36)
(3,35)1109568333(4,35)
(3,35)1038729913(3,36)
(4,35)658642009(5,35)
(4,35)277509298(4,36)
(5,35)1697798210(6,35)
(5,35)1743673633(5,36)
(6,35)380851026(7,35)
(6,35)1991462328(6,36)
(7,35)1025669074(8,35)
(7,35)518781742(7,36)
(8,35)812137096(9,35)
(8,35)1568442236(8,36)
(9,35)2045955531(9,36)
(0,36)917485685(1,36)
(0,36)1970782060(0,37)
(1,36)1044576613(2,36)
(1,36)856859504(1,37)
(2,36)1781636363(3,36)
(2,36)142230754(2,37)
(3,36)1022234084(4,36)
(3,36)1377608255(3,37)
(4,36)106928089(5,36)
(4,36)890095478(4,37)
(5,36)542966987(6,36)
(5,36)241163169(5,37)
(6,36)916629533(7,36)
(6,36)56859510(6,37)
(7,36)1076904200(8,36)
(7,36)76680329(7,37)
(8,36)163895308(9,36)
(8,36)1478531222(8,37)
(9,36)2115634113(9,37)
(0,37)441404606(1,37)
(0,37)440615907(0,38)
(1,37)36805893(2,37)
(1,37)626792474(1,38)
(2,37)470771155(3,37)
(2,37)2139202816(2,38)
(3,37)510500910(4,37)
(3,37)417656919(3,38)
(4,37)1986099155(5,37)
(4,37)1496440229(4,38)
(5,37)1394912112(6,37)
(5,37)1322638006(5,38)
(6,37)92640043(7,37)
(6,37)1809397568(6,38)
(7,37)706490533(8,37)
(7,37)104287968(7,38)
(8,37)1885924331(9,37)
(8,37)234870798(8,38)
(9,37)2084098788(9,38)
(0,38)628536162(1,38)
(0,38)1257104882(0,39)
(1,38)1498268051(2,38)
(1,38)43543229(1,39)
(2,38)100402740(3,38)
(2,38)1171503149(2,39)
(3,38)1248183479(4,38)
(3,38)267413936(3,39)
(4,38)1745945158(5,38)
(4,38)1177306940(4,39)
(5,38)1145457405(6,38)
(5,38)1412078787(5,39)
(6,38)1853483393(7,38)
(6,38)39077418(6,39)
(7,38)75883311(8,38)
(7,38)1772249880(7,39)
(8,38)95537387(9,38)
(8,38)1845202561(8,39)
(9,38)493540230(9,39)
(0,39)1591977616(1,39)
(0,39)208219823(0,40)
(1,39)1530857829(2,39)
(1,39)332155737(1,40)
(2,39)2141553305(3,39)
(2,39)839406080(2,40)
(3,39)943694048(4,39)
(3,39)1623497873(3,40)
(4,39)1858368671(5,39)
(4,39)700560191(4,40)
(5,39)637175331(6,39)
(5,39)682134731(5,40)
(6,39)1310670893(7,39)
(6,39)967989905(6,40)
(7,39)318774309(8,39)
(7,39)680718561(7,40)
(8,39)781121301(9,39)
(8,39)334690395(8,40)
(9,39)586188245(9,40)
(0,40)1958428241(1,40)
(0,40)1582873874(0,41)
(1,40)847469013(2,40)
(1,40)184649756(1,41)
(2,40)223727174(3,40)
(2,40)956401998(2,41)
(3,40)581168230(4,40)
(3,40)553468758(3,41)
(4,40)251187671(5,40)
(4,40)299610485(4,41)
(5,40)793150715(6,40)
(5,40)676705617(5,41)
(6,40)121199585(7,40)
(6,40)459407494(6,41)
(7,40)1990265323(8,40)
(7,40)1125306452(7,41)
(8,40)1119376110(9,40)
(8,40)960605665(8,41)
(9,40)1466279548(9,41)
(0,41)1819936301(1,41)
(0,41)1904299713(0,42)
(1,41)438950797(2,41)
(1,41)1177164571(1,42)
(2,41)2145154477(3,41)
(2,41)309627984(2,42)
(3,41)990346545(4,41)
(3,41)1749621690(3,42)
(4,41)2084312085(5,41)
(4,41)316445138(4,42)
(5,41)902633383(6,41)
(5,41)1771467846(5,42)
(6,41)1582412439(7,41)
(6,41)1519702311(6,42)
(7,41)219687676(8,41)
(7,41)1087283139(7,42)
(8,41)1311010313(9,41)
(8,41)391330790(8,42)
(9,41)773156434(9,42)
(0,42)1610620798(1,42)
(0,42)972499020(0,43)
(1,42)1649204638(2,42)
(1,42)1024344105(1,43)
(2,42)1483751599(3,42)
(2,42)256287865(2,43)
(3,42)1381594318(4,42)
(3,42)1770404223(3,43)
(4,42)583526241(5,42)
(4,42)1326533275(4,43)
(5,42)645329175(6,42)
(5,42)353486780(5,43)
(6,42)25939433(7,42)
(6,42)340342306(6,43)
(7,42)779293103(8,42)
(7,42)1822493747(7,43)
(8,42)1820164576(9,42)
(8,42)335567417(8,43)
(9,42)381431146(9,43)
(0,43)2136609714(1,43)
(0,43)1325913963(0,44)
(1,43)949898161(2,43)
(1,43)318259583(1,44)
(2,43)1837961895(3,43)
(2,43)891759449(2,44)
(3,43)1979042589(4,43)
(3,43)384826953(3,44)
(4,43)776157743(5,43)
(4,43)2057649571(4,44)
(5,43)683322358(6,43)
(5,43)1142569254(5,44)
(6,43)605706405(7,43)
(6,43)1748656763(6,44)
(7,43)1250377753(8,43)
(7,43)1707666463(7,44)
(8,43)1043934415(9,43)
(8,43)861994270(8,44)
(9,43)873298329(9,44)
(0,44)222984042(1,44)
(0,44)96104940(0,45)
(1,44)449591720(2,44)
(1,44)1456824570(1,45)
(2,44)1797166876(3,44)
(2,44)868313217(2,45)
(3,44)543323316(4,44)
(3,44)475531153(3,45)
(4,44)811098571(5,44)
(4,44)428976332(4,45)
(5,44)810407478(6,44)
(5,44)216004244(5,45)
(6,44)205130310(7,44)
(6,44)2137012534(6,45)
(7,44)939427047(8,44)
(7,44)1128667061(7,45)
(8,44)819145308(9,44)
(8,44)1096889760(8,45)
(9,44)1324254000(9,45)
(0,45)729311232(1,45)
(0,45)928448701(0,46)
(1,45)2071017955(2,45)
(1,45)2100411743(1,46)
(2,45)1701584859(3,45)
(2,45)1412633590(2,46)
(3,45)972816405(4,45)
(3,45)529240712(3,46)
(4,45)1391234983(5,45)
(4,45)804478964(4,46)
(5,45)1677777293(6,45)
(5,45)2016750820(5,46)
(6,45)92251214(7,45)
(6,45)1487339923(6,46)
(7,45)1936931644(8,45)
(7,45)987118215(7,46)
(8,45)636801444(9,45)
(8,45)960564432(8,46)
(9,45)264979149(9,46)
(0,46)1065777776(1,46)
(0,46)1503887748(0,47)
(1,46)1719891993(2,46)
(1,46)1076077720(1,47)
(2,46)1065606606(3,46)
(2,46)1876185254(2,47)
(3,46)857368667(4,46)
(3,46)1925022303(3,47)
(4,46)874428415(5,46)
(4,46)2005033654(4,47)
(5,46)1181804006(6,46)
(5,46)1676513976(5,47)
(6,46)258341560(7,46)
(6,46)1802877116(6,47)
(7,46)1726411424(8,46)
(7,46)1134732102(7,47)
(8,46)688833313(9,46)
(8,46)1670975150(8,47)
(9,46)108168488(9,47)
(0,47)1493312277(1,47)
(0,47)496307907(0,48)
(1,47)365575080(2,47)
(1,47)1499403471(1,48)
(2,47)839259747(3,47)
(2,47)1023605923(2,48)
(3,47)2010724138(4,47)
(3,47)457826294(3,48)
(4,47)1418390726(5,47)
(4,47)628707743(4,48)
(5,47)893686892(6,47)
(5,47)500041934(5,48)
(6,47)1565819710(7,47)
(6,47)774794827(6,48)
(7,47)347203172(8,47)
(7,47)1969764613(7,48)
(8,47)887887571(9,47)
(8,47)1294521316(8,48)
(9,47)124741827(9,48)
(0,48)745437577(1,48)
(0,48)4406336(0,49)
(1,48)1680920312(2,48)
(1,48)999170243(1,49)
(2,48)654563711(3,48)
(2,48)1927241584(2,49)
(3,48)914490038(4,48)
(3,48)1939261872(3,49)
(4,48)1462753374(5,48)
(4,48)233491487(4,49)
(5,48)341659976(6,48)
(5,48)1603323351(5,49)
(6,48)949151980(7,48)
(6,48)1959061281(6,49)
(7,48)177152713(8,48)
(7,48)1841063447(7,49)
(8,48)532839546(9,48)
(8,48)1972757903(8,49)
(9,48)634979008(9,49)
(0,49)1161547289(1,49)
(0,49)1835998394(0,50)
(1,49)188556680(2,49)
(1,49)2053369734(1,50)
(2,49)680680913(3,49)
(2,49)2055234182(2,50)
(3,49)1877515147(4,49)
(3,49)1754376391(3,50)
(4,49)901414059(5,49)
(4,49)1027884085(4,50)
(5,49)1152625913(6,49)
(5,49)617919070(5,50)
(6,49)1363356648(7,49)
(6,49)905820395(6,50)
(7,49)439257059(8,49)
(7,49)4312508(7,50)
(8,49)658876219(9,49)
(8,49)1143114584(8,50)
(9,49)231035283(9,50)
(0,50)892367707(1,50)
(0,50)2057604622(0,51)
(1,50)1513444325(2,50)
(1,50)1693788657(1,51)
(2,50)1505366291(3,50)
(2,50)1234027683(2,51)
(3,50)927607482(4,50)
(3,50)315112657(3,51)
(4,50)140386913(5,50)
(4,50)1682519004(4,51)
(5,50)170014364(6,50)
(5,50)1460447029(5,51)
(6,50)474510670(7,50)
(6,50)1976385307(6,51)
(7,50)17458339(8,50)
(7,50)75900451(7,51)
(8,50)756581364(9,50)
(8,50)382261204(8,51)
(9,50)1771834730(9,51)
(0,51)1784465450(1,51)
(0,51)112292703(0,52)
(1,51)730211774(2,51)
(1,51)525765142(1,52)
(2,51)1431585537(3,51)
(2,51)789607715(2,52)
(3,51)793920223(4,51)
(3,51)2093568422(3,52)
(4,51)1089199358(5,51)
(4,51)1870842597(4,52)
(5,51)2101877880(6,51)
(5,51)1452796442(5,52)
(6,51)197680501(7,51)
(6,51)999320332(6,52)
(7,51)365281009(8,51)
(7,51)1648182890(7,52)
(8,51)1006065533(9,51)
(8,51)1431708184(8,52)
(9,51)680393666(9,52)
(0,52)541100889(1,52)
(0,52)211832019(0,53)
(1,52)1672279048(2,52)
(1,52)820780579(1,53)
(2,52)649682238(3,52)
(2,52)711115254(2,53)
(3,52)787015705(4,52)
(3,52)2146789718(3,53)
(4,52)381567275(5,52)
(4,52)667140578(4,53)
(5,52)291491660(6,52)
(5,52)1543597069(5,53)
(6,52)1180578871(7,52)
(6,52)493859978(6,53)
(7,52)1224071752(8,52)
(7,52)817256802(7,53)
(8,52)101358692(9,52)
(8,52)1970186586(8,53)
(9,52)1170156526(9,53)
(0,53)1972201289(1,53)
(0,53)616623161(0,54)
(1,53)2069419604(2,53)
(1,53)111872236(1,54)
(2,53)1111192568(3,53)
(2,53)1926595521(2,54)
(3,53)1427294763(4,53)
(3,53)119616457(3,54)
(4,53)1551324642(5,53)
(4,53)1476473577(4,54)
(5,53)9383596(6,53)
(5,53)285876648(5,54)
(6,53)826977538(7,53)
(6,53)1763156661(6,54)
(7,53)1287952061(8,53)
(7,53)830164175(7,54)
(8,53)1479846414(9,53)
(8,53)1538092792(8,54)
(9,53)1287258131(9,54)
(0,54)2146986992(1,54)
(0,54)177624849(0,55)
(1,54)1721221918(2,54)
(1,54)1668825406(1,55)
(2,54)15201737(3,54)
(2,54)290995004(2,55)
(3,54)1108251807(4,54)
(3,54)754317142(3,55)
(4,54)577020080(5,54)
(4,54)1239273489(4,55)
(5,54)261946368(6,54)
(5,54)1209610499(5,55)
(6,54)1034328140(7,54)
(6,54)1193643242(6,55)
(7,54)1115579198(8,54)
(7,54)373818604(7,55)
(8,54)1485011173(9,54)
(8,54)813440013(8,55)
(9,54)1235195655(9,55)
(0,55)814001102(1,55)
(0,55)93251129(0,56)
(1,55)379127777(2,55)
(1,55)639036649(1,56)
(2,55)254709662(3,55)
(2,55)823384698(2,56)
(3,55)1653548874(4,55)
(3,55)1206105315(3,56)
(4,55)596714459(5,55)
(4,55)1542661723(4,56)
(5,55)682436207(6,55)
(5,55)985911640(5,56)
(6,55)985414984(7,55)
(6,55)774339308(6,56)
(7,55)348077579(8,55)
(7,55)203777965(7,56)
(8,55)218979702(9,55)
(8,55)1276409988(8,56)
(9,55)1102394721(9,56)
(0,56)1458253192(1,56)
(0,56)237178147(0,57)
(1,56)1446788646(2,56)
(1,56)1679414801(1,57)
(2,56)725574395(3,56)
(2,56)1720199560(2,57)
(3,56)2094018164(4,56)
(3,56)333633138(3,57)
(4,56)1147073152(5,56)
(4,56)1841153593(4,57)
(5,56)928865601(6,56)
(5,56)1431545689(5,57)
(6,56)98063144(7,56)
(6,56)1240324281(6,57)
(7,56)1619452058(8,56)
(7,56)1567902250(7,57)
(8,56)1822611913(9,56)
(8,56)921447842(8,57)
(9,56)678073726(9,57)
(0,57)1217789988(1,57)
(0,57)427513068(0,58)
(1,57)1413424708(2,57)
(1,57)1274788185(1,58)
(2,57)2049127494(3,57)
(2,57)1900226195(2,58)
(3,57)2104004161(4,57)
(3,57)251356044(3,58)
(4,57)1527766033(5,57)
(4,57)249721425(4,58)
(5,57)1352116146(6,57)
(5,57)175500215(5,58)
(6,57)1633753407(7,57)
(6,57)1764944180(6,58)
(7,57)1064249179(8,57)
(7,57)884047299(7,58)
(8,57)1609621695(9,57)
(8,57)1206469319(8,58)
(9,57)1397882317(9,58)
(0,58)1303291640(1,58)
(0,58)1153003836(0,59)
(1,58)437065877(2,58)
(1,58)397471821(1,59)
(2,58)1637796102(3,58)
(2,58)84673593(2,59)
(3,58)1652575844(4,58)
(3,58)535129021(3,59)
(4,58)1456576864(5,58)
(4,58)1109764513(4,59)
(5,58)1787838239(6,58)
(5,58)1327704109(5,59)
(6,58)398010449(7,58)
(6,58)1884089932(6,59)
(7,58)1150030993(8,58)
(7,58)915142776(7,59)
(8,58)816786622(9,58)
(8,58)150752997(8,59)
(9,58)1401387037(9,59)
(0,59)1066508047(1,59)
(0,59)107273510(0,60)
(1,59)282773725(2,59)
(1,59)781669422(1,60)
(2,59)399129955(3,59)
(2,59)271140545(2,60)
(3,59)1155187845(4,59)
(3,59)1916527133(3,60)
(4,59)975512804(5,59)
(4,59)1463379134(4,60)
(5,59)713777803(6,59)
(5,59)617325892(5,60)
(6,59)1920617532(7,59)
(6,59)2128516640(6,60)
(7,59)418098870(8,59)
(7,59)1111249625(7,60)
(8,59)601562079(9,59)
(8,59)2005291126(8,60)
(9,59)953227891(9,60)
(0,60)1711326592(1,60)
(0,60)1510383322(0,61)
(1,60)690603783(2,60)
(1,60)262321107(1,61)
(2,60)2146411040(3,60)
(2,60)1351681183(2,61)
(3,60)119340312(4,60)
(3,60)1088614232(3,61)
(4,60)1239367229(5,60)
(4,60)1148958385(4,61)
(5,60)402861774(6,60)
(5,60)936126934(5,61)
(6,60)2002634982(7,60)
(6,60)1346640739(6,61)
(7,60)1629414465(8,60)
(7,60)1184531197(7,61)
(8,60)1583661152(9,60)
(8,60)126291879(8,61)
(9,60)1398457950(9,61)
(0,61)899556638(1,61)
(0,61)1281479724(0,62)
(1,61)1898805616(2,61)
(1,61)226487106(1,62)
(2,61)207520099(3,61)
(2,61)1613334441(2,62)
(3,61)577100418(4,61)
(3,61)1671939501(3,62)
(4,61)1529746979(5,61)
(4,61)625618969(4,62)
(5,61)1578846860(6,61)
(5,61)1178662498(5,62)
(6,61)742505442(7,61)
(6,61)892646653(6,62)
(7,61)1583250436(8,61)
(7,61)1841167968(7,62)
(8,61)1840095360(9,61)
(8,61)2094186626(8,62)
(9,61)524381020(9,62)
(0,62)841570097(1,62)
(0,62)66043290(0,63)
(1,62)1002170224(2,62)
(1,62)1763748250(1,63)
(2,62)962905341(3,62)
(2,62)1244431871(2,63)
(3,62)281479420(4,62)
(3,62)857321558(3,63)
(4,62)983613438(5,62)
(4,62)444836158(4,63)
(5,62)1843294108(6,62)
(5,62)1865140572(5,63)
(6,62)617213562(7,62)
(6,62)117609514(6,63)
(7,62)2016415131(8,62)
(7,62)2069781215(7,63)
(8,62)129817666(9,62)
(8,62)83064356(8,63)
(9,62)1540870984(9,63)
(0,63)755436635(1,63)
(0,63)660164774(0,64)
(1,63)1838827272(2,63)
(1,63)923134315(1,64)
(2,63)1815780968(3,63)
(2,63)186799847(2,64)
(3,63)2027967815(4,63)
(3,63)433849067(3,64)
(4,63)380552045(5,63)
(4,63)1251547756(4,64)
(5,63)1775928776(6,63)
(5,63)1720579527(5,64)
(6,63)414665976(7,63)
(6,63)446595335(6,64)
(7,63)1448765559(8,63)
(7,63)1392193378(7,64)
(8,63)207615072(9,63)
(8,63)1659097848(8,64)
(9,63)158603470(9,64)
(0,64)652451230(1,64)
(0,64)1940577268(0,65)
(1,64)1658234193(2,64)
(1,64)1142216908(1,65)
(2,64)1259826422(3,64)
(2,64)348261691(2,65)
(3,64)270559258(4,64)
(3,64)127964107(3,65)
(4,64)211028463(5,64)
(4,64)1128757905(4,65)
(5,64)522145241(6,64)
(5,64)400376924(5,65)
(6,64)1155813559(7,64)
(6,64)871193238(6,65)
(7,64)562536862(8,64)
(7,64)1445279556(7,65)
(8,64)1113576876(9,64)
(8,64)1342613406(8,65)
(9,64)996385929(9,65)
(0,65)217640984(1,65)
(0,65)1223097574(0,66)
(1,65)796193453(2,65)
(1,65)1376937974(1,66)
(2,65)1823533309(3,65)
(2,65)1993569761(2,66)
(3,65)1238279491(4,65)
(3,65)1210859430(3,66)
(4,65)722473630(5,65)
(4,65)1124815221(4,66)
(5,65)1283418691(6,65)
(5,65)1445894563(5,66)
(6,65)2098345794(7,65)
(6,65)515567250(6,66)
(7,65)26317795(8,65)
(7,65)278151951(7,66)
(8,65)1537978373(9,65)
(8,65)299123837(8,66)
(9,65)154281903(9,66)
(0,66)519252631(1,66)
(0,66)569683095(0,67)
(1,66)970060019(2,66)
(1,66)365310366(1,67)
(2,66)1236503604(3,66)
(2,66)1041397872(2,67)
(3,66)339193781(4,66)
(3,66)2125873578(3,67)
(4,66)1321003336(5,66)
(4,66)1799040467(4,67)
(5,66)647942748(6,66)
(5,66)1452770657(5,67)
(6,66)1670411642(7,66)
(6,66)396617262(6,67)
(7,66)1192810716(8,66)
(7,66)2024880723(7,67)
(8,66)1700930384(9,66)
(8,66)1516497755(8,67)
(9,66)256186498(9,67)
(0,67)678261957(1,67)
(0,67)607293598(0,68)
(1,67)2053188162(2,67)
(1,67)978660128(1,68)
(2,67)1494227378(3,67)
(2,67)1961680648(2,68)
(3,67)92348951(4,67)
(3,67)2004050308(3,68)
(4,67)155690497(5,67)
(4,67)1520545174(4,68)
(5,67)1674827077(6,67)
(5,67)1630327325(5,68)
(6,67)2096308(7,67)
(6,67)725373592(6,68)
(7,67)1695433611(8,67)
(7,67)2040137443(7,68)
(8,67)1129157400(9,67)
(8,67)1043494180(8,68)
(9,67)1673823541(9,68)
(0,68)780714219(1,68)
(0,68)1382687961(0,69)
(1,68)687974971(2,68)
(1,68)847343229(1,69)
(2,68)1243960492(3,68)
(2,68)1428656967(2,69)
(3,68)1306054042(4,68)
(3,68)210902965(3,69)
(4,68)1727400720(5,68)
(4,68)289287560(4,69)
(5,68)545474058(6,68)
(5,68)859500779(5,69)
(6,68)1537762736(7,68)
(6,68)187210670(6,69)
(7,68)92915184(8,68)
(7,68)1524134186(7,69)
(8,68)870877916(9,68)
(8,68)1351959737(8,69)
(9,68)2096965492(9,69)
(0,69)243939442(1,69)
(0,69)1444308688(0,70)
(1,69)927152365(2,69)
(1,69)105172341(1,70)
(2,69)830545933(3,69)
(2,69)1918766519(2,70)
(3,69)1811420315(4,69)
(3,69)929248673(3,70)
(4,69)1972742854(5,69)
(4,69)378495896(4,70)
(5,69)2052319437(6,69)
(5,69)793094067(5,70)
(6,69)1573808286(7,69)
(6,69)1207947167(6,70)
(7,69)1895922138(8,69)
(7,69)752179019(7,70)
(8,69)1996139511(9,69)
(8,69)854981605(8,70)
(9,69)2106825103(9,70)
(0,70)137943423(1,70)
(0,70)13552000(0,71)
(1,70)873052779(2,70)
(1,70)1686742175(1,71)
(2,70)1873952846(3,70)
(2,70)683417481(2,71)
(3,70)60068019(4,70)
(3,70)263331867(3,71)
(4,70)1615291604(5,70)
(4,70)1966868030(4,71)
(5,70)1916349875(6,70)
(5,70)930945935(5,71)
(6,70)1174885378(7,70)
(6,70)912116645(6,71)
(7,70)1839269010(8,70)
(7,70)2021522216(7,71)
(8,70)704584502(9,70)
(8,70)946168249(8,71)
(9,70)621034036(9,71)
(0,71)1083080398(1,71)
(0,71)610104916(0,72)
(1,71)1403198983(2,71)
(1,71)446293242(1,72)
(2,71)1654240409(3,71)
(2,71)987916188(2,72)
(3,71)1740095207(4,71)
(3,71)829523621(3,72)
(4,71)1684505227(5,71)
(4,71)1402678900(4,72)
(5,71)1362020355(6,71)
(5,71)1588751070(5,72)
(6,71)1726694493(7,71)
(6,71)1698057227(6,72)
(7,71)423626358(8,71)
(7,71)901278883(7,72)
(8,71)627748081(9,71)
(8,71)262628326(8,72)
(9,71)686958225(9,72)
(0,72)447132463(1,72)
(0,72)322696345(0,73)
(1,72)1253642280(2,72)
(1,72)154766182(1,73)
(2,72)1066882827(3,72)
(2,72)215998690(2,73)
(3,72)90037259(4,72)
(3,72)281044010(3,73)
(4,72)1227212260(5,72)
(4,72)758668189(4,73)
(5,72)1379702225(6,72)
(5,72)794621761(5,73)
(6,72)1877702159(7,72)
(6,72)1837317176(6,73)
(7,72)1093032512(8,72)
(7,72)1825995467(7,73)
(8,72)1332752229(9,72)
(8,72)718134699(8,73)
(9,72)1922556133(9,73)
(0,73)587947481(1,73)
(0,73)310746258(0,74)
(1,73)1899497328(2,73)
(1,73)1459577712(1,74)
(2,73)1010151291(3,73)
(2,73)1949967836(2,74)
(3,73)703763071(4,73)
(3,73)1478708173(3,74)
(4,73)1741336499(5,73)
(4,73)1433777649(4,74)
(5,73)2120735875(6,73)
(5,73)1331511152(5,74)
(6,73)1778643616(7,73)
(6,73)2064032844(6,74)
(7,73)1170191477(8,73)
(7,73)128018409(7,74)
(8,73)1194901236(9,73)
(8,73)1994642306(8,74)
(9,73)1451235487(9,74)
(0,74)1953569425(1,74)
(0,74)2084679565(0,75)
(1,74)731817678(2,74)
(1,74)530964099(1,75)
(2,74)220797628(3,74)
(2,74)1185788003(2,75)
(3,74)864299822(4,74)
(3,74)462036190(3,75)
(4,74)1180170889(5,74)
(4,74)1313830140(4,75)
(5,74)1088902625(6,74)
(5,74)49568403(5,75)
(6,74)637515884(7,74)
(6,74)1490917148(6,75)
(7,74)1242930828(8,74)
(7,74)400996690(7,75)
(8,74)1411147981(9,74)
(8,74)440000073(8,75)
(9,74)574155354(9,75)
(0,75)697441983(1,75)
(0,75)1143763144(0,76)
(1,75)327790649(2,75)
(1,75)168008205(1,76)
(2,75)84557402(3,75)
(2,75)670694210(2,76)
(3,75)798712619(4,75)
(3,75)2106434265(3,76)
(4,75)1953592923(5,75)
(4,75)1254748879(4,76)
(5,75)558500718(6,75)
(5,75)1993613855(5,76)
(6,75)1799699632(7,75)
(6,75)1890788841(6,76)
(7,75)475122871(8,75)
(7,75)1089464818(7,76)
(8,75)1310262446(9,75)
(8,75)838003987(8,76)
(9,75)937159061(9,76)
(0,76)476608938(1,76)
(0,76)1702303810(0,77)
(1,76)1751872213(2,76)
(1,76)2117329951(1,77)
(2,76)1460763451(3,76)
(2,76)1565511563(2,77)
(3,76)1966508253(4,76)
(3,76)241904450(3,77)
(4,76)681904523(5,76)
(4,76)556210631(4,77)
(5,76)1130365985(6,76)
(5,76)1230172587(5,77)
(6,76)1927614570(7,76)
(6,76)1825667667(6,77)
(7,76)5974668(8,76)
(7,76)1298374191(7,77)
(8,76)1382931593(9,76)
(8,76)450825132(8,77)
(9,76)2112408933(9,77)
(0,77)490196824(1,77)
(0,77)1249537751(0,78)
(1,77)1095667958(2,77)
(1,77)1918518209(1,78)
(2,77)1661823402(3,77)
(2,77)1048697542(2,78)
(3,77)2138162360(4,77)
(3,77)747883942(3,78)
(4,77)1585887930(5,77)
(4,77)2136946273(4,78)
(5,77)926621687(6,77)
(5,77)1300941158(5,78)
(6,77)1777550096(7,77)
(6,77)1140708092(6,78)
(7,77)745096657(8,77)
(7,77)896467990(7,78)
(8,77)209747793(9,77)
(8,77)1195578012(8,78)
(9,77)987001107(9,78)
(0,78)765958424(1,78)
(0,78)1014602617(0,79)
(1,78)97291556(2,78)
(1,78)1668905630(1,79)
(2,78)1347089650(3,78)
(2,78)1896324410(2,79)
(3,78)1047214953(4,78)
(3,78)2024906126(3,79)
(4,78)328247610(5,78)
(4,78)1353064318(4,79)
(5,78)1317989604(6,78)
(5,78)282662898(5,79)
(6,78)772859722(7,78)
(6,78)1577785361(6,79)
(7,78)525969671(8,78)
(7,78)1089024165(7,79)
(8,78)603363919(9,78)
(8,78)1821557264(8,79)
(9,78)1273853614(9,79)
(0,79)592826544(1,79)
(0,79)1812235977(0,80)
(1,79)965693487(2,79)
(1,79)712257896(1,80)
(2,79)1852965988(3,79)
(2,79)1519448231(2,80)
(3,79)268432573(4,79)
(3,79)595759936(3,80)
(4,79)1791337948(5,79)
(4,79)450578997(4,80)
(5,79)1437580105(6,79)
(5,79)478180366(5,80)
(6,79)1244138791(7,79)
(6,79)658456917(6,80)
(7,79)755748474(8,79)
(7,79)959002087(7,80)
(8,79)158608089(9,79)
(8,79)992979553(8,80)
(9,79)633170952(9,80)
(0,80)1511672408(1,80)
(0,80)2040194506(0,81)
(1,80)175373756(2,80)
(1,80)961418563(1,81)
(2,80)391720276(3,80)
(2,80)682178364(2,81)
(3,80)1771202529(4,80)
(3,80)948233478(3,81)
(4,80)622307094(5,80)
(4,80)917689948(4,81)
(5,80)44059914(6,80)
(5,80)227082800(5,81)
(6,80)819909344(7,80)
(6,80)287059423(6,81)
(7,80)1252752911(8,80)
(7,80)756317810(7,81)
(8,80)461800150(9,80)
(8,80)191873928(8,81)
(9,80)1848512847(9,81)
(0,81)912379147(1,81)
(0,81)460306501(0,82)
(1,81)938486868(2,81)
(1,81)1492367147(1,82)
(2,81)3340416(3,81)
(2,81)202475604(2,82)
(3,81)1161477692(4,81)
(3,81)35142011(3,82)
(4,81)1028121564(5,81)
(4,81)759088890(4,82)
(5,81)1392259843(6,81)
(5,81)1320085781(5,82)
(6,81)684274541(7,81)
(6,81)920832422(6,82)
(7,81)1096206178(8,81)
(7,81)206194758(7,82)
(8,81)597915034(9,81)
(8,81)1366452905(8,82)
(9,81)2044439656(9,82)
(0,82)1515604982(1,82)
(0,82)990171786(0,83)
(1,82)1217254586(2,82)
(1,82)519263102(1,83)
(2,82)806322526(3,82)
(2,82)1559664896(2,83)
(3,82)168499058(4,82)
(3,82)2037163931(3,83)
(4,82)81554211(5,82)
(4,82)2059075437(4,83)
(5,82)1760104636(6,82)
(5,82)630299208(5,83)
(6,82)1542678356(7,82)
(6,82)541860712(6,83)
(7,82)1480347580(8,82)
(7,82)1104988135(7,83)
(8,82)1108328551(9,82)
(8,82)1745153960(8,83)
(9,82)1515489591(9,83)
(0,83)1867417442(1,83)
(0,83)759148004(0,84)
(1,83)2079233786(2,83)
(1,83)396127507(1,84)
(2,83)1316959929(3,83)
(2,83)1112193637(2,84)
(3,83)1318388395(4,83)
(3,83)616024679(3,84)
(4,83)1982477585(5,83)
(4,83)265682459(4,84)
(5,83)162638467(6,83)
(5,83)1916303429(5,84)
(6,83)1284424764(7,83)
(6,83)825165723(6,84)
(7,83)2042420310(8,83)
(7,83)681901570(7,84)
(8,83)1488224096(9,83)
(8,83)696606012(8,84)
(9,83)1932100593(9,84)
(0,84)1399815885(1,84)
(0,84)865105071(0,85)
(1,84)1495404279(2,84)
(1,84)2013654804(1,85)
(2,84)408031868(3,84)
(2,84)1012436873(2,85)
(3,84)2117425008(4,84)
(3,84)890598987(3,85)
(4,84)488269300(5,84)
(4,84)1888379449(4,85)
(5,84)1256385392(6,84)
(5,84)1078269911(5,85)
(6,84)798203705(7,84)
(6,84)1247417304(6,85)
(7,84)1179167442(8,84)
(7,84)1652512900(7,85)
(8,84)821989181(9,84)
(8,84)1910397342(8,85)
(9,84)1795192122(9,85)
(0,85)1087671641(1,85)
(0,85)1081302089(0,86)
(1,85)850121871(2,85)
(1,85)1630186059(1,86)
(2,85)307868134(3,85)
(2,85)1250310108(2,86)
(3,85)1932211678(4,85)
(3,85)2134546635(3,86)
(4,85)683668999(5,85)
(4,85)202804796(4,86)
(5,85)2134905389(6,85)
(5,85)1272952126(5,86)
(6,85)525284363(7,85)
(6,85)1548774070(6,86)
(7,85)896694702(8,85)
(7,85)2001076545(7,86)
(8,85)261624766(9,85)
(8,85)1537721236(8,86)
(9,85)1787293689(9,86)
(0,86)2520567(1,86)
(0,86)1507662596(0,87)
(1,86)438448860(2,86)
(1,86)128079341(1,87)
(2,86)1375496646(3,86)
(2,86)1258905959(2,87)
(3,86)763935211(4,86)
(3,86)1236652565(3,87)
(4,86)999566260(5,86)
(4,86)407180440(4,87)
(5,86)54888914(6,86)
(5,86)1585924393(5,87)
(6,86)526112386(7,86)
(6,86)2080868349(6,87)
(7,86)783506572(8,86)
(7,86)1685074973(7,87)
(8,86)1992943108(9,86)
(8,86)1776422494(8,87)
(9,86)770569559(9,87)
(0,87)48264256(1,87)
(0,87)1561150525(0,88)
(1,87)686619003(2,87)
(1,87)1454238559(1,88)
(2,87)855528981(3,87)
(2,87)35685998(2,88)
(3,87)2036762543(4,87)
(3,87)1211903367(3,88)
(4,87)602140955(5,87)
(4,87)1752223683(4,88)
(5,87)1392033725(6,87)
(5,87)150903661(5,88)
(6,87)153424228(7,87)
(6,87)2109803552(6,88)
(7,87)400768764(8,87)
(7,87)1520113066(7,88)
(8,87)748126064(9,87)
(8,87)1412330188(8,88)
(9,87)1637421329(9,88)
(0,88)1155306505(1,88)
(0,88)28781751(0,89)
(1,88)1614706144(2,88)
(1,88)489503941(1,89)
(2,88)422888643(3,88)
(2,88)1210195419(2,89)
(3,88)747786745(4,88)
(3,88)2140818530(3,89)
(4,88)1769757377(5,88)
(4,88)1206395215(4,89)
(5,88)1976964775(6,88)
(5,88)593246205(5,89)
(6,88)641510461(7,88)
(6,88)1183424254(6,89)
(7,88)1870043257(8,88)
(7,88)1283719686(7,89)
(8,88)2139248667(9,88)
(8,88)677196459(8,89)
(9,88)934462976(9,89)
(0,89)1743988703(1,89)
(0,89)566475355(0,90)
(1,89)717379016(2,89)
(1,89)1536603932(1,90)
(2,89)1498923836(3,89)
(2,89)988538780(2,90)
(3,89)361168198(4,89)
(3,89)870803245(3,90)
(4,89)135649785(5,89)
(4,89)1899692600(4,90)
(5,89)1389630281(6,89)
(5,89)1109294263(5,90)
(6,89)117117120(7,89)
(6,89)164431536(6,90)
(7,89)1779137681(8,89)
(7,89)1879134223(7,90)
(8,89)154539218(9,89)
(8,89)1327312539(8,90)
(9,89)1772472563(9,90)
(0,90)1360934433(1,90)
(0,90)2075099284(0,91)
(1,90)520861841(2,90)
(1,90)1394746292(1,91)
(2,90)430686898(3,90)
(2,90)1190415560(2,91)
(3,90)326651598(4,90)
(3,90)1162372303(3,91)
(4,90)1839568762(5,90)
(4,90)153246508(4,91)
(5,90)1087709484(6,90)
(5,90)318416618(5,91)
(6,90)2062405321(7,90)
(6,90)258560469(6,91)
(7,90)975939486(8,90)
(7,90)476829768(7,91)
(8,90)1975753604(9,90)
(8,90)903460453(8,91)
(9,90)1846742731(9,91)
(0,91)1727962556(1,91)
(0,91)1264628651(0,92)
(1,91)226439266(2,91)
(1,91)1982392516(1,92)
(2,91)2146824052(3,91)
(2,91)970109190(2,92)
(3,91)701759765(4,91)
(3,91)343556386(3,92)
(4,91)1670868926(5,91)
(4,91)1778478085(4,92)
(5,91)1403467001(6,91)
(5,91)856298983(5,92)
(6,91)69749768(7,91)
(6,91)1598484562(6,92)
(7,91)2119346404(8,91)
(7,91)650729645(7,92)
(8,91)1081416544(9,91)
(8,91)1260165329(8,92)
(9,91)1134235059(9,92)
(0,92)1234663052(1,92)
(0,92)1586816927(0,93)
(1,92)1905233545(2,92)
(1,92)826320173(1,93)
(2,92)1084880643(3,92)
(2,92)174888888(2,93)
(3,92)651718657(4,92)
(3,92)1820155218(3,93)
(4,92)576132023(5,92)
(4,92)2060820129(4,93)
(5,92)1760079212(6,92)
(5,92)479988613(5,93)
(6,92)60467522(7,92)
(6,92)1840760675(6,93)
(7,92)2067199941(8,92)
(7,92)1594988080(7,93)
(8,92)1594328484(9,92)
(8,92)1030576712(8,93)
(9,92)263272680(9,93)
(0,93)1225322922(1,93)
(0,93)1732336477(0,94)
(1,93)441151812(2,93)
(1,93)1934141606(1,94)
(2,93)1385142520(3,93)
(2,93)481306275(2,94)
(3,93)1132035920(4,93)
(3,93)510901580(3,94)
(4,93)1771066909(5,93)
(4,93)1357005276(4,94)
(5,93)343756687(6,93)
(5,93)65968816(5,94)
(6,93)1300631868(7,93)
(6,93)1210400189(6,94)
(7,93)968150086(8,93)
(7,93)1170076861(7,94)
(8,93)107473856(9,93)
(8,93)1475520757(8,94)
(9,93)640821657(9,94)
(0,94)20810337(1,94)
(0,94)2127239414(0,95)
(1,94)459744379(2,94)
(1,94)1216953680(1,95)
(2,94)910230707(3,94)
(2,94)1780889549(2,95)
(3,94)1228393981(4,94)
(3,94)520211901(3,95)
(4,94)1550788613(5,94)
(4,94)829947001(4,95)
(5,94)1093219681(6,94)
(5,94)675238817(5,95)
(6,94)1900561739(7,94)
(6,94)1135641442(6,95)
(7,94)1576793254(8,94)
(7,94)879877639(7,95)
(8,94)117536511(9,94)
(8,94)234384366(8,95)
(9,94)2087694835(9,95)
(0,95)1474541788(1,95)
(0,95)1366420287(0,96)
(1,95)1432389103(2,95)
(1,95)1711278096(1,96)
(2,95)774194637(3,95)
(2,95)1818298475(2,96)
(3,95)840891688(4,95)
(3,95)585537324(3,96)
(4,95)2061058081(5,95)
(4,95)1742344724(4,96)
(5,95)235682733(6,95)
(5,95)948365544(5,96)
(6,95)969175881(7,95)
(6,95)2040813847(6,96)
(7,95)353074578(8,95)
(7,95)1452636413(7,96)
(8,95)215383473(9,95)
(8,95)602581782(8,96)
(9,95)873286480(9,96)
(0,96)1045330474(1,96)
(0,96)1830975763(0,97)
(1,96)358730933(2,96)
(1,96)276591445(1,97)
(2,96)1412232888(3,96)
(2,96)2138550155(2,97)
(3,96)870944146(4,96)
(3,96)111809024(3,97)
(4,96)346193391(5,96)
(4,96)841542494(4,97)
(5,96)781753681(6,96)
(5,96)988480657(5,97)
(6,96)315538797(7,96)
(6,96)1712613678(6,97)
(7,96)997519133(8,96)
(7,96)345548130(7,97)
(8,96)1119742767(9,96)
(8,96)2133837273(8,97)
(9,96)1583056457(9,97)
(0,97)714603843(1,97)
(0,97)827245313(0,98)
(1,97)1775610858(2,97)
(1,97)1496630890(1,98)
(2,97)1389961089(3,97)
(2,97)950286576(2,98)
(3,97)255439342(4,97)
(3,97)597303091(3,98)
(4,97)1199884874(5,97)
(4,97)1743035668(4,98)
(5,97)468838500(6,97)
(5,97)470822815(5,98)
(6,97)1516153289(7,97)
(6,97)883376989(6,98)
(7,97)1242107922(8,97)
(7,97)745429945(7,98)
(8,97)10179185(9,97)
(8,97)1507219796(8,98)
(9,97)1353916947(9,98)
(0,98)851721680(1,98)
(0,98)230680294(0,99)
(1,98)1219160951(2,98)
(1,98)1700110338(1,99)
(2,98)1265240368(3,98)
(2,98)1633475361(2,99)
(3,98)1979023491(4,98)
(3,98)1534699749(3,99)
(4,98)1521053374(5,98)
(4,98)115275853(4,99)
(5,98)1698332311(6,98)
(5,98)951282611(5,99)
(6,98)1665886454(7,98)
(6,98)200815039(6,99)
(7,98)1976425897(8,98)
(7,98)1047479553(7,99)
(8,98)289956995(9,98)
(8,98)468689383(8,99)
(9,98)426245341(9,99)
(0,99)2032992663(1,99)
(0,99)724128725(0,100)
(1,99)1194951540(2,99)
(1,99)1626130215(1,100)
(2,99)362023556(3,99)
(2,99)354347515(2,100)
(3,99)1099777460(4,99)
(3,99)563621181(3,100)
(4,99)2070840977(5,99)
(4,99)1604131479(4,100)
(5,99)810564778(6,99)
(5,99)1109956646(5,100)
(6,99)1961678326(7,99)
(6,99)154037623(6,100)
(7,99)1373198574(8,99)
(7,99)363191468(7,100)
(8,99)1628431836(9,99)
(8,99)1447670039(8,100)
(9,99)760414675(9,100)
(0,100)1743707689(1,100)
(0,100)1279209883(0,101)
(1,100)83008846(2,100)
(1,100)133984401(1,101)
(2,100)334799441(3,100)
(2,100)1294556352(2,101)
(3,100)194552258(4,100)
(3,100)1748895300(3,101)
(4,100)70101035(5,100)
(4,100)163741690(4,101)
(5,100)589987031(6,100)
(5,100)484509253(5,101)
(6,100)370018268(7,100)
(6,100)794229760(6,101)
(7,100)1989181300(8,100)
(7,100)68633598(7,101)
(8,100)430657155(9,100)
(8,100)724365783(8,101)
(9,100)405318833(9,101)
(0,101)2034788634(1,101)
(0,101)1824143243(0,102)
(1,101)786616241(2,101)
(1,101)328676162(1,102)
(2,101)482713785(3,101)
(2,101)697869764(2,102)
(3,101)1061061232(4,101)
(3,101)600810919(3,102)
(4,101)2048480959(5,101)
(4,101)1855912360(4,102)
(5,101)468843387(6,101)
(5,101)542009420(5,102)
(6,101)138233461(7,101)
(6,101)1180207194(6,102)
(7,101)1263216040(8,101)
(7,101)602827789(7,102)
(8,101)937627230(9,101)
(8,101)1432789814(8,102)
(9,101)864627692(9,102)
(0,102)1101368920(1,102)
(0,102)1627342072(0,103)
(1,102)2111851325(2,102)
(1,102)934728728(1,103)
(2,102)1728958488(3,102)
(2,102)1691355952(2,103)
(3,102)1759989550(4,102)
(3,102)334385945(3,103)
(4,102)1058751728(5,102)
(4,102)1570656141(4,103)
(5,102)1975974974(6,102)
(5,102)43163057(5,103)
(6,102)2077951691(7,102)
(6,102)735411323(6,103)
(7,102)1522027565(8,102)
(7,102)157167489(7,103)
(8,102)639881274(9,102)
(8,102)628337807(8,103)
(9,102)2122838484(9,103)
(0,103)348309986(1,103)
(0,103)1689399039(0,104)
(1,103)83924811(2,103)
(1,103)2023835795(1,104)
(2,103)1056559341(3,103)
(2,103)817153374(2,104)
(3,103)1419981163(4,103)
(3,103)222158273(3,104)
(4,103)1654948087(5,103)
(4,103)172291733(4,104)
(5,103)1036919426(6,103)
(5,103)210124745(5,104)
(6,103)1311493665(7,103)
(6,103)1134806511(6,104)
(7,103)1099174188(8,103)
(7,103)1971648154(7,104)
(8,103)1553122994(9,103)
(8,103)855365969(8,104)
(9,103)1433560133(9,104)
(0,104)976295487(1,104)
(0,104)467871872(0,105)
(1,104)511034929(2,104)
(1,104)344828213(1,105)
(2,104)1080239536(3,104)
(2,104)804786814(2,105)
(3,104)961954303(4,104)
(3,104)441502973(3,105)
(4,104)1069840780(5,104)
(4,104)454783453(4,105)
(5,104)430138290(6,104)
(5,104)1601835577(5,105)
(6,104)1950145564(7,104)
(6,104)611756172(6,105)
(7,104)695680983(8,104)
(7,104)306490437(7,105)
(8,104)1363049779(9,104)
(8,104)619815290(8,105)
(9,104)917839256(9,105)
(0,105)1535341512(1,105)
(0,105)2039796453(0,106)
(1,105)102437550(2,105)
(1,105)425303695(1,106)
(2,105)1560110206(3,105)
(2,105)424777290(2,106)
(3,105)248941796(4,105)
(3,105)1413931215(3,106)
(4,105)121813537(5,105)
(4,105)511800746(4,106)
(5,105)1945360879(6,105)
(5,105)1802064791(5,106)
(6,105)630876630(7,105)
(6,105)589685409(6,106)
(7,105)1100720338(8,105)
(7,105)142705444(7,106)
(8,105)1222944981(9,105)
(8,105)1435663444(8,106)
(9,105)1542223311(9,106)
(0,106)1677728434(1,106)
(0,106)250134099(0,107)
(1,106)1851969677(2,106)
(1,106)464580444(1,107)
(2,106)1076336616(3,106)
(2,106)2107866724(2,107)
(3,106)266873514(4,106)
(3,106)1654631593(3,107)
(4,106)126963235(5,106)
(4,106)1772017599(4,107)
(5,106)542373208(6,106)
(5,106)1629923293(5,107)
(6,106)1017781157(7,106)
(6,106)19276040(6,107)
(7,106)121713590(8,106)
(7,106)967676903(7,107)
(8,106)380303462(9,106)
(8,106)1442558448(8,107)
(9,106)1535644805(9,107)
(0,107)892104208(1,107)
(0,107)1691500244(0,108)
(1,107)1346081387(2,107)
(1,107)1657458342(1,108)
(2,107)99660103(3,107)
(2,107)689981440(2,108)
(3,107)832686884(4,107)
(3,107)1976958018(3,108)
(4,107)1265137814(5,107)
(4,107)1200380442(4,108)
(5,107)595120105(6,107)
(5,107)2055631865(5,108)
(6,107)1585876652(7,107)
(6,107)1515271914(6,108)
(7,107)1219757943(8,107)
(7,107)1059700549(7,108)
(8,107)2136037165(9,107)
(8,107)1546259728(8,108)
(9,107)726905888(9,108)
(0,108)1760571117(1,108)
(0,108)1813133242(0,109)
(1,108)1295572887(2,108)
(1,108)853869123(1,109)
(2,108)873145163(3,108)
(2,108)155460677(2,109)
(3,108)1123137580(4,108)
(3,108)165870397(3,109)
(4,108)1608428845(5,108)
(4,108)994858753(4,109)
(5,108)383019910(6,108)
(5,108)1503441042(5,109)
(6,108)248061603(7,108)
(6,108)1152445441(6,109)
(7,108)351043181(8,108)
(7,108)2040478253(7,109)
(8,108)2140138356(9,108)
(8,108)938043043(8,109)
(9,108)180517551(9,109)
(0,109)1193035150(1,109)
(0,109)1770729927(0,110)
(1,109)1678878145(2,109)
(1,109)1445655365(1,110)
(2,109)813443631(3,109)
(2,109)1788155256(2,110)
(3,109)700372157(4,109)
(3,109)1117271149(3,110)
(4,109)516047229(5,109)
(4,109)2033201574(4,110)
(5,109)612623814(6,109)
(5,109)688925675(5,110)
(6,109)302013144(7,109)
(6,109)181696824(6,110)
(7,109)1477269711(8,109)
(7,109)1466492937(7,110)
(8,109)192154452(9,109)
(8,109)457473821(8,110)
(9,109)1643140108(9,110)
(0,110)1187013205(1,110)
(0,110)1580611401(0,111)
(1,110)936568796(2,110)
(1,110)1104085305(1,111)
(2,110)109047099(3,110)
(2,110)1570033116(2,111)
(3,110)1463027721(4,110)
(3,110)1184630399(3,111)
(4,110)2122673442(5,110)
(4,110)460090280(4,111)
(5,110)640607831(6,110)
(5,110)1455682429(5,111)
(6,110)501233932(7,110)
(6,110)1745919721(6,111)
(7,110)1277314218(8,110)
(7,110)2086263196(7,111)
(8,110)752223180(9,110)
(8,110)141905540(8,111)
(9,110)247101719(9,111)
(0,111)637941106(1,111)
(0,111)842277697(0,112)
(1,111)1531203372(2,111)
(1,111)763148949(1,112)
(2,111)944845773(3,111)
(2,111)1250564921(2,112)
(3,111)569574210(4,111)
(3,111)1833216516(3,112)
(4,111)143206689(5,111)
(4,111)274631836(4,112)
(5,111)1917771945(6,111)
(5,111)761728663(5,112)
(6,111)1948741868(7,111)
(6,111)1723818091(6,112)
(7,111)512903239(8,111)
(7,111)874373602(7,112)
(8,111)983420701(9,111)
(8,111)1371291336(8,112)
(9,111)1697533638(9,112)
(0,112)1443510981(1,112)
(0,112)686835409(0,113)
(1,112)2142517839(2,112)
(1,112)1672723432(1,113)
(2,112)1271159505(3,112)
(2,112)2084118812(2,113)
(3,112)2022898361(4,112)
(3,112)496268123(3,113)
(4,112)638173663(5,112)
(4,112)400990076(4,113)
(5,112)648091795(6,112)
(5,112)627637893(5,113)
(6,112)1265578999(7,112)
(6,112)1480451360(6,113)
(7,112)864171085(8,112)
(7,112)1411240744(7,113)
(8,112)208602869(9,112)
(8,112)368660272(8,113)
(9,112)549903953(9,113)
(0,113)483234706(1,113)
(0,113)938234483(0,114)
(1,113)1699963146(2,113)
(1,113)693110643(1,114)
(2,113)269445086(3,113)
(2,113)253523003(2,114)
(3,113)1127896605(4,113)
(3,113)1501221366(3,114)
(4,113)725029055(5,113)
(4,113)782348325(4,114)
(5,113)332398315(6,113)
(5,113)2111317307(5,114)
(6,113)1407344640(7,113)
(6,113)1411864464(6,114)
(7,113)1406898655(8,113)
(7,113)2005121747(7,114)
(8,113)1128797604(9,113)
(8,113)1343979805(8,114)
(9,113)1903166778(9,114)
(0,114)1529787680(1,114)
(0,114)1219394518(0,115)
(1,114)1847032411(2,114)
(1,114)393856793(1,115)
(2,114)1874308154(3,114)
(2,114)30395828(2,115)
(3,114)1441636572(4,114)
(3,114)965127762(3,115)
(4,114)1333788035(5,114)
(4,114)590995591(4,115)
(5,114)1140899544(6,114)
(5,114)1650239442(5,115)
(6,114)2133474148(7,114)
(6,114)124538870(6,115)
(7,114)1824502016(8,114)
(7,114)1834010187(7,115)
(8,114)2103455273(9,114)
(8,114)239513503(8,115)
(9,114)1178239734(9,115)
(0,115)738319950(1,115)
(0,115)1367410108(0,116)
(1,115)1331243767(2,115)
(1,115)1903268789(1,116)
(2,115)1167649606(3,115)
(2,115)1070718265(2,116)
(3,115)928356364(4,115)
(3,115)591104760(3,116)
(4,115)1935084565(5,115)
(4,115)427064613(4,116)
(5,115)182747744(6,115)
(5,115)2057153969(5,116)
(6,115)1439458001(7,115)
(6,115)1006995435(6,116)
(7,115)706544198(8,115)
(7,115)576604537(7,116)
(8,115)303429043(9,115)
(8,115)1469853829(8,116)
(9,115)1671671960(9,116)
(0,116)894424634(1,116)
(0,116)764006754(0,117)
(1,116)266762548(2,116)
(1,116)857976347(1,117)
(2,116)982515217(3,116)
(2,116)2035324179(2,117)
(3,116)1721850718(4,116)
(3,116)252753048(3,117)
(4,116)492266551(5,116)
(4,116)659533585(4,117)
(5,116)1837773320(6,116)
(5,116)1677822344(5,117)
(6,116)268658646(7,116)
(6,116)1859676659(6,117)
(7,116)1043436779(8,116)
(7,116)1593558461(7,117)
(8,116)613724419(9,116)
(8,116)1339376912(8,117)
(9,116)1634541539(9,117)
(0,117)1040789033(1,117)
(0,117)120249628(0,118)
(1,117)29919949(2,117)
(1,117)1422142456(1,118)
(2,117)281654243(3,117)
(2,117)1223536777(2,118)
(3,117)1800141314(4,117)
(3,117)1469377951(3,118)
(4,117)791748132(5,117)
(4,117)988198441(4,118)
(5,117)512386753(6,117)
(5,117)2103570358(5,118)
(6,117)850511344(7,117)
(6,117)1555754886(6,118)
(7,117)1822517434(8,117)
(7,117)1370363101(7,118)
(8,117)205394670(9,117)
(8,117)738351875(8,118)
(9,117)2075270482(9,118)
(0,118)864928256(1,118)
(0,118)312718946(0,119)
(1,118)1990541290(2,118)
(1,118)420053385(1,119)
(2,118)132246397(3,118)
(2,118)555217928(2,119)
(3,118)1292741(4,118)
(3,118)111716288(3,119)
(4,118)1451093200(5,118)
(4,118)1175683176(4,119)
(5,118)662741067(6,118)
(5,118)615017161(5,119)
(6,118)1655806194(7,118)
(6,118)1571342829(6,119)
(7,118)1601262778(8,118)
(7,118)2084883523(7,119)
(8,118)219054118(9,118)
(8,118)731859323(8,119)
(9,118)923157081(9,119)
(0,119)1207252559(1,119)
(0,119)384516989(0,120)
(1,119)340603699(2,119)
(1,119)1714905214(1,120)
(2,119)1123176452(3,119)
(2,119)1719639312(2,120)
(3,119)942518765(4,119)
(3,119)1191115044(3,120)
(4,119)1929466919(5,119)
(4,119)798210239(4,120)
(5,119)725997073(6,119)
(5,119)1147913436(5,120)
(6,119)2012841692(7,119)
(6,119)94702217(6,120)
(7,119)2085243507(8,119)
(7,119)1146050459(7,120)
(8,119)1278296856(9,119)
(8,119)420575972(8,120)
(9,119)49476148(9,120)
(0,120)306496384(1,120)
(0,120)421868713(0,121)
(1,120)1036885874(2,120)
(1,120)1500569348(1,121)
(2,120)924428529(3,120)
(2,120)969237451(2,121)
(3,120)906637326(4,120)
(3,120)545208420(3,121)
(4,120)1277067743(5,120)
(4,120)378207660(4,121)
(5,120)1301364741(6,120)
(5,120)1125691444(5,121)
(6,120)185460355(7,120)
(6,120)1661584733(6,121)
(7,120)2002188432(8,120)
(7,120)868786307(7,121)
(8,120)1991962760(9,120)
(8,120)1905099667(8,121)
(9,120)1045819828(9,121)
(0,121)642689351(1,121)
(0,121)700134785(0,122)
(1,121)1848048221(2,121)
(1,121)827803100(1,122)
(2,121)922505317(3,121)
(2,121)1368686424(2,122)
(3,121)367253235(4,121)
(3,121)1713406265(3,122)
(4,121)2133982237(5,121)
(4,121)860265177(4,122)
(5,121)909741325(6,121)
(5,121)1645550091(5,122)
(6,121)1952046475(7,121)
(6,121)408367302(6,122)
(7,121)1445253177(8,121)
(7,121)262827025(7,122)
(8,121)1187255555(9,121)
(8,121)773800278(8,122)
(9,121)1990461597(9,122)
(0,122)1565463215(1,122)
(0,122)1680437604(0,123)
(1,122)658645400(2,122)
(1,122)1120045693(1,123)
(2,122)634146778(3,122)
(2,122)719344308(2,123)
(3,122)1588130616(4,122)
(3,122)844105755(3,123)
(4,122)601721775(5,122)
(4,122)488851562(4,123)
(5,122)1534671391(6,122)
(5,122)1432609728(5,123)
(6,122)2075299079(7,122)
(6,122)1301856560(6,123)
(7,122)1002421133(8,122)
(7,122)214990843(7,123)
(8,122)1137496160(9,122)
(8,122)1296501855(8,123)
(9,122)568343750(9,123)
(0,123)1997761337(1,123)
(0,123)1663755091(0,124)
(1,123)1161821534(2,123)
(1,123)554842339(1,124)
(2,123)963209641(3,123)
(2,123)760019014(2,124)
(3,123)1022846040(4,123)
(3,123)966384362(3,124)
(4,123)1740184640(5,123)
(4,123)260979170(4,124)
(5,123)103957120(6,123)
(5,123)62617947(5,124)
(6,123)1628081162(7,123)
(6,123)1273138597(6,124)
(7,123)1931783997(8,123)
(7,123)1224002813(7,124)
(8,123)1858149591(9,123)
(8,123)199941822(8,124)
(9,123)628406105(9,124)
(0,124)199517505(1,124)
(0,124)1788072438(0,125)
(1,124)1073198518(2,124)
(1,124)1230127880(1,125)
(2,124)384500792(3,124)
(2,124)1734188896(2,125)
(3,124)1949179739(4,124)
(3,124)1001013949(3,125)
(4,124)150032157(5,124)
(4,124)1386921925(4,125)
(5,124)1955265675(6,124)
(5,124)939192252(5,125)
(6,124)789469941(7,124)
(6,124)1813787248(6,125)
(7,124)828125134(8,124)
(7,124)362624366(7,125)
(8,124)1325834007(9,124)
(8,124)1549488956(8,125)
(9,124)1794509496(9,125)
(0,125)1586813178(1,125)
(0,125)424851348(0,126)
(1,125)487469295(2,125)
(1,125)1387210489(1,126)
(2,125)512865438(3,125)
(2,125)1690770298(2,126)
(3,125)767289463(4,125)
(3,125)2115550457(3,126)
(4,125)168008631(5,125)
(4,125)297165787(4,126)
(5,125)925571892(6,125)
(5,125)477955406(5,126)
(6,125)677472911(7,125)
(6,125)1956081070(6,126)
(7,125)881795940(8,125)
(7,125)8216124(7,126)
(8,125)392716916(9,125)
(8,125)264178160(8,126)
(9,125)1882809890(9,126)
(0,126)1779638841(1,126)
(0,126)65874251(0,127)
(1,126)1005066503(2,126)
(1,126)2032842047(1,127)
(2,126)1699145647(3,126)
(2,126)1587420868(2,127)
(3,126)1950045234(4,126)
(3,126)1794536445(3,127)
(4,126)1196541753(5,126)
(4,126)379787133(4,127)
(5,126)26812982(6,126)
(5,126)1128395594(5,127)
(6,126)567725124(7,126)
(6,126)1621393101(6,127)
(7,126)2108862396(8,126)
(7,126)1414023471(7,127)
(8,126)1926888909(9,126)
(8,126)111011774(8,127)
(9,126)2076929205(9,127)
(0,127)76571048(1,127)
(0,127)878301237(0,128)
(1,127)1356256643(2,127)
(1,127)97454188(1,128)
(2,127)2053535258(3,127)
(2,127)1002142941(2,128)
(3,127)1010359065(4,127)
(3,127)2033729554(3,128)
(4,127)150424066(5,127)
(4,127)787847551(4,128)
(5,127)523173793(6,127)
(5,127)1403075982(5,128)
(6,127)1035231175(7,127)
(6,127)216298318(6,128)
(7,127)1221364821(8,127)
(7,127)408532192(7,128)
(8,127)2107677839(9,127)
(8,127)475168396(8,128)
(9,127)868417618(9,128)
(0,128)339981324(1,128)
(0,128)277729982(0,129)
(1,128)1406125576(2,128)
(1,128)2064959371(1,129)
(2,128)1538868824(3,128)
(2,128)366794306(2,129)
(3,128)1780817777(4,128)
(3,128)1973850700(3,129)
(4,128)2084862474(5,128)
(4,128)1500247572(4,129)
(5,128)1429693129(6,128)
(5,128)1560223038(5,129)
(6,128)1636794087(7,128)
(6,128)815680063(6,129)
(7,128)24453058(8,128)
(7,128)1527147318(7,129)
(8,128)1433198928(9,128)
(8,128)491453380(8,129)
(9,128)2058182613(9,129)
(0,129)73562831(1,129)
(0,129)1501812445(0,130)
(1,129)757404779(2,129)
(1,129)61123031(1,130)
(2,129)277421349(3,129)
(2,129)596736624(2,130)
(3,129)1005268816(4,129)
(3,129)1792635955(3,130)
(4,129)120320703(5,129)
(4,129)1498786171(4,130)
(5,129)219720141(6,129)
(5,129)965463007(5,130)
(6,129)1305444332(7,129)
(6,129)398050685(6,130)
(7,129)1804176262(8,129)
(7,129)137195865(7,130)
(8,129)1676064689(9,129)
(8,129)1672238638(8,130)
(9,129)1630543314(9,130)
(0,130)1028828614(1,130)
(0,130)1305572768(0,131)
(1,130)718312158(2,130)
(1,130)1567922141(1,131)
(2,130)236118556(3,130)
(2,130)311038095(2,131)
(3,130)1838185413(4,130)
(3,130)207622597(3,131)
(4,130)699075977(5,130)
(4,130)260571615(4,131)
(5,130)171270580(6,130)
(5,130)1123900694(5,131)
(6,130)1197463525(7,130)
(6,130)53404775(6,131)
(7,130)810809554(8,130)
(7,130)232393611(7,131)
(8,130)509814961(9,130)
(8,130)1794200150(8,131)
(9,130)455961861(9,131)
(0,131)2008601132(1,131)
(0,131)651985318(0,132)
(1,131)1617448326(2,131)
(1,131)576282564(1,132)
(2,131)974333250(3,131)
(2,131)80837625(2,132)
(3,131)218033490(4,131)
(3,131)775409010(3,132)
(4,131)300164000(5,131)
(4,131)631025864(4,132)
(5,131)114085530(6,131)
(5,131)1894098180(5,132)
(6,131)775443146(7,131)
(6,131)1605736768(6,132)
(7,131)176565279(8,131)
(7,131)1682007671(7,132)
(8,131)1918126228(9,131)
(8,131)1086481241(8,132)
(9,131)384187876(9,132)
(0,132)31214195(1,132)
(0,132)777183007(0,133)
(1,132)1901083701(2,132)
(1,132)1083263854(1,133)
(2,132)1136668629(3,132)
(2,132)202484775(2,133)
(3,132)434878386(4,132)
(3,132)951063578(3,133)
(4,132)597780080(5,132)
(4,132)1947478183(4,133)
(5,132)255956397(6,132)
(5,132)944693347(5,133)
(6,132)805810831(7,132)
(6,132)1249765399(6,133)
(7,132)719730077(8,132)
(7,132)832238961(7,133)
(8,132)1806572211(9,132)
(8,132)886648457(8,133)
(9,132)1495139087(9,133)
(0,133)290114427(1,133)
(0,133)1104681947(0,134)
(1,133)851296479(2,133)
(1,133)1795303087(1,134)
(2,133)1253556208(3,133)
(2,133)404199958(2,134)
(3,133)2086207629(4,133)
(3,133)1626739625(3,134)
(4,133)565737219(5,133)
(4,133)1430121487(4,134)
(5,133)1814309363(6,133)
(5,133)1856850209(5,134)
(6,133)1888064404(7,133)
(6,133)1342920226(6,134)
(7,133)1096520279(8,133)
(7,133)750089569(7,134)
(8,133)1886758198(9,133)
(8,133)2090549179(8,134)
(9,133)2047583857(9,134)
(0,134)1686752734(1,134)
(0,134)377943918(0,135)
(1,134)1322637265(2,134)
(1,134)497880290(1,135)
(2,134)1747645689(3,134)
(2,134)1942709131(2,135)
(3,134)627464444(4,134)
(3,134)2128448097(3,135)
(4,134)867612906(5,134)
(4,134)319892118(4,135)
(5,134)1815031205(6,134)
(5,134)286553008(5,135)
(6,134)576667435(7,134)
(6,134)1972294853(6,135)
(7,134)676107685(8,134)
(7,134)1462850644(7,135)
(8,134)568923204(9,134)
(8,134)980867393(8,135)
(9,134)155363662(9,135)
(0,135)1999044691(1,135)
(0,135)919591375(0,136)
(1,135)628957936(2,135)
(1,135)721100881(1,136)
(2,135)2064021107(3,135)
(2,135)1665870407(2,136)
(3,135)268476328(4,135)
(3,135)369538693(3,136)
(4,135)312604224(5,135)
(4,135)1013057738(4,136)
(5,135)913157948(6,135)
(5,135)7750879(5,136)
(6,135)1694503613(7,135)
(6,135)690548142(6,136)
(7,135)2013185408(8,135)
(7,135)1411038238(7,136)
(8,135)1011200279(9,135)
(8,135)1489729096(8,136)
(9,135)1994149857(9,136)
(0,136)1331092397(1,136)
(0,136)2117193540(0,137)
(1,136)256262900(2,136)
(1,136)714279115(1,137)
(2,136)539090320(3,136)
(2,136)998639954(2,137)
(3,136)314006950(4,136)
(3,136)832930336(3,137)
(4,136)1813797729(5,136)
(4,136)1215198005(4,137)
(5,136)1370561668(6,136)
(5,136)882930155(5,137)
(6,136)734491198(7,136)
(6,136)585905456(6,137)
(7,136)1214863393(8,136)
(7,136)2091662549(7,137)
(8,136)2008200009(9,136)
(8,136)252877957(8,137)
(9,136)1584402086(9,137)
(0,137)873774099(1,137)
(0,137)521354286(0,138)
(1,137)529105165(2,137)
(1,137)1897006310(1,138)
(2,137)440070805(3,137)
(2,137)1786932047(2,138)
(3,137)1050486637(4,137)
(3,137)76125130(3,138)
(4,137)1565854226(5,137)
(4,137)305772565(4,138)
(5,137)152438774(6,137)
(5,137)2061686916(5,138)
(6,137)1245295665(7,137)
(6,137)1535564118(6,138)
(7,137)1791827019(8,137)
(7,137)866717889(7,138)
(8,137)1405808209(9,137)
(8,137)96451971(8,138)
(9,137)477273707(9,138)
(0,138)473522567(1,138)
(0,138)410458922(0,139)
(1,138)1293389077(2,138)
(1,138)143587788(1,139)
(2,138)729493245(3,138)
(2,138)1844084235(2,139)
(3,138)1788263136(4,138)
(3,138)2027880275(3,139)
(4,138)133274585(5,138)
(4,138)1944356638(4,139)
(5,138)1381275076(6,138)
(5,138)1648979497(5,139)
(6,138)375269949(7,138)
(6,138)654628871(6,139)
(7,138)1183734036(8,138)
(7,138)1130797738(7,139)
(8,138)1570868543(9,138)
(8,138)14718348(8,139)
(9,138)1259859166(9,139)
(0,139)1876641108(1,139)
(0,139)1065204986(0,140)
(1,139)979408254(2,139)
(1,139)678229744(1,140)
(2,139)66310214(3,139)
(2,139)2029079882(2,140)
(3,139)748314123(4,139)
(3,139)77220272(3,140)
(4,139)173672243(5,139)
(4,139)1858137233(4,140)
(5,139)187927292(6,139)
(5,139)6638685(5,140)
(6,139)480161252(7,139)
(6,139)584131165(6,140)
(7,139)1877520242(8,139)
(7,139)331515081(7,140)
(8,139)1061008326(9,139)
(8,139)176761839(8,140)
(9,139)1757916870(9,140)
(0,140)857881316(1,140)
(0,140)1965024975(0,141)
(1,140)1466520825(2,140)
(1,140)1891191455(1,141)
(2,140)398336678(3,140)
(2,140)91672744(2,141)
(3,140)1222470482(4,140)
(3,140)1841790774(3,141)
(4,140)1856509122(5,140)
(4,140)1582070714(4,141)
(5,140)694446232(6,140)
(5,140)645855378(5,141)
(6,140)375012838(7,140)
(6,140)774230460(6,141)
(7,140)1753638715(8,140)
(7,140)1372675976(7,141)
(8,140)1438986190(9,140)
(8,140)256609073(8,141)
(9,140)1830858987(9,141)
(0,141)1149639776(1,141)
(0,141)1004923196(0,142)
(1,141)1011561881(2,141)
(1,141)2004531230(1,142)
(2,141)441178748(3,141)
(2,141)1337567068(2,142)
(3,141)1669082149(4,141)
(3,141)1491723133(3,142)
(4,141)1668484972(5,141)
(4,141)171215342(4,142)
(5,141)1929132212(6,141)
(5,141)582606827(5,142)
(6,141)1440488143(7,141)
(6,141)1486026300(6,142)
(7,141)805063477(8,141)
(7,141)1672840019(7,142)
(8,141)2071176697(9,141)
(8,141)1532160887(8,142)
(9,141)499370603(9,142)
(0,142)1505763763(1,142)
(0,142)607147722(0,143)
(1,142)1253003100(2,142)
(1,142)208396077(1,143)
(2,142)982626538(3,142)
(2,142)52726347(2,143)
(3,142)1425402323(4,142)
(3,142)1628015938(3,143)
(4,142)1884625011(5,142)
(4,142)588781605(4,143)
(5,142)272156944(6,142)
(5,142)716904866(5,143)
(6,142)1866544642(7,142)
(6,142)742064560(6,143)
(7,142)1753626441(8,142)
(7,142)129204526(7,143)
(8,142)570383274(9,142)
(8,142)1056628062(8,143)
(9,142)1097865927(9,143)
(0,143)741598617(1,143)
(0,143)578226564(0,144)
(1,143)1160833391(2,143)
(1,143)618867251(1,144)
(2,143)2104893551(3,143)
(2,143)523247181(2,144)
(3,143)48603553(4,143)
(3,143)453837887(3,144)
(4,143)1985998774(5,143)
(4,143)762473380(4,144)
(5,143)1261843983(6,143)
(5,143)2119780250(5,144)
(6,143)1478060366(7,143)
(6,143)445662848(6,144)
(7,143)1698665948(8,143)
(7,143)1470240061(7,144)
(8,143)305382951(9,143)
(8,143)1530786713(8,144)
(9,143)1179198239(9,144)
(0,144)894164556(1,144)
(0,144)808705389(0,145)
(1,144)1525610255(2,144)
(1,144)916339602(1,145)
(2,144)1658404162(3,144)
(2,144)1166321500(2,145)
(3,144)1295526026(4,144)
(3,144)1244671249(3,145)
(4,144)153815663(5,144)
(4,144)1264546956(4,145)
(5,144)214929235(6,144)
(5,144)1865909301(5,145)
(6,144)460024270(7,144)
(6,144)732042227(6,145)
(7,144)1892875619(8,144)
(7,144)833796486(7,145)
(8,144)791206390(9,144)
(8,144)983271451(8,145)
(9,144)199229858(9,145)
(0,145)1553679770(1,145)
(0,145)1031875004(0,146)
(1,145)1004171607(2,145)
(1,145)37744984(1,146)
(2,145)483407833(3,145)
(2,145)668040106(2,146)
(3,145)2138280167(4,145)
(3,145)334748325(3,146)
(4,145)1865535038(5,145)
(4,145)34590133(4,146)
(5,145)1213788372(6,145)
(5,145)296179470(5,146)
(6,145)1190344026(7,145)
(6,145)526756779(6,146)
(7,145)2052367034(8,145)
(7,145)2130127975(7,146)
(8,145)1641048489(9,145)
(8,145)209181878(8,146)
(9,145)1149554635(9,146)
(0,146)758111797(1,146)
(0,146)1504707904(0,147)
(1,146)1223133557(2,146)
(1,146)1303370299(1,147)
(2,146)2035412526(3,146)
(2,146)973041032(2,147)
(3,146)1806837519(4,146)
(3,146)1683157827(3,147)
(4,146)518945631(5,146)
(4,146)1780804497(4,147)
(5,146)1980034355(6,146)
(5,146)450560261(5,147)
(6,146)2004240031(7,146)
(6,146)1550820635(6,147)
(7,146)407508594(8,146)
(7,146)2017779340(7,147)
(8,146)353703525(9,146)
(8,146)524796489(8,147)
(9,146)742256919(9,147)
(0,147)388293658(1,147)
(0,147)515593008(0,148)
(1,147)811772478(2,147)
(1,147)460308310(1,148)
(2,147)987065089(3,147)
(2,147)1602082031(2,148)
(3,147)1584726358(4,147)
(3,147)2002116504(3,148)
(4,147)63814734(5,147)
(4,147)891948476(4,148)
(5,147)2041503111(6,147)
(5,147)1078291199(5,148)
(6,147)1836402997(7,147)
(6,147)1568522639(6,148)
(7,147)644172548(8,147)
(7,147)1197389762(7,148)
(8,147)1085318641(9,147)
(8,147)661960381(8,148)
(9,147)179846728(9,148)
(0,148)718639490(1,148)
(0,148)321314252(0,149)
(1,148)771874513(2,148)
(1,148)698792359(1,149)
(2,148)102129346(3,148)
(2,148)551190198(2,149)
(3,148)421485890(4,148)
(3,148)628630897(3,149)
(4,148)1153427386(5,148)
(4,148)509637941(4,149)
(5,148)1251894860(6,148)
(5,148)775189415(5,149)
(6,148)1163483073(7,148)
(6,148)1669020395(6,149)
(7,148)333309225(8,148)
(7,148)1712203170(7,149)
(8,148)551784612(9,148)
(8,148)618081456(8,149)
(9,148)187942082(9,149)
(0,149)1443733088(1,149)
(0,149)55324166(0,150)
(1,149)1133615366(2,149)
(1,149)251756816(1,150)
(2,149)1820279455(3,149)
(2,149)1337752551(2,150)
(3,149)387658666(4,149)
(3,149)822534715(3,150)
(4,149)1484495096(5,149)
(4,149)316968356(4,150)
(5,149)496815084(6,149)
(5,149)1472977307(5,150)
(6,149)44133149(7,149)
(6,149)1805809349(6,150)
(7,149)430200214(8,149)
(7,149)1195607443(7,150)
(8,149)1297736789(9,149)
(8,149)595323347(8,150)
(9,149)1058831111(9,150)
(0,150)1807374730(1,150)
(0,150)1016809237(0,151)
(1,150)1791998652(2,150)
(1,150)64774850(1,151)
(2,150)1733795245(3,150)
(2,150)911785943(2,151)
(3,150)476505465(4,150)
(3,150)807998078(3,151)
(4,150)1426079534(5,150)
(4,150)2067104470(4,151)
(5,150)107562904(6,150)
(5,150)1028290077(5,151)
(6,150)324539517(7,150)
(6,150)1481403701(6,151)
(7,150)467535419(8,150)
(7,150)359319721(7,151)
(8,150)32115528(9,150)
(8,150)1662292069(8,151)
(9,150)1290070134(9,151)
(0,151)349083884(1,151)
(0,151)2049950735(0,152)
(1,151)1375444394(2,151)
(1,151)627081582(1,152)
(2,151)285407283(3,151)
(2,151)845898968(2,152)
(3,151)2041506411(4,151)
(3,151)1419577543(3,152)
(4,151)2014900891(5,151)
(4,151)715607498(4,152)
(5,151)1774438609(6,151)
(5,151)1191759553(5,152)
(6,151)851650635(7,151)
(6,151)884226480(6,152)
(7,151)528741485(8,151)
(7,151)1839213459(7,152)
(8,151)1425525056(9,151)
(8,151)1763436578(8,152)
(9,151)1336739563(9,152)
(0,152)1345145879(1,152)
(0,152)92458396(0,153)
(1,152)1120748473(2,152)
(1,152)615335449(1,153)
(2,152)2096739150(3,152)
(2,152)1452708783(2,153)
(3,152)1812028504(4,152)
(3,152)1445287991(3,153)
(4,152)960096412(5,152)
(4,152)416790921(4,153)
(5,152)1706861055(6,152)
(5,152)1844144033(5,153)
(6,152)45744269(7,152)
(6,152)862563499(6,153)
(7,152)90524245(8,152)
(7,152)186458990(7,153)
(8,152)471866273(9,152)
(8,152)891643238(8,153)
(9,152)1510101788(9,153)
(0,153)1187473771(1,153)
(0,153)785666001(0,154)
(1,153)1977425554(2,153)
(1,153)1377519031(1,154)
(2,153)114261864(3,153)
(2,153)814428733(2,154)
(3,153)506158544(4,153)
(3,153)681592542(3,154)
(4,153)297545472(5,153)
(4,153)643003349(4,154)
(5,153)1979742912(6,153)
(5,153)1931683601(5,154)
(6,153)1129345832(7,153)
(6,153)390003868(6,154)
(7,153)1510752342(8,153)
(7,153)447594713(7,154)
(8,153)396850216(9,153)
(8,153)434570967(8,154)
(9,153)808556685(9,154)
(0,154)813641137(1,154)
(0,154)99115824(0,155)
(1,154)1943259857(2,154)
(1,154)1768653097(1,155)
(2,154)483732948(3,154)
(2,154)373018545(2,155)
(3,154)559477535(4,154)
(3,154)1989004126(3,155)
(4,154)733163716(5,154)
(4,154)574257193(4,155)
(5,154)2084358981(6,154)
(5,154)1031343808(5,155)
(6,154)71333932(7,154)
(6,154)1518829718(6,155)
(7,154)1348771624(8,154)
(7,154)1314394365(7,155)
(8,154)1428656229(9,154)
(8,154)885762665(8,155)
(9,154)2030364166(9,155)
(0,155)2071659578(1,155)
(0,155)1391921209(0,156)
(1,155)1176121162(2,155)
(1,155)180425991(1,156)
(2,155)570429859(3,155)
(2,155)1903918842(2,156)
(3,155)204029907(4,155)
(3,155)157983346(3,156)
(4,155)592554314(5,155)
(4,155)2081182201(4,156)
(5,155)742255238(6,155)
(5,155)600880123(5,156)
(6,155)1414521261(7,155)
(6,155)691670138(6,156)
(7,155)487446347(8,155)
(7,155)363424687(7,156)
(8,155)847157635(9,155)
(8,155)1787539806(8,156)
(9,155)328966825(9,156)
(0,156)1421414828(1,156)
(0,156)199533693(0,157)
(1,156)1230877501(2,156)
(1,156)1062130542(1,157)
(2,156)433476612(3,156)
(2,156)1358290162(2,157)
(3,156)525200879(4,156)
(3,156)1302211433(3,157)
(4,156)40490450(5,156)
(4,156)1782248236(4,157)
(5,156)1665128755(6,156)
(5,156)1953857108(5,157)
(6,156)1878033038(7,156)
(6,156)1432411660(6,157)
(7,156)461049174(8,156)
(7,156)1845554746(7,157)
(8,156)268500957(9,156)
(8,156)1634468232(8,157)
(9,156)619032521(9,157)
(0,157)202199511(1,157)
(0,157)1838498139(0,158)
(1,157)291894615(2,157)
(1,157)1211586835(1,158)
(2,157)1903256973(3,157)
(2,157)944454749(2,158)
(3,157)1307879437(4,157)
(3,157)1706415876(3,158)
(4,157)1346472034(5,157)
(4,157)243219672(4,158)
(5,157)572186497(6,157)
(5,157)7553424(5,158)
(6,157)1428968253(7,157)
(6,157)1546005727(6,158)
(7,157)629399580(8,157)
(7,157)1634317039(7,158)
(8,157)2067793651(9,157)
(8,157)639774767(8,158)
(9,157)1931611014(9,158)
(0,158)1702558240(1,158)
(0,158)1164975646(0,159)
(1,158)971349106(2,158)
(1,158)1972101464(1,159)
(2,158)1257029476(3,158)
(2,158)1220203347(2,159)
(3,158)918274445(4,158)
(3,158)701898496(3,159)
(4,158)188883080(5,158)
(4,158)1718078651(4,159)
(5,158)189627524(6,158)
(5,158)1186775402(5,159)
(6,158)1388974913(7,158)
(6,158)2027381219(6,159)
(7,158)171792186(8,158)
(7,158)1401214359(7,159)
(8,158)1156987684(9,158)
(8,158)185946015(8,159)
(9,158)1878208062(9,159)
(0,159)1400207356(1,159)
(0,159)1493825452(0,160)
(1,159)1501378876(2,159)
(1,159)1077196448(1,160)
(2,159)475718527(3,159)
(2,159)1972393853(2,160)
(3,159)1459227245(4,159)
(3,159)782863481(3,160)
(4,159)1422638248(5,159)
(4,159)1105118108(4,160)
(5,159)889245474(6,159)
(5,159)1379537248(5,160)
(6,159)934611840(7,159)
(6,159)440130246(6,160)
(7,159)1411479352(8,159)
(7,159)713863290(7,160)
(8,159)1970892767(9,159)
(8,159)7331539(8,160)
(9,159)2113377848(9,160)
(0,160)1541487770(1,160)
(0,160)925605984(0,161)
(1,160)2112381387(2,160)
(1,160)154777280(1,161)
(2,160)34674852(3,160)
(2,160)1731115294(2,161)
(3,160)984846005(4,160)
(3,160)1353872652(3,161)
(4,160)1539818667(5,160)
(4,160)206467038(4,161)
(5,160)2084675101(6,160)
(5,160)2141833689(5,161)
(6,160)1394557397(7,160)
(6,160)886160471(6,161)
(7,160)240055700(8,160)
(7,160)1014387901(7,161)
(8,160)1490106429(9,160)
(8,160)1219467602(8,161)
(9,160)1022919181(9,161)
(0,161)447740889(1,161)
(0,161)531211199(0,162)
(1,161)1910748448(2,161)
(1,161)298073782(1,162)
(2,161)738204028(3,161)
(2,161)1336986363(2,162)
(3,161)2050849653(4,161)
(3,161)697876640(3,162)
(4,161)705208180(5,161)
(4,161)2199733(4,162)
(5,161)2115577581(6,161)
(5,161)1874258772(5,162)
(6,161)1268262894(7,161)
(6,161)1630814164(6,162)
(7,161)1595711903(8,161)
(7,161)122871214(7,162)
(8,161)157546066(9,161)
(8,161)851894540(8,162)
(9,161)802100908(9,162)
(0,162)364013104(1,162)
(0,162)1836740545(0,163)
(1,162)1831090586(2,162)
(1,162)194435927(1,163)
(2,162)1080596399(3,162)
(2,162)301204557(2,163)
(3,162)1315592459(4,162)
(3,162)1078164335(3,163)
(4,162)150148290(5,162)
(4,162)1320652099(4,163)
(5,162)196087632(6,162)
(5,162)658215240(5,163)
(6,162)1105956129(7,162)
(6,162)681359489(6,163)
(7,162)444624289(8,162)
(7,162)494161414(7,163)
(8,162)1232365443(9,162)
(8,162)295458844(8,163)
(9,162)1142500930(9,163)
(0,163)1234565176(1,163)
(0,163)198824849(0,164)
(1,163)2073083622(2,163)
(1,163)1847709110(1,164)
(2,163)1331039626(3,163)
(2,163)1202659109(2,164)
(3,163)1325530323(4,163)
(3,163)1193862868(3,164)
(4,163)2045757409(5,163)
(4,163)779267882(4,164)
(5,163)1581368790(6,163)
(5,163)1483076389(5,164)
(6,163)1847089494(7,163)
(6,163)1735014306(6,164)
(7,163)1418621245(8,163)
(7,163)1775804717(7,164)
(8,163)708917468(9,163)
(8,163)810403(8,164)
(9,163)349301932(9,164)
(0,164)2029569567(1,164)
(0,164)1316402862(0,165)
(1,164)1974618102(2,164)
(1,164)499450222(1,165)
(2,164)1180809712(3,164)
(2,164)78173552(2,165)
(3,164)572334966(4,164)
(3,164)933090583(3,165)
(4,164)1228549427(5,164)
(4,164)1625434001(4,165)
(5,164)620451283(6,164)
(5,164)1804700409(5,165)
(6,164)891781937(7,164)
(6,164)1427374277(6,165)
(7,164)1352974251(8,164)
(7,164)320676745(7,165)
(8,164)1651716372(9,164)
(8,164)2094441047(8,165)
(9,164)399353471(9,165)
(0,165)283500606(1,165)
(0,165)1272487722(0,166)
(1,165)608080464(2,165)
(1,165)297627232(1,166)
(2,165)2032641539(3,165)
(2,165)1864869396(2,166)
(3,165)1493190465(4,165)
(3,165)307686310(3,166)
(4,165)308496713(5,165)
(4,165)1303779136(4,166)
(5,165)1653081068(6,165)
(5,165)54624286(5,166)
(6,165)2084193853(7,165)
(6,165)1624899576(6,166)
(7,165)1452034030(8,165)
(7,165)5047643(7,166)
(8,165)1185857355(9,165)
(8,165)14883757(8,166)
(9,165)237640966(9,166)
(0,166)663807708(1,166)
(0,166)587218724(0,167)
(1,166)244435485(2,166)
(1,166)1466190393(1,167)
(2,166)746081022(3,166)
(2,166)1284258992(2,167)
(3,166)1604935737(4,166)
(3,166)1136217423(3,167)
(4,166)1083174822(5,166)
(4,166)2099055273(4,167)
(5,166)350925097(6,166)
(5,166)1109168461(5,167)
(6,166)1392669067(7,166)
(6,166)208178896(6,167)
(7,166)816259360(8,166)
(7,166)648552329(7,167)
(8,166)533710220(9,166)
(8,166)1110054815(8,167)
(9,166)1123945670(9,167)
(0,167)1837489356(1,167)
(0,167)455761633(0,168)
(1,167)510385919(2,167)
(1,167)1432442384(1,168)
(2,167)909858312(3,167)
(2,167)1343086777(2,168)
(3,167)1348134420(4,167)
(3,167)447096124(3,168)
(4,167)461979882(5,167)
(4,167)214408694(4,168)
(5,167)452049660(6,167)
(5,167)386508127(5,168)
(6,167)1050315835(7,167)
(6,167)1049198606(6,168)
(7,167)1293634091(8,167)
(7,167)1918240054(7,168)
(8,167)516837428(9,167)
(8,167)187091179(8,168)
(9,167)282367866(9,168)
(0,168)468409054(1,168)
(0,168)1792026917(0,169)
(1,168)753711730(2,168)
(1,168)1365542688(1,169)
(2,168)1573721585(3,168)
(2,168)819334151(2,169)
(3,168)1467886480(4,168)
(3,168)2146380798(3,169)
(4,168)1108951965(5,168)
(4,168)242497297(4,169)
(5,168)1366442968(6,168)
(5,168)2001596701(5,169)
(6,168)1691602409(7,168)
(6,168)1564713598(6,169)
(7,168)2075099517(8,168)
(7,168)651401704(7,169)
(8,168)1561260016(9,168)
(8,168)887205538(8,169)
(9,168)374711994(9,169)
(0,169)1775668710(1,169)
(0,169)87856310(0,170)
(1,169)474364437(2,169)
(1,169)836691876(1,170)
(2,169)1885890482(3,169)
(2,169)80234723(2,170)
(3,169)1998474777(4,169)
(3,169)1524680273(3,170)
(4,169)1711771452(5,169)
(4,169)1032040925(4,170)
(5,169)1314408792(6,169)
(5,169)367828557(5,170)
(6,169)836237611(7,169)
(6,169)1356314721(6,170)
(7,169)2110026452(8,169)
(7,169)532467832(7,170)
(8,169)2106189417(9,169)
(8,169)1655571762(8,170)
(9,169)2108923602(9,170)
(0,170)201203067(1,170)
(0,170)975974595(0,171)
(1,170)830087648(2,170)
(1,170)1070391919(1,171)
(2,170)487621870(3,170)
(2,170)1567646035(2,171)
(3,170)71564091(4,170)
(3,170)374206409(3,171)
(4,170)1261411948(5,170)
(4,170)415237739(4,171)
(5,170)789949733(6,170)
(5,170)1632824107(5,171)
(6,170)1261009169(7,170)
(6,170)1349268258(6,171)
(7,170)1823632696(8,170)
(7,170)1626641609(7,171)
(8,170)1365048443(9,170)
(8,170)1341243892(8,171)
(9,170)1200829321(9,171)
(0,171)249605721(1,171)
(0,171)1192235021(0,172)
(1,171)1560063579(2,171)
(1,171)765117125(1,172)
(2,171)2121431847(3,171)
(2,171)1564014513(2,172)
(3,171)2096482345(4,171)
(3,171)248817542(3,172)
(4,171)1904389305(5,171)
(4,171)2083974651(4,172)
(5,171)2045414605(6,171)
(5,171)2055188115(5,172)
(6,171)108907534(7,171)
(6,171)732880252(6,172)
(7,171)1562967900(8,171)
(7,171)968322876(7,172)
(8,171)1455944746(9,171)
(8,171)1676553569(8,172)
(9,171)1937174309(9,172)
(0,172)1871182486(1,172)
(0,172)1748117660(0,173)
(1,172)1233458119(2,172)
(1,172)1051102609(1,173)
(2,172)252887220(3,172)
(2,172)513648571(2,173)
(3,172)2140290181(4,172)
(3,172)346983640(3,173)
(4,172)1688227533(5,172)
(4,172)2076519916(4,173)
(5,172)1129865589(6,172)
(5,172)1357854976(5,173)
(6,172)1607460697(7,172)
(6,172)732978906(6,173)
(7,172)145558837(8,172)
(7,172)1894982714(7,173)
(8,172)1868930913(9,172)
(8,172)1023991562(8,173)
(9,172)394376380(9,173)
(0,173)1805421916(1,173)
(0,173)972990260(0,174)
(1,173)880694727(2,173)
(1,173)151282037(1,174)
(2,173)884162289(3,173)
(2,173)1703352873(2,174)
(3,173)524192102(4,173)
(3,173)989602261(3,174)
(4,173)518672182(5,173)
(4,173)299646541(4,174)
(5,173)89337202(6,173)
(5,173)1980136848(5,174)
(6,173)1703835686(7,173)
(6,173)119306194(6,174)
(7,173)1352764313(8,173)
(7,173)1140439812(7,174)
(8,173)1393327032(9,173)
(8,173)70000610(8,174)
(9,173)1699747953(9,174)
(0,174)1322363300(1,174)
(0,174)62807143(0,175)
(1,174)1420662119(2,174)
(1,174)1240491838(1,175)
(2,174)1973470745(3,174)
(2,174)304745241(2,175)
(3,174)52244307(4,174)
(3,174)880639169(3,175)
(4,174)1904630731(5,174)
(4,174)2119029582(4,175)
(5,174)365922314(6,174)
(5,174)1921175221(5,175)
(6,174)1579113489(7,174)
(6,174)730137343(6,175)
(7,174)1610832070(8,174)
(7,174)517204351(7,175)
(8,174)1401366640(9,174)
(8,174)1134982715(8,175)
(9,174)452950683(9,175)
(0,175)1701013181(1,175)
(0,175)1659174817(0,176)
(1,175)1491828017(2,175)
(1,175)971622865(1,176)
(2,175)1090929059(3,175)
(2,175)1790350384(2,176)
(3,175)783306548(4,175)
(3,175)1048180056(3,176)
(4,175)1118180666(5,175)
(4,175)296209724(4,176)
(5,175)1995957678(6,175)
(5,175)29149932(5,176)
(6,175)1351513232(7,175)
(6,175)1180987809(6,176)
(7,175)454166280(8,175)
(7,175)1088965868(7,176)
(8,175)914952965(9,175)
(8,175)1656258473(8,176)
(9,175)1334805449(9,176)
(0,176)886498900(1,176)
(0,176)1708502780(0,177)
(1,176)1482194353(2,176)
(1,176)1091952533(1,177)
(2,176)1822089876(3,176)
(2,176)1252421214(2,177)
(3,176)1769625566(4,176)
(3,176)913824195(3,177)
(4,176)2048806910(5,176)
(4,176)1285438299(4,177)
(5,176)1738388982(6,176)
(5,176)1023508558(5,177)
(6,176)577038092(7,176)
(6,176)1560498079(6,177)
(7,176)904842448(8,176)
(7,176)562528200(7,177)
(8,176)1653457259(9,176)
(8,176)219904828(8,177)
(9,176)1953022504(9,177)
(0,177)1949666984(1,177)
(0,177)1003211376(0,178)
(1,177)1032361308(2,177)
(1,177)923719522(1,178)
(2,177)2104707331(3,177)
(2,177)1798141014(2,178)
(3,177)739623234(4,177)
(3,177)236390892(3,178)
(4,177)1892649365(5,177)
(4,177)411389964(4,178)
(5,177)1746195413(6,177)
(5,177)1654576200(5,178)
(6,177)393591452(7,177)
(6,177)1453668497(6,178)
(7,177)788379203(8,177)
(7,177)690664298(7,178)
(8,177)365270527(9,177)
(8,177)1646012666(8,178)
(9,177)1702203398(9,178)
(0,178)1650708826(1,178)
(0,178)1268154584(0,179)
(1,178)144179495(2,178)
(1,178)1603526660(1,179)
(2,178)1016541091(3,178)
(2,178)1241614160(2,179)
(3,178)1804142360(4,178)
(3,178)721217587(3,179)
(4,178)941122415(5,178)
(4,178)1921383539(4,179)
(5,178)1726922396(6,178)
(5,178)1310115972(5,179)
(6,178)1112299308(7,178)
(6,178)1944333791(6,179)
(7,178)829211451(8,178)
(7,178)503158270(7,179)
(8,178)460381954(9,178)
(8,178)762956674(8,179)
(9,178)1065602343(9,179)
(0,179)871771918(1,179)
(0,179)1502579908(0,180)
(1,179)1009672460(2,179)
(1,179)810768060(1,180)
(2,179)116952909(3,179)
(2,179)470483683(2,180)
(3,179)1161147982(4,179)
(3,179)1403263912(3,180)
(4,179)901792931(5,179)
(4,179)905332112(4,180)
(5,179)460051862(6,179)
(5,179)1526418509(5,180)
(6,179)1029643687(7,179)
(6,179)22463867(6,180)
(7,179)166643362(8,179)
(7,179)2063578522(7,180)
(8,179)932635965(9,179)
(8,179)123774199(8,180)
(9,179)887860949(9,180)
(0,180)706535857(1,180)
(0,180)1927916560(0,181)
(1,180)1090548884(2,180)
(1,180)1828983364(1,181)
(2,180)1625833507(3,180)
(2,180)285974605(2,181)
(3,180)789132875(4,180)
(3,180)55364544(3,181)
(4,180)818321218(5,180)
(4,180)307561310(4,181)
(5,180)1373163653(6,180)
(5,180)1249514829(5,181)
(6,180)2121286747(7,180)
(6,180)173417478(6,181)
(7,180)1183089939(8,180)
(7,180)36448065(7,181)
(8,180)153400975(9,180)
(8,180)444286783(8,181)
(9,180)438870203(9,181)
(0,181)1058733087(1,181)
(0,181)1605434765(0,182)
(1,181)984369626(2,181)
(1,181)1340663134(1,182)
(2,181)1363127002(3,181)
(2,181)1518784950(2,182)
(3,181)1434879824(4,181)
(3,181)2014013313(3,182)
(4,181)2137787512(5,181)
(4,181)1529770364(4,182)
(5,181)270147666(6,181)
(5,181)220032142(5,182)
(6,181)926567999(7,181)
(6,181)1918220424(6,182)
(7,181)861285660(8,181)
(7,181)2099131030(7,182)
(8,181)1577480890(9,181)
(8,181)1212542604(8,182)
(9,181)916650204(9,182)
(0,182)1885042200(1,182)
(0,182)2001675479(0,183)
(1,182)1103706661(2,182)
(1,182)1734971422(1,183)
(2,182)1908388901(3,182)
(2,182)1110722206(2,183)
(3,182)1147170271(4,182)
(3,182)1077509760(3,183)
(4,182)1521796543(5,182)
(4,182)943995192(4,183)
(5,182)1382865395(6,182)
(5,182)1300571246(5,183)
(6,182)211820686(7,182)
(6,182)979747660(6,183)
(7,182)1964117286(8,182)
(7,182)576044882(7,183)
(8,182)1939171884(9,182)
(8,182)1730605636(8,183)
(9,182)1830646951(9,183)
(0,183)1321458600(1,183)
(0,183)1018001812(0,184)
(1,183)1238033954(2,183)
(1,183)1820950816(1,184)
(2,183)1591687592(3,183)
(2,183)1591606266(2,184)
(3,183)1543253649(4,183)
(3,183)17118305(3,184)
(4,183)1229660909(5,183)
(4,183)305489605(4,184)
(5,183)1222139809(6,183)
(5,183)973250891(5,184)
(6,183)710809443(7,183)
(6,183)1083852741(6,184)
(7,183)40075754(8,183)
(7,183)809627584(7,184)
(8,183)570532837(9,183)
(8,183)1821531649(8,184)
(9,183)1117585514(9,184)
(0,184)1514528029(1,184)
(0,184)821218273(0,185)
(1,184)2121789519(2,184)
(1,184)491898410(1,185)
(2,184)1471646070(3,184)
(2,184)749909776(2,185)
(3,184)1325954658(4,184)
(3,184)186126557(3,185)
(4,184)1916732193(5,184)
(4,184)1288279709(4,185)
(5,184)971443012(6,184)
(5,184)1117642894(5,185)
(6,184)291617847(7,184)
(6,184)787250358(6,185)
(7,184)2025284312(8,184)
(7,184)644910180(7,185)
(8,184)89114125(9,184)
(8,184)1883224113(8,185)
(9,184)2042402618(9,185)
(0,185)394603730(1,185)
(0,185)1278994114(0,186)
(1,185)104761357(2,185)
(1,185)1124579879(1,186)
(2,185)60948972(3,185)
(2,185)1616743539(2,186)
(3,185)278887475(4,185)
(3,185)815570801(3,186)
(4,185)489618802(5,185)
(4,185)101024726(4,186)
(5,185)1218610241(6,185)
(5,185)849420312(5,186)
(6,185)216464693(7,185)
(6,185)1310837075(6,186)
(7,185)1285142947(8,185)
(7,185)1710508651(7,186)
(8,185)1034671073(9,185)
(8,185)966374470(8,186)
(9,185)1471269504(9,186)
(0,186)175467134(1,186)
(0,186)144845480(0,187)
(1,186)1262488375(2,186)
(1,186)1240518050(1,187)
(2,186)2027768408(3,186)
(2,186)1146910147(2,187)
(3,186)1791820327(4,186)
(3,186)1554106222(3,187)
(4,186)1289846687(5,186)
(4,186)1905569072(4,187)
(5,186)1800488042(6,186)
(5,186)1880934452(5,187)
(6,186)128054534(7,186)
(6,186)421357154(6,187)
(7,186)526118511(8,186)
(7,186)777584274(7,187)
(8,186)838533246(9,186)
(8,186)1744798074(8,187)
(9,186)1341689312(9,187)
(0,187)939557973(1,187)
(0,187)2023685549(0,188)
(1,187)725622214(2,187)
(1,187)1831308115(1,188)
(2,187)994661542(3,187)
(2,187)10684566(2,188)
(3,187)1721193217(4,187)
(3,187)942086907(3,188)
(4,187)1908461377(5,187)
(4,187)132320841(4,188)
(5,187)1603590346(6,187)
(5,187)608380642(5,188)
(6,187)783847777(7,187)
(6,187)2053306858(6,188)
(7,187)1168311585(8,187)
(7,187)696624748(7,188)
(8,187)576909508(9,187)
(8,187)1930757924(8,188)
(9,187)574934159(9,188)
(0,188)334994932(1,188)
(0,188)1575094603(0,189)
(1,188)1308545408(2,188)
(1,188)1864780846(1,189)
(2,188)138654352(3,188)
(2,188)2135482975(2,189)
(3,188)765583601(4,188)
(3,188)1436599942(3,189)
(4,188)1033914368(5,188)
(4,188)664772864(4,189)
(5,188)2006462176(6,188)
(5,188)1604116847(5,189)
(6,188)396191172(7,188)
(6,188)910116270(6,189)
(7,188)1635738484(8,188)
(7,188)1690286643(7,189)
(8,188)537464538(9,188)
(8,188)406875738(8,189)
(9,188)430341743(9,189)
(0,189)669785379(1,189)
(0,189)2128068955(0,190)
(1,189)588965950(2,189)
(1,189)191319473(1,190)
(2,189)97142683(3,189)
(2,189)125892077(2,190)
(3,189)822516825(4,189)
(3,189)1372813727(3,190)
(4,189)1156088003(5,189)
(4,189)1265454268(4,190)
(5,189)1840388427(6,189)
(5,189)1399426333(5,190)
(6,189)1734421266(7,189)
(6,189)583698958(6,190)
(7,189)1892244366(8,189)
(7,189)1557685625(7,190)
(8,189)1696339978(9,189)
(8,189)1722420593(8,190)
(9,189)1181360661(9,190)
(0,190)213629194(1,190)
(0,190)340520546(0,191)
(1,190)1944637393(2,190)
(1,190)67791381(1,191)
(2,190)977907651(3,190)
(2,190)72607722(2,191)
(3,190)1762894366(4,190)
(3,190)193344918(3,191)
(4,190)600220656(5,190)
(4,190)466162487(4,191)
(5,190)896504231(6,190)
(5,190)152875256(5,191)
(6,190)822660635(7,190)
(6,190)580805964(6,191)
(7,190)1169771914(8,190)
(7,190)1087823704(7,191)
(8,190)1184966387(9,190)
(8,190)948552713(8,191)
(9,190)395101993(9,191)
(0,191)302937007(1,191)
(0,191)1771069538(0,192)
(1,191)1023012224(2,191)
(1,191)1551189996(1,192)
(2,191)2134888954(3,191)
(2,191)2143325434(2,192)
(3,191)1553527411(4,191)
(3,191)609949842(3,192)
(4,191)184886787(5,191)
(4,191)1879649673(4,192)
(5,191)913526686(6,191)
(5,191)1102383741(5,192)
(6,191)1316012935(7,191)
(6,191)525407333(6,192)
(7,191)322561078(8,191)
(7,191)981318067(7,192)
(8,191)1959225719(9,191)
(8,191)1388620658(8,192)
(9,191)515905996(9,192)
(0,192)277904558(1,192)
(0,192)1004031376(0,193)
(1,192)1156906632(2,192)
(1,192)1116126653(1,193)
(2,192)1696932617(3,192)
(2,192)1174408789(2,193)
(3,192)114748845(4,192)
(3,192)1979567267(3,193)
(4,192)780636332(5,192)
(4,192)719220883(4,193)
(5,192)1114322876(6,192)
(5,192)1299715232(5,193)
(6,192)1602652239(7,192)
(6,192)404222223(6,193)
(7,192)1427234447(8,192)
(7,192)518029224(7,193)
(8,192)505434530(9,192)
(8,192)1598494025(8,193)
(9,192)2037184289(9,193)
(0,193)237600555(1,193)
(0,193)1004537789(0,194)
(1,193)2106921530(2,193)
(1,193)74587428(1,194)
(2,193)599994761(3,193)
(2,193)1151127241(2,194)
(3,193)2132445309(4,193)
(3,193)1275450818(3,194)
(4,193)516587828(5,193)
(4,193)922555839(4,194)
(5,193)1438461836(6,193)
(5,193)1944187380(5,194)
(6,193)74608290(7,193)
(6,193)1520619204(6,194)
(7,193)530042188(8,193)
(7,193)407104841(7,194)
(8,193)2104037458(9,193)
(8,193)1249017080(8,194)
(9,193)362125807(9,194)
(0,194)675774693(1,194)
(0,194)1363765925(0,195)
(1,194)515997510(2,194)
(1,194)1142762140(1,195)
(2,194)1546984363(3,194)
(2,194)1790097569(2,195)
(3,194)160643145(4,194)
(3,194)2118649749(3,195)
(4,194)1569660127(5,194)
(4,194)826735162(4,195)
(5,194)716435803(6,194)
(5,194)666077675(5,195)
(6,194)903678231(7,194)
(6,194)426714268(6,195)
(7,194)386152150(8,194)
(7,194)791023231(7,195)
(8,194)1391017992(9,194)
(8,194)2054805472(8,195)
(9,194)1661602968(9,195)
(0,195)166090183(1,195)
(0,195)2039767133(0,196)
(1,195)1836470865(2,195)
(1,195)30707148(1,196)
(2,195)1551326352(3,195)
(2,195)1604552019(2,196)
(3,195)2011656860(4,195)
(3,195)1911079156(3,196)
(4,195)1012612588(5,195)
(4,195)2081368540(4,196)
(5,195)296010700(6,195)
(5,195)1968210670(5,196)
(6,195)496501715(7,195)
(6,195)228894865(6,196)
(7,195)744892375(8,195)
(7,195)1438772840(7,196)
(8,195)838273555(9,195)
(8,195)139115636(8,196)
(9,195)716058477(9,196)
(0,196)1665008717(1,196)
(0,196)299758781(0,197)
(1,196)965836457(2,196)
(1,196)138234956(1,197)
(2,196)564949224(3,196)
(2,196)233960872(2,197)
(3,196)1024984103(4,196)
(3,196)1869514688(3,197)
(4,196)1776836512(5,196)
(4,196)951101374(4,197)
(5,196)465220695(6,196)
(5,196)268518447(5,197)
(6,196)434608630(7,196)
(6,196)1669119998(6,197)
(7,196)1358107215(8,196)
(7,196)495927843(7,197)
(8,196)2047254196(9,196)
(8,196)2039160650(8,197)
(9,196)1121702723(9,197)
(0,197)1981139088(1,197)
(0,197)1903333862(0,198)
(1,197)1724060885(2,197)
(1,197)2134315311(1,198)
(2,197)215726529(3,197)
(2,197)129666140(2,198)
(3,197)1568438980(4,197)
(3,197)73078952(3,198)
(4,197)212194589(5,197)
(4,197)960618904(4,198)
(5,197)1676677381(6,197)
(5,197)259228887(5,198)
(6,197)1924237604(7,197)
(6,197)511953370(6,198)
(7,197)1477789827(8,197)
(7,197)1814912337(7,198)
(8,197)232377913(9,197)
(8,197)10714828(8,198)
(9,197)1199820867(9,198)
(0,198)1183479288(1,198)
(0,198)1035698931(0,199)
(1,198)1304217378(2,198)
(1,198)829173732(1,199)
(2,198)350810082(3,198)
(2,198)1648699983(2,199)
(3,198)2144627826(4,198)
(3,198)1738826009(3,199)
(4,198)1630503011(5,198)
(4,198)1708917297(4,199)
(5,198)683136373(6,198)
(5,198)2044398374(5,199)
(6,198)1878053815(7,198)
(6,198)1386353225(6,199)
(7,198)962930462(8,198)
(7,198)669968036(7,199)
(8,198)885694565(9,198)
(8,198)2007719955(8,199)
(9,198)1036009415(9,199)
(0,199)1428675288(1,199)
(1,199)1846313470(2,199)
(2,199)1248204004(3,199)
(3,199)1687904175(4,199)
(4,199)1375507203(5,199)
(5,199)1760157374(6,199)
(6,199)1464658132(7,199)
(7,199)1042935893(8,199)
(8,199)1090463554(9,199)
