5 200
(0,0)1999485583(1,0)
(0,0)1069916450(0,1)
(1,0)1716181451(2,0)
(1,0)958526666(1,1)
(2,0)1976729749(3,0)
(2,0)755727079(2,1)
(3,0)895715987(4,0)
(3,0)1193201932(3,1)
(4,0)268909458(4,1)
(0,1)165146947(1,1)
(0,1)1452604034(0,2)
(1,1)942011135(2,1)
(1,1)2085073557(1,2)
(2,1)1039067781(3,1)
(2,1)344708285(2,2)
(3,1)323589893(4,1)
(3,1)1122010363(3,2)
(4,1)1434114427(4,2)
(0,2)925809784(1,2)
(0,2)122091341(0,3)
(1,2)1938016086(2,2)
(1,2)774891812(1,3)
(2,2)1107838956(3,2)
(2,2)1570688640(2,3)
(3,2)413169017(4,2)
(3,2)1408738032(3,3)
(4,2)687901671(4,3)
(0,3)709298461(1,3)
(0,3)2024177017(0,4)
(1,3)665218367(2,3)
(1,3)1115129320(1,4)
(2,3)967131255(3,3)
(2,3)1779214911(2,4)
(3,3)1347912715(4,3)
(3,3)1623745034(3,4)
(4,3)1722858335(4,4)
(0,4)393630999(1,4)
(0,4)1452991135(0,5)
(1,4)1721900593(2,4)
(1,4)471090674(1,5)
(2,4)636237621(3,4)
(2,4)1846235033(2,5)
(3,4)640762521(4,4)
(3,4)1659490502(3,5)
(4,4)980945906(4,5)
(0,5)1762772884(1,5)
(0,5)551074635(0,6)
(1,5)1985189062(2,5)
(1,5)1304535799(1,6)
(2,5)82861936(3,5)
(2,5)1884864225(2,6)
(3,5)1675396663(4,5)
(3,5)612597227(3,6)
(4,5)1653550576(4,6)
(0,6)936651047(1,6)
(0,6)1720436183(0,7)
(1,6)260854206(2,6)
(1,6)2066719594(1,7)
(2,6)628534407(3,6)
(2,6)813344416(2,7)
(3,6)1478562784(4,6)
(3,6)1375983526(3,7)
(4,6)260265671(4,7)
(0,7)954824170(1,7)
(0,7)195631134(0,8)
(1,7)1918489469(2,7)
(1,7)1608178386(1,8)
(2,7)2001809385(3,7)
(2,7)260331657(2,8)
(3,7)1982232250(4,7)
(3,7)242096495(3,8)
(4,7)1700560770(4,8)
(0,8)1494239104(1,8)
(0,8)878334116(0,9)
(1,8)1859280022(2,8)
(1,8)193839643(1,9)
(2,8)1956612527(3,8)
(2,8)2045313740(2,9)
(3,8)1883019154(4,8)
(3,8)1016332174(3,9)
(4,8)1693993104(4,9)
(0,9)348132733(1,9)
(0,9)1099194110(0,10)
(1,9)605261038(2,9)
(1,9)1221906119(1,10)
(2,9)11073519(3,9)
(2,9)2068568917(2,10)
(3,9)181939475(4,9)
(3,9)524496984(3,10)
(4,9)824417935(4,10)
(0,10)1557923002(1,10)
(0,10)1153031392(0,11)
(1,10)1413297063(2,10)
(1,10)155497071(1,11)
(2,10)1110321241(3,10)
(2,10)1753554136(2,11)
(3,10)1524559957(4,10)
(3,10)873991801(3,11)
(4,10)1370652898(4,11)
(0,11)1766656452(1,11)
(0,11)728317538(0,12)
(1,11)281394660(2,11)
(1,11)1205401500(1,12)
(2,11)552156957(3,11)
(2,11)497506920(2,12)
(3,11)209303294(4,11)
(3,11)475234304(3,12)
(4,11)449987049(4,12)
(0,12)1225635468(1,12)
(0,12)284363183(0,13)
(1,12)1978356288(2,12)
(1,12)185522555(1,13)
(2,12)533655289(3,12)
(2,12)177345930(2,13)
(3,12)782606969(4,12)
(3,12)1052778759(3,13)
(4,12)454740558(4,13)
(0,13)1307103953(1,13)
(0,13)1063852278(0,14)
(1,13)1888270214(2,13)
(1,13)636680033(1,14)
(2,13)47119387(3,13)
(2,13)312651697(2,14)
(3,13)1725948760(4,13)
(3,13)2043767285(3,14)
(4,13)1800673523(4,14)
(0,14)452456913(1,14)
(0,14)1006604879(0,15)
(1,14)229774129(2,14)
(1,14)1177749832(1,15)
(2,14)796922636(3,14)
(2,14)1180774451(2,15)
(3,14)1462169112(4,14)
(3,14)1435175630(3,15)
(4,14)1294429556(4,15)
(0,15)1937403416(1,15)
(0,15)1987332587(0,16)
(1,15)289835988(2,15)
(1,15)1503732851(1,16)
(2,15)581884671(3,15)
(2,15)74282951(2,16)
(3,15)2052639239(4,15)
(3,15)475358543(3,16)
(4,15)759230602(4,16)
(0,16)957934351(1,16)
(0,16)1009013832(0,17)
(1,16)1463754390(2,16)
(1,16)1541837571(1,17)
(2,16)701457876(3,16)
(2,16)2021786629(2,17)
(3,16)1762573195(4,16)
(3,16)2100434424(3,17)
(4,16)1014109574(4,17)
(0,17)1658856833(1,17)
(0,17)70163(0,18)
(1,17)1800743687(2,17)
(1,17)592574686(1,18)
(2,17)1045031600(3,17)
(2,17)517978064(2,18)
(3,17)747752193(4,17)
(3,17)831009871(3,18)
(4,17)78322403(4,18)
(0,18)35444175(1,18)
(0,18)1627932508(0,19)
(1,18)774878416(2,18)
(1,18)1540491515(1,19)
(2,18)1330411283(3,18)
(2,18)2022776762(2,19)
(3,18)165129102(4,18)
(3,18)131127619(3,19)
(4,18)1404694235(4,19)
(0,19)640487646(1,19)
(0,19)713012291(0,20)
(1,19)1472242893(2,19)
(1,19)1309849826(1,20)
(2,19)120300529(3,19)
(2,19)1649501478(2,20)
(3,19)965772221(4,19)
(3,19)866596816(3,20)
(4,19)2142087159(4,20)
(0,20)918722997(1,20)
(0,20)1568054692(0,21)
(1,20)434680618(2,20)
(1,20)1757176706(1,21)
(2,20)1268549891(3,20)
(2,20)918793160(2,21)
(3,20)572053199(4,20)
(3,20)1027255305(3,21)
(4,20)1786527955(4,21)
(0,21)1403063071(1,21)
(0,21)2072286905(0,22)
(1,21)3125660(2,21)
(1,21)386796501(1,22)
(2,21)422240676(3,21)
(2,21)883511931(2,22)
(3,21)1658390347(4,21)
(3,21)1543617176(3,22)
(4,21)297533791(4,22)
(0,22)1789517967(1,22)
(0,22)726544811(0,23)
(1,22)2131239046(2,22)
(1,22)462662893(1,23)
(2,22)1103150539(3,22)
(2,22)355046610(2,23)
(3,22)1827289503(4,22)
(3,22)1293605225(3,23)
(4,22)605168370(4,23)
(0,23)546402671(1,23)
(0,23)1413905754(0,24)
(1,23)1408509265(2,23)
(1,23)1570940591(1,24)
(2,23)342179940(3,23)
(2,23)2114457363(2,24)
(3,23)401654334(4,23)
(3,23)1018202324(3,24)
(4,23)1260973100(4,24)
(0,24)1428909639(1,24)
(0,24)139268567(0,25)
(1,24)1925796523(2,24)
(1,24)1833026300(1,25)
(2,24)1088605723(3,24)
(2,24)1353712896(2,25)
(3,24)1356838556(4,24)
(3,24)165109376(3,25)
(4,24)1972117654(4,25)
(0,25)752972084(1,25)
(0,25)587350052(0,26)
(1,25)884883843(2,25)
(1,25)1483024353(1,26)
(2,25)1125058672(3,25)
(2,25)1479516896(2,26)
(3,25)1463272294(4,25)
(3,25)1347546737(3,26)
(4,25)1480105282(4,26)
(0,26)609393871(1,26)
(0,26)303213628(0,27)
(1,26)908381998(2,26)
(1,26)1159911137(1,27)
(2,26)1706313808(3,26)
(2,26)2023299626(2,27)
(3,26)1284325243(4,26)
(3,26)331838941(3,27)
(4,26)1673287524(4,27)
(0,27)155043919(1,27)
(0,27)674018881(0,28)
(1,27)1934991982(2,27)
(1,27)2074941858(1,28)
(2,27)1356367849(3,27)
(2,27)294312487(2,28)
(3,27)72625362(4,27)
(3,27)1620534634(3,28)
(4,27)562597097(4,28)
(0,28)237734738(1,28)
(0,28)561656709(0,29)
(1,28)386290715(2,28)
(1,28)1919435653(1,29)
(2,28)524924090(3,28)
(2,28)825084790(2,29)
(3,28)1709968634(4,28)
(3,28)1869315068(3,29)
(4,28)2004440986(4,29)
(0,29)910031723(1,29)
(0,29)846890093(0,30)
(1,29)179511727(2,29)
(1,29)1320229632(1,30)
(2,29)1929623504(3,29)
(2,29)1213245351(2,30)
(3,29)2121627350(4,29)
(3,29)1339422865(3,30)
(4,29)1805439482(4,30)
(0,30)305982643(1,30)
(0,30)898253025(0,31)
(1,30)424056901(2,30)
(1,30)942281077(1,31)
(2,30)1097324997(3,30)
(2,30)980001525(2,31)
(3,30)767509859(4,30)
(3,30)351515111(3,31)
(4,30)1391637484(4,31)
(0,31)240560845(1,31)
(0,31)1707882960(0,32)
(1,31)122996409(2,31)
(1,31)1464262846(1,32)
(2,31)1701997584(3,31)
(2,31)802217554(2,32)
(3,31)1188508269(4,31)
(3,31)2042432063(3,32)
(4,31)379598726(4,32)
(0,32)910339689(1,32)
(0,32)419872505(0,33)
(1,32)276829843(2,32)
(1,32)2089567360(1,33)
(2,32)852115435(3,32)
(2,32)1757229782(2,33)
(3,32)1936741510(4,32)
(3,32)1597059475(3,33)
(4,32)2065360787(4,33)
(0,33)1128680727(1,33)
(0,33)1379199331(0,34)
(1,33)1037155165(2,33)
(1,33)2039504489(1,34)
(2,33)198003484(3,33)
(2,33)2026933752(2,34)
(3,33)303507006(4,33)
(3,33)1979436243(3,34)
(4,33)1178005009(4,34)
(0,34)655022117(1,34)
(0,34)929277592(0,35)
(1,34)173431428(2,34)
(1,34)1945514868(1,35)
(2,34)38592065(3,34)
(2,34)215421430(2,35)
(3,34)338417839(4,34)
(3,34)1637694274(3,35)
(4,34)840809619(4,35)
(0,35)233366254(1,35)
(0,35)1192208210(0,36)
(1,35)1571806936(2,35)
(1,35)2029317888(1,36)
(2,35)792173930(3,35)
(2,35)653238759(2,36)
(3,35)930068602(4,35)
(3,35)1513890649(3,36)
(4,35)401920064(4,36)
(0,36)379644430(1,36)
(0,36)218522436(0,37)
(1,36)136399575(2,36)
(1,36)191177926(1,37)
(2,36)1319858653(3,36)
(2,36)1758843761(2,37)
(3,36)648515279(4,36)
(3,36)28420416(3,37)
(4,36)1199308758(4,37)
(0,37)480467874(1,37)
(0,37)226423901(0,38)
(1,37)1404428910(2,37)
(1,37)1502815764(1,38)
(2,37)10354233(3,37)
(2,37)1409745466(2,38)
(3,37)1583176894(4,37)
(3,37)1202460131(3,38)
(4,37)225775663(4,38)
(0,38)1073387520(1,38)
(0,38)1241052196(0,39)
(1,38)2081861816(2,38)
(1,38)564193503(1,39)
(2,38)797559757(3,38)
(2,38)118112082(2,39)
(3,38)1689919018(4,38)
(3,38)1963696056(3,39)
(4,38)1450798517(4,39)
(0,39)1056326019(1,39)
(0,39)608386338(0,40)
(1,39)1010306403(2,39)
(1,39)233383471(1,40)
(2,39)613027901(3,39)
(2,39)1274848456(2,40)
(3,39)1411248031(4,39)
(3,39)1201484329(3,40)
(4,39)224388015(4,40)
(0,40)1439668448(1,40)
(0,40)373859335(0,41)
(1,40)1573168093(2,40)
(1,40)872903294(1,41)
(2,40)1353371168(3,40)
(2,40)1666092349(2,41)
(3,40)923037611(4,40)
(3,40)928500209(3,41)
(4,40)615632986(4,41)
(0,41)2125497742(1,41)
(0,41)938854442(0,42)
(1,41)1164630106(2,41)
(1,41)51326232(1,42)
(2,41)1124713752(3,41)
(2,41)1219066291(2,42)
(3,41)1153444459(4,41)
(3,41)1728823609(3,42)
(4,41)1242825834(4,42)
(0,42)969656867(1,42)
(0,42)378899718(0,43)
(1,42)1829698235(2,42)
(1,42)785261204(1,43)
(2,42)1841587224(3,42)
(2,42)1578043206(2,43)
(3,42)440865961(4,42)
(3,42)2063081707(3,43)
(4,42)968952032(4,43)
(0,43)1642350290(1,43)
(0,43)528625960(0,44)
(1,43)753013975(2,43)
(1,43)232716415(1,44)
(2,43)1672384863(3,43)
(2,43)2016209625(2,44)
(3,43)1441894070(4,43)
(3,43)1625917269(3,44)
(4,43)1190993564(4,44)
(0,44)222910631(1,44)
(0,44)831804789(0,45)
(1,44)1447437775(2,44)
(1,44)2114031176(1,45)
(2,44)2092045270(3,44)
(2,44)1161765074(2,45)
(3,44)178911532(4,44)
(3,44)1498764007(3,45)
(4,44)1163627913(4,45)
(0,45)1907735141(1,45)
(0,45)475994111(0,46)
(1,45)1718819945(2,45)
(1,45)169588724(1,46)
(2,45)1139245592(3,45)
(2,45)139151211(2,46)
(3,45)1968849447(4,45)
(3,45)356597502(3,46)
(4,45)569805150(4,46)
(0,46)1884447506(1,46)
(0,46)50701078(0,47)
(1,46)1019653110(2,46)
(1,46)1010671111(1,47)
(2,46)505537753(3,46)
(2,46)265589818(2,47)
(3,46)1018603794(4,46)
(3,46)1252369525(3,47)
(4,46)374263731(4,47)
(0,47)497037415(1,47)
(0,47)777270741(0,48)
(1,47)1968264305(2,47)
(1,47)1816157801(1,48)
(2,47)2039068433(3,47)
(2,47)1328842205(2,48)
(3,47)628796332(4,47)
(3,47)1934811833(3,48)
(4,47)1053349859(4,48)
(0,48)2127560340(1,48)
(0,48)1879373456(0,49)
(1,48)895517721(2,48)
(1,48)1232261391(1,49)
(2,48)992512884(3,48)
(2,48)456070803(2,49)
(3,48)27407101(4,48)
(3,48)1065106446(3,49)
(4,48)1131664095(4,49)
(0,49)384004603(1,49)
(0,49)56868390(0,50)
(1,49)626673540(2,49)
(1,49)953029894(1,50)
(2,49)689993752(3,49)
(2,49)434705681(2,50)
(3,49)1454358791(4,49)
(3,49)1637344651(3,50)
(4,49)955583571(4,50)
(0,50)559244668(1,50)
(0,50)2142882404(0,51)
(1,50)369662487(2,50)
(1,50)1974187365(1,51)
(2,50)323741132(3,50)
(2,50)1336515409(2,51)
(3,50)1157296067(4,50)
(3,50)38336641(3,51)
(4,50)1652583337(4,51)
(0,51)944624252(1,51)
(0,51)2077405074(0,52)
(1,51)983271285(2,51)
(1,51)133896022(1,52)
(2,51)113972714(3,51)
(2,51)676514060(2,52)
(3,51)1572031782(4,51)
(3,51)68049028(3,52)
(4,51)570043517(4,52)
(0,52)489654580(1,52)
(0,52)1060561912(0,53)
(1,52)44742359(2,52)
(1,52)597450618(1,53)
(2,52)981455221(3,52)
(2,52)546522970(2,53)
(3,52)1173196510(4,52)
(3,52)997772254(3,53)
(4,52)1416160902(4,53)
(0,53)663057513(1,53)
(0,53)1687766006(0,54)
(1,53)495865929(2,53)
(1,53)723036045(1,54)
(2,53)1282280714(3,53)
(2,53)658456269(2,54)
(3,53)1028118757(4,53)
(3,53)322569646(3,54)
(4,53)471312475(4,54)
(0,54)1066455398(1,54)
(0,54)646310779(0,55)
(1,54)151410468(2,54)
(1,54)1628608542(1,55)
(2,54)425749147(3,54)
(2,54)996376824(2,55)
(3,54)1979648109(4,54)
(3,54)285306490(3,55)
(4,54)1102263207(4,55)
(0,55)2047697137(1,55)
(0,55)399279204(0,56)
(1,55)969322722(2,55)
(1,55)526811341(1,56)
(2,55)1016465921(3,55)
(2,55)960775401(2,56)
(3,55)1005517760(4,55)
(3,55)1566773340(3,56)
(4,55)1562988891(4,56)
(0,56)2003290014(1,56)
(0,56)400744914(0,57)
(1,56)1816905816(2,56)
(1,56)588701753(1,57)
(2,56)1251759266(3,56)
(2,56)1543572373(2,57)
(3,56)2039438302(4,56)
(3,56)392458214(3,57)
(4,56)1910215536(4,57)
(0,57)214524301(1,57)
(0,57)1674738928(0,58)
(1,57)2146051403(2,57)
(1,57)790850645(1,58)
(2,57)1857306043(3,57)
(2,57)860835080(2,58)
(3,57)1012245548(4,57)
(3,57)1627176298(3,58)
(4,57)706199219(4,58)
(0,58)1297552039(1,58)
(0,58)2052925445(0,59)
(1,58)1007705004(2,58)
(1,58)538363680(1,59)
(2,58)438577169(3,58)
(2,58)1696831243(2,59)
(3,58)518670317(4,58)
(3,58)1534516346(3,59)
(4,58)1399352570(4,59)
(0,59)2085443658(1,59)
(0,59)403498619(0,60)
(1,59)1966487511(2,59)
(1,59)257386682(1,60)
(2,59)113193049(3,59)
(2,59)338704924(2,60)
(3,59)8127092(4,59)
(3,59)407705616(3,60)
(4,59)1656765422(4,60)
(0,60)400585306(1,60)
(0,60)1659464883(0,61)
(1,60)1422196771(2,60)
(1,60)1548720076(1,61)
(2,60)1763244377(3,60)
(2,60)2075324234(2,61)
(3,60)2073891990(4,60)
(3,60)65563768(3,61)
(4,60)476595809(4,61)
(0,61)1553584640(1,61)
(0,61)1922869811(0,62)
(1,61)481585382(2,61)
(1,61)1488841358(1,62)
(2,61)638909749(3,61)
(2,61)1459026437(2,62)
(3,61)319247793(4,61)
(3,61)1019949062(3,62)
(4,61)188257344(4,62)
(0,62)1853764139(1,62)
(0,62)1458526231(0,63)
(1,62)710395153(2,62)
(1,62)706927662(1,63)
(2,62)644887672(3,62)
(2,62)109779111(2,63)
(3,62)2076266622(4,62)
(3,62)967781835(3,63)
(4,62)983592596(4,63)
(0,63)336488590(1,63)
(0,63)1080974884(0,64)
(1,63)590256658(2,63)
(1,63)991719688(1,64)
(2,63)1392304995(3,63)
(2,63)1995953473(2,64)
(3,63)1270666596(4,63)
(3,63)2138976735(3,64)
(4,63)1320145581(4,64)
(0,64)1336230364(1,64)
(0,64)1754737464(0,65)
(1,64)83849626(2,64)
(1,64)1246553923(1,65)
(2,64)652654915(3,64)
(2,64)1111616527(2,65)
(3,64)1593201909(4,64)
(3,64)1572690984(3,65)
(4,64)2111681352(4,65)
(0,65)465667323(1,65)
(0,65)64117085(0,66)
(1,65)252374429(2,65)
(1,65)283445498(1,66)
(2,65)2137209637(3,65)
(2,65)1924193554(2,66)
(3,65)487105059(4,65)
(3,65)959302091(3,66)
(4,65)99505100(4,66)
(0,66)1454886895(1,66)
(0,66)1604189763(0,67)
(1,66)440298711(2,66)
(1,66)28288074(1,67)
(2,66)364776665(3,66)
(2,66)388378131(2,67)
(3,66)978634790(4,66)
(3,66)1432018400(3,67)
(4,66)213246490(4,67)
(0,67)970127877(1,67)
(0,67)676839747(0,68)
(1,67)1996985328(2,67)
(1,67)1483913087(1,68)
(2,67)672659803(3,67)
(2,67)577381693(2,68)
(3,67)661231319(4,67)
(3,67)1096055604(3,68)
(4,67)1784276331(4,68)
(0,68)86438655(1,68)
(0,68)1748710519(0,69)
(1,68)1712908224(2,68)
(1,68)1229994592(1,69)
(2,68)1695661916(3,68)
(2,68)150555740(2,69)
(3,68)402930170(4,68)
(3,68)1996353722(3,69)
(4,68)1472371822(4,69)
(0,69)1362232261(1,69)
(0,69)1986079711(0,70)
(1,69)2085584812(2,69)
(1,69)1959476882(1,70)
(2,69)1266880129(3,69)
(2,69)818938377(2,70)
(3,69)1259237088(4,69)
(3,69)2113872886(3,70)
(4,69)1655258260(4,70)
(0,70)543771840(1,70)
(0,70)331165903(0,71)
(1,70)544412394(2,70)
(1,70)486409402(1,71)
(2,70)1456537279(3,70)
(2,70)1220611587(2,71)
(3,70)1070113268(4,70)
(3,70)2028325481(3,71)
(4,70)2033918973(4,71)
(0,71)18685224(1,71)
(0,71)553501636(0,72)
(1,71)190294319(2,71)
(1,71)547666644(1,72)
(2,71)634105300(3,71)
(2,71)1767395743(2,72)
(3,71)1332820319(4,71)
(3,71)1420288912(3,72)
(4,71)784661040(4,72)
(0,72)1181690393(1,72)
(0,72)968467180(0,73)
(1,72)293355354(2,72)
(1,72)1187591210(1,73)
(2,72)402339824(3,72)
(2,72)1020286457(2,73)
(3,72)958387621(4,72)
(3,72)105348588(3,73)
(4,72)1221278201(4,73)
(0,73)924776859(1,73)
(0,73)1372228717(0,74)
(1,73)880003330(2,73)
(1,73)333031641(1,74)
(2,73)876803482(3,73)
(2,73)1255942763(2,74)
(3,73)1800355157(4,73)
(3,73)1366412732(3,74)
(4,73)2097415069(4,74)
(0,74)1681196990(1,74)
(0,74)675466364(0,75)
(1,74)561901689(2,74)
(1,74)1020044689(1,75)
(2,74)1038729913(3,74)
(2,74)87214978(2,75)
(3,74)277509298(4,74)
(3,74)1109568333(3,75)
(4,74)658642009(4,75)
(0,75)1697798210(1,75)
(0,75)1743673633(0,76)
(1,75)380851026(2,75)
(1,75)1991462328(1,76)
(2,75)1025669074(3,75)
(2,75)518781742(2,76)
(3,75)812137096(4,75)
(3,75)1568442236(3,76)
(4,75)2045955531(4,76)
(0,76)917485685(1,76)
(0,76)1970782060(0,77)
(1,76)1044576613(2,76)
(1,76)856859504(1,77)
(2,76)1781636363(3,76)
(2,76)142230754(2,77)
(3,76)1022234084(4,76)
(3,76)1377608255(3,77)
(4,76)890095478(4,77)
(0,77)241163169(1,77)
(0,77)106928089(0,78)
(1,77)56859510(2,77)
(1,77)542966987(1,78)
(2,77)76680329(3,77)
(2,77)916629533(2,78)
(3,77)1478531222(4,77)
(3,77)1076904200(3,78)
(4,77)163895308(4,78)
(0,78)440615907(1,78)
(0,78)2115634113(0,79)
(1,78)626792474(2,78)
(1,78)441404606(1,79)
(2,78)2139202816(3,78)
(2,78)36805893(2,79)
(3,78)417656919(4,78)
(3,78)470771155(3,79)
(4,78)510500910(4,79)
(0,79)1986099155(1,79)
(0,79)1496440229(0,80)
(1,79)1394912112(2,79)
(1,79)1322638006(1,80)
(2,79)92640043(3,79)
(2,79)1809397568(2,80)
(3,79)706490533(4,79)
(3,79)104287968(3,80)
(4,79)234870798(4,80)
(0,80)2084098788(1,80)
(0,80)1885924331(0,81)
(1,80)628536162(2,80)
(1,80)1257104882(1,81)
(2,80)1498268051(3,80)
(2,80)43543229(2,81)
(3,80)100402740(4,80)
(3,80)1171503149(3,81)
(4,80)267413936(4,81)
(0,81)1177306940(1,81)
(0,81)1248183479(0,82)
(1,81)1412078787(2,81)
(1,81)1745945158(1,82)
(2,81)39077418(3,81)
(2,81)1145457405(2,82)
(3,81)1772249880(4,81)
(3,81)1853483393(3,82)
(4,81)75883311(4,82)
(0,82)95537387(1,82)
(0,82)1845202561(0,83)
(1,82)208219823(2,82)
(1,82)493540230(1,83)
(2,82)332155737(3,82)
(2,82)1591977616(2,83)
(3,82)839406080(4,82)
(3,82)1530857829(3,83)
(4,82)2141553305(4,83)
(0,83)943694048(1,83)
(0,83)1623497873(0,84)
(1,83)1858368671(2,83)
(1,83)700560191(1,84)
(2,83)637175331(3,83)
(2,83)682134731(2,84)
(3,83)1310670893(4,83)
(3,83)967989905(3,84)
(4,83)680718561(4,84)
(0,84)334690395(1,84)
(0,84)318774309(0,85)
(1,84)586188245(2,84)
(1,84)781121301(1,85)
(2,84)1958428241(3,84)
(2,84)1582873874(2,85)
(3,84)847469013(4,84)
(3,84)184649756(3,85)
(4,84)956401998(4,85)
(0,85)553468758(1,85)
(0,85)223727174(0,86)
(1,85)299610485(2,85)
(1,85)581168230(1,86)
(2,85)676705617(3,85)
(2,85)251187671(2,86)
(3,85)459407494(4,85)
(3,85)793150715(3,86)
(4,85)121199585(4,86)
(0,86)1990265323(1,86)
(0,86)1125306452(0,87)
(1,86)1119376110(2,86)
(1,86)960605665(1,87)
(2,86)1904299713(3,86)
(2,86)1466279548(2,87)
(3,86)1177164571(4,86)
(3,86)1819936301(3,87)
(4,86)438950797(4,87)
(0,87)2145154477(1,87)
(0,87)309627984(0,88)
(1,87)990346545(2,87)
(1,87)1749621690(1,88)
(2,87)2084312085(3,87)
(2,87)316445138(2,88)
(3,87)902633383(4,87)
(3,87)1771467846(3,88)
(4,87)1519702311(4,88)
(0,88)1087283139(1,88)
(0,88)1582412439(0,89)
(1,88)391330790(2,88)
(1,88)219687676(1,89)
(2,88)773156434(3,88)
(2,88)1311010313(2,89)
(3,88)1610620798(4,88)
(3,88)972499020(3,89)
(4,88)1024344105(4,89)
(0,89)256287865(1,89)
(0,89)1649204638(0,90)
(1,89)1770404223(2,89)
(1,89)1483751599(1,90)
(2,89)1326533275(3,89)
(2,89)1381594318(2,90)
(3,89)353486780(4,89)
(3,89)583526241(3,90)
(4,89)645329175(4,90)
(0,90)25939433(1,90)
(0,90)340342306(0,91)
(1,90)779293103(2,90)
(1,90)1822493747(1,91)
(2,90)1820164576(3,90)
(2,90)335567417(2,91)
(3,90)1325913963(4,90)
(3,90)381431146(3,91)
(4,90)2136609714(4,91)
(0,91)949898161(1,91)
(0,91)318259583(0,92)
(1,91)1837961895(2,91)
(1,91)891759449(1,92)
(2,91)1979042589(3,91)
(2,91)384826953(2,92)
(3,91)776157743(4,91)
(3,91)2057649571(3,92)
(4,91)1142569254(4,92)
(0,92)1748656763(1,92)
(0,92)683322358(0,93)
(1,92)1707666463(2,92)
(1,92)605706405(1,93)
(2,92)861994270(3,92)
(2,92)1250377753(2,93)
(3,92)873298329(4,92)
(3,92)1043934415(3,93)
(4,92)96104940(4,93)
(0,93)1456824570(1,93)
(0,93)222984042(0,94)
(1,93)868313217(2,93)
(1,93)449591720(1,94)
(2,93)475531153(3,93)
(2,93)1797166876(2,94)
(3,93)428976332(4,93)
(3,93)543323316(3,94)
(4,93)811098571(4,94)
(0,94)810407478(1,94)
(0,94)216004244(0,95)
(1,94)205130310(2,94)
(1,94)2137012534(1,95)
(2,94)939427047(3,94)
(2,94)1128667061(2,95)
(3,94)819145308(4,94)
(3,94)1096889760(3,95)
(4,94)1324254000(4,95)
(0,95)729311232(1,95)
(0,95)928448701(0,96)
(1,95)2071017955(2,95)
(1,95)2100411743(1,96)
(2,95)1701584859(3,95)
(2,95)1412633590(2,96)
(3,95)972816405(4,95)
(3,95)529240712(3,96)
(4,95)804478964(4,96)
(0,96)2016750820(1,96)
(0,96)1391234983(0,97)
(1,96)1487339923(2,96)
(1,96)1677777293(1,97)
(2,96)987118215(3,96)
(2,96)92251214(2,97)
(3,96)960564432(4,96)
(3,96)1936931644(3,97)
(4,96)636801444(4,97)
(0,97)1503887748(1,97)
(0,97)264979149(0,98)
(1,97)1076077720(2,97)
(1,97)1065777776(1,98)
(2,97)1876185254(3,97)
(2,97)1719891993(2,98)
(3,97)1925022303(4,97)
(3,97)1065606606(3,98)
(4,97)857368667(4,98)
(0,98)874428415(1,98)
(0,98)2005033654(0,99)
(1,98)1181804006(2,98)
(1,98)1676513976(1,99)
(2,98)258341560(3,98)
(2,98)1802877116(2,99)
(3,98)1726411424(4,98)
(3,98)1134732102(3,99)
(4,98)1670975150(4,99)
(0,99)108168488(1,99)
(0,99)688833313(0,100)
(1,99)1493312277(2,99)
(1,99)496307907(1,100)
(2,99)365575080(3,99)
(2,99)1499403471(2,100)
(3,99)839259747(4,99)
(3,99)1023605923(3,100)
(4,99)457826294(4,100)
(0,100)628707743(1,100)
(0,100)2010724138(0,101)
(1,100)500041934(2,100)
(1,100)1418390726(1,101)
(2,100)774794827(3,100)
(2,100)893686892(2,101)
(3,100)1969764613(4,100)
(3,100)1565819710(3,101)
(4,100)347203172(4,101)
(0,101)887887571(1,101)
(0,101)1294521316(0,102)
(1,101)4406336(2,101)
(1,101)124741827(1,102)
(2,101)999170243(3,101)
(2,101)745437577(2,102)
(3,101)1927241584(4,101)
(3,101)1680920312(3,102)
(4,101)654563711(4,102)
(0,102)914490038(1,102)
(0,102)1939261872(0,103)
(1,102)1462753374(2,102)
(1,102)233491487(1,103)
(2,102)341659976(3,102)
(2,102)1603323351(2,103)
(3,102)949151980(4,102)
(3,102)1959061281(3,103)
(4,102)1841063447(4,103)
(0,103)1972757903(1,103)
(0,103)177152713(0,104)
(1,103)634979008(2,103)
(1,103)532839546(1,104)
(2,103)1161547289(3,103)
(2,103)1835998394(2,104)
(3,103)188556680(4,103)
(3,103)2053369734(3,104)
(4,103)2055234182(4,104)
(0,104)1754376391(1,104)
(0,104)680680913(0,105)
(1,104)1027884085(2,104)
(1,104)1877515147(1,105)
(2,104)617919070(3,104)
(2,104)901414059(2,105)
(3,104)905820395(4,104)
(3,104)1152625913(3,105)
(4,104)1363356648(4,105)
(0,105)439257059(1,105)
(0,105)4312508(0,106)
(1,105)658876219(2,105)
(1,105)1143114584(1,106)
(2,105)2057604622(3,105)
(2,105)231035283(2,106)
(3,105)1693788657(4,105)
(3,105)892367707(3,106)
(4,105)1513444325(4,106)
(0,106)1505366291(1,106)
(0,106)1234027683(0,107)
(1,106)927607482(2,106)
(1,106)315112657(1,107)
(2,106)140386913(3,106)
(2,106)1682519004(2,107)
(3,106)170014364(4,106)
(3,106)1460447029(3,107)
(4,106)1976385307(4,107)
(0,107)75900451(1,107)
(0,107)474510670(0,108)
(1,107)382261204(2,107)
(1,107)17458339(1,108)
(2,107)1771834730(3,107)
(2,107)756581364(2,108)
(3,107)1784465450(4,107)
(3,107)112292703(3,108)
(4,107)525765142(4,108)
(0,108)789607715(1,108)
(0,108)730211774(0,109)
(1,108)2093568422(2,108)
(1,108)1431585537(1,109)
(2,108)1870842597(3,108)
(2,108)793920223(2,109)
(3,108)1452796442(4,108)
(3,108)1089199358(3,109)
(4,108)2101877880(4,109)
(0,109)197680501(1,109)
(0,109)999320332(0,110)
(1,109)365281009(2,109)
(1,109)1648182890(1,110)
(2,109)1006065533(3,109)
(2,109)1431708184(2,110)
(3,109)211832019(4,109)
(3,109)680393666(3,110)
(4,109)541100889(4,110)
(0,110)1672279048(1,110)
(0,110)820780579(0,111)
(1,110)649682238(2,110)
(1,110)711115254(1,111)
(2,110)787015705(3,110)
(2,110)2146789718(2,111)
(3,110)381567275(4,110)
(3,110)667140578(3,111)
(4,110)1543597069(4,111)
(0,111)493859978(1,111)
(0,111)291491660(0,112)
(1,111)817256802(2,111)
(1,111)1180578871(1,112)
(2,111)1970186586(3,111)
(2,111)1224071752(2,112)
(3,111)1170156526(4,111)
(3,111)101358692(3,112)
(4,111)616623161(4,112)
(0,112)111872236(1,112)
(0,112)1972201289(0,113)
(1,112)1926595521(2,112)
(1,112)2069419604(1,113)
(2,112)119616457(3,112)
(2,112)1111192568(2,113)
(3,112)1476473577(4,112)
(3,112)1427294763(3,113)
(4,112)1551324642(4,113)
(0,113)9383596(1,113)
(0,113)285876648(0,114)
(1,113)826977538(2,113)
(1,113)1763156661(1,114)
(2,113)1287952061(3,113)
(2,113)830164175(2,114)
(3,113)1479846414(4,113)
(3,113)1538092792(3,114)
(4,113)1287258131(4,114)
(0,114)2146986992(1,114)
(0,114)177624849(0,115)
(1,114)1721221918(2,114)
(1,114)1668825406(1,115)
(2,114)15201737(3,114)
(2,114)290995004(2,115)
(3,114)1108251807(4,114)
(3,114)754317142(3,115)
(4,114)1239273489(4,115)
(0,115)1209610499(1,115)
(0,115)577020080(0,116)
(1,115)1193643242(2,115)
(1,115)261946368(1,116)
(2,115)373818604(3,115)
(2,115)1034328140(2,116)
(3,115)813440013(4,115)
(3,115)1115579198(3,116)
(4,115)1485011173(4,116)
(0,116)93251129(1,116)
(0,116)1235195655(0,117)
(1,116)639036649(2,116)
(1,116)814001102(1,117)
(2,116)823384698(3,116)
(2,116)379127777(2,117)
(3,116)1206105315(4,116)
(3,116)254709662(3,117)
(4,116)1653548874(4,117)
(0,117)596714459(1,117)
(0,117)1542661723(0,118)
(1,117)682436207(2,117)
(1,117)985911640(1,118)
(2,117)985414984(3,117)
(2,117)774339308(2,118)
(3,117)348077579(4,117)
(3,117)203777965(3,118)
(4,117)1276409988(4,118)
(0,118)1102394721(1,118)
(0,118)218979702(0,119)
(1,118)1458253192(2,118)
(1,118)237178147(1,119)
(2,118)1446788646(3,118)
(2,118)1679414801(2,119)
(3,118)725574395(4,118)
(3,118)1720199560(3,119)
(4,118)333633138(4,119)
(0,119)1841153593(1,119)
(0,119)2094018164(0,120)
(1,119)1431545689(2,119)
(1,119)1147073152(1,120)
(2,119)1240324281(3,119)
(2,119)928865601(2,120)
(3,119)1567902250(4,119)
(3,119)98063144(3,120)
(4,119)1619452058(4,120)
(0,120)1822611913(1,120)
(0,120)921447842(0,121)
(1,120)427513068(2,120)
(1,120)678073726(1,121)
(2,120)1274788185(3,120)
(2,120)1217789988(2,121)
(3,120)1900226195(4,120)
(3,120)1413424708(3,121)
(4,120)2049127494(4,121)
(0,121)2104004161(1,121)
(0,121)251356044(0,122)
(1,121)1527766033(2,121)
(1,121)249721425(1,122)
(2,121)1352116146(3,121)
(2,121)175500215(2,122)
(3,121)1633753407(4,121)
(3,121)1764944180(3,122)
(4,121)884047299(4,122)
(0,122)1206469319(1,122)
(0,122)1064249179(0,123)
(1,122)1397882317(2,122)
(1,122)1609621695(1,123)
(2,122)1303291640(3,122)
(2,122)1153003836(2,123)
(3,122)437065877(4,122)
(3,122)397471821(3,123)
(4,122)84673593(4,123)
(0,123)535129021(1,123)
(0,123)1637796102(0,124)
(1,123)1109764513(2,123)
(1,123)1652575844(1,124)
(2,123)1327704109(3,123)
(2,123)1456576864(2,124)
(3,123)1884089932(4,123)
(3,123)1787838239(3,124)
(4,123)398010449(4,124)
(0,124)1150030993(1,124)
(0,124)915142776(0,125)
(1,124)816786622(2,124)
(1,124)150752997(1,125)
(2,124)107273510(3,124)
(2,124)1401387037(2,125)
(3,124)781669422(4,124)
(3,124)1066508047(3,125)
(4,124)282773725(4,125)
(0,125)399129955(1,125)
(0,125)271140545(0,126)
(1,125)1155187845(2,125)
(1,125)1916527133(1,126)
(2,125)975512804(3,125)
(2,125)1463379134(2,126)
(3,125)713777803(4,125)
(3,125)617325892(3,126)
(4,125)2128516640(4,126)
(0,126)1111249625(1,126)
(0,126)1920617532(0,127)
(1,126)2005291126(2,126)
(1,126)418098870(1,127)
(2,126)953227891(3,126)
(2,126)601562079(2,127)
(3,126)1711326592(4,126)
(3,126)1510383322(3,127)
(4,126)262321107(4,127)
(0,127)1351681183(1,127)
(0,127)690603783(0,128)
(1,127)1088614232(2,127)
(1,127)2146411040(1,128)
(2,127)1148958385(3,127)
(2,127)119340312(2,128)
(3,127)936126934(4,127)
(3,127)1239367229(3,128)
(4,127)402861774(4,128)
(0,128)2002634982(1,128)
(0,128)1346640739(0,129)
(1,128)1629414465(2,128)
(1,128)1184531197(1,129)
(2,128)1583661152(3,128)
(2,128)126291879(2,129)
(3,128)1281479724(4,128)
(3,128)1398457950(3,129)
(4,128)899556638(4,129)
(0,129)1898805616(1,129)
(0,129)226487106(0,130)
(1,129)207520099(2,129)
(1,129)1613334441(1,130)
(2,129)577100418(3,129)
(2,129)1671939501(2,130)
(3,129)1529746979(4,129)
(3,129)625618969(3,130)
(4,129)1178662498(4,130)
(0,130)892646653(1,130)
(0,130)1578846860(0,131)
(1,130)1841167968(2,130)
(1,130)742505442(1,131)
(2,130)2094186626(3,130)
(2,130)1583250436(2,131)
(3,130)524381020(4,130)
(3,130)1840095360(3,131)
(4,130)66043290(4,131)
(0,131)1763748250(1,131)
(0,131)841570097(0,132)
(1,131)1244431871(2,131)
(1,131)1002170224(1,132)
(2,131)857321558(3,131)
(2,131)962905341(2,132)
(3,131)444836158(4,131)
(3,131)281479420(3,132)
(4,131)983613438(4,132)
(0,132)1843294108(1,132)
(0,132)1865140572(0,133)
(1,132)617213562(2,132)
(1,132)117609514(1,133)
(2,132)2016415131(3,132)
(2,132)2069781215(2,133)
(3,132)129817666(4,132)
(3,132)83064356(3,133)
(4,132)1540870984(4,133)
(0,133)755436635(1,133)
(0,133)660164774(0,134)
(1,133)1838827272(2,133)
(1,133)923134315(1,134)
(2,133)1815780968(3,133)
(2,133)186799847(2,134)
(3,133)2027967815(4,133)
(3,133)433849067(3,134)
(4,133)1251547756(4,134)
(0,134)1720579527(1,134)
(0,134)380552045(0,135)
(1,134)446595335(2,134)
(1,134)1775928776(1,135)
(2,134)1392193378(3,134)
(2,134)414665976(2,135)
(3,134)1659097848(4,134)
(3,134)1448765559(3,135)
(4,134)207615072(4,135)
(0,135)1940577268(1,135)
(0,135)158603470(0,136)
(1,135)1142216908(2,135)
(1,135)652451230(1,136)
(2,135)348261691(3,135)
(2,135)1658234193(2,136)
(3,135)127964107(4,135)
(3,135)1259826422(3,136)
(4,135)270559258(4,136)
(0,136)211028463(1,136)
(0,136)1128757905(0,137)
(1,136)522145241(2,136)
(1,136)400376924(1,137)
(2,136)1155813559(3,136)
(2,136)871193238(2,137)
(3,136)562536862(4,136)
(3,136)1445279556(3,137)
(4,136)1342613406(4,137)
(0,137)996385929(1,137)
(0,137)1113576876(0,138)
(1,137)217640984(2,137)
(1,137)1223097574(1,138)
(2,137)796193453(3,137)
(2,137)1376937974(2,138)
(3,137)1823533309(4,137)
(3,137)1993569761(3,138)
(4,137)1210859430(4,138)
(0,138)1124815221(1,138)
(0,138)1238279491(0,139)
(1,138)1445894563(2,138)
(1,138)722473630(1,139)
(2,138)515567250(3,138)
(2,138)1283418691(2,139)
(3,138)278151951(4,138)
(3,138)2098345794(3,139)
(4,138)26317795(4,139)
(0,139)1537978373(1,139)
(0,139)299123837(0,140)
(1,139)569683095(2,139)
(1,139)154281903(1,140)
(2,139)365310366(3,139)
(2,139)519252631(2,140)
(3,139)1041397872(4,139)
(3,139)970060019(3,140)
(4,139)1236503604(4,140)
(0,140)339193781(1,140)
(0,140)2125873578(0,141)
(1,140)1321003336(2,140)
(1,140)1799040467(1,141)
(2,140)647942748(3,140)
(2,140)1452770657(2,141)
(3,140)1670411642(4,140)
(3,140)396617262(3,141)
(4,140)2024880723(4,141)
(0,141)1516497755(1,141)
(0,141)1192810716(0,142)
(1,141)256186498(2,141)
(1,141)1700930384(1,142)
(2,141)678261957(3,141)
(2,141)607293598(2,142)
(3,141)2053188162(4,141)
(3,141)978660128(3,142)
(4,141)1961680648(4,142)
(0,142)2004050308(1,142)
(0,142)1494227378(0,143)
(1,142)1520545174(2,142)
(1,142)92348951(1,143)
(2,142)1630327325(3,142)
(2,142)155690497(2,143)
(3,142)725373592(4,142)
(3,142)1674827077(3,143)
(4,142)2096308(4,143)
(0,143)1695433611(1,143)
(0,143)2040137443(0,144)
(1,143)1129157400(2,143)
(1,143)1043494180(1,144)
(2,143)1382687961(3,143)
(2,143)1673823541(2,144)
(3,143)847343229(4,143)
(3,143)780714219(3,144)
(4,143)687974971(4,144)
(0,144)1243960492(1,144)
(0,144)1428656967(0,145)
(1,144)1306054042(2,144)
(1,144)210902965(1,145)
(2,144)1727400720(3,144)
(2,144)289287560(2,145)
(3,144)545474058(4,144)
(3,144)859500779(3,145)
(4,144)187210670(4,145)
(0,145)1524134186(1,145)
(0,145)1537762736(0,146)
(1,145)1351959737(2,145)
(1,145)92915184(1,146)
(2,145)2096965492(3,145)
(2,145)870877916(2,146)
(3,145)243939442(4,145)
(3,145)1444308688(3,146)
(4,145)105172341(4,146)
(0,146)1918766519(1,146)
(0,146)927152365(0,147)
(1,146)929248673(2,146)
(1,146)830545933(1,147)
(2,146)378495896(3,146)
(2,146)1811420315(2,147)
(3,146)793094067(4,146)
(3,146)1972742854(3,147)
(4,146)2052319437(4,147)
(0,147)1573808286(1,147)
(0,147)1207947167(0,148)
(1,147)1895922138(2,147)
(1,147)752179019(1,148)
(2,147)1996139511(3,147)
(2,147)854981605(2,148)
(3,147)13552000(4,147)
(3,147)2106825103(3,148)
(4,147)137943423(4,148)
(0,148)873052779(1,148)
(0,148)1686742175(0,149)
(1,148)1873952846(2,148)
(1,148)683417481(1,149)
(2,148)60068019(3,148)
(2,148)263331867(2,149)
(3,148)1615291604(4,148)
(3,148)1966868030(3,149)
(4,148)930945935(4,149)
(0,149)912116645(1,149)
(0,149)1916349875(0,150)
(1,149)2021522216(2,149)
(1,149)1174885378(1,150)
(2,149)946168249(3,149)
(2,149)1839269010(2,150)
(3,149)621034036(4,149)
(3,149)704584502(3,150)
(4,149)610104916(4,150)
(0,150)446293242(1,150)
(0,150)1083080398(0,151)
(1,150)987916188(2,150)
(1,150)1403198983(1,151)
(2,150)829523621(3,150)
(2,150)1654240409(2,151)
(3,150)1402678900(4,150)
(3,150)1740095207(3,151)
(4,150)1684505227(4,151)
(0,151)1362020355(1,151)
(0,151)1588751070(0,152)
(1,151)1726694493(2,151)
(1,151)1698057227(1,152)
(2,151)423626358(3,151)
(2,151)901278883(2,152)
(3,151)627748081(4,151)
(3,151)262628326(3,152)
(4,151)686958225(4,152)
(0,152)447132463(1,152)
(0,152)322696345(0,153)
(1,152)1253642280(2,152)
(1,152)154766182(1,153)
(2,152)1066882827(3,152)
(2,152)215998690(2,153)
(3,152)90037259(4,152)
(3,152)281044010(3,153)
(4,152)758668189(4,153)
(0,153)794621761(1,153)
(0,153)1227212260(0,154)
(1,153)1837317176(2,153)
(1,153)1379702225(1,154)
(2,153)1825995467(3,153)
(2,153)1877702159(2,154)
(3,153)718134699(4,153)
(3,153)1093032512(3,154)
(4,153)1332752229(4,154)
(0,154)310746258(1,154)
(0,154)1922556133(0,155)
(1,154)1459577712(2,154)
(1,154)587947481(1,155)
(2,154)1949967836(3,154)
(2,154)1899497328(2,155)
(3,154)1478708173(4,154)
(3,154)1010151291(3,155)
(4,154)703763071(4,155)
(0,155)1741336499(1,155)
(0,155)1433777649(0,156)
(1,155)2120735875(2,155)
(1,155)1331511152(1,156)
(2,155)1778643616(3,155)
(2,155)2064032844(2,156)
(3,155)1170191477(4,155)
(3,155)128018409(3,156)
(4,155)1994642306(4,156)
(0,156)1451235487(1,156)
(0,156)1194901236(0,157)
(1,156)1953569425(2,156)
(1,156)2084679565(1,157)
(2,156)731817678(3,156)
(2,156)530964099(2,157)
(3,156)220797628(4,156)
(3,156)1185788003(3,157)
(4,156)462036190(4,157)
(0,157)1313830140(1,157)
(0,157)864299822(0,158)
(1,157)49568403(2,157)
(1,157)1180170889(1,158)
(2,157)1490917148(3,157)
(2,157)1088902625(2,158)
(3,157)400996690(4,157)
(3,157)637515884(3,158)
(4,157)1242930828(4,158)
(0,158)1411147981(1,158)
(0,158)440000073(0,159)
(1,158)1143763144(2,158)
(1,158)574155354(1,159)
(2,158)168008205(3,158)
(2,158)697441983(2,159)
(3,158)670694210(4,158)
(3,158)327790649(3,159)
(4,158)84557402(4,159)
(0,159)798712619(1,159)
(0,159)2106434265(0,160)
(1,159)1953592923(2,159)
(1,159)1254748879(1,160)
(2,159)558500718(3,159)
(2,159)1993613855(2,160)
(3,159)1799699632(4,159)
(3,159)1890788841(3,160)
(4,159)1089464818(4,160)
(0,160)838003987(1,160)
(0,160)475122871(0,161)
(1,160)937159061(2,160)
(1,160)1310262446(1,161)
(2,160)476608938(3,160)
(2,160)1702303810(2,161)
(3,160)1751872213(4,160)
(3,160)2117329951(3,161)
(4,160)1565511563(4,161)
(0,161)241904450(1,161)
(0,161)1460763451(0,162)
(1,161)556210631(2,161)
(1,161)1966508253(1,162)
(2,161)1230172587(3,161)
(2,161)681904523(2,162)
(3,161)1825667667(4,161)
(3,161)1130365985(3,162)
(4,161)1927614570(4,162)
(0,162)5974668(1,162)
(0,162)1298374191(0,163)
(1,162)1382931593(2,162)
(1,162)450825132(1,163)
(2,162)1249537751(3,162)
(2,162)2112408933(2,163)
(3,162)1918518209(4,162)
(3,162)490196824(3,163)
(4,162)1095667958(4,163)
(0,163)1661823402(1,163)
(0,163)1048697542(0,164)
(1,163)2138162360(2,163)
(1,163)747883942(1,164)
(2,163)1585887930(3,163)
(2,163)2136946273(2,164)
(3,163)926621687(4,163)
(3,163)1300941158(3,164)
(4,163)1140708092(4,164)
(0,164)896467990(1,164)
(0,164)1777550096(0,165)
(1,164)1195578012(2,164)
(1,164)745096657(1,165)
(2,164)987001107(3,164)
(2,164)209747793(2,165)
(3,164)765958424(4,164)
(3,164)1014602617(3,165)
(4,164)1668905630(4,165)
(0,165)1896324410(1,165)
(0,165)97291556(0,166)
(1,165)2024906126(2,165)
(1,165)1347089650(1,166)
(2,165)1353064318(3,165)
(2,165)1047214953(2,166)
(3,165)282662898(4,165)
(3,165)328247610(3,166)
(4,165)1317989604(4,166)
(0,166)772859722(1,166)
(0,166)1577785361(0,167)
(1,166)525969671(2,166)
(1,166)1089024165(1,167)
(2,166)603363919(3,166)
(2,166)1821557264(2,167)
(3,166)1812235977(4,166)
(3,166)1273853614(3,167)
(4,166)592826544(4,167)
(0,167)965693487(1,167)
(0,167)712257896(0,168)
(1,167)1852965988(2,167)
(1,167)1519448231(1,168)
(2,167)268432573(3,167)
(2,167)595759936(2,168)
(3,167)1791337948(4,167)
(3,167)450578997(3,168)
(4,167)478180366(4,168)
(0,168)658456917(1,168)
(0,168)1437580105(0,169)
(1,168)959002087(2,168)
(1,168)1244138791(1,169)
(2,168)992979553(3,168)
(2,168)755748474(2,169)
(3,168)633170952(4,168)
(3,168)158608089(3,169)
(4,168)2040194506(4,169)
(0,169)961418563(1,169)
(0,169)1511672408(0,170)
(1,169)682178364(2,169)
(1,169)175373756(1,170)
(2,169)948233478(3,169)
(2,169)391720276(2,170)
(3,169)917689948(4,169)
(3,169)1771202529(3,170)
(4,169)622307094(4,170)
(0,170)44059914(1,170)
(0,170)227082800(0,171)
(1,170)819909344(2,170)
(1,170)287059423(1,171)
(2,170)1252752911(3,170)
(2,170)756317810(2,171)
(3,170)461800150(4,170)
(3,170)191873928(3,171)
(4,170)1848512847(4,171)
(0,171)912379147(1,171)
(0,171)460306501(0,172)
(1,171)938486868(2,171)
(1,171)1492367147(1,172)
(2,171)3340416(3,171)
(2,171)202475604(2,172)
(3,171)1161477692(4,171)
(3,171)35142011(3,172)
(4,171)759088890(4,172)
(0,172)1320085781(1,172)
(0,172)1028121564(0,173)
(1,172)920832422(2,172)
(1,172)1392259843(1,173)
(2,172)206194758(3,172)
(2,172)684274541(2,173)
(3,172)1366452905(4,172)
(3,172)1096206178(3,173)
(4,172)597915034(4,173)
(0,173)990171786(1,173)
(0,173)2044439656(0,174)
(1,173)519263102(2,173)
(1,173)1515604982(1,174)
(2,173)1559664896(3,173)
(2,173)1217254586(2,174)
(3,173)2037163931(4,173)
(3,173)806322526(3,174)
(4,173)168499058(4,174)
(0,174)81554211(1,174)
(0,174)2059075437(0,175)
(1,174)1760104636(2,174)
(1,174)630299208(1,175)
(2,174)1542678356(3,174)
(2,174)541860712(2,175)
(3,174)1480347580(4,174)
(3,174)1104988135(3,175)
(4,174)1745153960(4,175)
(0,175)1515489591(1,175)
(0,175)1108328551(0,176)
(1,175)1867417442(2,175)
(1,175)759148004(1,176)
(2,175)2079233786(3,175)
(2,175)396127507(2,176)
(3,175)1316959929(4,175)
(3,175)1112193637(3,176)
(4,175)616024679(4,176)
(0,176)265682459(1,176)
(0,176)1318388395(0,177)
(1,176)1916303429(2,176)
(1,176)1982477585(1,177)
(2,176)825165723(3,176)
(2,176)162638467(2,177)
(3,176)681901570(4,176)
(3,176)1284424764(3,177)
(4,176)2042420310(4,177)
(0,177)1488224096(1,177)
(0,177)696606012(0,178)
(1,177)865105071(2,177)
(1,177)1932100593(1,178)
(2,177)2013654804(3,177)
(2,177)1399815885(2,178)
(3,177)1012436873(4,177)
(3,177)1495404279(3,178)
(4,177)408031868(4,178)
(0,178)2117425008(1,178)
(0,178)890598987(0,179)
(1,178)488269300(2,178)
(1,178)1888379449(1,179)
(2,178)1256385392(3,178)
(2,178)1078269911(2,179)
(3,178)798203705(4,178)
(3,178)1247417304(3,179)
(4,178)1652512900(4,179)
(0,179)1910397342(1,179)
(0,179)1179167442(0,180)
(1,179)1795192122(2,179)
(1,179)821989181(1,180)
(2,179)1087671641(3,179)
(2,179)1081302089(2,180)
(3,179)850121871(4,179)
(3,179)1630186059(3,180)
(4,179)1250310108(4,180)
(0,180)2134546635(1,180)
(0,180)307868134(0,181)
(1,180)202804796(2,180)
(1,180)1932211678(1,181)
(2,180)1272952126(3,180)
(2,180)683668999(2,181)
(3,180)1548774070(4,180)
(3,180)2134905389(3,181)
(4,180)525284363(4,181)
(0,181)896694702(1,181)
(0,181)2001076545(0,182)
(1,181)261624766(2,181)
(1,181)1537721236(1,182)
(2,181)1507662596(3,181)
(2,181)1787293689(2,182)
(3,181)128079341(4,181)
(3,181)2520567(3,182)
(4,181)438448860(4,182)
(0,182)1375496646(1,182)
(0,182)1258905959(0,183)
(1,182)763935211(2,182)
(1,182)1236652565(1,183)
(2,182)999566260(3,182)
(2,182)407180440(2,183)
(3,182)54888914(4,182)
(3,182)1585924393(3,183)
(4,182)2080868349(4,183)
(0,183)1685074973(1,183)
(0,183)526112386(0,184)
(1,183)1776422494(2,183)
(1,183)783506572(1,184)
(2,183)770569559(3,183)
(2,183)1992943108(2,184)
(3,183)48264256(4,183)
(3,183)1561150525(3,184)
(4,183)1454238559(4,184)
(0,184)35685998(1,184)
(0,184)686619003(0,185)
(1,184)1211903367(2,184)
(1,184)855528981(1,185)
(2,184)1752223683(3,184)
(2,184)2036762543(2,185)
(3,184)150903661(4,184)
(3,184)602140955(3,185)
(4,184)1392033725(4,185)
(0,185)153424228(1,185)
(0,185)2109803552(0,186)
(1,185)400768764(2,185)
(1,185)1520113066(1,186)
(2,185)748126064(3,185)
(2,185)1412330188(2,186)
(3,185)28781751(4,185)
(3,185)1637421329(3,186)
(4,185)1155306505(4,186)
(0,186)1614706144(1,186)
(0,186)489503941(0,187)
(1,186)422888643(2,186)
(1,186)1210195419(1,187)
(2,186)747786745(3,186)
(2,186)2140818530(2,187)
(3,186)1769757377(4,186)
(3,186)1206395215(3,187)
(4,186)593246205(4,187)
(0,187)1183424254(1,187)
(0,187)1976964775(0,188)
(1,187)1283719686(2,187)
(1,187)641510461(1,188)
(2,187)677196459(3,187)
(2,187)1870043257(2,188)
(3,187)934462976(4,187)
(3,187)2139248667(3,188)
(4,187)566475355(4,188)
(0,188)1536603932(1,188)
(0,188)1743988703(0,189)
(1,188)988538780(2,188)
(1,188)717379016(1,189)
(2,188)870803245(3,188)
(2,188)1498923836(2,189)
(3,188)1899692600(4,188)
(3,188)361168198(3,189)
(4,188)135649785(4,189)
(0,189)1389630281(1,189)
(0,189)1109294263(0,190)
(1,189)117117120(2,189)
(1,189)164431536(1,190)
(2,189)1779137681(3,189)
(2,189)1879134223(2,190)
(3,189)154539218(4,189)
(3,189)1327312539(3,190)
(4,189)1772472563(4,190)
(0,190)1360934433(1,190)
(0,190)2075099284(0,191)
(1,190)520861841(2,190)
(1,190)1394746292(1,191)
(2,190)430686898(3,190)
(2,190)1190415560(2,191)
(3,190)326651598(4,190)
(3,190)1162372303(3,191)
(4,190)153246508(4,191)
(0,191)318416618(1,191)
(0,191)1839568762(0,192)
(1,191)258560469(2,191)
(1,191)1087709484(1,192)
(2,191)476829768(3,191)
(2,191)2062405321(2,192)
(3,191)903460453(4,191)
(3,191)975939486(3,192)
(4,191)1975753604(4,192)
(0,192)1264628651(1,192)
(0,192)1846742731(0,193)
(1,192)1982392516(2,192)
(1,192)1727962556(1,193)
(2,192)970109190(3,192)
(2,192)226439266(2,193)
(3,192)343556386(4,192)
(3,192)2146824052(3,193)
(4,192)701759765(4,193)
(0,193)1670868926(1,193)
(0,193)1778478085(0,194)
(1,193)1403467001(2,193)
(1,193)856298983(1,194)
(2,193)69749768(3,193)
(2,193)1598484562(2,194)
(3,193)2119346404(4,193)
(3,193)650729645(3,194)
(4,193)1260165329(4,194)
(0,194)1134235059(1,194)
(0,194)1081416544(0,195)
(1,194)1234663052(2,194)
(1,194)1586816927(1,195)
(2,194)1905233545(3,194)
(2,194)826320173(2,195)
(3,194)1084880643(4,194)
(3,194)174888888(3,195)
(4,194)1820155218(4,195)
(0,195)2060820129(1,195)
(0,195)651718657(0,196)
(1,195)479988613(2,195)
(1,195)576132023(1,196)
(2,195)1840760675(3,195)
(2,195)1760079212(2,196)
(3,195)1594988080(4,195)
(3,195)60467522(3,196)
(4,195)2067199941(4,196)
(0,196)1594328484(1,196)
(0,196)1030576712(0,197)
(1,196)1732336477(2,196)
(1,196)263272680(1,197)
(2,196)1934141606(3,196)
(2,196)1225322922(2,197)
(3,196)481306275(4,196)
(3,196)441151812(3,197)
(4,196)1385142520(4,197)
(0,197)1132035920(1,197)
(0,197)510901580(0,198)
(1,197)1771066909(2,197)
(1,197)1357005276(1,198)
(2,197)343756687(3,197)
(2,197)65968816(2,198)
(3,197)1300631868(4,197)
(3,197)1210400189(3,198)
(4,197)1170076861(4,198)
(0,198)1475520757(1,198)
(0,198)968150086(0,199)
(1,198)640821657(2,198)
(1,198)107473856(1,199)
(2,198)20810337(3,198)
(2,198)2127239414(2,199)
(3,198)459744379(4,198)
(3,198)1216953680(3,199)
(4,198)1780889549(4,199)
(0,199)910230707(1,199)
(1,199)520211901(2,199)
(2,199)1228393981(3,199)
(3,199)829947001(4,199)
