30 30
(0,0)1069916450(0,1)
(1,0)958526666(1,1)
(2,0)755727079(2,1)
(3,0)895715987(4,0)
(4,0)268909458(4,1)
(5,0)165146947(5,1)
(6,0)344708285(7,0)
(6,0)942011135(6,1)
(8,0)1434114427(9,0)
(8,0)323589893(8,1)
(9,0)925809784(10,0)
(9,0)122091341(9,1)
(10,0)774891812(10,1)
(11,0)1107838956(12,0)
(12,0)413169017(13,0)
(13,0)687901671(13,1)
(14,0)709298461(14,1)
(15,0)665218367(15,1)
(16,0)967131255(16,1)
(17,0)1347912715(17,1)
(18,0)393630999(19,0)
(19,0)471090674(19,1)
(20,0)636237621(21,0)
(21,0)640762521(22,0)
(22,0)551074635(23,0)
(22,0)980945906(22,1)
(23,0)1304535799(24,0)
(25,0)612597227(26,0)
(25,0)82861936(25,1)
(27,0)936651047(28,0)
(28,0)260854206(29,0)
(29,0)813344416(29,1)
(0,1)628534407(0,2)
(1,1)260265671(2,1)
(2,1)954824170(3,1)
(2,1)195631134(2,2)
(3,1)1608178386(3,2)
(4,1)260331657(4,2)
(5,1)242096495(5,2)
(6,1)878334116(7,1)
(7,1)193839643(8,1)
(7,1)1494239104(7,2)
(11,1)348132733(12,1)
(12,1)605261038(13,1)
(13,1)11073519(14,1)
(14,1)181939475(15,1)
(14,1)524496984(14,2)
(15,1)1153031392(16,1)
(15,1)824417935(15,2)
(16,1)155497071(17,1)
(18,1)873991801(19,1)
(18,1)1110321241(18,2)
(20,1)728317538(20,2)
(21,1)281394660(22,1)
(22,1)497506920(22,2)
(23,1)209303294(24,1)
(23,1)475234304(23,2)
(24,1)284363183(25,1)
(24,1)449987049(24,2)
(25,1)185522555(26,1)
(26,1)177345930(27,1)
(27,1)1052778759(28,1)
(27,1)533655289(27,2)
(28,1)454740558(29,1)
(28,1)782606969(28,2)
(29,1)1063852278(29,2)
(0,2)636680033(1,2)
(0,2)1307103953(0,3)
(1,2)312651697(2,2)
(2,2)47119387(2,3)
(4,2)452456913(5,2)
(4,2)1006604879(4,3)
(5,2)229774129(6,2)
(6,2)796922636(7,2)
(6,2)1180774451(6,3)
(8,2)1294429556(8,3)
(9,2)1503732851(10,2)
(10,2)74282951(11,2)
(10,2)289835988(10,3)
(11,2)475358543(12,2)
(11,2)581884671(11,3)
(12,2)759230602(13,2)
(13,2)957934351(14,2)
(15,2)701457876(16,2)
(17,2)70163(18,2)
(17,2)1014109574(17,3)
(18,2)592574686(19,2)
(19,2)517978064(20,2)
(20,2)831009871(21,2)
(21,2)78322403(22,2)
(21,2)747752193(21,3)
(22,2)35444175(23,2)
(25,2)165129102(26,2)
(25,2)131127619(25,3)
(26,2)713012291(27,2)
(27,2)640487646(27,3)
(29,2)120300529(29,3)
(0,3)965772221(1,3)
(0,3)866596816(0,4)
(2,3)918722997(2,4)
(3,3)918793160(4,3)
(3,3)434680618(3,4)
(4,3)1027255305(5,3)
(5,3)572053199(5,4)
(7,3)3125660(8,3)
(7,3)386796501(7,4)
(8,3)422240676(9,3)
(10,3)297533791(10,4)
(11,3)462662893(12,3)
(12,3)355046610(13,3)
(13,3)1293605225(14,3)
(14,3)605168370(15,3)
(15,3)546402671(16,3)
(17,3)342179940(18,3)
(18,3)401654334(19,3)
(18,3)1018202324(18,4)
(19,3)139268567(20,3)
(22,3)165109376(23,3)
(22,3)1088605723(22,4)
(24,3)752972084(25,3)
(24,3)587350052(24,4)
(25,3)884883843(26,3)
(28,3)303213628(29,3)
(29,3)609393871(29,4)
(0,4)908381998(1,4)
(0,4)1159911137(0,5)
(2,4)331838941(2,5)
(3,4)674018881(4,4)
(4,4)155043919(4,5)
(5,4)294312487(6,4)
(7,4)72625362(7,5)
(8,4)237734738(9,4)
(8,4)561656709(8,5)
(9,4)386290715(10,4)
(10,4)524924090(11,4)
(10,4)825084790(10,5)
(12,4)846890093(13,4)
(13,4)910031723(13,5)
(14,4)1213245351(15,4)
(14,4)179511727(14,5)
(15,4)1339422865(16,4)
(17,4)305982643(18,4)
(17,4)898253025(17,5)
(18,4)424056901(19,4)
(19,4)980001525(19,5)
(20,4)767509859(21,4)
(20,4)351515111(20,5)
(22,4)240560845(22,5)
(23,4)802217554(24,4)
(23,4)122996409(23,5)
(25,4)379598726(26,4)
(26,4)910339689(27,4)
(26,4)419872505(26,5)
(27,4)276829843(28,4)
(28,4)852115435(29,4)
(1,5)1128680727(2,5)
(2,5)1037155165(3,5)
(3,5)198003484(4,5)
(4,5)303507006(5,5)
(5,5)929277592(6,5)
(5,5)1178005009(5,6)
(6,5)655022117(6,6)
(7,5)215421430(8,5)
(7,5)173431428(7,6)
(8,5)38592065(8,6)
(9,5)338417839(9,6)
(10,5)233366254(11,5)
(10,5)1192208210(10,6)
(12,5)792173930(13,5)
(12,5)653238759(12,6)
(13,5)930068602(14,5)
(14,5)218522436(15,5)
(14,5)401920064(14,6)
(15,5)191177926(16,5)
(15,5)379644430(15,6)
(16,5)136399575(16,6)
(17,5)28420416(18,5)
(18,5)648515279(18,6)
(19,5)480467874(20,5)
(19,5)226423901(19,6)
(21,5)10354233(22,5)
(22,5)1202460131(22,6)
(23,5)225775663(23,6)
(24,5)564193503(25,5)
(25,5)118112082(26,5)
(26,5)797559757(26,6)
(27,5)1450798517(28,5)
(28,5)608386338(28,6)
(29,5)233383471(29,6)
(0,6)1010306403(0,7)
(1,6)613027901(1,7)
(2,6)224388015(3,6)
(3,6)373859335(3,7)
(4,6)872903294(4,7)
(6,6)923037611(7,6)
(6,6)928500209(6,7)
(7,6)615632986(7,7)
(8,6)51326232(9,6)
(10,6)1124713752(10,7)
(11,6)1153444459(11,7)
(12,6)378899718(12,7)
(13,6)785261204(13,7)
(16,6)528625960(17,6)
(17,6)232716415(18,6)
(18,6)753013975(18,7)
(20,6)1190993564(21,6)
(21,6)222910631(22,6)
(21,6)831804789(21,7)
(24,6)178911532(25,6)
(25,6)475994111(26,6)
(26,6)169588724(27,6)
(27,6)139151211(28,6)
(28,6)356597502(29,6)
(0,7)50701078(1,7)
(0,7)569805150(0,8)
(2,7)265589818(3,7)
(2,7)1019653110(2,8)
(3,7)505537753(3,8)
(4,7)374263731(5,7)
(5,7)497037415(6,7)
(5,7)777270741(5,8)
(8,7)628796332(9,7)
(9,7)1053349859(9,8)
(11,7)456070803(12,7)
(11,7)895517721(11,8)
(13,7)27407101(13,8)
(14,7)384004603(15,7)
(14,7)56868390(14,8)
(15,7)626673540(16,7)
(15,7)953029894(15,8)
(16,7)689993752(17,7)
(16,7)434705681(16,8)
(18,7)955583571(18,8)
(19,7)559244668(19,8)
(20,7)1336515409(21,7)
(20,7)369662487(20,8)
(21,7)38336641(22,7)
(21,7)323741132(21,8)
(23,7)944624252(24,7)
(24,7)133896022(24,8)
(25,7)113972714(26,7)
(25,7)676514060(25,8)
(26,7)68049028(26,8)
(27,7)570043517(27,8)
(28,7)489654580(28,8)
(29,7)44742359(29,8)
(0,8)981455221(1,8)
(0,8)546522970(0,9)
(3,8)663057513(3,9)
(4,8)658456269(5,8)
(4,8)495865929(4,9)
(5,8)322569646(6,8)
(6,8)471312475(7,8)
(6,8)1028118757(6,9)
(7,8)646310779(7,9)
(8,8)151410468(9,8)
(9,8)425749147(10,8)
(9,8)996376824(9,9)
(10,8)285306490(10,9)
(11,8)399279204(12,8)
(12,8)526811341(13,8)
(13,8)960775401(14,8)
(13,8)969322722(13,9)
(16,8)400744914(16,9)
(17,8)588701753(17,9)
(19,8)392458214(19,9)
(21,8)790850645(22,8)
(21,8)214524301(21,9)
(22,8)860835080(23,8)
(24,8)706199219(25,8)
(24,8)1012245548(24,9)
(26,8)1007705004(27,8)
(26,8)538363680(26,9)
(27,8)438577169(28,8)
(28,8)518670317(29,8)
(29,8)1399352570(29,9)
(0,9)403498619(0,10)
(1,9)257386682(1,10)
(2,9)113193049(3,9)
(2,9)338704924(2,10)
(3,9)8127092(4,9)
(3,9)407705616(3,10)
(5,9)400585306(5,10)
(7,9)65563768(8,9)
(8,9)476595809(9,9)
(10,9)481585382(11,9)
(11,9)638909749(12,9)
(12,9)319247793(13,9)
(12,9)1019949062(12,10)
(13,9)188257344(13,10)
(14,9)706927662(15,9)
(15,9)109779111(16,9)
(15,9)710395153(15,10)
(16,9)967781835(17,9)
(16,9)644887672(16,10)
(17,9)983592596(18,9)
(18,9)336488590(19,9)
(18,9)1080974884(18,10)
(19,9)590256658(20,9)
(19,9)991719688(19,10)
(21,9)1270666596(22,9)
(22,9)1320145581(22,10)
(23,9)1246553923(24,9)
(24,9)83849626(24,10)
(25,9)652654915(25,10)
(27,9)465667323(28,9)
(27,9)64117085(27,10)
(28,9)252374429(29,9)
(28,9)283445498(28,10)
(0,10)959302091(1,10)
(1,10)99505100(2,10)
(1,10)487105059(1,11)
(3,10)440298711(4,10)
(3,10)28288074(3,11)
(4,10)364776665(5,10)
(4,10)388378131(4,11)
(6,10)676839747(7,10)
(6,10)213246490(6,11)
(8,10)577381693(9,10)
(9,10)672659803(9,11)
(10,10)661231319(10,11)
(11,10)86438655(12,10)
(13,10)150555740(13,11)
(14,10)402930170(15,10)
(17,10)818938377(18,10)
(20,10)1(21,10)
(20,10)1(20,11)
(21,10)544412394(22,10)
(21,10)1(21,11)
(23,10)1070113268(24,10)
(24,10)553501636(25,10)
(25,10)547666644(26,10)
(25,10)18685224(25,11)
(26,10)190294319(26,11)
(27,10)634105300(27,11)
(28,10)784661040(29,10)
(0,11)1181690393(0,12)
(1,11)293355354(1,12)
(2,11)105348588(3,11)
(2,11)402339824(2,12)
(3,11)958387621(3,12)
(4,11)924776859(5,11)
(5,11)880003330(6,11)
(5,11)333031641(5,12)
(6,11)876803482(7,11)
(8,11)675466364(9,11)
(9,11)1020044689(10,11)
(10,11)87214978(11,11)
(10,11)561901689(10,12)
(11,11)1038729913(11,12)
(12,11)658642009(13,11)
(12,11)277509298(12,12)
(14,11)380851026(15,11)
(15,11)1025669074(16,11)
(15,11)518781742(15,12)
(16,11)812137096(17,11)
(18,11)1(19,11)
(18,11)1(18,12)
(19,11)1(20,11)
(21,11)1(22,11)
(22,11)241163169(23,11)
(22,11)1(22,12)
(23,11)56859510(24,11)
(23,11)542966987(23,12)
(24,11)76680329(25,11)
(26,11)163895308(26,12)
(27,11)441404606(28,11)
(27,11)440615907(27,12)
(28,11)36805893(29,11)
(28,11)626792474(28,12)
(0,12)417656919(1,12)
(0,12)470771155(0,13)
(4,12)104287968(5,12)
(4,12)92640043(4,13)
(5,12)234870798(6,12)
(5,12)706490533(5,13)
(7,12)628536162(8,12)
(8,12)43543229(8,13)
(9,12)100402740(10,12)
(10,12)267413936(10,13)
(11,12)1177306940(11,13)
(13,12)39077418(13,13)
(14,12)75883311(15,12)
(15,12)95537387(16,12)
(16,12)1(17,12)
(16,12)1(16,13)
(17,12)1(18,12)
(18,12)839406080(19,12)
(20,12)700560191(21,12)
(21,12)682134731(22,12)
(22,12)1(22,13)
(24,12)334690395(25,12)
(24,12)318774309(24,13)
(25,12)586188245(26,12)
(27,12)184649756(27,13)
(28,12)223727174(29,12)
(29,12)553468758(29,13)
(0,13)299610485(1,13)
(0,13)581168230(0,14)
(1,13)1(2,13)
(1,13)1(1,14)
(2,13)1(3,13)
(2,13)793150715(2,14)
(3,13)1(3,14)
(5,13)1466279548(6,13)
(7,13)438950797(8,13)
(8,13)309627984(8,14)
(9,13)990346545(10,13)
(10,13)316445138(10,14)
(11,13)902633383(12,13)
(13,13)219687676(14,13)
(14,13)391330790(14,14)
(15,13)1(16,13)
(15,13)1(15,14)
(16,13)1024344105(17,13)
(17,13)256287865(18,13)
(19,13)1326533275(20,13)
(20,13)353486780(21,13)
(20,13)583526241(20,14)
(21,13)1(22,13)
(21,13)1(21,14)
(22,13)25939433(22,14)
(23,13)335567417(24,13)
(24,13)381431146(25,13)
(26,13)949898161(27,13)
(26,13)318259583(26,14)
(27,13)891759449(27,14)
(28,13)384826953(28,14)
(0,14)776157743(0,15)
(1,14)1(1,15)
(2,14)605706405(2,15)
(3,14)1(4,14)
(4,14)1(5,14)
(4,14)1043934415(4,15)
(5,14)222984042(6,14)
(5,14)1(5,15)
(6,14)449591720(7,14)
(8,14)543323316(9,14)
(8,14)475531153(8,15)
(9,14)428976332(9,15)
(10,14)1(11,14)
(10,14)1(10,15)
(11,14)1(12,14)
(12,14)1(13,14)
(13,14)1(14,14)
(14,14)1(15,14)
(15,14)729311232(15,15)
(16,14)1412633590(17,14)
(17,14)529240712(18,14)
(18,14)804478964(19,14)
(18,14)972816405(18,15)
(21,14)1(21,15)
(23,14)264979149(24,14)
(23,14)636801444(23,15)
(24,14)1065777776(25,14)
(25,14)1076077720(25,15)
(27,14)857368667(28,14)
(28,14)874428415(29,14)
(1,15)1(1,16)
(3,15)108168488(4,15)
(3,15)688833313(3,16)
(4,15)496307907(4,16)
(5,15)1(6,15)
(6,15)1(7,15)
(7,15)1(7,16)
(9,15)500041934(9,16)
(10,15)1(10,16)
(11,15)347203172(12,15)
(12,15)887887571(13,15)
(13,15)4406336(14,15)
(13,15)124741827(13,16)
(16,15)654563711(16,16)
(17,15)233491487(18,15)
(17,15)914490038(17,16)
(19,15)341659976(19,16)
(20,15)949151980(20,16)
(21,15)1(21,16)
(22,15)634979008(23,15)
(22,15)532839546(22,16)
(24,15)188556680(25,15)
(25,15)680680913(26,15)
(27,15)901414059(28,15)
(28,15)617919070(28,16)
(29,15)905820395(29,16)
(0,16)4312508(1,16)
(1,16)1(1,17)
(2,16)231035283(3,16)
(2,16)658876219(2,17)
(5,16)1234027683(5,17)
(6,16)927607482(7,16)
(6,16)315112657(6,17)
(7,16)1(8,16)
(8,16)1(9,16)
(9,16)1(10,16)
(10,16)17458339(11,16)
(10,16)75900451(10,17)
(11,16)756581364(12,16)
(11,16)382261204(11,17)
(12,16)112292703(13,16)
(13,16)525765142(14,16)
(14,16)789607715(15,16)
(14,16)730211774(14,17)
(16,16)793920223(16,17)
(17,16)1089199358(17,17)
(18,16)999320332(19,16)
(19,16)197680501(19,17)
(20,16)365281009(20,17)
(21,16)1(22,16)
(22,16)541100889(23,16)
(22,16)1(22,17)
(24,16)1(25,16)
(24,16)1(24,17)
(25,16)1(26,16)
(26,16)1(27,16)
(26,16)667140578(26,17)
(27,16)1(28,16)
(28,16)1(28,17)
(29,16)817256802(29,17)
(0,17)1224071752(0,18)
(1,17)1(1,18)
(2,17)616623161(2,18)
(3,17)111872236(3,18)
(4,17)1111192568(5,17)
(5,17)119616457(5,18)
(7,17)9383596(8,17)
(7,17)285876648(7,18)
(8,17)826977538(9,17)
(9,17)830164175(9,18)
(11,17)177624849(12,17)
(13,17)290995004(14,17)
(14,17)754317142(15,17)
(14,17)15201737(14,18)
(16,17)1209610499(17,17)
(16,17)577020080(16,18)
(17,17)261946368(17,18)
(18,17)373818604(19,17)
(18,17)1034328140(18,18)
(19,17)813440013(20,17)
(19,17)1115579198(19,18)
(21,17)93251129(21,18)
(22,17)1(23,17)
(22,17)639036649(22,18)
(23,17)1(24,17)
(25,17)596714459(26,17)
(26,17)682436207(27,17)
(27,17)774339308(27,18)
(28,17)348077579(29,17)
(28,17)1(28,18)
(0,18)218979702(0,19)
(1,18)1(1,19)
(3,18)725574395(4,18)
(4,18)333633138(4,19)
(5,18)1147073152(6,18)
(6,18)928865601(7,18)
(7,18)98063144(8,18)
(9,18)921447842(9,19)
(10,18)427513068(11,18)
(10,18)678073726(10,19)
(11,18)1274788185(12,18)
(13,18)251356044(14,18)
(14,18)249721425(15,18)
(15,18)175500215(16,18)
(17,18)884047299(18,18)
(18,18)1064249179(18,19)
(20,18)1153003836(20,19)
(21,18)397471821(21,19)
(22,18)84673593(22,19)
(23,18)535129021(23,19)
(24,18)1109764513(24,19)
(25,18)1327704109(25,19)
(26,18)398010449(27,18)
(27,18)915142776(27,19)
(28,18)816786622(29,18)
(28,18)1(28,19)
(0,19)107273510(0,20)
(1,19)1(2,19)
(1,19)781669422(1,20)
(2,19)399129955(3,19)
(2,19)1(2,20)
(3,19)1155187845(4,19)
(4,19)975512804(5,19)
(5,19)713777803(6,19)
(5,19)617325892(5,20)
(7,19)418098870(8,19)
(8,19)601562079(9,19)
(9,19)953227891(9,20)
(10,19)262321107(11,19)
(11,19)690603783(11,20)
(12,19)1088614232(13,19)
(13,19)1(14,19)
(13,19)1(13,20)
(14,19)1(15,19)
(15,19)1(15,20)
(16,19)1184531197(17,19)
(17,19)126291879(18,19)
(19,19)899556638(20,19)
(20,19)226487106(20,20)
(21,19)207520099(22,19)
(22,19)577100418(23,19)
(23,19)625618969(23,20)
(24,19)1178662498(24,20)
(25,19)742505442(26,19)
(25,19)892646653(25,20)
(28,19)66043290(29,19)
(28,19)1(28,20)
(29,19)841570097(29,20)
(0,20)1002170224(1,20)
(0,20)1763748250(0,21)
(2,20)1(3,20)
(3,20)983613438(4,20)
(3,20)1(3,21)
(5,20)617213562(6,20)
(5,20)117609514(5,21)
(7,20)129817666(8,20)
(7,20)83064356(7,21)
(8,20)660164774(9,20)
(9,20)923134315(10,20)
(10,20)186799847(11,20)
(11,20)433849067(12,20)
(13,20)1(13,21)
(14,20)446595335(15,20)
(15,20)1392193378(16,20)
(15,20)414665976(15,21)
(17,20)158603470(18,20)
(17,20)207615072(17,21)
(18,20)652451230(19,20)
(19,20)1142216908(19,21)
(20,20)348261691(20,21)
(21,20)270559258(22,20)
(21,20)127964107(21,21)
(22,20)211028463(23,20)
(23,20)522145241(24,20)
(23,20)400376924(23,21)
(25,20)562536862(26,20)
(26,20)1113576876(27,20)
(27,20)996385929(27,21)
(28,20)1(28,21)
(29,20)796193453(29,21)
(1,21)1238279491(2,21)
(1,21)1210859430(1,22)
(2,21)1(3,21)
(2,21)1(2,22)
(4,21)515567250(4,22)
(5,21)26317795(6,21)
(5,21)278151951(5,22)
(6,21)299123837(6,22)
(7,21)154281903(7,22)
(8,21)365310366(9,21)
(8,21)519252631(8,22)
(9,21)1041397872(10,21)
(11,21)339193781(11,22)
(12,21)1321003336(12,22)
(13,21)396617262(14,21)
(13,21)1(13,22)
(16,21)256186498(17,21)
(17,21)678261957(18,21)
(17,21)607293598(17,22)
(20,21)92348951(21,21)
(21,21)155690497(22,21)
(21,21)1520545174(21,22)
(23,21)2096308(24,21)
(23,21)725373592(23,22)
(25,21)1129157400(26,21)
(25,21)1043494180(25,22)
(27,21)1(28,21)
(27,21)1(27,22)
(28,21)687974971(28,22)
(0,22)1306054042(1,22)
(0,22)210902965(0,23)
(1,22)289287560(1,23)
(2,22)1(3,22)
(2,22)859500779(2,23)
(3,22)1(3,23)
(4,22)92915184(5,22)
(7,22)105172341(8,22)
(7,22)243939442(7,23)
(9,22)1(10,22)
(9,22)1(9,23)
(10,22)1(11,22)
(11,22)1(12,22)
(12,22)1(13,22)
(13,22)752179019(14,22)
(14,22)854981605(15,22)
(16,22)137943423(17,22)
(16,22)13552000(16,23)
(17,22)873052779(18,22)
(18,22)683417481(18,23)
(19,22)60068019(20,22)
(19,22)263331867(19,23)
(21,22)930945935(21,23)
(22,22)912116645(22,23)
(24,22)704584502(25,22)
(24,22)946168249(24,23)
(25,22)1(26,22)
(25,22)1(25,23)
(26,22)1(27,22)
(28,22)829523621(29,22)
(3,23)1(4,23)
(3,23)901278883(3,24)
(4,23)1(5,23)
(4,23)262628326(4,24)
(5,23)1(6,23)
(6,23)1(7,23)
(6,23)447132463(6,24)
(7,23)1(8,23)
(8,23)1(9,23)
(8,23)1066882827(8,24)
(9,23)758668189(10,23)
(9,23)90037259(9,24)
(10,23)794621761(11,23)
(12,23)1825995467(13,23)
(13,23)718134699(14,23)
(13,23)1093032512(13,24)
(15,23)587947481(16,23)
(15,23)310746258(15,24)
(16,23)1459577712(16,24)
(17,23)1010151291(18,23)
(18,23)703763071(19,23)
(20,23)1331511152(20,24)
(22,23)1170191477(23,23)
(22,23)128018409(22,24)
(25,23)1(26,23)
(26,23)1(26,24)
(27,23)462036190(28,23)
(27,23)220797628(27,24)
(28,23)864299822(28,24)
(29,23)1180170889(29,24)
(0,24)1088902625(1,24)
(0,24)49568403(0,25)
(1,24)637515884(2,24)
(2,24)400996690(2,25)
(3,24)440000073(3,25)
(4,24)574155354(4,25)
(5,24)168008205(6,24)
(5,24)697441983(5,25)
(6,24)670694210(7,24)
(6,24)327790649(6,25)
(7,24)84557402(7,25)
(8,24)798712619(8,25)
(10,24)558500718(10,25)
(11,24)1089464818(12,24)
(12,24)838003987(13,24)
(12,24)475122871(12,25)
(13,24)937159061(14,24)
(14,24)476608938(15,24)
(17,24)241904450(17,25)
(18,24)681904523(19,24)
(18,24)556210631(18,25)
(19,24)1130365985(20,24)
(21,24)5974668(22,24)
(22,24)450825132(22,25)
(23,24)1249537751(24,24)
(24,24)490196824(24,25)
(25,24)1(26,24)
(25,24)1(25,25)
(26,24)747883942(27,24)
(29,24)926621687(29,25)
(0,25)1140708092(0,26)
(1,25)745096657(2,25)
(1,25)896467990(1,26)
(2,25)209747793(3,25)
(5,25)97291556(5,26)
(8,25)282662898(9,25)
(8,25)328247610(8,26)
(10,25)1089024165(11,25)
(10,25)772859722(10,26)
(11,25)525969671(11,26)
(12,25)603363919(12,26)
(13,25)592826544(14,25)
(14,25)965693487(15,25)
(14,25)712257896(14,26)
(16,25)268432573(17,25)
(17,25)450578997(17,26)
(18,25)478180366(18,26)
(19,25)658456917(19,26)
(20,25)755748474(21,25)
(20,25)959002087(20,26)
(21,25)158608089(22,25)
(22,25)633170952(22,26)
(23,25)961418563(24,25)
(24,25)175373756(24,26)
(25,25)1(26,25)
(25,25)391720276(25,26)
(26,25)1(27,25)
(27,25)1(28,25)
(27,25)622307094(27,26)
(28,25)287059423(29,25)
(28,25)1(28,26)
(0,26)756317810(0,27)
(1,26)461800150(2,26)
(1,26)191873928(1,27)
(2,26)460306501(3,26)
(3,26)912379147(3,27)
(4,26)202475604(5,26)
(5,26)35142011(6,26)
(5,26)3340416(5,27)
(6,26)759088890(7,26)
(7,26)1028121564(7,27)
(8,26)920832422(9,26)
(9,26)206194758(10,26)
(9,26)684274541(9,27)
(11,26)597915034(11,27)
(12,26)990171786(12,27)
(13,26)1217254586(14,26)
(13,26)519263102(13,27)
(14,26)806322526(15,26)
(15,26)168499058(16,26)
(16,26)81554211(17,26)
(17,26)630299208(17,27)
(18,26)541860712(18,27)
(19,26)1104988135(19,27)
(21,26)759148004(22,26)
(22,26)396127507(23,26)
(23,26)1112193637(24,26)
(24,26)616024679(25,26)
(24,26)1316959929(24,27)
(25,26)265682459(26,26)
(27,26)162638467(27,27)
(28,26)681901570(29,26)
(28,26)1(28,27)
(0,27)696606012(0,28)
(1,27)865105071(2,27)
(4,27)890598987(5,27)
(4,27)408031868(4,28)
(6,27)1078269911(7,27)
(6,27)488269300(6,28)
(8,27)798203705(8,28)
(10,27)821989181(10,28)
(11,27)1087671641(12,27)
(11,27)1081302089(11,28)
(12,27)850121871(13,27)
(13,27)307868134(14,27)
(15,27)683668999(16,27)
(15,27)202804796(15,28)
(17,27)525284363(18,27)
(18,27)896694702(19,27)
(19,27)261624766(20,27)
(21,27)128079341(22,27)
(21,27)2520567(21,28)
(22,27)1258905959(23,27)
(22,27)438448860(22,28)
(23,27)1236652565(24,27)
(24,27)407180440(25,27)
(24,27)763935211(24,28)
(26,27)54888914(26,28)
(27,27)526112386(27,28)
(28,27)1776422494(29,27)
(28,27)1(28,28)
(0,28)770569559(0,29)
(1,28)48264256(1,29)
(2,28)35685998(3,28)
(2,28)686619003(2,29)
(5,28)150903661(6,28)
(5,28)602140955(5,29)
(7,28)153424228(7,29)
(8,28)400768764(8,29)
(9,28)748126064(9,29)
(10,28)28781751(10,29)
(11,28)489503941(11,29)
(12,28)422888643(13,28)
(12,28)1210195419(12,29)
(13,28)747786745(14,28)
(14,28)1206395215(14,29)
(15,28)593246205(15,29)
(16,28)641510461(17,28)
(16,28)1183424254(16,29)
(17,28)1283719686(17,29)
(18,28)677196459(18,29)
(19,28)566475355(20,28)
(19,28)934462976(19,29)
(20,28)1536603932(21,28)
(21,28)717379016(21,29)
(22,28)870803245(23,28)
(23,28)361168198(23,29)
(24,28)135649785(24,29)
(25,28)164431536(26,28)
(26,28)117117120(26,29)
(28,28)1772472563(29,28)
(28,28)1(28,29)
(0,29)1360934433(1,29)
(2,29)520861841(3,29)
(3,29)1190415560(4,29)
(4,29)430686898(5,29)
(5,29)1162372303(6,29)
(6,29)326651598(7,29)
(7,29)153246508(8,29)
(9,29)318416618(10,29)
(10,29)1087709484(11,29)
(11,29)258560469(12,29)
(13,29)476829768(14,29)
(14,29)975939486(15,29)
(15,29)903460453(16,29)
(18,29)1264628651(19,29)
(19,29)1727962556(20,29)
(21,29)226439266(22,29)
(24,29)343556386(25,29)
(25,29)701759765(26,29)
(27,29)1670868926(28,29)
(28,29)1(29,29)
