10 200
(0,0)1069916450(0,1)
(1,0)958526666(1,1)
(2,0)755727079(2,1)
(3,0)895715987(4,0)
(4,0)268909458(4,1)
(5,0)165146947(5,1)
(6,0)344708285(7,0)
(6,0)942011135(6,1)
(7,0)1122010363(8,0)
(8,0)1434114427(9,0)
(8,0)323589893(8,1)
(9,0)122091341(9,1)
(0,1)774891812(1,1)
(0,1)925809784(0,2)
(2,1)1107838956(2,2)
(3,1)687901671(4,1)
(3,1)413169017(3,2)
(4,1)709298461(5,1)
(5,1)665218367(6,1)
(5,1)1115129320(5,2)
(6,1)967131255(7,1)
(9,1)393630999(9,2)
(0,2)471090674(0,3)
(1,2)636237621(2,2)
(2,2)640762521(3,2)
(3,2)551074635(4,2)
(3,2)980945906(3,3)
(6,2)612597227(7,2)
(6,2)82861936(6,3)
(8,2)936651047(9,2)
(0,3)813344416(1,3)
(0,3)260854206(0,4)
(1,3)628534407(1,4)
(2,3)260265671(3,3)
(3,3)954824170(4,3)
(3,3)195631134(3,4)
(5,3)260331657(5,4)
(6,3)242096495(6,4)
(7,3)878334116(8,3)
(8,3)193839643(9,3)
(8,3)1494239104(8,4)
(1,4)1016332174(1,5)
(2,4)1099194110(3,4)
(3,4)348132733(3,5)
(4,4)605261038(4,5)
(5,4)11073519(5,5)
(6,4)824417935(7,4)
(6,4)181939475(6,5)
(8,4)1413297063(9,4)
(8,4)155497071(8,5)
(0,5)873991801(1,5)
(0,5)1110321241(0,6)
(2,5)728317538(2,6)
(3,5)281394660(4,5)
(4,5)552156957(5,5)
(4,5)497506920(4,6)
(5,5)209303294(6,5)
(5,5)475234304(5,6)
(6,5)284363183(7,5)
(6,5)449987049(6,6)
(7,5)185522555(8,5)
(8,5)177345930(9,5)
(9,5)533655289(9,6)
(0,6)782606969(1,6)
(0,6)1052778759(0,7)
(1,6)1063852278(2,6)
(1,6)454740558(1,7)
(2,6)636680033(3,6)
(3,6)312651697(4,6)
(4,6)47119387(4,7)
(6,6)452456913(7,6)
(7,6)229774129(8,6)
(7,6)1177749832(7,7)
(8,6)1180774451(8,7)
(9,6)1435175630(9,7)
(2,7)289835988(3,7)
(3,7)581884671(4,7)
(3,7)74282951(3,8)
(4,7)475358543(4,8)
(5,7)759230602(5,8)
(6,7)957934351(6,8)
(8,7)701457876(8,8)
(0,8)70163(1,8)
(1,8)592574686(2,8)
(2,8)517978064(3,8)
(4,8)78322403(5,8)
(4,8)747752193(4,9)
(5,8)35444175(6,8)
(6,8)774878416(7,8)
(8,8)165129102(9,8)
(8,8)131127619(8,9)
(9,8)1404694235(9,9)
(0,9)640487646(1,9)
(0,9)713012291(0,10)
(2,9)120300529(3,9)
(3,9)965772221(4,9)
(3,9)866596816(3,10)
(5,9)918722997(5,10)
(6,9)918793160(7,9)
(6,9)434680618(6,10)
(7,9)1027255305(8,9)
(8,9)572053199(8,10)
(0,10)386796501(1,10)
(0,10)1403063071(0,11)
(1,10)3125660(1,11)
(2,10)422240676(2,11)
(3,10)297533791(4,10)
(4,10)726544811(4,11)
(5,10)462662893(5,11)
(6,10)1103150539(7,10)
(6,10)355046610(6,11)
(8,10)605168370(8,11)
(9,10)546402671(9,11)
(1,11)342179940(2,11)
(2,11)401654334(3,11)
(2,11)1018202324(2,12)
(3,11)139268567(4,11)
(3,11)1260973100(3,12)
(5,11)1353712896(6,11)
(6,11)165109376(7,11)
(6,11)1088605723(6,12)
(8,11)752972084(9,11)
(8,11)587350052(8,12)
(9,11)1483024353(9,12)
(0,12)884883843(0,13)
(1,12)1125058672(1,13)
(3,12)609393871(4,12)
(3,12)303213628(3,13)
(4,12)908381998(5,12)
(6,12)331838941(6,13)
(7,12)674018881(8,12)
(8,12)155043919(8,13)
(0,13)1356367849(1,13)
(0,13)294312487(0,14)
(1,13)72625362(2,13)
(2,13)561656709(3,13)
(3,13)237734738(3,14)
(4,13)825084790(5,13)
(4,13)386290715(4,14)
(5,13)524924090(5,14)
(7,13)910031723(8,13)
(7,13)846890093(7,14)
(8,13)179511727(9,13)
(0,14)1339422865(1,14)
(2,14)305982643(3,14)
(2,14)898253025(2,15)
(3,14)424056901(4,14)
(5,14)767509859(6,14)
(5,14)351515111(5,15)
(7,14)240560845(7,15)
(8,14)802217554(9,14)
(8,14)122996409(8,15)
(0,15)1188508269(1,15)
(1,15)419872505(2,15)
(1,15)379598726(1,16)
(3,15)276829843(3,16)
(4,15)852115435(4,16)
(6,15)1128680727(7,15)
(7,15)1037155165(8,15)
(8,15)198003484(9,15)
(0,16)303507006(0,17)
(1,16)655022117(2,16)
(1,16)929277592(1,17)
(2,16)173431428(3,16)
(3,16)38592065(4,16)
(3,16)215421430(3,17)
(4,16)338417839(5,16)
(6,16)233366254(6,17)
(7,16)653238759(8,16)
(8,16)792173930(8,17)
(9,16)930068602(9,17)
(0,17)218522436(1,17)
(0,17)401920064(0,18)
(1,17)191177926(2,17)
(1,17)379644430(1,18)
(2,17)136399575(2,18)
(3,17)28420416(4,17)
(4,17)648515279(4,18)
(5,17)480467874(6,17)
(5,17)226423901(5,18)
(7,17)10354233(8,17)
(8,17)1202460131(8,18)
(9,17)225775663(9,18)
(1,18)564193503(1,19)
(2,18)797559757(3,18)
(2,18)118112082(2,19)
(4,18)608386338(5,18)
(5,18)233383471(6,18)
(6,18)1010306403(6,19)
(7,18)613027901(7,19)
(8,18)224388015(9,18)
(9,18)373859335(9,19)
(0,19)872903294(1,19)
(0,19)1439668448(0,20)
(1,19)1573168093(1,20)
(2,19)928500209(3,19)
(3,19)615632986(4,19)
(3,19)923037611(3,20)
(5,19)51326232(5,20)
(6,19)1124713752(7,19)
(6,19)1219066291(6,20)
(8,19)378899718(9,19)
(9,19)969656867(9,20)
(0,20)785261204(0,21)
(2,20)440865961(3,20)
(3,20)1(4,20)
(3,20)1(3,21)
(4,20)1(5,20)
(5,20)753013975(5,21)
(7,20)1190993564(8,20)
(8,20)222910631(9,20)
(8,20)831804789(8,21)
(0,21)1161765074(1,21)
(2,21)178911532(2,22)
(3,21)1(3,22)
(4,21)169588724(4,22)
(5,21)139151211(5,22)
(6,21)356597502(6,22)
(7,21)50701078(8,21)
(7,21)569805150(7,22)
(8,21)1010671111(9,21)
(9,21)1019653110(9,22)
(0,22)505537753(1,22)
(0,22)265589818(0,23)
(1,22)1018603794(2,22)
(2,22)374263731(2,23)
(3,22)1(3,23)
(4,22)1328842205(5,22)
(6,22)628796332(6,23)
(8,22)895517721(9,22)
(9,22)456070803(9,23)
(0,23)1065106446(1,23)
(0,23)992512884(0,24)
(1,23)27407101(1,24)
(2,23)384004603(3,23)
(2,23)56868390(2,24)
(3,23)1(4,23)
(4,23)689993752(5,23)
(4,23)1(4,24)
(6,23)955583571(6,24)
(7,23)559244668(7,24)
(8,23)369662487(8,24)
(9,23)323741132(9,24)
(0,24)38336641(0,25)
(2,24)133896022(3,24)
(2,24)944624252(2,25)
(4,24)1(5,24)
(4,24)113972714(4,25)
(5,24)1(6,24)
(6,24)1(7,24)
(7,24)1(8,24)
(7,24)597450618(7,25)
(8,24)981455221(9,24)
(8,24)1(8,25)
(1,25)663057513(2,25)
(2,25)495865929(3,25)
(2,25)723036045(2,26)
(3,25)658456269(3,26)
(4,25)1028118757(5,25)
(4,25)322569646(4,26)
(5,25)646310779(6,25)
(5,25)471312475(5,26)
(7,25)151410468(7,26)
(8,25)285306490(9,25)
(8,25)1(8,26)
(0,26)399279204(1,26)
(1,26)526811341(2,26)
(2,26)969322722(2,27)
(4,26)1005517760(4,27)
(5,26)400744914(5,27)
(6,26)588701753(6,27)
(8,26)1(8,27)
(9,26)1910215536(9,27)
(0,27)214524301(1,27)
(1,27)790850645(1,28)
(2,27)860835080(2,28)
(3,27)1012245548(4,27)
(4,27)706199219(4,28)
(5,27)538363680(6,27)
(6,27)1007705004(6,28)
(7,27)438577169(7,28)
(8,27)1399352570(9,27)
(8,27)1(8,28)
(9,27)403498619(9,28)
(0,28)257386682(1,28)
(1,28)338704924(2,28)
(2,28)113193049(2,29)
(3,28)8127092(3,29)
(4,28)400585306(5,28)
(7,28)65563768(7,29)
(8,28)1(8,29)
(0,29)481585382(1,29)
(0,29)1488841358(0,30)
(1,29)638909749(2,29)
(2,29)319247793(3,29)
(2,29)1019949062(2,30)
(3,29)188257344(3,30)
(4,29)706927662(5,29)
(5,29)109779111(6,29)
(6,29)967781835(7,29)
(6,29)644887672(6,30)
(7,29)983592596(8,29)
(8,29)1(9,29)
(9,29)1(9,30)
(0,30)590256658(0,31)
(1,30)1392304995(1,31)
(4,30)83849626(5,30)
(5,30)652654915(6,30)
(7,30)64117085(8,30)
(8,30)1(9,30)
(8,30)1(8,31)
(9,30)252374429(9,31)
(1,31)487105059(2,31)
(1,31)959302091(1,32)
(2,31)99505100(2,32)
(3,31)28288074(4,31)
(4,31)1(5,31)
(4,31)1(4,32)
(5,31)1(5,32)
(6,31)1(7,31)
(6,31)1(6,32)
(7,31)1(8,31)
(7,31)676839747(7,32)
(9,31)577381693(9,32)
(0,32)1096055604(1,32)
(0,32)672659803(0,33)
(1,32)661231319(1,33)
(2,32)86438655(3,32)
(4,32)1(4,33)
(5,32)1(6,32)
(8,32)818938377(9,32)
(1,33)331165903(2,33)
(2,33)1(3,33)
(2,33)1(2,34)
(3,33)1(4,33)
(5,33)1070113268(5,34)
(6,33)18685224(7,33)
(7,33)190294319(8,33)
(7,33)547666644(7,34)
(8,33)634105300(9,33)
(0,34)784661040(1,34)
(1,34)968467180(1,35)
(2,34)1(3,34)
(3,34)1(4,34)
(4,34)958387621(5,34)
(4,34)1(4,35)
(6,34)333031641(7,34)
(7,34)880003330(7,35)
(8,34)1366412732(9,34)
(8,34)876803482(8,35)
(0,35)675466364(1,35)
(1,35)1020044689(2,35)
(2,35)87214978(3,35)
(2,35)561901689(2,36)
(4,35)658642009(5,35)
(4,35)1(4,36)
(6,35)380851026(7,35)
(7,35)1025669074(8,35)
(7,35)518781742(7,36)
(8,35)812137096(9,35)
(0,36)917485685(1,36)
(1,36)856859504(1,37)
(2,36)142230754(2,37)
(3,36)1022234084(4,36)
(4,36)1(5,36)
(5,36)1(6,36)
(5,36)241163169(5,37)
(6,36)1(6,37)
(7,36)1076904200(8,36)
(7,36)76680329(7,37)
(8,36)163895308(9,36)
(0,37)441404606(1,37)
(0,37)440615907(0,38)
(1,37)36805893(2,37)
(1,37)626792474(1,38)
(2,37)470771155(3,37)
(3,37)510500910(4,37)
(3,37)417656919(3,38)
(6,37)1(7,37)
(7,37)1(7,38)
(8,37)1885924331(9,37)
(8,37)234870798(8,38)
(0,38)1257104882(0,39)
(1,38)43543229(1,39)
(2,38)100402740(3,38)
(3,38)267413936(3,39)
(4,38)1177306940(4,39)
(5,38)1145457405(6,38)
(6,38)39077418(6,39)
(7,38)1(8,38)
(8,38)1(9,38)
(9,38)1(9,39)
(0,39)208219823(0,40)
(1,39)332155737(1,40)
(2,39)839406080(2,40)
(4,39)700560191(4,40)
(5,39)637175331(6,39)
(5,39)682134731(5,40)
(7,39)1(8,39)
(7,39)1(7,40)
(8,39)1(9,39)
(8,39)334690395(8,40)
(9,39)586188245(9,40)
(0,40)1582873874(0,41)
(1,40)1(2,40)
(1,40)1(1,41)
(2,40)1(3,40)
(3,40)1(4,40)
(3,40)553468758(3,41)
(4,40)1(5,40)
(4,40)299610485(4,41)
(5,40)1(6,40)
(5,40)676705617(5,41)
(6,40)1(7,40)
(6,40)459407494(6,41)
(1,41)1(2,41)
(2,41)1(2,42)
(4,41)316445138(4,42)
(7,41)219687676(8,41)
(8,41)391330790(8,42)
(9,41)773156434(9,42)
(0,42)972499020(0,43)
(1,42)1024344105(1,43)
(2,42)1(2,43)
(3,42)1381594318(4,42)
(4,42)583526241(5,42)
(5,42)645329175(6,42)
(5,42)353486780(5,43)
(6,42)25939433(7,42)
(6,42)340342306(6,43)
(7,42)779293103(8,42)
(8,42)335567417(8,43)
(9,42)381431146(9,43)
(0,43)1325913963(0,44)
(1,43)318259583(1,44)
(2,43)1(2,44)
(3,43)384826953(3,44)
(4,43)776157743(5,43)
(6,43)605706405(7,43)
(8,43)861994270(8,44)
(9,43)873298329(9,44)
(0,44)1(1,44)
(0,44)1(0,45)
(1,44)1(2,44)
(2,44)868313217(2,45)
(3,44)543323316(4,44)
(3,44)475531153(3,45)
(4,44)811098571(5,44)
(4,44)428976332(4,45)
(5,44)810407478(6,44)
(5,44)216004244(5,45)
(6,44)205130310(7,44)
(7,44)939427047(8,44)
(7,44)1128667061(7,45)
(8,44)819145308(9,44)
(0,45)729311232(1,45)
(0,45)1(0,46)
(3,45)529240712(3,46)
(4,45)804478964(4,46)
(6,45)92251214(7,45)
(7,45)987118215(7,46)
(8,45)636801444(9,45)
(9,45)264979149(9,46)
(0,46)1(1,46)
(1,46)1(1,47)
(2,46)1065606606(3,46)
(4,46)874428415(5,46)
(6,46)258341560(7,46)
(8,46)688833313(9,46)
(9,46)108168488(9,47)
(0,47)1493312277(1,47)
(0,47)496307907(0,48)
(1,47)1(2,47)
(2,47)1(3,47)
(3,47)1(3,48)
(4,47)628707743(4,48)
(5,47)500041934(5,48)
(6,47)774794827(6,48)
(7,47)347203172(8,47)
(8,47)887887571(9,47)
(9,47)124741827(9,48)
(0,48)745437577(1,48)
(0,48)4406336(0,49)
(1,48)999170243(1,49)
(2,48)654563711(3,48)
(3,48)1(4,48)
(4,48)1(4,49)
(5,48)341659976(6,48)
(6,48)949151980(7,48)
(7,48)177152713(8,48)
(8,48)532839546(9,48)
(9,48)634979008(9,49)
(1,49)188556680(2,49)
(2,49)680680913(3,49)
(4,49)1(5,49)
(5,49)1(5,50)
(6,49)905820395(6,50)
(7,49)439257059(8,49)
(7,49)4312508(7,50)
(8,49)658876219(9,49)
(9,49)231035283(9,50)
(0,50)892367707(1,50)
(1,50)1513444325(2,50)
(2,50)1234027683(2,51)
(3,50)927607482(4,50)
(3,50)315112657(3,51)
(4,50)140386913(5,50)
(5,50)1(6,50)
(6,50)1(7,50)
(7,50)17458339(8,50)
(7,50)1(7,51)
(0,51)112292703(0,52)
(1,51)1(2,51)
(1,51)1(1,52)
(2,51)1(2,52)
(3,51)793920223(4,51)
(4,51)1089199358(5,51)
(6,51)1(7,51)
(6,51)1(6,52)
(7,51)365281009(8,51)
(8,51)1006065533(9,51)
(9,51)680393666(9,52)
(0,52)1(1,52)
(0,52)1(0,53)
(1,52)820780579(1,53)
(2,52)1(3,52)
(2,52)711115254(2,53)
(3,52)1(4,52)
(4,52)1(5,52)
(4,52)667140578(4,53)
(5,52)1(6,52)
(6,52)493859978(6,53)
(7,52)817256802(7,53)
(8,52)101358692(9,52)
(9,52)1170156526(9,53)
(0,53)1(0,54)
(1,53)111872236(1,54)
(3,53)119616457(3,54)
(5,53)9383596(6,53)
(5,53)285876648(5,54)
(6,53)826977538(7,53)
(7,53)1287952061(8,53)
(7,53)830164175(7,54)
(0,54)1(0,55)
(2,54)15201737(3,54)
(2,54)290995004(2,55)
(4,54)577020080(5,54)
(5,54)261946368(6,54)
(7,54)373818604(7,55)
(8,54)813440013(8,55)
(9,54)1235195655(9,55)
(0,55)1(1,55)
(0,55)93251129(0,56)
(1,55)1(2,55)
(1,55)639036649(1,56)
(2,55)254709662(3,55)
(2,55)1(2,56)
(4,55)596714459(5,55)
(5,55)682436207(6,55)
(6,55)774339308(6,56)
(7,55)348077579(8,55)
(7,55)203777965(7,56)
(8,55)218979702(9,55)
(9,55)1102394721(9,56)
(0,56)237178147(0,57)
(2,56)1(3,56)
(3,56)1(3,57)
(4,56)1147073152(5,56)
(5,56)928865601(6,56)
(6,56)98063144(7,56)
(6,56)1240324281(6,57)
(8,56)921447842(8,57)
(9,56)678073726(9,57)
(0,57)1217789988(1,57)
(0,57)427513068(0,58)
(1,57)1413424708(2,57)
(3,57)1(3,58)
(4,57)249721425(4,58)
(5,57)175500215(5,58)
(7,57)1064249179(8,57)
(7,57)884047299(7,58)
(1,58)397471821(1,59)
(2,58)84673593(2,59)
(3,58)1(3,59)
(4,58)1109764513(4,59)
(5,58)1327704109(5,59)
(6,58)398010449(7,58)
(7,58)915142776(7,59)
(8,58)816786622(9,58)
(8,58)150752997(8,59)
(0,59)1066508047(1,59)
(0,59)107273510(0,60)
(1,59)282773725(2,59)
(2,59)1(3,59)
(2,59)1(2,60)
(3,59)1155187845(4,59)
(4,59)975512804(5,59)
(5,59)713777803(6,59)
(5,59)617325892(5,60)
(7,59)418098870(8,59)
(7,59)1111249625(7,60)
(8,59)601562079(9,59)
(9,59)953227891(9,60)
(1,60)1(2,60)
(1,60)1(1,61)
(3,60)119340312(4,60)
(3,60)1088614232(3,61)
(5,60)402861774(6,60)
(5,60)936126934(5,61)
(7,60)1184531197(7,61)
(8,60)126291879(8,61)
(0,61)899556638(1,61)
(1,61)1(1,62)
(2,61)207520099(3,61)
(3,61)577100418(4,61)
(4,61)625618969(4,62)
(6,61)742505442(7,61)
(6,61)892646653(6,62)
(7,61)1583250436(8,61)
(9,61)524381020(9,62)
(0,62)1(1,62)
(0,62)1(0,63)
(1,62)1002170224(2,62)
(2,62)962905341(3,62)
(3,62)281479420(4,62)
(3,62)857321558(3,63)
(4,62)983613438(5,62)
(4,62)444836158(4,63)
(6,62)617213562(7,62)
(6,62)117609514(6,63)
(8,62)129817666(9,62)
(8,62)83064356(8,63)
(0,63)755436635(1,63)
(0,63)1(0,64)
(2,63)186799847(2,64)
(3,63)433849067(3,64)
(4,63)380552045(5,63)
(6,63)414665976(7,63)
(6,63)446595335(6,64)
(8,63)207615072(9,63)
(9,63)158603470(9,64)
(0,64)1(1,64)
(1,64)1(1,65)
(2,64)348261691(2,65)
(3,64)270559258(4,64)
(3,64)127964107(3,65)
(4,64)211028463(5,64)
(5,64)522145241(6,64)
(5,64)400376924(5,65)
(6,64)1155813559(7,64)
(6,64)871193238(6,65)
(7,64)562536862(8,64)
(8,64)1113576876(9,64)
(8,64)1342613406(8,65)
(9,64)996385929(9,65)
(0,65)1(1,65)
(0,65)1(0,66)
(1,65)796193453(2,65)
(4,65)722473630(5,65)
(4,65)1124815221(4,66)
(6,65)515567250(6,66)
(7,65)26317795(8,65)
(7,65)278151951(7,66)
(8,65)299123837(8,66)
(9,65)154281903(9,66)
(0,66)519252631(1,66)
(0,66)1(0,67)
(1,66)970060019(2,66)
(1,66)365310366(1,67)
(2,66)1041397872(2,67)
(3,66)339193781(4,66)
(5,66)647942748(6,66)
(5,66)1452770657(5,67)
(6,66)396617262(6,67)
(9,66)256186498(9,67)
(0,67)1(0,68)
(3,67)92348951(4,67)
(4,67)155690497(5,67)
(6,67)2096308(7,67)
(6,67)725373592(6,68)
(8,67)1129157400(9,67)
(8,67)1043494180(8,68)
(0,68)1(1,68)
(1,68)687974971(2,68)
(1,68)1(1,69)
(3,68)210902965(3,69)
(4,68)289287560(4,69)
(5,68)545474058(6,68)
(5,68)859500779(5,69)
(6,68)187210670(6,69)
(7,68)92915184(8,68)
(8,68)870877916(9,68)
(0,69)243939442(1,69)
(1,69)1(2,69)
(1,69)105172341(1,70)
(2,69)1(3,69)
(3,69)1(3,70)
(4,69)378495896(4,70)
(5,69)793094067(5,70)
(6,69)1207947167(6,70)
(7,69)752179019(7,70)
(8,69)1996139511(9,69)
(8,69)854981605(8,70)
(0,70)137943423(1,70)
(0,70)13552000(0,71)
(1,70)873052779(2,70)
(2,70)683417481(2,71)
(3,70)60068019(4,70)
(3,70)1(3,71)
(5,70)930945935(5,71)
(6,70)1174885378(7,70)
(6,70)912116645(6,71)
(8,70)704584502(9,70)
(9,70)621034036(9,71)
(0,71)610104916(0,72)
(1,71)446293242(1,72)
(2,71)987916188(2,72)
(3,71)1(3,72)
(4,71)1402678900(4,72)
(7,71)423626358(8,71)
(7,71)901278883(7,72)
(8,71)627748081(9,71)
(8,71)262628326(8,72)
(9,71)686958225(9,72)
(0,72)447132463(1,72)
(0,72)322696345(0,73)
(1,72)154766182(1,73)
(2,72)215998690(2,73)
(3,72)1(4,72)
(3,72)281044010(3,73)
(4,72)1(5,72)
(5,72)1379702225(6,72)
(5,72)1(5,73)
(8,72)718134699(8,73)
(0,73)310746258(0,74)
(3,73)703763071(4,73)
(5,73)1(5,74)
(6,73)1778643616(7,73)
(7,73)1170191477(8,73)
(7,73)128018409(7,74)
(8,73)1194901236(9,73)
(1,74)530964099(1,75)
(2,74)220797628(3,74)
(3,74)864299822(4,74)
(3,74)462036190(3,75)
(4,74)1180170889(5,74)
(5,74)1(6,74)
(5,74)49568403(5,75)
(6,74)1(7,74)
(7,74)1(7,75)
(8,74)440000073(8,75)
(9,74)574155354(9,75)
(0,75)697441983(1,75)
(1,75)327790649(2,75)
(1,75)168008205(1,76)
(2,75)84557402(3,75)
(2,75)670694210(2,76)
(3,75)798712619(4,75)
(5,75)558500718(6,75)
(7,75)1(8,75)
(8,75)1310262446(9,75)
(8,75)1(8,76)
(9,75)937159061(9,76)
(0,76)476608938(1,76)
(3,76)241904450(3,77)
(4,76)681904523(5,76)
(4,76)556210631(4,77)
(5,76)1130365985(6,76)
(5,76)1230172587(5,77)
(7,76)5974668(8,76)
(8,76)1(8,77)
(0,77)490196824(1,77)
(1,77)1095667958(2,77)
(2,77)1048697542(2,78)
(3,77)747883942(3,78)
(5,77)926621687(6,77)
(6,77)1140708092(6,78)
(7,77)1(8,77)
(7,77)1(7,78)
(8,77)209747793(9,77)
(0,78)765958424(1,78)
(0,78)1014602617(0,79)
(1,78)97291556(2,78)
(3,78)1047214953(4,78)
(4,78)328247610(5,78)
(5,78)282662898(5,79)
(6,78)772859722(7,78)
(7,78)525969671(8,78)
(7,78)1(7,79)
(8,78)603363919(9,78)
(0,79)592826544(1,79)
(1,79)965693487(2,79)
(1,79)712257896(1,80)
(3,79)1(4,79)
(3,79)1(3,80)
(4,79)1(4,80)
(5,79)478180366(5,80)
(6,79)658456917(6,80)
(7,79)755748474(8,79)
(7,79)1(7,80)
(8,79)158608089(9,79)
(9,79)633170952(9,80)
(0,80)1511672408(1,80)
(1,80)175373756(2,80)
(2,80)1(3,80)
(2,80)1(2,81)
(4,80)1(5,80)
(5,80)1(6,80)
(5,80)227082800(5,81)
(6,80)1(6,81)
(7,80)1(7,81)
(8,80)461800150(9,80)
(8,80)191873928(8,81)
(0,81)1(1,81)
(0,81)1(0,82)
(1,81)1(2,81)
(2,81)3340416(3,81)
(2,81)202475604(2,82)
(3,81)35142011(3,82)
(4,81)759088890(4,82)
(6,81)1(7,81)
(7,81)206194758(7,82)
(8,81)597915034(9,81)
(8,81)1366452905(8,82)
(0,82)1(0,83)
(1,82)1217254586(2,82)
(1,82)519263102(1,83)
(3,82)168499058(4,82)
(4,82)81554211(5,82)
(5,82)630299208(5,83)
(6,82)541860712(6,83)
(8,82)1108328551(9,82)
(0,83)1(0,84)
(1,83)396127507(1,84)
(2,83)1112193637(2,84)
(3,83)616024679(3,84)
(4,83)265682459(4,84)
(5,83)162638467(6,83)
(6,83)825165723(6,84)
(7,83)681901570(7,84)
(8,83)1488224096(9,83)
(8,83)696606012(8,84)
(0,84)1(0,85)
(2,84)408031868(3,84)
(3,84)890598987(3,85)
(4,84)488269300(5,84)
(5,84)1078269911(5,85)
(6,84)798203705(7,84)
(6,84)1247417304(6,85)
(7,84)1179167442(8,84)
(8,84)821989181(9,84)
(0,85)1087671641(1,85)
(0,85)1(0,86)
(1,85)850121871(2,85)
(2,85)307868134(3,85)
(4,85)683668999(5,85)
(4,85)202804796(4,86)
(6,85)525284363(7,85)
(7,85)896694702(8,85)
(8,85)261624766(9,85)
(0,86)1(1,86)
(1,86)438448860(2,86)
(1,86)1(1,87)
(3,86)763935211(4,86)
(4,86)999566260(5,86)
(4,86)407180440(4,87)
(5,86)54888914(6,86)
(6,86)526112386(7,86)
(7,86)783506572(8,86)
(9,86)770569559(9,87)
(0,87)48264256(1,87)
(1,87)1(2,87)
(2,87)855528981(3,87)
(2,87)1(2,88)
(4,87)602140955(5,87)
(5,87)1392033725(6,87)
(5,87)150903661(5,88)
(6,87)153424228(7,87)
(7,87)400768764(8,87)
(8,87)748126064(9,87)
(0,88)1155306505(1,88)
(0,88)28781751(0,89)
(1,88)489503941(1,89)
(2,88)1(3,88)
(3,88)1(4,88)
(4,88)1(4,89)
(5,88)593246205(5,89)
(6,88)641510461(7,88)
(6,88)1183424254(6,89)
(8,88)677196459(8,89)
(9,88)934462976(9,89)
(0,89)566475355(0,90)
(1,89)717379016(2,89)
(2,89)988538780(2,90)
(3,89)1(4,89)
(3,89)1(3,90)
(4,89)135649785(5,89)
(6,89)117117120(7,89)
(6,89)164431536(6,90)
(8,89)154539218(9,89)
(8,89)1327312539(8,90)
(9,89)1772472563(9,90)
(1,90)520861841(2,90)
(2,90)430686898(3,90)
(3,90)1(4,90)
(4,90)1(4,91)
(5,90)1087709484(6,90)
(5,90)318416618(5,91)
(6,90)258560469(6,91)
(7,90)975939486(8,90)
(7,90)476829768(7,91)
(8,90)903460453(8,91)
(0,91)1264628651(0,92)
(1,91)226439266(2,91)
(2,91)970109190(2,92)
(3,91)1(4,91)
(3,91)1(3,92)
(5,91)856298983(5,92)
(6,91)69749768(7,91)
(7,91)650729645(7,92)
(8,91)1081416544(9,91)
(0,92)1234663052(1,92)
(1,92)826320173(1,93)
(2,92)174888888(2,93)
(3,92)1(4,92)
(4,92)1(5,92)
(5,92)1(5,93)
(6,92)60467522(7,92)
(8,92)1030576712(8,93)
(9,92)263272680(9,93)
(0,93)1225322922(1,93)
(1,93)441151812(2,93)
(2,93)481306275(2,94)
(3,93)1132035920(4,93)
(3,93)510901580(3,94)
(5,93)343756687(6,93)
(5,93)1(5,94)
(7,93)968150086(8,93)
(8,93)107473856(9,93)
(9,93)640821657(9,94)
(0,94)20810337(1,94)
(1,94)459744379(2,94)
(1,94)1216953680(1,95)
(2,94)910230707(3,94)
(3,94)520211901(3,95)
(4,94)829947001(4,95)
(5,94)1093219681(6,94)
(5,94)1(5,95)
(7,94)879877639(7,95)
(8,94)117536511(9,94)
(8,94)234384366(8,95)
(0,95)1366420287(0,96)
(2,95)774194637(3,95)
(3,95)840891688(4,95)
(3,95)585537324(3,96)
(5,95)235682733(6,95)
(5,95)1(5,96)
(6,95)969175881(7,95)
(7,95)353074578(8,95)
(8,95)215383473(9,95)
(8,95)602581782(8,96)
(9,95)873286480(9,96)
(0,96)1045330474(1,96)
(1,96)358730933(2,96)
(1,96)276591445(1,97)
(3,96)111809024(3,97)
(4,96)346193391(5,96)
(4,96)841542494(4,97)
(5,96)781753681(6,96)
(5,96)1(5,97)
(6,96)315538797(7,96)
(7,96)345548130(7,97)
(0,97)714603843(1,97)
(0,97)827245313(0,98)
(2,97)950286576(2,98)
(3,97)255439342(4,97)
(3,97)597303091(3,98)
(5,97)1(6,97)
(5,97)470822815(5,98)
(6,97)1(6,98)
(7,97)1242107922(8,97)
(7,97)745429945(7,98)
(8,97)10179185(9,97)
(0,98)851721680(1,98)
(0,98)230680294(0,99)
(1,98)1219160951(2,98)
(2,98)1265240368(3,98)
(4,98)115275853(4,99)
(6,98)1(6,99)
(8,98)289956995(9,98)
(8,98)468689383(8,99)
(9,98)426245341(9,99)
(0,99)724128725(0,100)
(1,99)1194951540(2,99)
(2,99)362023556(3,99)
(2,99)354347515(2,100)
(3,99)1099777460(4,99)
(5,99)810564778(6,99)
(6,99)1(6,100)
(7,99)363191468(7,100)
(9,99)760414675(9,100)
(0,100)1279209883(0,101)
(1,100)83008846(2,100)
(1,100)133984401(1,101)
(2,100)334799441(3,100)
(3,100)194552258(4,100)
(4,100)70101035(5,100)
(4,100)163741690(4,101)
(5,100)484509253(5,101)
(6,100)1(7,100)
(7,100)1(7,101)
(8,100)430657155(9,100)
(8,100)724365783(8,101)
(9,100)405318833(9,101)
(1,101)328676162(1,102)
(2,101)482713785(3,101)
(2,101)697869764(2,102)
(3,101)600810919(3,102)
(5,101)1(6,101)
(5,101)1(5,102)
(6,101)1(7,101)
(7,101)602827789(7,102)
(9,101)864627692(9,102)
(0,102)1101368920(1,102)
(1,102)934728728(1,103)
(3,102)334385945(3,103)
(4,102)1058751728(5,102)
(5,102)1(5,103)
(6,102)735411323(6,103)
(7,102)157167489(7,103)
(8,102)639881274(9,102)
(8,102)628337807(8,103)
(0,103)348309986(1,103)
(1,103)83924811(2,103)
(2,103)817153374(2,104)
(3,103)222158273(3,104)
(4,103)172291733(4,104)
(5,103)1036919426(6,103)
(5,103)1(5,104)
(8,103)855365969(8,104)
(9,103)1433560133(9,104)
(0,104)976295487(1,104)
(0,104)467871872(0,105)
(1,104)511034929(2,104)
(1,104)344828213(1,105)
(3,104)441502973(3,105)
(4,104)454783453(4,105)
(5,104)1(6,104)
(6,104)1(6,105)
(7,104)695680983(8,104)
(7,104)306490437(7,105)
(8,104)619815290(8,105)
(9,104)917839256(9,105)
(1,105)102437550(2,105)
(1,105)425303695(1,106)
(2,105)424777290(2,106)
(3,105)248941796(4,105)
(4,105)121813537(5,105)
(4,105)511800746(4,106)
(6,105)1(7,105)
(6,105)589685409(6,106)
(7,105)1(7,106)
(8,105)1222944981(9,105)
(0,106)250134099(0,107)
(1,106)464580444(1,107)
(3,106)266873514(4,106)
(4,106)126963235(5,106)
(5,106)542373208(6,106)
(6,106)19276040(6,107)
(7,106)121713590(8,106)
(7,106)1(7,107)
(8,106)380303462(9,106)
(0,107)892104208(1,107)
(0,107)1691500244(0,108)
(2,107)99660103(3,107)
(2,107)689981440(2,108)
(3,107)832686884(4,107)
(5,107)595120105(6,107)
(7,107)1219757943(8,107)
(7,107)1(7,108)
(9,107)726905888(9,108)
(1,108)1295572887(2,108)
(1,108)853869123(1,109)
(2,108)155460677(2,109)
(3,108)165870397(3,109)
(4,108)994858753(4,109)
(5,108)383019910(6,108)
(6,108)1(7,108)
(6,108)1(6,109)
(7,108)351043181(8,108)
(8,108)938043043(8,109)
(9,108)180517551(9,109)
(0,109)1193035150(1,109)
(2,109)813443631(3,109)
(3,109)1(4,109)
(3,109)1(3,110)
(4,109)1(5,109)
(5,109)1(6,109)
(6,109)302013144(7,109)
(6,109)181696824(6,110)
(8,109)192154452(9,109)
(8,109)457473821(8,110)
(0,110)1187013205(1,110)
(1,110)936568796(2,110)
(1,110)1104085305(1,111)
(2,110)109047099(3,110)
(3,110)1(3,111)
(4,110)460090280(4,111)
(5,110)640607831(6,110)
(6,110)501233932(7,110)
(8,110)752223180(9,110)
(8,110)141905540(8,111)
(9,110)247101719(9,111)
(0,111)637941106(1,111)
(0,111)842277697(0,112)
(1,111)763148949(1,112)
(2,111)944845773(3,111)
(2,111)1250564921(2,112)
(3,111)1(4,111)
(4,111)143206689(5,111)
(4,111)1(4,112)
(6,111)1723818091(6,112)
(7,111)512903239(8,111)
(7,111)874373602(7,112)
(0,112)686835409(0,113)
(3,112)496268123(3,113)
(4,112)638173663(5,112)
(4,112)1(4,113)
(5,112)648091795(6,112)
(5,112)627637893(5,113)
(7,112)864171085(8,112)
(8,112)208602869(9,112)
(8,112)368660272(8,113)
(9,112)549903953(9,113)
(0,113)483234706(1,113)
(0,113)938234483(0,114)
(1,113)693110643(1,114)
(2,113)269445086(3,113)
(2,113)253523003(2,114)
(4,113)1(4,114)
(5,113)332398315(6,113)
(7,113)1406898655(8,113)
(1,114)393856793(1,115)
(2,114)30395828(2,115)
(3,114)965127762(3,115)
(4,114)1333788035(5,114)
(4,114)1(4,115)
(5,114)1140899544(6,114)
(6,114)124538870(6,115)
(7,114)1824502016(8,114)
(8,114)239513503(8,115)
(9,114)1178239734(9,115)
(0,115)738319950(1,115)
(2,115)1070718265(2,116)
(3,115)1(4,115)
(3,115)1(3,116)
(4,115)427064613(4,116)
(5,115)182747744(6,115)
(6,115)1006995435(6,116)
(7,115)706544198(8,115)
(7,115)576604537(7,116)
(8,115)303429043(9,115)
(0,116)1(1,116)
(0,116)1(0,117)
(1,116)266762548(2,116)
(1,116)1(1,117)
(3,116)1(3,117)
(4,116)492266551(5,116)
(4,116)659533585(4,117)
(6,116)268658646(7,116)
(7,116)1043436779(8,116)
(8,116)613724419(9,116)
(0,117)1(0,118)
(1,117)1(2,117)
(2,117)1(3,117)
(4,117)791748132(5,117)
(5,117)512386753(6,117)
(6,117)850511344(7,117)
(7,117)1370363101(7,118)
(8,117)205394670(9,117)
(8,117)738351875(8,118)
(0,118)1(1,118)
(0,118)312718946(0,119)
(1,118)1(1,119)
(2,118)1(3,118)
(2,118)1(2,119)
(3,118)1292741(4,118)
(3,118)1(3,119)
(5,118)662741067(6,118)
(5,118)615017161(5,119)
(8,118)219054118(9,118)
(8,118)731859323(8,119)
(9,118)923157081(9,119)
(0,119)384516989(0,120)
(1,119)1(2,119)
(3,119)1(4,119)
(4,119)1(4,120)
(5,119)725997073(6,119)
(5,119)1147913436(5,120)
(6,119)94702217(6,120)
(7,119)1146050459(7,120)
(8,119)420575972(8,120)
(9,119)49476148(9,120)
(0,120)306496384(1,120)
(0,120)421868713(0,121)
(2,120)924428529(3,120)
(3,120)545208420(3,121)
(4,120)1(4,121)
(5,120)1125691444(5,121)
(6,120)185460355(7,120)
(7,120)868786307(7,121)
(9,120)1045819828(9,121)
(0,121)642689351(1,121)
(0,121)700134785(0,122)
(1,121)827803100(1,122)
(2,121)922505317(3,121)
(3,121)367253235(4,121)
(4,121)1(4,122)
(5,121)909741325(6,121)
(6,121)408367302(6,122)
(7,121)262827025(7,122)
(8,121)1187255555(9,121)
(8,121)773800278(8,122)
(1,122)658645400(2,122)
(2,122)634146778(3,122)
(2,122)719344308(2,123)
(3,122)844105755(3,123)
(4,122)601721775(5,122)
(4,122)1(4,123)
(7,122)1002421133(8,122)
(7,122)214990843(7,123)
(8,122)1137496160(9,122)
(9,122)568343750(9,123)
(0,123)1663755091(0,124)
(1,123)554842339(1,124)
(2,123)760019014(2,124)
(4,123)1(4,124)
(5,123)103957120(6,123)
(5,123)62617947(5,124)
(7,123)1224002813(7,124)
(8,123)199941822(8,124)
(9,123)628406105(9,124)
(0,124)199517505(1,124)
(1,124)1073198518(2,124)
(2,124)384500792(3,124)
(4,124)1(5,124)
(5,124)1(5,125)
(6,124)789469941(7,124)
(7,124)828125134(8,124)
(7,124)362624366(7,125)
(0,125)424851348(0,126)
(1,125)487469295(2,125)
(1,125)1387210489(1,126)
(2,125)512865438(3,125)
(3,125)767289463(4,125)
(4,125)1(5,125)
(4,125)1(4,126)
(5,125)477955406(5,126)
(6,125)677472911(7,125)
(7,125)881795940(8,125)
(7,125)8216124(7,126)
(8,125)392716916(9,125)
(8,125)264178160(8,126)
(9,125)1882809890(9,126)
(0,126)65874251(0,127)
(1,126)1005066503(2,126)
(2,126)1699145647(3,126)
(4,126)1(4,127)
(5,126)26812982(6,126)
(6,126)567725124(7,126)
(8,126)111011774(8,127)
(0,127)76571048(1,127)
(1,127)97454188(1,128)
(2,127)1002142941(2,128)
(3,127)1010359065(4,127)
(4,127)1(5,127)
(4,127)787847551(4,128)
(5,127)1(6,127)
(5,127)1403075982(5,128)
(6,127)1(6,128)
(7,127)408532192(7,128)
(8,127)475168396(8,128)
(9,127)868417618(9,128)
(0,128)339981324(1,128)
(0,128)277729982(0,129)
(2,128)1538868824(3,128)
(2,128)366794306(2,129)
(6,128)1(6,129)
(7,128)24453058(8,128)
(8,128)1433198928(9,128)
(8,128)491453380(8,129)
(0,129)73562831(1,129)
(1,129)61123031(1,130)
(2,129)277421349(3,129)
(2,129)596736624(2,130)
(4,129)120320703(5,129)
(5,129)219720141(6,129)
(6,129)1(6,130)
(7,129)137195865(7,130)
(9,129)1630543314(9,130)
(0,130)1028828614(1,130)
(1,130)718312158(2,130)
(2,130)1(3,130)
(2,130)1(2,131)
(3,130)1(3,131)
(4,130)260571615(4,131)
(5,130)171270580(6,130)
(6,130)1(6,131)
(7,130)810809554(8,130)
(7,130)232393611(7,131)
(8,130)509814961(9,130)
(9,130)455961861(9,131)
(0,131)651985318(0,132)
(1,131)576282564(1,132)
(2,131)1(2,132)
(3,131)1(4,131)
(4,131)1(5,131)
(4,131)631025864(4,132)
(5,131)1(6,131)
(6,131)775443146(7,131)
(7,131)176565279(8,131)
(9,131)384187876(9,132)
(0,132)31214195(1,132)
(0,132)777183007(0,133)
(2,132)1(2,133)
(3,132)434878386(4,132)
(3,132)951063578(3,133)
(4,132)597780080(5,132)
(5,132)255956397(6,132)
(5,132)944693347(5,133)
(6,132)805810831(7,132)
(6,132)1249765399(6,133)
(7,132)719730077(8,132)
(7,132)832238961(7,133)
(8,132)886648457(8,133)
(9,132)1495139087(9,133)
(0,133)290114427(1,133)
(0,133)1104681947(0,134)
(1,133)851296479(2,133)
(2,133)1(2,134)
(4,133)565737219(5,133)
(7,133)750089569(7,134)
(0,134)377943918(0,135)
(1,134)1(2,134)
(1,134)1(1,135)
(3,134)627464444(4,134)
(4,134)319892118(4,135)
(5,134)286553008(5,135)
(6,134)576667435(7,134)
(7,134)676107685(8,134)
(8,134)568923204(9,134)
(8,134)980867393(8,135)
(9,134)155363662(9,135)
(0,135)919591375(0,136)
(1,135)628957936(2,135)
(1,135)1(1,136)
(3,135)268476328(4,135)
(3,135)369538693(3,136)
(4,135)312604224(5,135)
(5,135)7750879(5,136)
(6,135)690548142(6,136)
(7,135)1411038238(7,136)
(1,136)256262900(2,136)
(1,136)1(1,137)
(2,136)539090320(3,136)
(3,136)314006950(4,136)
(5,136)882930155(5,137)
(6,136)734491198(7,136)
(6,136)585905456(6,137)
(8,136)252877957(8,137)
(9,136)1584402086(9,137)
(0,137)1(1,137)
(0,137)1(0,138)
(1,137)529105165(2,137)
(2,137)440070805(3,137)
(3,137)1050486637(4,137)
(3,137)76125130(3,138)
(4,137)305772565(4,138)
(5,137)152438774(6,137)
(7,137)866717889(7,138)
(8,137)96451971(8,138)
(9,137)477273707(9,138)
(0,138)1(1,138)
(0,138)410458922(0,139)
(1,138)1(1,139)
(2,138)729493245(3,138)
(4,138)133274585(5,138)
(6,138)375269949(7,138)
(6,138)654628871(6,139)
(7,138)1183734036(8,138)
(8,138)14718348(8,139)
(9,138)1259859166(9,139)
(1,139)1(2,139)
(1,139)678229744(1,140)
(2,139)1(3,139)
(3,139)748314123(4,139)
(3,139)1(3,140)
(4,139)173672243(5,139)
(5,139)187927292(6,139)
(5,139)6638685(5,140)
(6,139)480161252(7,139)
(7,139)331515081(7,140)
(8,139)1061008326(9,139)
(8,139)176761839(8,140)
(0,140)857881316(1,140)
(2,140)1(3,140)
(2,140)1(2,141)
(3,140)1222470482(4,140)
(5,140)645855378(5,141)
(6,140)375012838(7,140)
(6,140)774230460(6,141)
(8,140)1438986190(9,140)
(8,140)256609073(8,141)
(0,141)1(1,141)
(0,141)1(0,142)
(1,141)1(2,141)
(2,141)441178748(3,141)
(4,141)171215342(4,142)
(5,141)582606827(5,142)
(7,141)805063477(8,141)
(9,141)499370603(9,142)
(0,142)1(0,143)
(1,142)208396077(1,143)
(2,142)982626538(3,142)
(2,142)52726347(2,143)
(4,142)588781605(4,143)
(5,142)272156944(6,142)
(5,142)716904866(5,143)
(6,142)742064560(6,143)
(7,142)129204526(7,143)
(8,142)570383274(9,142)
(8,142)1056628062(8,143)
(0,143)1(1,143)
(0,143)578226564(0,144)
(1,143)1160833391(2,143)
(1,143)1(1,144)
(2,143)523247181(2,144)
(3,143)48603553(4,143)
(3,143)453837887(3,144)
(4,143)762473380(4,144)
(6,143)445662848(6,144)
(7,143)1470240061(7,144)
(8,143)305382951(9,143)
(9,143)1179198239(9,144)
(0,144)808705389(0,145)
(1,144)1(1,145)
(4,144)153815663(5,144)
(5,144)214929235(6,144)
(6,144)460024270(7,144)
(6,144)732042227(6,145)
(7,144)833796486(7,145)
(8,144)791206390(9,144)
(8,144)983271451(8,145)
(9,144)199229858(9,145)
(1,145)1(2,145)
(1,145)37744984(1,146)
(2,145)483407833(3,145)
(2,145)1(2,146)
(3,145)334748325(3,146)
(4,145)34590133(4,146)
(5,145)296179470(5,146)
(6,145)526756779(6,146)
(8,145)209181878(8,146)
(0,146)758111797(1,146)
(2,146)1(2,147)
(4,146)518945631(5,146)
(5,146)450560261(5,147)
(6,146)1550820635(6,147)
(7,146)407508594(8,146)
(8,146)353703525(9,146)
(8,146)524796489(8,147)
(0,147)388293658(1,147)
(0,147)515593008(0,148)
(1,147)1(2,147)
(1,147)1(1,148)
(2,147)987065089(3,147)
(4,147)1(5,147)
(4,147)1(4,148)
(5,147)1(5,148)
(7,147)644172548(8,147)
(8,147)661960381(8,148)
(9,147)179846728(9,148)
(0,148)321314252(0,149)
(1,148)1(2,148)
(1,148)698792359(1,149)
(2,148)1(3,148)
(2,148)551190198(2,149)
(3,148)1(4,148)
(4,148)509637941(4,149)
(5,148)1(5,149)
(6,148)1163483073(7,148)
(7,148)333309225(8,148)
(8,148)551784612(9,148)
(8,148)618081456(8,149)
(9,148)187942082(9,149)
(0,149)55324166(0,150)
(1,149)251756816(1,150)
(3,149)387658666(4,149)
(4,149)316968356(4,150)
(5,149)1(6,149)
(6,149)1(7,149)
(7,149)1(8,149)
(8,149)1(8,150)
(1,150)64774850(1,151)
(2,150)911785943(2,151)
(3,150)476505465(4,150)
(3,150)807998078(3,151)
(5,150)1(6,150)
(5,150)1(5,151)
(6,150)1(7,150)
(7,150)1(8,150)
(7,150)359319721(7,151)
(8,150)32115528(9,150)
(9,150)1290070134(9,151)
(0,151)349083884(1,151)
(1,151)627081582(1,152)
(2,151)285407283(3,151)
(2,151)845898968(2,152)
(3,151)1419577543(3,152)
(4,151)715607498(4,152)
(5,151)1(5,152)
(6,151)851650635(7,151)
(6,151)884226480(6,152)
(7,151)528741485(8,151)
(0,152)92458396(0,153)
(1,152)615335449(1,153)
(4,152)1(5,152)
(4,152)1(4,153)
(6,152)45744269(7,152)
(7,152)90524245(8,152)
(7,152)186458990(7,153)
(8,152)471866273(9,152)
(8,152)891643238(8,153)
(0,153)1187473771(1,153)
(0,153)785666001(0,154)
(2,153)114261864(3,153)
(3,153)506158544(4,153)
(4,153)297545472(5,153)
(4,153)1(4,154)
(6,153)390003868(6,154)
(7,153)447594713(7,154)
(8,153)396850216(9,153)
(8,153)434570967(8,154)
(9,153)808556685(9,154)
(0,154)813641137(1,154)
(0,154)99115824(0,155)
(2,154)1(3,154)
(2,154)1(2,155)
(3,154)1(4,154)
(4,154)733163716(5,154)
(6,154)71333932(7,154)
(8,154)885762665(8,155)
(1,155)1(2,155)
(1,155)1(1,156)
(2,155)570429859(3,155)
(3,155)204029907(4,155)
(3,155)157983346(3,156)
(4,155)592554314(5,155)
(5,155)742255238(6,155)
(6,155)691670138(6,156)
(7,155)487446347(8,155)
(7,155)363424687(7,156)
(9,155)328966825(9,156)
(0,156)199533693(0,157)
(1,156)1(1,157)
(2,156)433476612(3,156)
(3,156)525200879(4,156)
(3,156)1302211433(3,157)
(4,156)40490450(5,156)
(7,156)461049174(8,156)
(8,156)268500957(9,156)
(9,156)619032521(9,157)
(0,157)202199511(1,157)
(1,157)1(2,157)
(2,157)1(2,158)
(4,157)243219672(4,158)
(5,157)572186497(6,157)
(5,157)7553424(5,158)
(7,157)629399580(8,157)
(8,157)639774767(8,158)
(0,158)1164975646(0,159)
(1,158)971349106(2,158)
(2,158)1(2,159)
(3,158)918274445(4,158)
(3,158)701898496(3,159)
(4,158)188883080(5,158)
(5,158)189627524(6,158)
(7,158)171792186(8,158)
(8,158)1156987684(9,158)
(8,158)185946015(8,159)
(9,158)1878208062(9,159)
(0,159)1400207356(1,159)
(1,159)1077196448(1,160)
(2,159)1(3,159)
(3,159)1(3,160)
(4,159)1105118108(4,160)
(5,159)889245474(6,159)
(5,159)1379537248(5,160)
(6,159)934611840(7,159)
(6,159)440130246(6,160)
(7,159)713863290(7,160)
(8,159)7331539(8,160)
(0,160)925605984(0,161)
(1,160)154777280(1,161)
(2,160)34674852(3,160)
(3,160)1(4,160)
(4,160)1(4,161)
(6,160)886160471(6,161)
(7,160)240055700(8,160)
(7,160)1014387901(7,161)
(9,160)1022919181(9,161)
(0,161)447740889(1,161)
(1,161)298073782(1,162)
(2,161)738204028(3,161)
(3,161)697876640(3,162)
(4,161)705208180(5,161)
(4,161)1(4,162)
(7,161)122871214(7,162)
(8,161)157546066(9,161)
(8,161)851894540(8,162)
(9,161)802100908(9,162)
(0,162)364013104(1,162)
(1,162)194435927(1,163)
(2,162)1080596399(3,162)
(2,162)301204557(2,163)
(3,162)1078164335(3,163)
(4,162)1(5,162)
(5,162)1(6,162)
(5,162)658215240(5,163)
(6,162)1(7,162)
(6,162)681359489(6,163)
(7,162)1(8,162)
(7,162)494161414(7,163)
(8,162)1(8,163)
(0,163)1234565176(1,163)
(0,163)198824849(0,164)
(3,163)1193862868(3,164)
(4,163)779267882(4,164)
(8,163)1(9,163)
(8,163)810403(8,164)
(9,163)1(9,164)
(0,164)1316402862(0,165)
(1,164)499450222(1,165)
(2,164)78173552(2,165)
(3,164)572334966(4,164)
(3,164)933090583(3,165)
(5,164)620451283(6,164)
(6,164)891781937(7,164)
(6,164)1427374277(6,165)
(7,164)320676745(7,165)
(9,164)1(9,165)
(0,165)283500606(1,165)
(1,165)608080464(2,165)
(1,165)297627232(1,166)
(3,165)307686310(3,166)
(4,165)308496713(5,165)
(5,165)54624286(5,166)
(7,165)5047643(7,166)
(8,165)14883757(8,166)
(9,165)1(9,166)
(0,166)663807708(1,166)
(0,166)587218724(0,167)
(1,166)244435485(2,166)
(2,166)746081022(3,166)
(3,166)1136217423(3,167)
(4,166)1083174822(5,166)
(5,166)350925097(6,166)
(6,166)208178896(6,167)
(7,166)1(8,166)
(7,166)1(7,167)
(8,166)1(9,166)
(8,166)1110054815(8,167)
(0,167)455761633(0,168)
(1,167)510385919(2,167)
(2,167)909858312(3,167)
(3,167)447096124(3,168)
(4,167)1(5,167)
(4,167)1(4,168)
(5,167)1(6,167)
(5,167)386508127(5,168)
(6,167)1(7,167)
(6,167)1049198606(6,168)
(8,167)516837428(9,167)
(8,167)187091179(8,168)
(9,167)282367866(9,168)
(0,168)468409054(1,168)
(1,168)753711730(2,168)
(2,168)819334151(2,169)
(4,168)1(4,169)
(7,168)651401704(7,169)
(8,168)887205538(8,169)
(9,168)374711994(9,169)
(0,169)87856310(0,170)
(1,169)474364437(2,169)
(2,169)80234723(2,170)
(3,169)1524680273(3,170)
(4,169)1(4,170)
(5,169)367828557(5,170)
(6,169)836237611(7,169)
(7,169)532467832(7,170)
(0,170)201203067(1,170)
(0,170)975974595(0,171)
(1,170)830087648(2,170)
(2,170)487621870(3,170)
(3,170)1(4,170)
(3,170)1(3,171)
(4,170)1261411948(5,170)
(4,170)415237739(4,171)
(5,170)789949733(6,170)
(5,170)1632824107(5,171)
(6,170)1261009169(7,170)
(8,170)1365048443(9,170)
(8,170)1341243892(8,171)
(9,170)1200829321(9,171)
(0,171)249605721(1,171)
(0,171)1192235021(0,172)
(1,171)1560063579(2,171)
(1,171)765117125(1,172)
(3,171)1(3,172)
(6,171)1(7,171)
(6,171)1(6,172)
(7,171)1562967900(8,171)
(7,171)1(7,172)
(2,172)252887220(3,172)
(2,172)513648571(2,173)
(3,172)1(3,173)
(4,172)1688227533(5,172)
(5,172)1129865589(6,172)
(6,172)1(6,173)
(7,172)1(8,172)
(8,172)1(8,173)
(9,172)394376380(9,173)
(0,173)972990260(0,174)
(1,173)880694727(2,173)
(1,173)151282037(1,174)
(3,173)1(4,173)
(4,173)1(5,173)
(4,173)299646541(4,174)
(5,173)1(6,173)
(6,173)119306194(6,174)
(7,173)1140439812(7,174)
(8,173)1393327032(9,173)
(8,173)1(8,174)
(0,174)1322363300(1,174)
(0,174)62807143(0,175)
(2,174)304745241(2,175)
(3,174)52244307(4,174)
(3,174)880639169(3,175)
(5,174)365922314(6,174)
(6,174)730137343(6,175)
(7,174)517204351(7,175)
(8,174)1(8,175)
(9,174)452950683(9,175)
(1,175)971622865(1,176)
(2,175)1090929059(3,175)
(3,175)783306548(4,175)
(3,175)1048180056(3,176)
(4,175)1118180666(5,175)
(4,175)296209724(4,176)
(5,175)29149932(5,176)
(7,175)1(8,175)
(7,175)1(7,176)
(8,175)914952965(9,175)
(9,175)1334805449(9,176)
(0,176)886498900(1,176)
(1,176)1091952533(1,177)
(2,176)1252421214(2,177)
(3,176)913824195(3,177)
(5,176)1023508558(5,177)
(6,176)577038092(7,176)
(7,176)1(7,177)
(8,176)219904828(8,177)
(0,177)1003211376(0,178)
(1,177)1032361308(2,177)
(1,177)923719522(1,178)
(3,177)739623234(4,177)
(3,177)236390892(3,178)
(4,177)411389964(4,178)
(6,177)393591452(7,177)
(7,177)788379203(8,177)
(7,177)1(7,178)
(8,177)365270527(9,177)
(0,178)1268154584(0,179)
(1,178)144179495(2,178)
(2,178)1016541091(3,178)
(3,178)721217587(3,179)
(4,178)941122415(5,178)
(6,178)1112299308(7,178)
(7,178)1(7,179)
(8,178)460381954(9,178)
(8,178)762956674(8,179)
(0,179)871771918(1,179)
(1,179)1009672460(2,179)
(1,179)810768060(1,180)
(2,179)116952909(3,179)
(2,179)470483683(2,180)
(4,179)901792931(5,179)
(4,179)905332112(4,180)
(5,179)460051862(6,179)
(6,179)22463867(6,180)
(7,179)1(8,179)
(8,179)1(8,180)
(9,179)887860949(9,180)
(0,180)706535857(1,180)
(2,180)285974605(2,181)
(3,180)789132875(4,180)
(3,180)55364544(3,181)
(4,180)818321218(5,180)
(4,180)307561310(4,181)
(6,180)173417478(6,181)
(7,180)36448065(7,181)
(8,180)153400975(9,180)
(8,180)1(8,181)
(9,180)438870203(9,181)
(0,181)1058733087(1,181)
(0,181)1605434765(0,182)
(1,181)984369626(2,181)
(5,181)1(6,181)
(5,181)1(5,182)
(6,181)1(7,181)
(7,181)1(8,181)
(8,181)1212542604(8,182)
(9,181)916650204(9,182)
(1,182)1103706661(2,182)
(2,182)1110722206(2,183)
(3,182)1147170271(4,182)
(3,182)1077509760(3,183)
(4,182)943995192(4,183)
(5,182)1(5,183)
(6,182)211820686(7,182)
(7,182)576044882(7,183)
(0,183)1321458600(1,183)
(0,183)1018001812(0,184)
(1,183)1238033954(2,183)
(3,183)17118305(3,184)
(4,183)305489605(4,184)
(5,183)1(5,184)
(6,183)710809443(7,183)
(7,183)40075754(8,183)
(7,183)809627584(7,184)
(8,183)570532837(9,183)
(9,183)1117585514(9,184)
(0,184)821218273(0,185)
(1,184)491898410(1,185)
(2,184)749909776(2,185)
(3,184)186126557(3,185)
(5,184)971443012(6,184)
(5,184)1(5,185)
(6,184)291617847(7,184)
(7,184)644910180(7,185)
(8,184)89114125(9,184)
(0,185)394603730(1,185)
(1,185)1(2,185)
(1,185)1(1,186)
(2,185)1(3,185)
(3,185)1(4,185)
(3,185)815570801(3,186)
(4,185)1(5,185)
(4,185)101024726(4,186)
(5,185)849420312(5,186)
(6,185)216464693(7,185)
(8,185)1034671073(9,185)
(8,185)966374470(8,186)
(0,186)1(1,186)
(0,186)1(0,187)
(2,186)1146910147(2,187)
(6,186)128054534(7,186)
(6,186)421357154(6,187)
(7,186)526118511(8,186)
(7,186)777584274(7,187)
(8,186)838533246(9,186)
(0,187)1(1,187)
(1,187)1(2,187)
(2,187)1(2,188)
(3,187)942086907(3,188)
(4,187)132320841(4,188)
(5,187)608380642(5,188)
(7,187)1168311585(8,187)
(7,187)696624748(7,188)
(8,187)576909508(9,187)
(9,187)574934159(9,188)
(0,188)334994932(1,188)
(1,188)1308545408(2,188)
(2,188)1(3,188)
(3,188)1(4,188)
(4,188)1033914368(5,188)
(4,188)1(4,189)
(6,188)396191172(7,188)
(6,188)910116270(6,189)
(8,188)537464538(9,188)
(8,188)406875738(8,189)
(9,188)430341743(9,189)
(0,189)669785379(1,189)
(1,189)588965950(2,189)
(1,189)191319473(1,190)
(2,189)1(3,189)
(2,189)1(2,190)
(3,189)1(4,189)
(4,189)1156088003(5,189)
(6,189)583698958(6,190)
(7,189)1557685625(7,190)
(9,189)1181360661(9,190)
(0,190)213629194(1,190)
(1,190)67791381(1,191)
(2,190)1(3,190)
(2,190)72607722(2,191)
(3,190)1(3,191)
(4,190)466162487(4,191)
(5,190)896504231(6,190)
(5,190)152875256(5,191)
(6,190)822660635(7,190)
(6,190)580805964(6,191)
(8,190)948552713(8,191)
(9,190)395101993(9,191)
(0,191)302937007(1,191)
(3,191)1(3,192)
(4,191)184886787(5,191)
(6,191)525407333(6,192)
(7,191)322561078(8,191)
(7,191)981318067(7,192)
(9,191)515905996(9,192)
(0,192)277904558(1,192)
(0,192)1004031376(0,193)
(1,192)1156906632(2,192)
(3,192)1(4,192)
(4,192)780636332(5,192)
(4,192)1(4,193)
(6,192)404222223(6,193)
(7,192)518029224(7,193)
(8,192)505434530(9,192)
(0,193)237600555(1,193)
(1,193)74587428(1,194)
(2,193)599994761(3,193)
(2,193)1151127241(2,194)
(4,193)516587828(5,193)
(4,193)1(4,194)
(6,193)74608290(7,193)
(7,193)530042188(8,193)
(7,193)407104841(7,194)
(9,193)362125807(9,194)
(0,194)675774693(1,194)
(1,194)515997510(2,194)
(1,194)1142762140(1,195)
(3,194)160643145(4,194)
(4,194)1(4,195)
(5,194)666077675(5,195)
(6,194)426714268(6,195)
(7,194)386152150(8,194)
(7,194)791023231(7,195)
(8,194)1391017992(9,194)
(0,195)166090183(1,195)
(1,195)30707148(1,196)
(2,195)1551326352(3,195)
(2,195)1604552019(2,196)
(4,195)1(5,195)
(5,195)1(6,195)
(6,195)1(7,195)
(6,195)228894865(6,196)
(7,195)1(8,195)
(8,195)1(9,195)
(8,195)139115636(8,196)
(9,195)1(9,196)
(0,196)1665008717(1,196)
(0,196)299758781(0,197)
(1,196)965836457(2,196)
(1,196)138234956(1,197)
(2,196)564949224(3,196)
(2,196)233960872(2,197)
(3,196)1024984103(4,196)
(4,196)951101374(4,197)
(5,196)465220695(6,196)
(5,196)268518447(5,197)
(6,196)434608630(7,196)
(7,196)495927843(7,197)
(9,196)1(9,197)
(2,197)215726529(3,197)
(2,197)129666140(2,198)
(3,197)73078952(3,198)
(4,197)212194589(5,197)
(4,197)960618904(4,198)
(5,197)259228887(5,198)
(6,197)511953370(6,198)
(8,197)1(9,197)
(8,197)1(8,198)
(0,198)1183479288(1,198)
(0,198)1035698931(0,199)
(1,198)1304217378(2,198)
(1,198)829173732(1,199)
(2,198)1648699983(2,199)
(5,198)683136373(6,198)
(6,198)1386353225(6,199)
(7,198)962930462(8,198)
(7,198)669968036(7,199)
(8,198)1(9,198)
(9,198)1(9,199)
(2,199)1248204004(3,199)
(3,199)1687904175(4,199)
(4,199)1375507203(5,199)
(7,199)1042935893(8,199)
