30 50
(0,0)1(0,1)
(1,0)958526666(1,1)
(2,0)755727079(2,1)
(3,0)895715987(4,0)
(4,0)268909458(4,1)
(5,0)165146947(5,1)
(6,0)344708285(7,0)
(6,0)942011135(6,1)
(8,0)1434114427(9,0)
(8,0)323589893(8,1)
(9,0)925809784(10,0)
(9,0)122091341(9,1)
(10,0)774891812(10,1)
(11,0)1107838956(12,0)
(12,0)413169017(13,0)
(13,0)687901671(13,1)
(14,0)709298461(14,1)
(15,0)665218367(15,1)
(16,0)967131255(16,1)
(17,0)1347912715(17,1)
(18,0)393630999(19,0)
(19,0)471090674(19,1)
(20,0)636237621(21,0)
(21,0)640762521(22,0)
(22,0)551074635(23,0)
(22,0)980945906(22,1)
(23,0)1304535799(24,0)
(25,0)612597227(26,0)
(25,0)82861936(25,1)
(27,0)936651047(28,0)
(28,0)260854206(29,0)
(29,0)813344416(29,1)
(0,1)1(0,2)
(1,1)260265671(2,1)
(2,1)954824170(3,1)
(2,1)195631134(2,2)
(3,1)1608178386(3,2)
(4,1)260331657(4,2)
(5,1)242096495(5,2)
(6,1)878334116(7,1)
(7,1)193839643(8,1)
(7,1)1494239104(7,2)
(11,1)348132733(12,1)
(12,1)605261038(13,1)
(13,1)11073519(14,1)
(14,1)181939475(15,1)
(14,1)524496984(14,2)
(15,1)1153031392(16,1)
(15,1)824417935(15,2)
(16,1)155497071(17,1)
(18,1)873991801(19,1)
(18,1)1110321241(18,2)
(20,1)728317538(20,2)
(21,1)281394660(22,1)
(22,1)497506920(22,2)
(23,1)209303294(24,1)
(23,1)475234304(23,2)
(24,1)284363183(25,1)
(24,1)449987049(24,2)
(25,1)185522555(26,1)
(26,1)177345930(27,1)
(27,1)1052778759(28,1)
(27,1)533655289(27,2)
(28,1)454740558(29,1)
(28,1)782606969(28,2)
(29,1)1063852278(29,2)
(0,2)1(1,2)
(0,2)1307103953(0,3)
(1,2)1(2,2)
(2,2)1(2,3)
(4,2)452456913(5,2)
(4,2)1006604879(4,3)
(5,2)229774129(6,2)
(6,2)796922636(7,2)
(6,2)1180774451(6,3)
(8,2)1294429556(8,3)
(9,2)1503732851(10,2)
(10,2)74282951(11,2)
(10,2)289835988(10,3)
(11,2)475358543(12,2)
(11,2)581884671(11,3)
(12,2)759230602(13,2)
(13,2)957934351(14,2)
(15,2)701457876(16,2)
(17,2)70163(18,2)
(17,2)1014109574(17,3)
(18,2)592574686(19,2)
(19,2)517978064(20,2)
(20,2)831009871(21,2)
(21,2)78322403(22,2)
(21,2)747752193(21,3)
(22,2)35444175(23,2)
(25,2)165129102(26,2)
(25,2)131127619(25,3)
(26,2)713012291(27,2)
(27,2)640487646(27,3)
(29,2)120300529(29,3)
(0,3)965772221(1,3)
(0,3)866596816(0,4)
(2,3)1(2,4)
(3,3)918793160(4,3)
(3,3)434680618(3,4)
(4,3)1027255305(5,3)
(5,3)572053199(5,4)
(7,3)3125660(8,3)
(7,3)386796501(7,4)
(8,3)422240676(9,3)
(10,3)297533791(10,4)
(11,3)462662893(12,3)
(12,3)355046610(13,3)
(13,3)1293605225(14,3)
(14,3)605168370(15,3)
(15,3)546402671(16,3)
(17,3)342179940(18,3)
(18,3)401654334(19,3)
(18,3)1018202324(18,4)
(19,3)139268567(20,3)
(22,3)165109376(23,3)
(22,3)1088605723(22,4)
(24,3)752972084(25,3)
(24,3)587350052(24,4)
(25,3)884883843(26,3)
(28,3)303213628(29,3)
(29,3)609393871(29,4)
(0,4)908381998(1,4)
(0,4)1159911137(0,5)
(2,4)1(2,5)
(3,4)674018881(4,4)
(4,4)155043919(4,5)
(5,4)294312487(6,4)
(7,4)72625362(7,5)
(8,4)237734738(9,4)
(8,4)561656709(8,5)
(9,4)386290715(10,4)
(10,4)524924090(11,4)
(10,4)825084790(10,5)
(12,4)846890093(13,4)
(13,4)910031723(13,5)
(14,4)1213245351(15,4)
(14,4)179511727(14,5)
(15,4)1339422865(16,4)
(17,4)305982643(18,4)
(17,4)898253025(17,5)
(18,4)424056901(19,4)
(19,4)980001525(19,5)
(20,4)767509859(21,4)
(20,4)351515111(20,5)
(22,4)240560845(22,5)
(23,4)802217554(24,4)
(23,4)122996409(23,5)
(25,4)379598726(26,4)
(26,4)910339689(27,4)
(26,4)419872505(26,5)
(27,4)276829843(28,4)
(28,4)852115435(29,4)
(1,5)1128680727(2,5)
(2,5)1(3,5)
(3,5)1(4,5)
(4,5)1(5,5)
(5,5)1(6,5)
(5,5)1178005009(5,6)
(6,5)1(6,6)
(7,5)215421430(8,5)
(7,5)173431428(7,6)
(8,5)38592065(8,6)
(9,5)338417839(9,6)
(10,5)233366254(11,5)
(10,5)1192208210(10,6)
(12,5)792173930(13,5)
(12,5)653238759(12,6)
(13,5)930068602(14,5)
(14,5)218522436(15,5)
(14,5)401920064(14,6)
(15,5)191177926(16,5)
(15,5)379644430(15,6)
(16,5)136399575(16,6)
(17,5)28420416(18,5)
(18,5)648515279(18,6)
(19,5)480467874(20,5)
(19,5)226423901(19,6)
(21,5)10354233(22,5)
(22,5)1202460131(22,6)
(23,5)225775663(23,6)
(24,5)564193503(25,5)
(25,5)118112082(26,5)
(26,5)797559757(26,6)
(27,5)1450798517(28,5)
(28,5)608386338(28,6)
(29,5)233383471(29,6)
(0,6)1010306403(0,7)
(1,6)613027901(1,7)
(2,6)224388015(3,6)
(3,6)373859335(3,7)
(4,6)872903294(4,7)
(6,6)923037611(7,6)
(6,6)1(6,7)
(7,6)615632986(7,7)
(8,6)51326232(9,6)
(10,6)1124713752(10,7)
(11,6)1153444459(11,7)
(12,6)378899718(12,7)
(13,6)785261204(13,7)
(16,6)528625960(17,6)
(17,6)232716415(18,6)
(18,6)753013975(18,7)
(20,6)1190993564(21,6)
(21,6)222910631(22,6)
(21,6)831804789(21,7)
(24,6)178911532(25,6)
(25,6)475994111(26,6)
(26,6)169588724(27,6)
(27,6)139151211(28,6)
(28,6)356597502(29,6)
(0,7)50701078(1,7)
(0,7)569805150(0,8)
(2,7)265589818(3,7)
(2,7)1019653110(2,8)
(3,7)505537753(3,8)
(4,7)374263731(5,7)
(5,7)1(6,7)
(5,7)1(5,8)
(8,7)628796332(9,7)
(9,7)1053349859(9,8)
(11,7)456070803(12,7)
(11,7)895517721(11,8)
(13,7)27407101(13,8)
(14,7)384004603(15,7)
(14,7)56868390(14,8)
(15,7)626673540(16,7)
(15,7)953029894(15,8)
(16,7)689993752(17,7)
(16,7)434705681(16,8)
(18,7)955583571(18,8)
(19,7)559244668(19,8)
(20,7)1336515409(21,7)
(20,7)369662487(20,8)
(21,7)38336641(22,7)
(21,7)323741132(21,8)
(23,7)944624252(24,7)
(24,7)133896022(24,8)
(25,7)113972714(26,7)
(25,7)676514060(25,8)
(26,7)68049028(26,8)
(27,7)570043517(27,8)
(28,7)489654580(28,8)
(29,7)44742359(29,8)
(0,8)981455221(1,8)
(0,8)546522970(0,9)
(3,8)663057513(3,9)
(4,8)1(5,8)
(4,8)1(4,9)
(5,8)322569646(6,8)
(6,8)471312475(7,8)
(6,8)1028118757(6,9)
(7,8)646310779(7,9)
(8,8)151410468(9,8)
(9,8)425749147(10,8)
(9,8)996376824(9,9)
(10,8)285306490(10,9)
(11,8)399279204(12,8)
(12,8)526811341(13,8)
(13,8)960775401(14,8)
(13,8)969322722(13,9)
(16,8)400744914(16,9)
(17,8)588701753(17,9)
(19,8)392458214(19,9)
(21,8)790850645(22,8)
(21,8)214524301(21,9)
(22,8)860835080(23,8)
(24,8)706199219(25,8)
(24,8)1012245548(24,9)
(26,8)1007705004(27,8)
(26,8)538363680(26,9)
(27,8)438577169(28,8)
(28,8)518670317(29,8)
(29,8)1399352570(29,9)
(0,9)403498619(0,10)
(1,9)257386682(1,10)
(2,9)1(3,9)
(2,9)1(2,10)
(3,9)1(4,9)
(3,9)407705616(3,10)
(5,9)400585306(5,10)
(7,9)65563768(8,9)
(8,9)476595809(9,9)
(10,9)481585382(11,9)
(11,9)638909749(12,9)
(12,9)319247793(13,9)
(12,9)1019949062(12,10)
(13,9)188257344(13,10)
(14,9)706927662(15,9)
(15,9)109779111(16,9)
(15,9)710395153(15,10)
(16,9)967781835(17,9)
(16,9)644887672(16,10)
(17,9)983592596(18,9)
(18,9)336488590(19,9)
(18,9)1080974884(18,10)
(19,9)590256658(20,9)
(19,9)991719688(19,10)
(21,9)1270666596(22,9)
(22,9)1320145581(22,10)
(23,9)1246553923(24,9)
(24,9)83849626(24,10)
(25,9)652654915(25,10)
(27,9)465667323(28,9)
(27,9)64117085(27,10)
(28,9)252374429(29,9)
(28,9)283445498(28,10)
(0,10)959302091(1,10)
(1,10)1(2,10)
(1,10)1(1,11)
(3,10)440298711(4,10)
(3,10)28288074(3,11)
(4,10)364776665(5,10)
(4,10)388378131(4,11)
(6,10)676839747(7,10)
(6,10)213246490(6,11)
(8,10)577381693(9,10)
(9,10)672659803(9,11)
(10,10)661231319(10,11)
(11,10)86438655(12,10)
(13,10)150555740(13,11)
(14,10)402930170(15,10)
(17,10)818938377(18,10)
(20,10)543771840(21,10)
(20,10)331165903(20,11)
(21,10)544412394(22,10)
(21,10)486409402(21,11)
(23,10)1070113268(24,10)
(24,10)553501636(25,10)
(25,10)547666644(26,10)
(25,10)18685224(25,11)
(26,10)190294319(26,11)
(27,10)634105300(27,11)
(28,10)784661040(29,10)
(0,11)1181690393(0,12)
(1,11)1(1,12)
(2,11)105348588(3,11)
(2,11)402339824(2,12)
(3,11)958387621(3,12)
(4,11)924776859(5,11)
(5,11)880003330(6,11)
(5,11)333031641(5,12)
(6,11)876803482(7,11)
(8,11)675466364(9,11)
(9,11)1020044689(10,11)
(10,11)87214978(11,11)
(10,11)561901689(10,12)
(11,11)1038729913(11,12)
(12,11)658642009(13,11)
(12,11)277509298(12,12)
(14,11)380851026(15,11)
(15,11)1025669074(16,11)
(15,11)518781742(15,12)
(16,11)812137096(17,11)
(18,11)856859504(19,11)
(18,11)917485685(18,12)
(19,11)142230754(20,11)
(21,11)890095478(22,11)
(22,11)241163169(23,11)
(22,11)106928089(22,12)
(23,11)56859510(24,11)
(23,11)542966987(23,12)
(24,11)76680329(25,11)
(26,11)163895308(26,12)
(27,11)441404606(28,11)
(27,11)440615907(27,12)
(28,11)36805893(29,11)
(28,11)626792474(28,12)
(0,12)1(1,12)
(0,12)1(0,13)
(4,12)104287968(5,12)
(4,12)92640043(4,13)
(5,12)234870798(6,12)
(5,12)706490533(5,13)
(7,12)628536162(8,12)
(8,12)43543229(8,13)
(9,12)100402740(10,12)
(10,12)267413936(10,13)
(11,12)1177306940(11,13)
(13,12)39077418(13,13)
(14,12)75883311(15,12)
(15,12)95537387(16,12)
(16,12)208219823(17,12)
(16,12)493540230(16,13)
(17,12)332155737(18,12)
(18,12)839406080(19,12)
(20,12)700560191(21,12)
(21,12)682134731(22,12)
(22,12)637175331(22,13)
(24,12)334690395(25,12)
(24,12)318774309(24,13)
(25,12)586188245(26,12)
(27,12)184649756(27,13)
(28,12)223727174(29,12)
(29,12)553468758(29,13)
(0,13)1(1,13)
(0,13)581168230(0,14)
(1,13)676705617(2,13)
(1,13)1(1,14)
(2,13)459407494(3,13)
(2,13)793150715(2,14)
(3,13)121199585(3,14)
(5,13)1466279548(6,13)
(7,13)438950797(8,13)
(8,13)309627984(8,14)
(9,13)990346545(10,13)
(10,13)316445138(10,14)
(11,13)902633383(12,13)
(13,13)219687676(14,13)
(14,13)391330790(14,14)
(15,13)972499020(16,13)
(15,13)773156434(15,14)
(16,13)1024344105(17,13)
(17,13)256287865(18,13)
(19,13)1326533275(20,13)
(20,13)353486780(21,13)
(20,13)583526241(20,14)
(21,13)340342306(22,13)
(21,13)645329175(21,14)
(22,13)25939433(22,14)
(23,13)335567417(24,13)
(24,13)381431146(25,13)
(26,13)949898161(27,13)
(26,13)318259583(26,14)
(27,13)891759449(27,14)
(28,13)384826953(28,14)
(0,14)776157743(0,15)
(1,14)1(1,15)
(2,14)605706405(2,15)
(3,14)861994270(4,14)
(4,14)873298329(5,14)
(4,14)1043934415(4,15)
(5,14)222984042(6,14)
(5,14)96104940(5,15)
(6,14)449591720(7,14)
(8,14)543323316(9,14)
(8,14)475531153(8,15)
(9,14)428976332(9,15)
(10,14)810407478(11,14)
(10,14)216004244(10,15)
(11,14)205130310(12,14)
(12,14)939427047(13,14)
(13,14)819145308(14,14)
(14,14)928448701(15,14)
(15,14)729311232(15,15)
(16,14)1412633590(17,14)
(17,14)529240712(18,14)
(18,14)804478964(19,14)
(18,14)972816405(18,15)
(21,14)92251214(21,15)
(23,14)264979149(24,14)
(23,14)636801444(23,15)
(24,14)1065777776(25,14)
(25,14)1076077720(25,15)
(27,14)857368667(28,14)
(28,14)874428415(29,14)
(1,15)1(1,16)
(3,15)108168488(4,15)
(3,15)688833313(3,16)
(4,15)496307907(4,16)
(5,15)365575080(6,15)
(6,15)839259747(7,15)
(7,15)457826294(7,16)
(9,15)500041934(9,16)
(10,15)774794827(10,16)
(11,15)347203172(12,15)
(12,15)887887571(13,15)
(13,15)4406336(14,15)
(13,15)124741827(13,16)
(16,15)654563711(16,16)
(17,15)233491487(18,15)
(17,15)914490038(17,16)
(19,15)341659976(19,16)
(20,15)949151980(20,16)
(21,15)177152713(21,16)
(22,15)634979008(23,15)
(22,15)532839546(22,16)
(24,15)188556680(25,15)
(25,15)680680913(26,15)
(27,15)901414059(28,15)
(28,15)617919070(28,16)
(29,15)905820395(29,16)
(0,16)4312508(1,16)
(1,16)1(1,17)
(2,16)231035283(3,16)
(2,16)658876219(2,17)
(5,16)1234027683(5,17)
(6,16)927607482(7,16)
(6,16)315112657(6,17)
(7,16)140386913(8,16)
(8,16)170014364(9,16)
(9,16)474510670(10,16)
(10,16)17458339(11,16)
(10,16)75900451(10,17)
(11,16)756581364(12,16)
(11,16)382261204(11,17)
(12,16)112292703(13,16)
(13,16)525765142(14,16)
(14,16)789607715(15,16)
(14,16)730211774(14,17)
(16,16)793920223(16,17)
(17,16)1089199358(17,17)
(18,16)999320332(19,16)
(19,16)197680501(19,17)
(20,16)365281009(20,17)
(21,16)680393666(22,16)
(22,16)541100889(23,16)
(22,16)211832019(22,17)
(24,16)649682238(25,16)
(24,16)711115254(24,17)
(25,16)787015705(26,16)
(26,16)381567275(27,16)
(26,16)667140578(26,17)
(27,16)291491660(28,16)
(28,16)493859978(28,17)
(29,16)817256802(29,17)
(0,17)1224071752(0,18)
(1,17)1(1,18)
(2,17)616623161(2,18)
(3,17)111872236(3,18)
(4,17)1111192568(5,17)
(5,17)119616457(5,18)
(7,17)9383596(8,17)
(7,17)285876648(7,18)
(8,17)826977538(9,17)
(9,17)830164175(9,18)
(11,17)177624849(12,17)
(13,17)290995004(14,17)
(14,17)754317142(15,17)
(14,17)15201737(14,18)
(16,17)1209610499(17,17)
(16,17)577020080(16,18)
(17,17)261946368(17,18)
(18,17)373818604(19,17)
(18,17)1034328140(18,18)
(19,17)813440013(20,17)
(19,17)1115579198(19,18)
(21,17)93251129(21,18)
(22,17)379127777(23,17)
(22,17)639036649(22,18)
(23,17)254709662(24,17)
(25,17)596714459(26,17)
(26,17)682436207(27,17)
(27,17)774339308(27,18)
(28,17)348077579(29,17)
(28,17)203777965(28,18)
(0,18)218979702(0,19)
(1,18)1(1,19)
(3,18)725574395(4,18)
(4,18)333633138(4,19)
(5,18)1147073152(6,18)
(6,18)928865601(7,18)
(7,18)98063144(8,18)
(9,18)921447842(9,19)
(10,18)427513068(11,18)
(10,18)678073726(10,19)
(11,18)1274788185(12,18)
(13,18)251356044(14,18)
(14,18)249721425(15,18)
(15,18)175500215(16,18)
(17,18)884047299(18,18)
(18,18)1064249179(18,19)
(20,18)1153003836(20,19)
(21,18)397471821(21,19)
(22,18)84673593(22,19)
(23,18)535129021(23,19)
(24,18)1109764513(24,19)
(25,18)1327704109(25,19)
(26,18)398010449(27,18)
(27,18)915142776(27,19)
(28,18)816786622(29,18)
(28,18)150752997(28,19)
(0,19)107273510(0,20)
(1,19)1(2,19)
(1,19)781669422(1,20)
(2,19)399129955(3,19)
(2,19)1(2,20)
(3,19)1155187845(4,19)
(4,19)975512804(5,19)
(5,19)713777803(6,19)
(5,19)617325892(5,20)
(7,19)418098870(8,19)
(8,19)601562079(9,19)
(9,19)953227891(9,20)
(10,19)262321107(11,19)
(11,19)690603783(11,20)
(12,19)1088614232(13,19)
(13,19)1148958385(14,19)
(13,19)119340312(13,20)
(14,19)936126934(15,19)
(15,19)402861774(15,20)
(16,19)1184531197(17,19)
(17,19)126291879(18,19)
(19,19)899556638(20,19)
(20,19)226487106(20,20)
(21,19)207520099(22,19)
(22,19)577100418(23,19)
(23,19)625618969(23,20)
(24,19)1178662498(24,20)
(25,19)742505442(26,19)
(25,19)892646653(25,20)
(28,19)66043290(29,19)
(28,19)524381020(28,20)
(29,19)841570097(29,20)
(0,20)1002170224(1,20)
(0,20)1763748250(0,21)
(2,20)1(3,20)
(3,20)983613438(4,20)
(3,20)1(3,21)
(5,20)617213562(6,20)
(5,20)117609514(5,21)
(7,20)129817666(8,20)
(7,20)83064356(7,21)
(8,20)660164774(9,20)
(9,20)923134315(10,20)
(10,20)186799847(11,20)
(11,20)433849067(12,20)
(13,20)380552045(13,21)
(14,20)446595335(15,20)
(15,20)1392193378(16,20)
(15,20)414665976(15,21)
(17,20)158603470(18,20)
(17,20)207615072(17,21)
(18,20)652451230(19,20)
(19,20)1142216908(19,21)
(20,20)348261691(20,21)
(21,20)270559258(22,20)
(21,20)127964107(21,21)
(22,20)211028463(23,20)
(23,20)522145241(24,20)
(23,20)400376924(23,21)
(25,20)562536862(26,20)
(26,20)1113576876(27,20)
(27,20)996385929(27,21)
(28,20)217640984(28,21)
(29,20)796193453(29,21)
(1,21)1238279491(2,21)
(1,21)1210859430(1,22)
(2,21)1(3,21)
(2,21)1(2,22)
(4,21)515567250(4,22)
(5,21)26317795(6,21)
(5,21)278151951(5,22)
(6,21)299123837(6,22)
(7,21)154281903(7,22)
(8,21)365310366(9,21)
(8,21)519252631(8,22)
(9,21)1041397872(10,21)
(11,21)339193781(11,22)
(12,21)1321003336(12,22)
(13,21)396617262(14,21)
(13,21)647942748(13,22)
(16,21)256186498(17,21)
(17,21)678261957(18,21)
(17,21)607293598(17,22)
(20,21)92348951(21,21)
(21,21)155690497(22,21)
(21,21)1520545174(21,22)
(23,21)2096308(24,21)
(23,21)725373592(23,22)
(25,21)1129157400(26,21)
(25,21)1043494180(25,22)
(27,21)847343229(28,21)
(27,21)780714219(27,22)
(28,21)687974971(28,22)
(0,22)1306054042(1,22)
(0,22)210902965(0,23)
(1,22)289287560(1,23)
(2,22)1(3,22)
(2,22)859500779(2,23)
(3,22)1(3,23)
(4,22)92915184(5,22)
(7,22)105172341(8,22)
(7,22)243939442(7,23)
(9,22)929248673(10,22)
(9,22)830545933(9,23)
(10,22)378495896(11,22)
(11,22)793094067(12,22)
(12,22)1207947167(13,22)
(13,22)752179019(14,22)
(14,22)854981605(15,22)
(16,22)137943423(17,22)
(16,22)13552000(16,23)
(17,22)873052779(18,22)
(18,22)683417481(18,23)
(19,22)60068019(20,22)
(19,22)263331867(19,23)
(21,22)930945935(21,23)
(22,22)912116645(22,23)
(24,22)704584502(25,22)
(24,22)946168249(24,23)
(25,22)610104916(26,22)
(25,22)621034036(25,23)
(26,22)446293242(27,22)
(28,22)829523621(29,22)
(3,23)1(4,23)
(3,23)901278883(3,24)
(4,23)1(5,23)
(4,23)262628326(4,24)
(5,23)1(6,23)
(6,23)154766182(7,23)
(6,23)1(6,24)
(7,23)215998690(8,23)
(8,23)281044010(9,23)
(8,23)1066882827(8,24)
(9,23)758668189(10,23)
(9,23)90037259(9,24)
(10,23)794621761(11,23)
(12,23)1825995467(13,23)
(13,23)718134699(14,23)
(13,23)1093032512(13,24)
(15,23)587947481(16,23)
(15,23)310746258(15,24)
(16,23)1459577712(16,24)
(17,23)1010151291(18,23)
(18,23)703763071(19,23)
(20,23)1331511152(20,24)
(22,23)1170191477(23,23)
(22,23)128018409(22,24)
(25,23)530964099(26,23)
(26,23)731817678(26,24)
(27,23)462036190(28,23)
(27,23)220797628(27,24)
(28,23)864299822(28,24)
(29,23)1180170889(29,24)
(0,24)1088902625(1,24)
(0,24)49568403(0,25)
(1,24)637515884(2,24)
(2,24)400996690(2,25)
(3,24)440000073(3,25)
(4,24)574155354(4,25)
(5,24)1(6,24)
(5,24)1(5,25)
(6,24)670694210(7,24)
(6,24)327790649(6,25)
(7,24)84557402(7,25)
(8,24)798712619(8,25)
(10,24)558500718(10,25)
(11,24)1089464818(12,24)
(12,24)838003987(13,24)
(12,24)475122871(12,25)
(13,24)937159061(14,24)
(14,24)476608938(15,24)
(17,24)241904450(17,25)
(18,24)681904523(19,24)
(18,24)556210631(18,25)
(19,24)1130365985(20,24)
(21,24)5974668(22,24)
(22,24)450825132(22,25)
(23,24)1249537751(24,24)
(24,24)490196824(24,25)
(25,24)1048697542(26,24)
(25,24)1095667958(25,25)
(26,24)747883942(27,24)
(29,24)926621687(29,25)
(0,25)1140708092(0,26)
(1,25)745096657(2,25)
(1,25)896467990(1,26)
(2,25)209747793(3,25)
(5,25)1(5,26)
(8,25)282662898(9,25)
(8,25)328247610(8,26)
(10,25)772859722(10,26)
(11,25)525969671(11,26)
(12,25)603363919(12,26)
(13,25)592826544(14,25)
(14,25)965693487(15,25)
(14,25)712257896(14,26)
(16,25)268432573(17,25)
(17,25)450578997(17,26)
(18,25)478180366(18,26)
(19,25)658456917(19,26)
(20,25)755748474(21,25)
(20,25)959002087(20,26)
(21,25)158608089(22,25)
(22,25)633170952(22,26)
(23,25)961418563(24,25)
(24,25)175373756(24,26)
(25,25)948233478(26,25)
(25,25)391720276(25,26)
(26,25)917689948(27,25)
(27,25)227082800(28,25)
(27,25)622307094(27,26)
(28,25)287059423(29,25)
(28,25)44059914(28,26)
(0,26)756317810(0,27)
(1,26)461800150(2,26)
(1,26)191873928(1,27)
(2,26)460306501(3,26)
(3,26)912379147(3,27)
(4,26)202475604(5,26)
(5,26)1(6,26)
(5,26)3340416(5,27)
(6,26)1(7,26)
(7,26)1(7,27)
(8,26)920832422(9,26)
(9,26)206194758(10,26)
(9,26)684274541(9,27)
(11,26)597915034(11,27)
(12,26)990171786(12,27)
(13,26)1217254586(14,26)
(13,26)519263102(13,27)
(14,26)806322526(15,26)
(15,26)168499058(16,26)
(16,26)81554211(17,26)
(17,26)630299208(17,27)
(18,26)541860712(18,27)
(19,26)1104988135(19,27)
(21,26)759148004(22,26)
(22,26)396127507(23,26)
(23,26)1112193637(24,26)
(24,26)616024679(25,26)
(25,26)265682459(26,26)
(27,26)162638467(27,27)
(28,26)681901570(29,26)
(0,27)696606012(0,28)
(1,27)865105071(2,27)
(4,27)890598987(5,27)
(4,27)408031868(4,28)
(6,27)1(7,27)
(6,27)1(6,28)
(8,27)798203705(8,28)
(9,27)1179167442(9,28)
(10,27)821989181(10,28)
(11,27)1087671641(12,27)
(11,27)1081302089(11,28)
(12,27)850121871(13,27)
(13,27)307868134(14,27)
(15,27)683668999(16,27)
(15,27)202804796(15,28)
(17,27)525284363(18,27)
(18,27)896694702(19,27)
(19,27)261624766(20,27)
(21,27)128079341(22,27)
(21,27)2520567(21,28)
(22,27)438448860(22,28)
(23,27)1236652565(24,27)
(24,27)407180440(25,27)
(24,27)763935211(24,28)
(25,27)999566260(25,28)
(26,27)54888914(26,28)
(27,27)526112386(27,28)
(28,27)1776422494(29,27)
(28,27)783506572(28,28)
(0,28)770569559(0,29)
(1,28)48264256(1,29)
(2,28)35685998(3,28)
(2,28)686619003(2,29)
(5,28)1(6,28)
(5,28)1(5,29)
(7,28)153424228(7,29)
(8,28)400768764(8,29)
(9,28)748126064(9,29)
(10,28)28781751(10,29)
(11,28)489503941(11,29)
(12,28)422888643(13,28)
(13,28)747786745(14,28)
(14,28)1206395215(14,29)
(15,28)593246205(15,29)
(16,28)641510461(17,28)
(16,28)1183424254(16,29)
(18,28)677196459(18,29)
(19,28)566475355(20,28)
(19,28)934462976(19,29)
(21,28)717379016(21,29)
(22,28)870803245(23,28)
(23,28)361168198(23,29)
(24,28)135649785(24,29)
(25,28)164431536(26,28)
(26,28)117117120(26,29)
(28,28)1772472563(29,28)
(28,28)154539218(28,29)
(1,29)520861841(1,30)
(2,29)430686898(2,30)
(3,29)153246508(4,29)
(3,29)326651598(3,30)
(4,29)318416618(5,29)
(5,29)1(6,29)
(5,29)1087709484(5,30)
(6,29)1(7,29)
(7,29)903460453(8,29)
(7,29)1(7,30)
(10,29)226439266(11,29)
(11,29)970109190(11,30)
(12,29)701759765(13,29)
(12,29)343556386(12,30)
(14,29)856298983(14,30)
(15,29)69749768(16,29)
(16,29)650729645(16,30)
(17,29)1081416544(18,29)
(17,29)1260165329(17,30)
(18,29)1134235059(18,30)
(19,29)826320173(20,29)
(19,29)1234663052(19,30)
(20,29)174888888(21,29)
(22,29)651718657(22,30)
(23,29)479988613(24,29)
(23,29)576132023(23,30)
(25,29)60467522(25,30)
(26,29)1030576712(27,29)
(27,29)263272680(28,29)
(28,29)1225322922(29,29)
(0,30)481306275(1,30)
(0,30)441151812(0,31)
(1,30)510901580(2,30)
(3,30)65968816(4,30)
(4,30)343756687(4,31)
(6,30)968150086(6,31)
(7,30)640821657(8,30)
(7,30)1(7,31)
(8,30)20810337(9,30)
(9,30)459744379(10,30)
(11,30)520211901(11,31)
(12,30)829947001(12,31)
(13,30)1093219681(14,30)
(13,30)675238817(13,31)
(14,30)1135641442(14,31)
(15,30)879877639(15,31)
(16,30)117536511(17,30)
(16,30)234384366(16,31)
(20,30)585537324(21,30)
(20,30)774194637(20,31)
(22,30)948365544(23,30)
(23,30)235682733(23,31)
(24,30)969175881(24,31)
(25,30)353074578(25,31)
(26,30)873286480(27,30)
(26,30)215383473(26,31)
(27,30)1045330474(28,30)
(28,30)358730933(29,30)
(28,30)276591445(28,31)
(0,31)111809024(1,31)
(1,31)841542494(2,31)
(1,31)870944146(1,32)
(2,31)346193391(2,32)
(3,31)781753681(3,32)
(4,31)345548130(5,31)
(4,31)315538797(4,32)
(5,31)997519133(5,32)
(6,31)1119742767(6,32)
(7,31)714603843(8,31)
(7,31)1(7,32)
(9,31)950286576(9,32)
(10,31)255439342(11,31)
(10,31)597303091(10,32)
(12,31)468838500(13,31)
(12,31)470822815(12,32)
(14,31)745429945(14,32)
(15,31)10179185(16,31)
(16,31)230680294(17,31)
(17,31)851721680(17,32)
(18,31)1219160951(18,32)
(19,31)1265240368(19,32)
(20,31)115275853(21,31)
(21,31)951282611(22,31)
(22,31)200815039(23,31)
(23,31)1047479553(24,31)
(24,31)468689383(25,31)
(25,31)426245341(26,31)
(25,31)289956995(25,32)
(26,31)724128725(26,32)
(27,31)1194951540(28,31)
(27,31)1626130215(27,32)
(28,31)362023556(29,31)
(28,31)354347515(28,32)
(29,31)563621181(29,32)
(0,32)1099777460(0,33)
(2,32)154037623(3,32)
(2,32)810564778(2,33)
(3,32)363191468(4,32)
(5,32)760414675(6,32)
(7,32)1(8,32)
(7,32)133984401(7,33)
(8,32)1(9,32)
(9,32)1(10,32)
(10,32)70101035(11,32)
(10,32)1(10,33)
(11,32)589987031(12,32)
(11,32)484509253(11,33)
(12,32)370018268(13,32)
(12,32)794229760(12,33)
(13,32)68633598(13,33)
(14,32)430657155(15,32)
(15,32)405318833(15,33)
(16,32)328676162(17,32)
(17,32)697869764(18,32)
(18,32)600810919(19,32)
(18,32)482713785(18,33)
(20,32)542009420(21,32)
(21,32)468843387(21,33)
(22,32)602827789(23,32)
(22,32)138233461(22,33)
(24,32)864627692(25,32)
(24,32)937627230(24,33)
(26,32)934728728(26,33)
(28,32)334385945(28,33)
(0,33)43163057(1,33)
(0,33)1058751728(0,34)
(1,33)735411323(2,33)
(2,33)157167489(3,33)
(3,33)628337807(4,33)
(4,33)639881274(4,34)
(5,33)348309986(6,33)
(6,33)83924811(7,33)
(8,33)222158273(8,34)
(9,33)172291733(9,34)
(10,33)1(10,34)
(13,33)855365969(13,34)
(14,33)467871872(15,33)
(15,33)344828213(16,33)
(16,33)804786814(17,33)
(16,33)511034929(16,34)
(17,33)441502973(18,33)
(18,33)454783453(19,33)
(18,33)961954303(18,34)
(19,33)1069840780(19,34)
(20,33)611756172(21,33)
(20,33)430138290(20,34)
(21,33)306490437(22,33)
(22,33)619815290(23,33)
(22,33)695680983(22,34)
(23,33)917839256(24,33)
(25,33)102437550(26,33)
(25,33)425303695(25,34)
(26,33)424777290(26,34)
(27,33)248941796(28,33)
(28,33)121813537(29,33)
(28,33)511800746(28,34)
(0,34)589685409(1,34)
(1,34)142705444(2,34)
(1,34)630876630(1,35)
(3,34)1222944981(3,35)
(4,34)250134099(4,35)
(5,34)464580444(5,35)
(6,34)1076336616(7,34)
(7,34)266873514(8,34)
(8,34)126963235(9,34)
(9,34)542373208(10,34)
(10,34)1(10,35)
(11,34)121713590(12,34)
(12,34)380303462(13,34)
(14,34)892104208(14,35)
(15,34)689981440(16,34)
(16,34)99660103(16,35)
(17,34)832686884(17,35)
(18,34)1265137814(18,35)
(19,34)595120105(19,35)
(20,34)1059700549(21,34)
(22,34)726905888(23,34)
(24,34)853869123(24,35)
(25,34)155460677(25,35)
(26,34)165870397(26,35)
(27,34)994858753(27,35)
(28,34)383019910(29,34)
(28,34)1503441042(28,35)
(0,35)248061603(0,36)
(1,35)938043043(2,35)
(1,35)351043181(1,36)
(2,35)180517551(3,35)
(5,35)813443631(6,35)
(6,35)700372157(7,35)
(7,35)516047229(8,35)
(8,35)612623814(9,35)
(8,35)688925675(8,36)
(9,35)1(10,35)
(9,35)1(9,36)
(11,35)192154452(12,35)
(11,35)457473821(11,36)
(13,35)1104085305(14,35)
(14,35)936568796(14,36)
(15,35)109047099(15,36)
(16,35)460090280(17,35)
(18,35)640607831(18,36)
(19,35)501233932(19,36)
(20,35)141905540(21,35)
(21,35)247101719(22,35)
(21,35)752223180(21,36)
(22,35)637941106(23,35)
(23,35)763148949(23,36)
(24,35)944845773(25,35)
(26,35)143206689(27,35)
(26,35)274631836(26,36)
(27,35)761728663(27,36)
(28,35)1723818091(28,36)
(29,35)874373602(29,36)
(0,36)512903239(0,37)
(1,36)983420701(1,37)
(2,36)1443510981(3,36)
(2,36)686835409(2,37)
(4,36)1271159505(5,36)
(5,36)496268123(5,37)
(6,36)400990076(6,37)
(7,36)648091795(8,36)
(7,36)627637893(7,37)
(9,36)1(10,36)
(10,36)1(11,36)
(10,36)368660272(10,37)
(11,36)1(11,37)
(12,36)1(13,36)
(12,36)1(12,37)
(13,36)1(14,36)
(14,36)1(14,37)
(15,36)782348325(16,36)
(15,36)1127896605(15,37)
(16,36)725029055(16,37)
(17,36)332398315(17,37)
(20,36)1128797604(20,37)
(22,36)393856793(22,37)
(23,36)30395828(23,37)
(24,36)965127762(24,37)
(25,36)590995591(25,37)
(27,36)124538870(27,37)
(29,36)239513503(29,37)
(0,37)1178239734(1,37)
(1,37)738319950(2,37)
(3,37)1070718265(3,38)
(4,37)928356364(5,37)
(4,37)591104760(4,38)
(5,37)427064613(5,38)
(6,37)182747744(7,37)
(7,37)1006995435(7,38)
(8,37)706544198(9,37)
(8,37)576604537(8,38)
(9,37)303429043(10,37)
(11,37)1(12,37)
(11,37)894424634(11,38)
(12,37)266762548(12,38)
(13,37)252753048(14,37)
(14,37)1(15,37)
(15,37)1(15,38)
(17,37)268658646(17,38)
(18,37)1043436779(18,38)
(19,37)613724419(19,38)
(20,37)1040789033(21,37)
(20,37)120249628(20,38)
(21,37)29919949(22,37)
(22,37)281654243(23,37)
(24,37)791748132(25,37)
(24,37)988198441(24,38)
(25,37)512386753(26,37)
(26,37)850511344(27,37)
(27,37)1370363101(27,38)
(28,37)205394670(29,37)
(28,37)738351875(28,38)
(0,38)864928256(1,38)
(0,38)312718946(0,39)
(1,38)420053385(1,39)
(2,38)132246397(3,38)
(3,38)1292741(4,38)
(3,38)111716288(3,39)
(5,38)662741067(6,38)
(5,38)615017161(5,39)
(8,38)219054118(9,38)
(8,38)731859323(8,39)
(9,38)384516989(10,38)
(9,38)923157081(9,39)
(11,38)340603699(11,39)
(13,38)798210239(14,38)
(13,38)942518765(13,39)
(15,38)94702217(16,38)
(15,38)1(15,39)
(17,38)420575972(18,38)
(18,38)49476148(19,38)
(19,38)306496384(20,38)
(19,38)421868713(19,39)
(20,38)1036885874(21,38)
(21,38)924428529(22,38)
(21,38)969237451(21,39)
(22,38)545208420(22,39)
(23,38)378207660(23,39)
(24,38)1125691444(24,39)
(25,38)185460355(26,38)
(26,38)868786307(26,39)
(28,38)700134785(29,38)
(28,38)1045819828(28,39)
(29,38)642689351(29,39)
(0,39)827803100(0,40)
(1,39)922505317(2,39)
(2,39)367253235(3,39)
(3,39)860265177(3,40)
(4,39)909741325(5,39)
(5,39)408367302(5,40)
(6,39)262827025(6,40)
(7,39)1187255555(8,39)
(7,39)773800278(7,40)
(10,39)719344308(11,39)
(10,39)658645400(10,40)
(11,39)634146778(11,40)
(12,39)488851562(13,39)
(13,39)601721775(13,40)
(14,39)1301856560(15,39)
(15,39)1(16,39)
(16,39)1(16,40)
(17,39)568343750(18,39)
(17,39)1137496160(17,40)
(19,39)554842339(19,40)
(20,39)963209641(21,39)
(20,39)760019014(20,40)
(21,39)966384362(21,40)
(22,39)260979170(22,40)
(23,39)103957120(24,39)
(23,39)62617947(23,40)
(25,39)1224002813(25,40)
(26,39)199941822(26,40)
(27,39)628406105(27,40)
(28,39)199517505(28,40)
(0,40)384500792(1,40)
(2,40)150032157(3,40)
(4,40)789469941(5,40)
(5,40)828125134(6,40)
(5,40)362624366(5,41)
(7,40)424851348(8,40)
(8,40)1387210489(9,40)
(9,40)487469295(9,41)
(10,40)512865438(10,41)
(11,40)297165787(12,40)
(11,40)767289463(11,41)
(12,40)477955406(13,40)
(12,40)168008631(12,41)
(14,40)1(15,40)
(14,40)1(14,41)
(15,40)1(16,40)
(16,40)392716916(16,41)
(17,40)65874251(17,41)
(18,40)1005066503(19,40)
(21,40)379787133(21,41)
(22,40)26812982(23,40)
(23,40)567725124(24,40)
(24,40)1414023471(24,41)
(25,40)111011774(25,41)
(26,40)878301237(27,40)
(27,40)97454188(28,40)
(27,40)76571048(27,41)
(28,40)1002142941(29,40)
(0,41)1010359065(1,41)
(1,41)150424066(2,41)
(1,41)787847551(1,42)
(2,41)523173793(3,41)
(3,41)216298318(3,42)
(4,41)408532192(4,42)
(5,41)475168396(5,42)
(6,41)277729982(7,41)
(7,41)339981324(7,42)
(8,41)366794306(9,41)
(12,41)815680063(13,41)
(14,41)491453380(15,41)
(14,41)1(14,42)
(16,41)73562831(17,41)
(17,41)757404779(18,41)
(17,41)61123031(17,42)
(18,41)277421349(19,41)
(18,41)596736624(18,42)
(20,41)120320703(21,41)
(21,41)219720141(22,41)
(22,41)398050685(22,42)
(23,41)137195865(23,42)
(25,41)1305572768(26,41)
(26,41)1028828614(26,42)
(27,41)311038095(28,41)
(27,41)718312158(27,42)
(28,41)207622597(29,41)
(28,41)236118556(28,42)
(0,42)699075977(1,42)
(0,42)260571615(0,43)
(1,42)171270580(2,42)
(1,42)1123900694(1,43)
(2,42)53404775(2,43)
(3,42)810809554(4,42)
(3,42)232393611(3,43)
(4,42)509814961(5,42)
(5,42)651985318(6,42)
(5,42)455961861(5,43)
(6,42)576282564(7,42)
(7,42)80837625(8,42)
(7,42)1617448326(7,43)
(8,42)775409010(9,42)
(9,42)218033490(9,43)
(10,42)300164000(10,43)
(11,42)114085530(11,43)
(12,42)775443146(12,43)
(13,42)1(14,42)
(13,42)1(13,43)
(14,42)384187876(15,42)
(15,42)31214195(16,42)
(15,42)777183007(15,43)
(17,42)202484775(17,43)
(18,42)434878386(19,42)
(19,42)597780080(20,42)
(20,42)255956397(21,42)
(21,42)805810831(22,42)
(21,42)1249765399(21,43)
(22,42)719730077(23,42)
(22,42)832238961(22,43)
(23,42)886648457(23,43)
(24,42)1104681947(25,42)
(25,42)290114427(25,43)
(26,42)404199958(27,42)
(26,42)851296479(26,43)
(29,42)565737219(29,43)
(2,43)750089569(2,44)
(4,43)377943918(5,43)
(5,43)497880290(6,43)
(8,43)319892118(9,43)
(8,43)627464444(8,44)
(9,43)286553008(10,43)
(9,43)867612906(9,44)
(11,43)576667435(11,44)
(12,43)676107685(12,44)
(13,43)155363662(14,43)
(13,43)1(13,44)
(15,43)628957936(16,43)
(15,43)721100881(15,44)
(17,43)268476328(18,43)
(17,43)369538693(17,44)
(18,43)312604224(19,43)
(19,43)7750879(19,44)
(20,43)690548142(20,44)
(24,43)714279115(25,43)
(25,43)256262900(25,44)
(26,43)539090320(26,44)
(27,43)1215198005(28,43)
(27,43)314006950(27,44)
(28,43)882930155(29,43)
(0,44)734491198(1,44)
(0,44)585905456(0,45)
(2,44)252877957(2,45)
(3,44)521354286(4,44)
(4,44)873774099(4,45)
(5,44)529105165(5,45)
(6,44)76125130(7,44)
(6,44)440070805(6,45)
(7,44)305772565(8,44)
(9,44)152438774(9,45)
(10,44)866717889(11,44)
(10,44)1245295665(10,45)
(11,44)96451971(12,44)
(12,44)477273707(13,44)
(13,44)473522567(14,44)
(13,44)1(13,45)
(14,44)143587788(14,45)
(15,44)729493245(16,44)
(17,44)133274585(18,44)
(19,44)375269949(20,44)
(19,44)654628871(19,45)
(21,44)14718348(21,45)
(22,44)1065204986(23,44)
(23,44)678229744(24,44)
(24,44)979408254(24,45)
(25,44)77220272(26,44)
(25,44)66310214(25,45)
(27,44)6638685(28,44)
(27,44)173672243(27,45)
(28,44)187927292(28,45)
(29,44)480161252(29,45)
(0,45)331515081(0,46)
(1,45)1061008326(2,45)
(1,45)176761839(1,46)
(3,45)857881316(3,46)
(4,45)91672744(5,45)
(5,45)398336678(5,46)
(7,45)645855378(8,45)
(8,45)774230460(9,45)
(8,45)694446232(8,46)
(9,45)375012838(9,46)
(10,45)256609073(11,45)
(12,45)1(13,45)
(12,45)1(12,46)
(14,45)441178748(15,45)
(16,45)171215342(16,46)
(17,45)582606827(17,46)
(18,45)1440488143(19,45)
(19,45)805063477(20,45)
(21,45)607147722(22,45)
(21,45)499370603(21,46)
(22,45)208396077(23,45)
(23,45)52726347(24,45)
(25,45)588781605(26,45)
(26,45)716904866(27,45)
(27,45)272156944(27,46)
(28,45)129204526(29,45)
(0,46)570383274(1,46)
(0,46)1056628062(0,47)
(1,46)578226564(2,46)
(1,46)1097865927(1,47)
(2,46)618867251(3,46)
(2,46)741598617(2,47)
(3,46)523247181(4,46)
(4,46)453837887(5,46)
(5,46)762473380(6,46)
(5,46)48603553(5,47)
(7,46)445662848(8,46)
(7,46)1261843983(7,47)
(10,46)305382951(10,47)
(11,46)1(12,46)
(11,46)1(11,47)
(13,46)1166321500(13,47)
(14,46)1244671249(14,47)
(15,46)153815663(16,46)
(16,46)214929235(17,46)
(17,46)460024270(18,46)
(17,46)732042227(17,47)
(19,46)791206390(20,46)
(20,46)199229858(20,47)
(21,46)37744984(22,46)
(22,46)668040106(23,46)
(23,46)1(24,46)
(23,46)1(23,47)
(24,46)1(25,46)
(25,46)1(26,46)
(26,46)1(27,46)
(27,46)1(27,47)
(28,46)209181878(29,46)
(29,46)1641048489(29,47)
(1,47)758111797(1,48)
(2,47)973041032(3,47)
(2,47)1223133557(2,48)
(3,47)1683157827(4,47)
(5,47)450560261(6,47)
(5,47)518945631(5,48)
(8,47)524796489(9,47)
(8,47)407508594(8,48)
(9,47)742256919(10,47)
(9,47)353703525(9,48)
(10,47)1(11,47)
(10,47)1(10,48)
(11,47)811772478(12,47)
(11,47)460308310(11,48)
(12,47)987065089(13,47)
(14,47)63814734(15,47)
(14,47)891948476(14,48)
(16,47)1568522639(16,48)
(17,47)644172548(18,47)
(18,47)1(19,47)
(18,47)1(18,48)
(19,47)1(20,47)
(19,47)179846728(19,48)
(20,47)1(21,47)
(21,47)1(22,47)
(21,47)771874513(21,48)
(22,47)1(23,47)
(22,47)102129346(22,48)
(23,47)509637941(24,47)
(23,47)421485890(23,48)
(24,47)775189415(25,47)
(26,47)1163483073(26,48)
(27,47)1(28,47)
(27,47)333309225(27,48)
(28,47)187942082(29,47)
(28,47)1(28,48)
(29,47)55324166(29,48)
(0,48)251756816(1,48)
(1,48)1133615366(1,49)
(2,48)822534715(3,48)
(3,48)316968356(4,48)
(3,48)387658666(3,49)
(5,48)496815084(5,49)
(6,48)44133149(6,49)
(7,48)595323347(8,48)
(7,48)430200214(7,49)
(8,48)1297736789(8,49)
(10,48)1(10,49)
(12,48)476505465(13,48)
(12,48)807998078(12,49)
(14,48)1(15,48)
(14,48)1(14,49)
(15,48)1(16,48)
(16,48)1(17,48)
(16,48)359319721(16,49)
(17,48)1(18,48)
(19,48)627081582(20,48)
(19,48)349083884(19,49)
(21,48)285407283(21,49)
(24,48)884226480(25,48)
(25,48)851650635(25,49)
(26,48)528741485(26,49)
(27,48)1425525056(27,49)
(28,48)1(28,49)
(0,49)1120748473(1,49)
(1,49)1452708783(2,49)
(3,49)1445287991(4,49)
(5,49)416790921(6,49)
(6,49)960096412(7,49)
(9,49)862563499(10,49)
(10,49)1(11,49)
(11,49)1(12,49)
(12,49)1(13,49)
(13,49)1(14,49)
(14,49)471866273(15,49)
(16,49)785666001(17,49)
(17,49)1187473771(18,49)
(20,49)814428733(21,49)
(21,49)114261864(22,49)
(22,49)681592542(23,49)
(23,49)506158544(24,49)
(24,49)643003349(25,49)
(25,49)297545472(26,49)
(28,49)1(29,49)
