17 200
(0,0)330563459(1,0)
(0,0)1(0,1)
(2,0)332817529(2,1)
(3,0)273684433(3,1)
(4,0)270017208(5,0)
(5,0)588542639(6,0)
(6,0)934084981(6,1)
(7,0)548488826(7,1)
(8,0)47866901(9,0)
(8,0)755262675(8,1)
(10,0)1088163016(10,1)
(11,0)1247523429(12,0)
(11,0)123842659(11,1)
(13,0)465129096(14,0)
(13,0)360230427(13,1)
(14,0)358076979(15,0)
(15,0)872606803(15,1)
(16,0)688640438(16,1)
(0,1)1(1,1)
(0,1)737943849(0,2)
(1,1)488136673(2,1)
(1,1)1(1,2)
(2,1)563318783(3,1)
(4,1)79044195(5,1)
(5,1)13318580(6,1)
(5,1)385289099(5,2)
(7,1)675399923(8,1)
(7,1)768581255(7,2)
(8,1)188601252(9,1)
(9,1)844377553(10,1)
(10,1)863602720(11,1)
(10,1)312443911(10,2)
(11,1)705563098(11,2)
(12,1)1170692194(13,1)
(14,1)862482622(15,1)
(15,1)633759199(16,1)
(15,1)123066916(15,2)
(1,2)1(1,3)
(2,2)1(3,2)
(2,2)1(2,3)
(3,2)1(4,2)
(3,2)59446051(3,3)
(4,2)72764631(5,2)
(4,2)1(4,3)
(5,2)449638209(6,2)
(6,2)841345887(6,3)
(8,2)751885796(9,2)
(9,2)326572930(10,2)
(11,2)480657441(12,2)
(12,2)984832555(13,2)
(12,2)440264757(12,3)
(13,2)376472791(13,3)
(14,2)1010231990(15,2)
(14,2)1107899472(14,3)
(15,2)104940708(16,2)
(15,2)1072732477(15,3)
(0,3)23904484(0,4)
(1,3)1(2,3)
(1,3)597041643(1,4)
(4,3)1(4,4)
(5,3)306865182(6,3)
(5,3)638857296(5,4)
(7,3)470461729(8,3)
(8,3)96408323(9,3)
(8,3)863711839(8,4)
(10,3)261084417(11,3)
(11,3)484163308(12,3)
(11,3)97546557(11,4)
(12,3)637557208(12,4)
(14,3)325542766(14,4)
(15,3)349447250(16,3)
(0,4)923211507(1,4)
(0,4)81991408(0,5)
(2,4)1(3,4)
(2,4)1(2,5)
(3,4)1(4,4)
(5,4)1044740487(6,4)
(6,4)284746340(7,4)
(8,4)65173316(8,5)
(9,4)326257733(10,4)
(9,4)1502888587(9,5)
(11,4)963814941(11,5)
(12,4)464120491(13,4)
(13,4)981150867(14,4)
(15,4)31061665(16,4)
(15,4)195971434(15,5)
(16,4)366808847(16,5)
(0,5)1283022427(0,6)
(1,5)20101181(2,5)
(1,5)651449835(1,6)
(2,5)1(3,5)
(3,5)1(4,5)
(4,5)1(5,5)
(4,5)561443123(4,6)
(5,5)1(6,5)
(5,5)833997963(5,6)
(6,5)690072150(7,5)
(6,5)1(6,6)
(7,5)911362779(7,6)
(8,5)1237620512(9,5)
(8,5)45477089(8,6)
(10,5)51884880(11,5)
(10,5)53951805(10,6)
(11,5)518072296(12,5)
(12,5)150343582(13,5)
(13,5)737115957(14,5)
(13,5)467142553(13,6)
(14,5)498204219(15,5)
(14,5)346315016(14,6)
(1,6)355049503(2,6)
(1,6)836758540(1,7)
(3,6)916492626(3,7)
(4,6)597604955(4,7)
(6,6)1(6,7)
(7,6)1333154194(7,7)
(8,6)1218199530(9,6)
(8,6)443790758(8,7)
(9,6)495675639(10,6)
(9,6)1818133537(9,7)
(10,6)188722186(11,6)
(10,6)387392245(10,7)
(12,6)378826565(13,6)
(12,6)655864739(12,7)
(13,6)884050843(13,7)
(14,6)365904638(15,6)
(15,6)1090642360(16,6)
(15,6)906325869(15,7)
(0,7)1445691864(1,7)
(1,7)913335472(1,8)
(2,7)252105400(3,7)
(2,7)214700842(2,8)
(5,7)356460504(5,8)
(6,7)1(6,8)
(10,7)426004316(11,7)
(11,7)488395404(11,8)
(12,7)1310055160(12,8)
(13,7)1395889868(13,8)
(14,7)339048581(15,7)
(14,7)401306584(14,8)
(16,7)1784740445(16,8)
(0,8)309671237(0,9)
(1,8)561776638(2,8)
(3,8)557417622(4,8)
(3,8)354398364(3,9)
(4,8)38317428(4,9)
(5,8)11476017(6,8)
(6,8)488454227(7,8)
(6,8)1(6,9)
(7,8)744543951(8,8)
(8,8)376722716(8,9)
(9,8)802727032(10,8)
(9,8)278855884(9,9)
(10,8)191994383(11,8)
(14,8)1037594108(14,9)
(15,8)1347265346(16,8)
(16,8)1373003955(16,9)
(0,9)1416147269(0,10)
(1,9)685931763(1,10)
(2,9)115956700(2,10)
(4,9)1(5,9)
(4,9)1(4,10)
(5,9)1(6,9)
(5,9)275432618(5,10)
(6,9)803082133(6,10)
(7,9)290897293(8,9)
(7,9)948620664(7,10)
(8,9)1298832454(8,10)
(9,9)1490826837(10,9)
(9,9)267107857(9,10)
(11,9)931227441(11,10)
(12,9)710676626(13,9)
(13,9)100531396(13,10)
(14,9)127382608(14,10)
(15,9)853206161(15,10)
(16,9)1209355078(16,10)
(0,10)494050423(1,10)
(0,10)1539137924(0,11)
(1,10)635003662(2,10)
(2,10)748801771(3,10)
(3,10)1(4,10)
(3,10)1(3,11)
(4,10)1024234390(4,11)
(6,10)91482347(6,11)
(8,10)538902955(9,10)
(10,10)474929924(11,10)
(11,10)33323375(12,10)
(12,10)821071659(13,10)
(12,10)575461321(12,11)
(13,10)160705983(13,11)
(15,10)1065932097(16,10)
(16,10)50802636(16,11)
(0,11)262957625(0,12)
(1,11)1011759396(2,11)
(2,11)1(3,11)
(2,11)1(2,12)
(5,11)1175327047(6,11)
(6,11)980797215(6,12)
(7,11)1019616717(7,12)
(8,11)602205524(9,11)
(8,11)613582556(8,12)
(9,11)842346919(9,12)
(10,11)875670294(11,11)
(11,11)616662988(12,11)
(13,11)143457161(13,12)
(14,11)477394063(14,12)
(15,11)740351688(16,11)
(15,11)643931127(15,12)
(16,11)762841370(16,12)
(0,12)177622160(0,13)
(1,12)1(2,12)
(1,12)1(1,13)
(2,12)449502042(3,12)
(4,12)967987859(5,12)
(5,12)259172241(5,13)
(7,12)442326453(8,12)
(8,12)473735682(8,13)
(9,12)237917782(9,13)
(10,12)375920678(10,13)
(11,12)238298606(11,13)
(12,12)831427097(13,12)
(13,12)59943543(14,12)
(13,12)245579311(13,13)
(14,12)985931000(15,12)
(15,12)822784913(15,13)
(16,12)590558437(16,13)
(1,13)159544173(2,13)
(1,13)1(1,14)
(3,13)608144635(4,13)
(3,13)115289740(3,14)
(5,13)448265564(5,14)
(6,13)890592017(7,13)
(6,13)1191026918(6,14)
(9,13)278894473(9,14)
(10,13)47079721(11,13)
(11,13)833644853(11,14)
(12,13)893588396(13,13)
(12,13)292659033(12,14)
(14,13)978870717(15,13)
(16,13)826366680(16,14)
(0,14)1585959613(1,14)
(1,14)1(1,15)
(2,14)1074668091(3,14)
(3,14)973874580(4,14)
(3,14)936158799(3,15)
(4,14)188790842(5,14)
(5,14)266042024(6,14)
(5,14)17417851(5,15)
(7,14)990932268(8,14)
(8,14)199286119(8,15)
(9,14)246365841(10,14)
(9,14)157520928(9,15)
(10,14)155536684(11,14)
(11,14)809908346(12,14)
(11,14)539024874(11,15)
(13,14)460297735(14,14)
(13,14)378798008(13,15)
(15,14)1286664415(15,15)
(16,14)1243689414(16,15)
(0,15)512072436(1,15)
(1,15)680372314(2,15)
(1,15)1(1,16)
(3,15)55822321(3,16)
(4,15)321864345(5,15)
(6,15)395629265(7,15)
(7,15)799091265(8,15)
(8,15)7307510(9,15)
(8,15)553150193(8,16)
(9,15)708686877(10,15)
(9,15)715411215(9,16)
(10,15)546332384(10,16)
(11,15)216463643(12,15)
(11,15)190113895(11,16)
(12,15)650411630(13,15)
(14,15)952900287(15,15)
(15,15)658053137(15,16)
(0,16)75668935(1,16)
(1,16)1(2,16)
(1,16)765720311(1,17)
(2,16)1(3,16)
(2,16)131491257(2,17)
(3,16)1(4,16)
(3,16)720618213(3,17)
(4,16)1(5,16)
(5,16)1(6,16)
(5,16)22288123(5,17)
(6,16)1(6,17)
(7,16)50522942(8,16)
(7,16)608735195(7,17)
(9,16)596855326(9,17)
(11,16)10463949(12,16)
(11,16)671260438(11,17)
(12,16)85624161(13,16)
(12,16)421578693(12,17)
(14,16)743677299(14,17)
(15,16)51701908(16,16)
(15,16)691968056(15,17)
(0,17)1131056218(1,17)
(4,17)1428487846(5,17)
(5,17)29679979(5,18)
(6,17)1(7,17)
(7,17)1(7,18)
(8,17)677058247(8,18)
(9,17)567213785(9,18)
(10,17)577677735(11,17)
(12,17)1138951241(13,17)
(12,17)377734082(12,18)
(13,17)356547996(13,18)
(14,17)408249905(15,17)
(15,17)1141124016(16,17)
(15,17)991592601(15,18)
(0,18)706587476(1,18)
(0,18)394105762(0,19)
(1,18)249974525(2,18)
(3,18)128131411(3,19)
(4,18)827667685(5,18)
(4,18)1259641433(4,19)
(6,18)1(7,18)
(6,18)1(6,19)
(8,18)877125516(8,19)
(10,18)1060097893(11,18)
(11,18)115736024(12,18)
(12,18)1416645889(12,19)
(14,18)940295690(15,18)
(14,18)249733336(14,19)
(15,18)643839098(16,18)
(0,19)893813623(1,19)
(0,19)312731529(0,20)
(2,19)791900709(3,19)
(2,19)1021945034(2,20)
(3,19)654850769(3,20)
(5,19)1(6,19)
(5,19)1(5,20)
(6,19)391136997(7,19)
(8,19)389007823(9,19)
(9,19)750978437(10,19)
(9,19)53211381(9,20)
(10,19)168947405(11,19)
(10,19)74061508(10,20)
(11,19)20140679(11,20)
(13,19)908414769(14,19)
(14,19)225774678(15,19)
(15,19)407814287(15,20)
(16,19)1119588302(16,20)
(0,20)622211961(1,20)
(1,20)631121187(2,20)
(3,20)525772161(3,21)
(4,20)1(5,20)
(4,20)1(4,21)
(5,20)705955742(6,20)
(7,20)53547261(8,20)
(7,20)396836287(7,21)
(9,20)127608770(9,21)
(11,20)865508229(12,20)
(12,20)868540222(13,20)
(14,20)859298301(15,20)
(15,20)1115574986(16,20)
(15,20)387109574(15,21)
(0,21)381159262(0,22)
(1,21)77338022(2,21)
(2,21)124984686(2,22)
(3,21)392156768(3,22)
(4,21)1(4,22)
(5,21)1(6,21)
(5,21)1(5,22)
(6,21)1(7,21)
(7,21)1(8,21)
(7,21)21691095(7,22)
(8,21)1(9,21)
(8,21)701015021(8,22)
(9,21)1(10,21)
(10,21)1(11,21)
(11,21)1(12,21)
(12,21)1(13,21)
(12,21)13555535(12,22)
(13,21)1(14,21)
(14,21)1086808991(15,21)
(14,21)1(14,22)
(15,21)206880451(15,22)
(16,21)686021517(16,22)
(0,22)817969796(0,23)
(1,22)405849699(2,22)
(1,22)811006203(1,23)
(3,22)805970038(4,22)
(4,22)1(4,23)
(5,22)612107349(6,22)
(5,22)1(5,23)
(8,22)164466691(8,23)
(9,22)545726549(10,22)
(10,22)676521034(10,23)
(11,22)559282084(11,23)
(13,22)1(14,22)
(13,22)1(13,23)
(15,22)309502520(16,22)
(16,22)852849201(16,23)
(0,23)715352219(1,23)
(0,23)144944416(0,24)
(1,23)560706729(1,24)
(2,23)1366676767(3,23)
(3,23)435769176(4,23)
(4,23)1(5,23)
(5,23)21343368(6,23)
(6,23)411897918(7,23)
(7,23)185810059(7,24)
(8,23)731536608(9,23)
(10,23)777318067(11,23)
(11,23)575470966(12,23)
(11,23)900324469(11,24)
(13,23)318284918(14,23)
(13,23)1(13,24)
(14,23)376506210(15,23)
(14,23)1029663026(14,24)
(15,23)1171134119(15,24)
(16,23)1091858429(16,24)
(1,24)494361240(1,25)
(2,24)930130416(3,24)
(2,24)540881588(2,25)
(3,24)855476559(4,24)
(3,24)323662274(3,25)
(4,24)345005642(5,24)
(4,24)273373404(4,25)
(5,24)685271322(6,24)
(5,24)335710252(5,25)
(6,24)530815701(6,25)
(7,24)1262352309(8,24)
(8,24)1183896561(9,24)
(8,24)773111835(8,25)
(9,24)405687354(9,25)
(10,24)981158320(11,24)
(11,24)331566378(11,25)
(12,24)649851296(13,24)
(13,24)1(13,25)
(15,24)369043002(15,25)
(16,24)380159336(16,25)
(0,25)208892935(1,25)
(0,25)863404242(0,26)
(1,25)921040925(1,26)
(2,25)532555209(2,26)
(6,25)523245214(7,25)
(6,25)596859181(6,26)
(8,25)928932568(8,26)
(10,25)1202471672(11,25)
(11,25)1(12,25)
(11,25)1(11,26)
(12,25)1(13,25)
(14,25)456996826(14,26)
(0,26)412595230(0,27)
(1,26)41629066(2,26)
(2,26)814998285(3,26)
(3,26)6373154(3,27)
(4,26)75891190(4,27)
(5,26)599136404(6,26)
(7,26)424485097(8,26)
(8,26)1290712981(8,27)
(9,26)1(10,26)
(9,26)1(9,27)
(10,26)1(11,26)
(11,26)41915641(12,26)
(12,26)1174209221(13,26)
(12,26)242021229(12,27)
(13,26)498912467(13,27)
(14,26)665763526(14,27)
(15,26)1078358756(16,26)
(15,26)990376391(15,27)
(16,26)638281965(16,27)
(0,27)1119987822(1,27)
(0,27)927813825(0,28)
(2,27)867247039(3,27)
(3,27)239886920(4,27)
(4,27)270356056(5,27)
(4,27)807194801(4,28)
(5,27)380414658(6,27)
(7,27)941617594(8,27)
(9,27)1315851(10,27)
(9,27)1(9,28)
(11,27)243337081(11,28)
(13,27)1108237406(14,27)
(14,27)555523456(15,27)
(14,27)671723990(14,28)
(1,28)654388606(1,29)
(2,28)866085930(2,29)
(3,28)650152373(3,29)
(4,28)127953017(4,29)
(5,28)787383368(5,29)
(6,28)554211022(6,29)
(7,28)423556019(8,28)
(8,28)477096726(8,29)
(9,28)1(9,29)
(10,28)1167116442(11,28)
(11,28)703515650(11,29)
(12,28)644281142(12,29)
(13,28)81265070(13,29)
(15,28)386499313(16,28)
(15,28)727832228(15,29)
(16,28)728185516(16,29)
(0,29)229456885(1,29)
(1,29)129012712(2,29)
(2,29)583229785(3,29)
(2,29)879609258(2,30)
(3,29)256965729(3,30)
(4,29)43081334(5,29)
(5,29)952130468(6,29)
(5,29)316903664(5,30)
(6,29)740459683(7,29)
(8,29)696335324(9,29)
(8,29)948691303(8,30)
(9,29)1(9,30)
(10,29)296696490(11,29)
(11,29)612605239(11,30)
(12,29)377961561(12,30)
(13,29)327425515(13,30)
(14,29)713924828(15,29)
(14,29)392758417(14,30)
(15,29)639466315(15,30)
(0,30)86254113(0,31)
(1,30)669483899(2,30)
(2,30)13474045(2,31)
(3,30)56555380(4,30)
(4,30)844743872(5,30)
(5,30)495563313(6,30)
(6,30)742139192(7,30)
(6,30)126487418(6,31)
(7,30)822822743(8,30)
(9,30)1(9,31)
(10,30)1139310452(11,30)
(11,30)156469006(11,31)
(12,30)67749805(13,30)
(13,30)33177147(14,30)
(14,30)707216120(14,31)
(15,30)793470234(16,30)
(0,31)652066184(0,32)
(1,31)90266149(2,31)
(3,31)52827762(4,31)
(4,31)340933093(5,31)
(5,31)179315180(5,32)
(6,31)1002137923(7,31)
(7,31)1050282776(8,31)
(8,31)1077327993(8,32)
(9,31)69154797(10,31)
(9,31)1(9,32)
(10,31)470609578(11,31)
(11,31)1346755573(12,31)
(12,31)1569067912(13,31)
(12,31)405994491(12,32)
(14,31)699958280(15,31)
(14,31)398143125(14,32)
(15,31)1050209309(16,31)
(16,31)15428765(16,32)
(0,32)1140475458(1,32)
(0,32)768610366(0,33)
(1,32)158028624(2,32)
(2,32)985845238(2,33)
(3,32)1278107792(3,33)
(4,32)992842505(5,32)
(5,32)457793520(6,32)
(5,32)964482393(5,33)
(6,32)189388173(6,33)
(7,32)1311924935(8,32)
(8,32)795264604(8,33)
(9,32)1(9,33)
(10,32)992683428(10,33)
(11,32)414267692(12,32)
(13,32)249165306(14,32)
(13,32)812410817(13,33)
(14,32)929007520(14,33)
(15,32)264594071(15,33)
(16,32)855611937(16,33)
(1,33)911930790(2,33)
(2,33)986270655(2,34)
(3,33)367586387(3,34)
(4,33)825379908(5,33)
(5,33)21017686(5,34)
(6,33)213017773(6,34)
(7,33)500296728(7,34)
(9,33)1(9,34)
(10,33)1076761557(11,33)
(11,33)783815968(12,33)
(11,33)968315683(11,34)
(15,33)970181787(16,33)
(15,33)312437142(15,34)
(16,33)971120589(16,34)
(0,34)6410669(0,35)
(1,34)1027162527(2,34)
(2,34)102215317(2,35)
(3,34)927595225(4,34)
(3,34)864913130(3,35)
(4,34)569945254(5,34)
(6,34)810423435(7,34)
(7,34)688929245(8,34)
(7,34)624403444(7,35)
(9,34)1(10,34)
(10,34)1(11,34)
(11,34)1(11,35)
(12,34)181157341(12,35)
(13,34)1416416538(13,35)
(14,34)239114677(15,34)
(15,34)267752010(15,35)
(0,35)946719478(1,35)
(0,35)77659606(0,36)
(1,35)75958923(1,36)
(2,35)1003554148(3,35)
(3,35)234094214(4,35)
(4,35)377248926(5,35)
(5,35)807106934(6,35)
(6,35)1001652370(6,36)
(7,35)897680823(8,35)
(7,35)132540585(7,36)
(8,35)534735794(9,35)
(9,35)293600829(10,35)
(10,35)678619729(10,36)
(11,35)279328869(12,35)
(11,35)1(11,36)
(13,35)192475151(13,36)
(14,35)112032102(15,35)
(14,35)39141601(14,36)
(15,35)116801207(16,35)
(1,36)110187033(2,36)
(1,36)722900540(1,37)
(2,36)956994754(3,36)
(3,36)106870532(3,37)
(4,36)913977466(5,36)
(4,36)113847304(4,37)
(5,36)596650730(5,37)
(8,36)1108872864(8,37)
(9,36)657755651(10,36)
(9,36)112389926(9,37)
(10,36)1(11,36)
(10,36)1(10,37)
(11,36)177161017(12,36)
(12,36)584193946(12,37)
(13,36)696226048(14,36)
(13,36)216302618(13,37)
(14,36)333103826(15,36)
(16,36)169101749(16,37)
(0,37)1074962858(1,37)
(0,37)330394520(0,38)
(2,37)1129333190(3,37)
(2,37)1181833390(2,38)
(5,37)994845259(5,38)
(6,37)428615457(7,37)
(7,37)929291361(8,37)
(7,37)34221042(7,38)
(8,37)541005383(8,38)
(10,37)1(10,38)
(11,37)847533354(12,37)
(12,37)65660526(13,37)
(13,37)558192647(13,38)
(14,37)1522968472(15,37)
(15,37)3549027(16,37)
(15,37)83248350(15,38)
(16,37)450447682(16,38)
(1,38)599432723(2,38)
(2,38)544691233(2,39)
(3,38)177932996(3,39)
(4,38)1250764823(5,38)
(4,38)427969891(4,39)
(5,38)856585348(6,38)
(5,38)756351368(5,39)
(8,38)1(9,38)
(8,38)1(8,39)
(9,38)1(10,38)
(10,38)844560289(11,38)
(12,38)1402752936(12,39)
(13,38)778237760(14,38)
(16,38)585568102(16,39)
(0,39)713482866(0,40)
(1,39)146607498(2,39)
(1,39)1130259335(1,40)
(2,39)63865006(2,40)
(3,39)574577389(3,40)
(5,39)452132046(5,40)
(6,39)281610958(7,39)
(6,39)681269822(6,40)
(7,39)864101085(8,39)
(8,39)146543293(9,39)
(8,39)1(8,40)
(9,39)1123198181(10,39)
(10,39)34293092(11,39)
(11,39)378467469(11,40)
(12,39)1156705229(13,39)
(13,39)767487313(14,39)
(14,39)949082183(15,39)
(14,39)237907023(14,40)
(16,39)835014193(16,40)
(0,40)1097997387(1,40)
(0,40)335831102(0,41)
(1,40)898879199(1,41)
(2,40)66025380(3,40)
(3,40)956253867(4,40)
(3,40)721364018(3,41)
(4,40)518157426(4,41)
(5,40)799768384(6,40)
(6,40)354141126(7,40)
(8,40)1(9,40)
(8,40)770507951(8,41)
(9,40)1(10,40)
(10,40)1(10,41)
(11,40)130174908(11,41)
(12,40)897662221(13,40)
(12,40)1138678465(12,41)
(14,40)631106774(15,40)
(14,40)103233988(14,41)
(15,40)439065090(16,40)
(2,41)62965510(3,41)
(2,41)237109160(2,42)
(3,41)110869551(3,42)
(4,41)910637936(5,41)
(6,41)1618468887(7,41)
(7,41)677654628(7,42)
(9,41)1(10,41)
(9,41)1(9,42)
(11,41)362809154(12,41)
(13,41)80903176(14,41)
(13,41)466043142(13,42)
(14,41)578723539(14,42)
(15,41)105410284(16,41)
(16,41)420853375(16,42)
(0,42)916718981(0,43)
(1,42)979684491(2,42)
(1,42)657962536(1,43)
(3,42)532690042(3,43)
(4,42)439836719(5,42)
(4,42)310932375(4,43)
(5,42)561190462(5,43)
(6,42)456871837(7,42)
(7,42)452463372(8,42)
(8,42)785141493(8,43)
(9,42)1(10,42)
(10,42)1(11,42)
(11,42)1(11,43)
(12,42)85920588(13,42)
(13,42)147570682(13,43)
(14,42)252980967(15,42)
(15,42)665163260(16,42)
(0,43)1644847752(1,43)
(0,43)582903097(0,44)
(2,43)479725234(3,43)
(2,43)30054146(2,44)
(3,43)469890866(4,43)
(6,43)357847127(6,44)
(7,43)1(8,43)
(7,43)1(7,44)
(8,43)1(9,43)
(9,43)1(10,43)
(9,43)25521378(9,44)
(10,43)1(10,44)
(11,43)781604389(12,43)
(11,43)1(11,44)
(12,43)340941488(13,43)
(13,43)530048668(13,44)
(14,43)265882049(14,44)
(15,43)848785147(16,43)
(16,43)692576033(16,44)
(1,44)185844119(2,44)
(1,44)722630179(1,45)
(3,44)661694850(4,44)
(4,44)577063701(5,44)
(4,44)632419611(4,45)
(5,44)524781549(6,44)
(6,44)712509080(6,45)
(7,44)1(7,45)
(8,44)425145493(9,44)
(10,44)1(11,44)
(11,44)641477660(11,45)
(12,44)636397831(13,44)
(13,44)310756961(14,44)
(14,44)570124831(15,44)
(14,44)582421378(14,45)
(15,44)288540262(16,44)
(16,44)506124541(16,45)
(0,45)474384381(1,45)
(1,45)771000571(2,45)
(2,45)501966040(3,45)
(3,45)130724250(4,45)
(5,45)1(6,45)
(5,45)1(5,46)
(6,45)1(7,45)
(6,45)115471876(6,46)
(7,45)540617369(8,45)
(8,45)710897672(9,45)
(8,45)50300775(8,46)
(9,45)783280787(10,45)
(12,45)209582781(13,45)
(13,45)423710894(13,46)
(14,45)712251156(15,45)
(0,46)1562395873(1,46)
(1,46)250417439(2,46)
(1,46)740296087(1,47)
(2,46)871020337(3,46)
(2,46)818332408(2,47)
(3,46)599050492(4,46)
(4,46)278114736(5,46)
(5,46)1(5,47)
(6,46)89473951(6,47)
(7,46)800371624(8,46)
(8,46)499276735(9,46)
(8,46)910273255(8,47)
(9,46)20864406(10,46)
(9,46)5263309(9,47)
(10,46)398102554(10,47)
(11,46)607685335(12,46)
(11,46)1000278890(11,47)
(12,46)402334558(13,46)
(12,46)270263719(12,47)
(14,46)464512764(15,46)
(14,46)310514767(14,47)
(15,46)58966166(16,46)
(15,46)21666765(15,47)
(0,47)309383605(1,47)
(1,47)697757397(1,48)
(3,47)211940149(4,47)
(4,47)865448383(5,47)
(5,47)1(5,48)
(6,47)581444331(6,48)
(7,47)1080721066(8,47)
(12,47)58896805(13,47)
(13,47)76655536(14,47)
(14,47)80563571(14,48)
(15,47)842526423(16,47)
(0,48)328025965(1,48)
(0,48)653837923(0,49)
(2,48)1527779176(2,49)
(3,48)245743911(4,48)
(4,48)785995125(5,48)
(4,48)283814365(4,49)
(5,48)1(5,49)
(6,48)667771082(6,49)
(7,48)570411445(8,48)
(7,48)345165476(7,49)
(9,48)1178274591(10,48)
(10,48)631100862(11,48)
(10,48)375149265(10,49)
(11,48)434046071(12,48)
(11,48)790417362(11,49)
(12,48)99385792(12,49)
(13,48)514609642(13,49)
(14,48)1357136065(15,48)
(14,48)823153424(14,49)
(15,48)1476991347(16,48)
(0,49)1280153512(1,49)
(1,49)1065457559(1,50)
(2,49)1311201470(3,49)
(2,49)947162288(2,50)
(5,49)1(5,50)
(6,49)823856292(7,49)
(7,49)381995590(8,49)
(8,49)21371952(9,49)
(8,49)149703343(8,50)
(9,49)780804205(10,49)
(9,49)757144855(9,50)
(12,49)506826886(13,49)
(13,49)915452986(14,49)
(13,49)354531989(13,50)
(15,49)453131369(15,50)
(16,49)964193200(16,50)
(0,50)567445800(1,50)
(0,50)1518588928(0,51)
(1,50)682306750(2,50)
(2,50)67392136(2,51)
(3,50)952938562(4,50)
(3,50)673212816(3,51)
(4,50)424544543(5,50)
(5,50)1(6,50)
(5,50)36166816(5,51)
(6,50)1(7,50)
(7,50)1(7,51)
(9,50)219014540(10,50)
(9,50)100803172(9,51)
(10,50)90060643(10,51)
(11,50)596887530(12,50)
(12,50)692784447(13,50)
(13,50)566986007(13,51)
(14,50)1145915816(14,51)
(15,50)517021096(16,50)
(15,50)634946616(15,51)
(16,50)338261990(16,51)
(0,51)398818456(0,52)
(1,51)405654126(1,52)
(3,51)149601557(4,51)
(4,51)1394759504(4,52)
(6,51)354751351(6,52)
(7,51)1(7,52)
(8,51)1059760065(9,51)
(8,51)954544139(8,52)
(10,51)251570170(11,51)
(10,51)837091526(10,52)
(11,51)573439603(11,52)
(12,51)244193019(13,51)
(13,51)589372367(14,51)
(13,51)528308141(13,52)
(15,51)927634357(15,52)
(16,51)97173436(16,52)
(0,52)1026322154(1,52)
(0,52)1333288483(0,53)
(1,52)544397523(2,52)
(2,52)377676670(2,53)
(3,52)155877932(4,52)
(5,52)242816437(6,52)
(6,52)1(7,52)
(6,52)1(6,53)
(9,52)47225111(9,53)
(10,52)210042408(10,53)
(11,52)454235427(12,52)
(11,52)800060268(11,53)
(14,52)463849505(15,52)
(14,52)169583344(14,53)
(0,53)922658702(0,54)
(1,53)894490710(2,53)
(3,53)283566180(3,54)
(4,53)1(5,53)
(4,53)1(4,54)
(5,53)1(6,53)
(6,53)804045125(7,53)
(7,53)192057097(7,54)
(8,53)173561188(9,53)
(8,53)851270236(8,54)
(9,53)280887673(10,53)
(11,53)215570444(12,53)
(11,53)238813252(11,54)
(12,53)1210515247(12,54)
(13,53)385153788(13,54)
(14,53)195012672(14,54)
(15,53)1117671374(16,53)
(15,53)1017052764(15,54)
(0,54)737417445(0,55)
(1,54)613660059(2,54)
(2,54)627841125(3,54)
(2,54)148244617(2,55)
(4,54)1(4,55)
(5,54)878314142(6,54)
(5,54)250886780(5,55)
(9,54)654411225(9,55)
(10,54)869981669(11,54)
(10,54)101801656(10,55)
(13,54)995677426(14,54)
(14,54)509070122(15,54)
(14,54)518243189(14,55)
(15,54)1255660634(16,54)
(15,54)636005096(15,55)
(16,54)373748559(16,55)
(1,55)595632974(2,55)
(1,55)521993177(1,56)
(3,55)1(4,55)
(3,55)1(3,56)
(5,55)911256323(6,55)
(6,55)1130316863(6,56)
(7,55)993305267(8,55)
(8,55)709187933(9,55)
(9,55)749951730(10,55)
(9,55)1095106923(9,56)
(10,55)291492999(11,55)
(10,55)683497253(10,56)
(11,55)184687678(12,55)
(12,55)853280966(13,55)
(13,55)191961870(14,55)
(13,55)702930867(13,56)
(15,55)565710429(15,56)
(0,56)1087703606(0,57)
(1,56)1(2,56)
(1,56)1(1,57)
(2,56)1(3,56)
(4,56)348120238(5,56)
(5,56)1106178577(5,57)
(6,56)146030449(6,57)
(7,56)855218382(8,56)
(7,56)1090635995(7,57)
(8,56)1047107120(8,57)
(11,56)403988583(12,56)
(12,56)278850534(12,57)
(13,56)89958388(14,56)
(15,56)719384125(16,56)
(16,56)1108096146(16,57)
(0,57)856224495(1,57)
(1,57)1(2,57)
(2,57)1(2,58)
(3,57)641208648(4,57)
(3,57)8695025(3,58)
(4,57)1219360959(5,57)
(4,57)617782017(4,58)
(5,57)569782214(6,57)
(5,57)787239098(5,58)
(6,57)162513306(6,58)
(8,57)808005805(9,57)
(8,57)1033689468(8,58)
(9,57)609609135(10,57)
(11,57)895467761(12,57)
(11,57)888459669(11,58)
(12,57)978418057(13,57)
(13,57)527148280(13,58)
(14,57)601321344(14,58)
(15,57)479538532(16,57)
(0,58)650610106(1,58)
(1,58)914414804(2,58)
(1,58)248361663(1,59)
(2,58)889570311(3,58)
(2,58)1(2,59)
(7,58)231906879(8,58)
(7,58)57989062(7,59)
(8,58)667598197(9,58)
(10,58)809388665(11,58)
(11,58)386992275(12,58)
(11,58)669539945(11,59)
(13,58)435585702(14,58)
(15,58)403427139(16,58)
(15,58)390858954(15,59)
(0,59)639220617(0,60)
(1,59)630283741(1,60)
(2,59)1(3,59)
(3,59)1(4,59)
(4,59)1(5,59)
(4,59)255161933(4,60)
(5,59)1(6,59)
(5,59)80951578(5,60)
(6,59)1(7,59)
(6,59)140405347(6,60)
(7,59)1(8,59)
(8,59)1(9,59)
(8,59)226779360(8,60)
(9,59)1(10,59)
(9,59)216577763(9,60)
(10,59)1(11,59)
(11,59)1(12,59)
(11,59)225221322(11,60)
(12,59)1(13,59)
(13,59)1(14,59)
(14,59)1(14,60)
(15,59)883230773(15,60)
(16,59)946003155(16,60)
(0,60)1072193877(1,60)
(2,60)158125128(3,60)
(3,60)65243204(4,60)
(4,60)239076706(4,61)
(5,60)205648551(5,61)
(6,60)1013652096(7,60)
(7,60)778714524(7,61)
(9,60)363884319(9,61)
(10,60)588002615(11,60)
(11,60)553427248(12,60)
(11,60)1278199908(11,61)
(12,60)42968423(13,60)
(14,60)1(14,61)
(15,60)292230063(16,60)
(15,60)386901054(15,61)
(16,60)73206405(16,61)
(0,61)19727114(1,61)
(1,61)46100806(2,61)
(1,61)56033325(1,62)
(2,61)121276530(3,61)
(2,61)2386098(2,62)
(3,61)285177513(3,62)
(4,61)326925081(4,62)
(6,61)705046855(7,61)
(7,61)423323388(7,62)
(8,61)109639638(9,61)
(10,61)1387839546(10,62)
(12,61)910568376(13,61)
(13,61)1(14,61)
(13,61)1(13,62)
(15,61)261102087(15,62)
(16,61)521480695(16,62)
(0,62)317135413(0,63)
(1,62)523866794(1,63)
(3,62)206352456(4,62)
(3,62)765337024(3,63)
(5,62)355201193(6,62)
(6,62)957922111(7,62)
(6,62)381753942(6,63)
(7,62)491393580(8,62)
(8,62)933582509(9,62)
(10,62)255769339(10,63)
(11,62)754957869(11,63)
(12,62)942853551(13,62)
(13,62)1(13,63)
(14,62)1203955639(14,63)
(15,62)247831593(15,63)
(0,63)771698387(0,64)
(2,63)161423110(3,63)
(2,63)577356371(2,64)
(3,63)535786925(4,63)
(3,63)935239667(3,64)
(5,63)794041230(6,63)
(5,63)917540868(5,64)
(6,63)567089580(6,64)
(7,63)780326019(7,64)
(8,63)348400734(9,63)
(8,63)1140683927(8,64)
(9,63)155757726(10,63)
(10,63)775295496(11,63)
(10,63)1103358604(10,64)
(12,63)1091618994(12,64)
(13,63)1(14,63)
(14,63)1(15,63)
(15,63)1(16,63)
(16,63)1(16,64)
(0,64)986805479(0,65)
(1,64)1148228589(2,64)
(1,64)865667269(1,65)
(2,64)199077271(2,65)
(3,64)984347708(3,65)
(4,64)171511414(4,65)
(6,64)411231309(6,65)
(7,64)759632044(8,64)
(7,64)573646142(7,65)
(8,64)729403868(9,64)
(10,64)109758912(10,65)
(11,64)1363948501(12,64)
(11,64)738184776(11,65)
(12,64)716919654(12,65)
(13,64)718486036(13,65)
(14,64)844721959(15,64)
(14,64)68339906(14,65)
(16,64)1(16,65)
(0,65)55890327(1,65)
(0,65)199705723(0,66)
(1,65)307636834(1,66)
(2,65)1040238036(2,66)
(3,65)671143326(4,65)
(5,65)968591536(6,65)
(5,65)1082374636(5,66)
(7,65)361199909(8,65)
(9,65)470958821(9,66)
(10,65)224612380(10,66)
(12,65)934396398(13,65)
(12,65)405909711(12,66)
(14,65)384702753(15,65)
(14,65)268434852(14,66)
(15,65)468140575(16,65)
(16,65)1(16,66)
(2,66)4490795(3,66)
(3,66)752638075(4,66)
(3,66)875294769(3,67)
(5,66)781388463(6,66)
(5,66)384434116(5,67)
(6,66)745634026(7,66)
(7,66)1170175731(8,66)
(7,66)191418495(7,67)
(9,66)904016522(10,66)
(10,66)656005571(11,66)
(10,66)1104352876(10,67)
(12,66)413074256(13,66)
(13,66)370265691(14,66)
(13,66)159700478(13,67)
(14,66)627841053(15,66)
(16,66)1(16,67)
(0,67)460625648(1,67)
(0,67)144206240(0,68)
(1,67)148697035(2,67)
(1,67)96662426(1,68)
(2,67)849300501(3,67)
(3,67)1032323074(4,67)
(4,67)1233734618(4,68)
(5,67)568587553(5,68)
(6,67)60885776(6,68)
(7,67)1048477843(7,68)
(8,67)986067747(8,68)
(9,67)380922687(9,68)
(10,67)272188313(11,67)
(10,67)1114936952(10,68)
(12,67)431888791(12,68)
(13,67)1152793050(13,68)
(14,67)296919312(15,67)
(14,67)661277073(14,68)
(16,67)1(16,68)
(1,68)407867021(2,68)
(2,68)978304805(3,68)
(2,68)42259167(2,69)
(6,68)374480830(6,69)
(7,68)179491548(8,68)
(9,68)1294428500(9,69)
(10,68)674956061(11,68)
(10,68)1098982023(10,69)
(11,68)949400324(12,68)
(11,68)334181827(11,69)
(14,68)268677062(15,68)
(15,68)1(16,68)
(15,68)1(15,69)
(0,69)822249305(1,69)
(0,69)680711467(0,70)
(2,69)1176843028(3,69)
(2,69)316367296(2,70)
(3,69)1058424983(3,70)
(4,69)49113330(5,69)
(5,69)398637290(6,69)
(5,69)16851114(5,70)
(6,69)196342662(7,69)
(6,69)25869424(6,70)
(7,69)28742013(7,70)
(8,69)1490771163(8,70)
(9,69)1(10,69)
(9,69)1(9,70)
(10,69)1(10,70)
(12,69)1008791286(12,70)
(13,69)367460666(13,70)
(14,69)1(15,69)
(14,69)1(14,70)
(15,69)1091135020(16,69)
(15,69)352842112(15,70)
(0,70)602667644(1,70)
(1,70)647318071(2,70)
(4,70)47926966(5,70)
(6,70)76668980(6,71)
(7,70)1(8,70)
(7,70)1(7,71)
(8,70)1(9,70)
(9,70)272920907(9,71)
(10,70)1(10,71)
(11,70)1(12,70)
(11,70)1(11,71)
(12,70)1(12,71)
(13,70)1(14,70)
(13,70)1(13,71)
(15,70)390478033(15,71)
(16,70)468500127(16,71)
(0,71)163453937(0,72)
(1,71)1726283773(2,71)
(2,71)1486302563(2,72)
(3,71)1158481075(3,72)
(4,71)787021040(5,71)
(5,71)366713722(6,71)
(7,71)896403223(8,71)
(7,71)1(7,72)
(10,71)1(11,71)
(12,71)1(13,71)
(13,71)884754470(14,71)
(13,71)155858982(13,72)
(15,71)1168433477(16,71)
(16,71)1035083036(16,72)
(0,72)747233603(1,72)
(1,72)880195121(2,72)
(1,72)373901951(1,73)
(3,72)545252070(4,72)
(3,72)13618272(3,73)
(4,72)380331994(5,72)
(5,72)304100590(5,73)
(6,72)429049854(6,73)
(7,72)1(7,73)
(8,72)115310640(9,72)
(8,72)785487131(8,73)
(9,72)882228007(10,72)
(11,72)410444229(12,72)
(12,72)638420817(13,72)
(13,72)861166575(14,72)
(14,72)436373599(15,72)
(16,72)1183607202(16,73)
(0,73)122667915(0,74)
(1,73)941838232(1,74)
(2,73)1487090303(3,73)
(3,73)306217212(4,73)
(3,73)1254862091(3,74)
(5,73)735267066(5,74)
(6,73)1(7,73)
(6,73)1(6,74)
(7,73)652059350(8,73)
(8,73)364442548(9,73)
(9,73)448002073(9,74)
(10,73)858446302(11,73)
(10,73)118108895(10,74)
(11,73)756529713(12,73)
(11,73)91633963(11,74)
(12,73)126386424(12,74)
(13,73)562760023(14,73)
(13,73)600721480(13,74)
(15,73)824234418(16,73)
(0,74)707550167(1,74)
(0,74)540721809(0,75)
(2,74)1924646329(3,74)
(4,74)1(5,74)
(4,74)1(4,75)
(5,74)1(6,74)
(5,74)301720997(5,75)
(7,74)214903857(8,74)
(8,74)450387483(9,74)
(9,74)112745075(10,74)
(9,74)333012752(9,75)
(11,74)239131499(11,75)
(12,74)801891522(13,74)
(13,74)48904840(13,75)
(14,74)873139259(15,74)
(14,74)400775099(14,75)
(15,74)941496908(16,74)
(15,74)868117502(15,75)
(0,75)339062971(0,76)
(1,75)116225652(2,75)
(2,75)345861082(2,76)
(3,75)1(4,75)
(3,75)1(3,76)
(5,75)268608019(6,75)
(5,75)564569158(5,76)
(6,75)779473015(7,75)
(8,75)1112485768(8,76)
(9,75)54544585(10,75)
(9,75)153529533(9,76)
(11,75)676674888(12,75)
(13,75)422911970(14,75)
(16,75)693288620(16,76)
(0,76)96304612(1,76)
(1,76)264842459(2,76)
(1,76)1039149703(1,77)
(2,76)724960012(2,77)
(3,76)1(4,76)
(4,76)1(4,77)
(5,76)949816079(6,76)
(6,76)931826657(7,76)
(8,76)1085356190(8,77)
(9,76)586224060(10,76)
(11,76)487069802(12,76)
(11,76)135996771(11,77)
(12,76)558908741(13,76)
(12,76)635745050(12,77)
(13,76)507208298(14,76)
(13,76)128085791(13,77)
(14,76)108164750(15,76)
(14,76)415026489(14,77)
(16,76)204469362(16,77)
(0,77)92162973(0,78)
(1,77)929429375(1,78)
(2,77)941143694(3,77)
(4,77)818096021(5,77)
(4,77)1(4,78)
(5,77)730737956(5,78)
(6,77)732914220(6,78)
(7,77)702277004(8,77)
(8,77)569901876(9,77)
(8,77)766678589(8,78)
(9,77)324973653(10,77)
(9,77)268964672(9,78)
(10,77)756034475(11,77)
(10,77)705898647(10,78)
(12,77)884120266(12,78)
(14,77)520940272(14,78)
(15,77)613103245(16,77)
(16,77)983233588(16,78)
(0,78)311040124(1,78)
(1,78)919843800(2,78)
(1,78)347024804(1,79)
(2,78)179320066(2,79)
(3,78)1(4,78)
(3,78)1(3,79)
(4,78)289832126(4,79)
(5,78)27406892(6,78)
(6,78)285123663(7,78)
(7,78)485723733(8,78)
(7,78)794085482(7,79)
(8,78)554088336(8,79)
(9,78)1191622381(9,79)
(10,78)308946122(11,78)
(11,78)46759429(11,79)
(12,78)1039044445(13,78)
(14,78)386781061(15,78)
(14,78)88315176(14,79)
(15,78)67015282(16,78)
(0,79)223183601(0,80)
(1,79)877141251(1,80)
(3,79)1(3,80)
(4,79)99516790(5,79)
(6,79)206887484(7,79)
(6,79)893602272(6,80)
(7,79)149132349(7,80)
(10,79)1197693141(11,79)
(11,79)397575386(12,79)
(12,79)441677548(13,79)
(13,79)485890563(13,80)
(14,79)552905845(15,79)
(14,79)317836345(14,80)
(15,79)541019946(16,79)
(0,80)323297717(1,80)
(0,80)785630808(0,81)
(1,80)512704498(2,80)
(2,80)395407614(2,81)
(3,80)1(4,80)
(4,80)1(4,81)
(5,80)1146355906(6,80)
(7,80)1026056370(8,80)
(7,80)397382123(7,81)
(8,80)1051176385(8,81)
(9,80)101385878(10,80)
(9,80)384587311(9,81)
(10,80)782162697(11,80)
(11,80)1072756836(11,81)
(12,80)283425207(13,80)
(13,80)118137047(13,81)
(14,80)659156993(15,80)
(14,80)191914763(14,81)
(15,80)977545571(16,80)
(0,81)478719517(0,82)
(1,81)1377862324(1,82)
(3,81)1(4,81)
(3,81)1(3,82)
(5,81)220050545(6,81)
(5,81)297344989(5,82)
(9,81)342667719(10,81)
(10,81)297885996(10,82)
(11,81)581311203(12,81)
(14,81)349953176(14,82)
(15,81)828672693(16,81)
(15,81)761290414(15,82)
(0,82)378213234(1,82)
(1,82)258929230(1,83)
(2,82)1(3,82)
(2,82)1(2,83)
(3,82)355103419(4,82)
(3,82)830801929(3,83)
(4,82)1050852474(5,82)
(5,82)462735709(6,82)
(5,82)240366765(5,83)
(6,82)82984573(7,82)
(6,82)174595756(6,83)
(7,82)23240731(7,83)
(8,82)365908451(9,82)
(9,82)433250847(10,82)
(10,82)278922116(11,82)
(11,82)1113342221(12,82)
(12,82)1052148083(12,83)
(13,82)655435974(14,82)
(14,82)144484442(15,82)
(14,82)93055676(14,83)
(15,82)84724766(16,82)
(16,82)522697676(16,83)
(0,83)1949180586(1,83)
(1,83)849892526(2,83)
(2,83)1(2,84)
(4,83)451962586(5,83)
(6,83)475203318(6,84)
(7,83)841111769(8,83)
(8,83)955282926(8,84)
(9,83)1234205043(10,83)
(9,83)670257552(9,84)
(11,83)670545833(12,83)
(11,83)138869478(11,84)
(12,83)794305452(13,83)
(13,83)763601509(13,84)
(14,83)395795739(14,84)
(15,83)256215256(16,83)
(16,83)650023213(16,84)
(0,84)1009029865(0,85)
(1,84)606569510(2,84)
(2,84)1(3,84)
(3,84)1(3,85)
(4,84)365366903(5,84)
(4,84)528853222(4,85)
(6,84)716128685(7,84)
(7,84)594324514(7,85)
(9,84)1022502362(10,84)
(9,84)547631357(9,85)
(10,84)1218177190(11,84)
(11,84)614220840(12,84)
(13,84)682621327(14,84)
(14,84)1266231835(15,84)
(14,84)837436192(14,85)
(16,84)224855970(16,85)
(0,85)305551920(1,85)
(0,85)467682973(0,86)
(2,85)1(3,85)
(2,85)1(2,86)
(3,85)1115394744(4,85)
(4,85)595021143(4,86)
(5,85)1311149828(6,85)
(5,85)685878165(5,86)
(7,85)550052417(7,86)
(8,85)442360309(8,86)
(10,85)15990561(11,85)
(11,85)617827567(12,85)
(12,85)29970230(13,85)
(12,85)1026007141(12,86)
(13,85)144755328(14,85)
(14,85)1154246169(15,85)
(15,85)369611298(15,86)
(0,86)968886842(1,86)
(1,86)262322507(2,86)
(1,86)62342281(1,87)
(2,86)1(2,87)
(3,86)857343651(3,87)
(4,86)21009831(5,86)
(6,86)571062249(6,87)
(7,86)53220804(7,87)
(8,86)974729198(8,87)
(9,86)990719759(10,86)
(10,86)13462315(11,86)
(10,86)1061107208(10,87)
(12,86)13998581(13,86)
(13,86)306208561(13,87)
(14,86)383609879(14,87)
(16,86)957909500(16,87)
(0,87)188250667(1,87)
(2,87)1(2,88)
(3,87)1(4,87)
(3,87)1(3,88)
(4,87)1(5,87)
(5,87)1(6,87)
(6,87)1(6,88)
(8,87)1(9,87)
(8,87)1(8,88)
(9,87)1(10,87)
(9,87)1035477051(9,88)
(10,87)1(10,88)
(11,87)507356204(12,87)
(11,87)364139269(11,88)
(12,87)839627865(13,87)
(12,87)285279403(12,88)
(13,87)274302060(14,87)
(14,87)816894243(15,87)
(14,87)627430902(14,88)
(15,87)477576221(16,87)
(0,88)678966576(0,89)
(1,88)68534664(2,88)
(2,88)1(3,88)
(2,88)101988804(2,89)
(3,88)456863186(4,88)
(4,88)107873309(5,88)
(4,88)460042480(4,89)
(5,88)864958372(5,89)
(6,88)1(7,88)
(7,88)1(8,88)
(7,88)975793138(7,89)
(9,88)858739913(9,89)
(10,88)1(10,89)
(12,88)265973923(13,88)
(12,88)109578553(12,89)
(14,88)32496943(15,88)
(15,88)29668412(16,88)
(0,89)98203076(1,89)
(1,89)657249367(2,89)
(2,89)1547410972(2,90)
(3,89)1117291847(3,90)
(4,89)814282222(4,90)
(5,89)1653610438(6,89)
(8,89)473190757(8,90)
(10,89)1073485350(11,89)
(10,89)1(10,90)
(12,89)727854575(13,89)
(12,89)628406072(12,90)
(13,89)660903015(14,89)
(13,89)695672139(13,90)
(14,89)511988633(14,90)
(15,89)199378271(16,89)
(15,89)51374875(15,90)
(0,90)856627639(1,90)
(1,90)223470951(1,91)
(3,90)890086297(4,90)
(3,90)307441612(3,91)
(5,90)742274628(6,90)
(5,90)782046245(5,91)
(6,90)545212526(7,90)
(7,90)134341327(8,90)
(8,90)907268612(9,90)
(8,90)543724409(8,91)
(10,90)1(11,90)
(11,90)1(11,91)
(12,90)1106496500(12,91)
(14,90)388224(15,90)
(15,90)354245615(16,90)
(15,90)507897030(15,91)
(0,91)731367981(0,92)
(1,91)462639565(2,91)
(2,91)154846616(2,92)
(4,91)185254331(5,91)
(4,91)208100596(4,92)
(5,91)753313122(6,91)
(7,91)160504680(8,91)
(8,91)766763644(9,91)
(8,91)363110862(8,92)
(9,91)1(10,91)
(9,91)1(9,92)
(10,91)1(11,91)
(10,91)864895828(10,92)
(13,91)286857456(13,92)
(14,91)641103071(15,91)
(15,91)656566492(16,91)
(15,91)816590430(15,92)
(16,91)488508075(16,92)
(0,92)1119206057(1,92)
(1,92)643354692(1,93)
(2,92)611769710(3,92)
(2,92)562185760(2,93)
(3,92)747440091(4,92)
(5,92)924458343(6,92)
(5,92)676159(5,93)
(6,92)161180840(7,92)
(9,92)1(9,93)
(11,92)1147698646(11,93)
(12,92)1107273214(13,92)
(12,92)284544746(12,93)
(13,92)925647817(14,92)
(16,92)765241398(16,93)
(0,93)55034963(1,93)
(1,93)521796647(2,93)
(3,93)929258594(4,93)
(3,93)148998186(3,94)
(4,93)1073456530(5,93)
(5,93)89240601(6,93)
(6,93)213542088(6,94)
(7,93)1(8,93)
(7,93)1(7,94)
(8,93)1(9,93)
(10,93)986285715(11,93)
(11,93)268093380(12,93)
(11,93)278655058(11,94)
(13,93)44473377(13,94)
(14,93)470975119(14,94)
(15,93)381002056(16,93)
(15,93)387031303(15,94)
(0,94)902798703(1,94)
(1,94)417678862(1,95)
(2,94)1051796889(2,95)
(4,94)1165776488(4,95)
(5,94)1(6,94)
(5,94)1(5,95)
(6,94)1(7,94)
(6,94)631235290(6,95)
(7,94)791840458(8,94)
(8,94)631492934(9,94)
(8,94)93406458(8,95)
(10,94)220754005(11,94)
(10,94)910147992(10,95)
(12,94)265227382(12,95)
(13,94)437942339(13,95)
(14,94)818944395(15,94)
(14,94)1064267945(14,95)
(15,94)631242759(16,94)
(15,94)814569708(15,95)
(0,95)125601175(1,95)
(1,95)431702379(2,95)
(1,95)626056339(1,96)
(2,95)603826111(3,95)
(4,95)1(5,95)
(4,95)1(4,96)
(6,95)482753878(7,95)
(6,95)728337442(6,96)
(8,95)139627683(9,95)
(8,95)435414503(8,96)
(9,95)656168508(10,95)
(9,95)122494721(9,96)
(10,95)89461940(11,95)
(11,95)921395891(11,96)
(12,95)360035131(13,95)
(12,95)527404279(12,96)
(14,95)1174604839(14,96)
(15,95)259369762(16,95)
(15,95)920608124(15,96)
(0,96)691072141(1,96)
(1,96)3006927(2,96)
(2,96)1(3,96)
(2,96)1(2,97)
(3,96)1(4,96)
(5,96)327304072(6,96)
(5,96)960359621(5,97)
(6,96)172706350(7,96)
(7,96)762718575(7,97)
(8,96)295201071(8,97)
(9,96)384663011(10,96)
(9,96)159311562(9,97)
(10,96)192799326(10,97)
(11,96)552834457(12,96)
(11,96)912067291(11,97)
(12,96)110932317(13,96)
(12,96)673234336(12,97)
(14,96)1031540442(14,97)
(15,96)430721258(16,96)
(16,96)530397552(16,97)
(0,97)433728185(1,97)
(0,97)438503098(0,98)
(1,97)1(2,97)
(1,97)1(1,98)
(3,97)436690067(3,98)
(4,97)763994139(5,97)
(6,97)932877282(7,97)
(7,97)184270486(7,98)
(9,97)990915476(9,98)
(13,97)963030993(14,97)
(13,97)475989900(13,98)
(14,97)906711158(15,97)
(14,97)940195417(14,98)
(0,98)17409809(0,99)
(1,98)1(1,99)
(2,98)260044807(2,99)
(3,98)1(4,98)
(3,98)1(3,99)
(4,98)1(5,98)
(5,98)1(6,98)
(5,98)403268012(5,99)
(6,98)1(6,99)
(8,98)44815990(8,99)
(9,98)613050505(9,99)
(10,98)57499963(11,98)
(11,98)1046688425(12,98)
(11,98)564787858(11,99)
(12,98)533489863(12,99)
(14,98)873763749(14,99)
(15,98)891173558(16,98)
(15,98)633156716(15,99)
(1,99)1(2,99)
(2,99)1(3,99)
(2,99)301846777(2,100)
(3,99)828176158(4,99)
(4,99)581321569(4,100)
(6,99)670825742(7,99)
(6,99)1(6,100)
(7,99)523925975(8,99)
(10,99)1021651862(11,99)
(12,99)1167583446(13,99)
(12,99)861052056(12,100)
(14,99)831180717(15,99)
(15,99)711242007(16,99)
(15,99)973120569(15,100)
(16,99)495767529(16,100)
(0,100)127135179(0,101)
(1,100)305188735(2,100)
(1,100)797614306(1,101)
(2,100)470045970(2,101)
(3,100)886510304(3,101)
(4,100)521732387(5,100)
(5,100)499865236(5,101)
(6,100)1(6,101)
(7,100)824301183(7,101)
(8,100)18193745(9,100)
(8,100)998754647(8,101)
(10,100)222526073(11,100)
(11,100)733974918(11,101)
(12,100)665642036(13,100)
(12,100)162533232(12,101)
(13,100)993713950(14,100)
(13,100)566416130(13,101)
(16,100)173294152(16,101)
(0,101)139612137(0,102)
(1,101)643340123(1,102)
(2,101)568238336(3,101)
(3,101)635001797(3,102)
(4,101)175426733(5,101)
(6,101)1(7,101)
(6,101)999727917(6,102)
(7,101)1(8,101)
(7,101)943165783(7,102)
(8,101)1(9,101)
(9,101)87831922(10,101)
(9,101)1(9,102)
(11,101)68221951(12,101)
(11,101)250365155(11,102)
(12,101)95589932(12,102)
(14,101)586076936(14,102)
(15,101)725689073(16,101)
(0,102)343608028(1,102)
(0,102)42398697(0,103)
(1,102)610637034(2,102)
(2,102)978609825(2,103)
(4,102)629609034(4,103)
(5,102)6280827(5,103)
(6,102)418833877(6,103)
(7,102)1234922521(8,102)
(9,102)1(9,103)
(10,102)705724387(11,102)
(12,102)638228478(13,102)
(12,102)265225295(12,103)
(14,102)37287053(14,103)
(15,102)79685750(16,102)
(15,102)692141905(15,103)
(16,102)294104640(16,103)
(0,103)690322784(1,103)
(0,103)603772999(0,104)
(2,103)279267376(3,103)
(2,103)221579743(2,104)
(3,103)329375042(3,104)
(4,103)285548203(4,104)
(5,103)116081714(5,104)
(7,103)311198969(8,103)
(7,103)949967368(7,104)
(8,103)119357845(9,103)
(9,103)1(10,103)
(10,103)1(11,103)
(11,103)1(12,103)
(12,103)1(13,103)
(13,103)1(13,104)
(14,103)139539535(15,103)
(15,103)108957158(15,104)
(16,103)829862320(16,104)
(0,104)1381671624(0,105)
(1,104)1051442063(1,105)
(4,104)864771614(4,105)
(5,104)68292201(6,104)
(5,104)120121594(5,105)
(6,104)431320564(7,104)
(7,104)30595814(8,104)
(8,104)456062635(9,104)
(8,104)284654679(8,105)
(9,104)924203046(10,104)
(10,104)1268035341(10,105)
(11,104)788558951(11,105)
(12,104)603411469(13,104)
(13,104)1(13,105)
(14,104)712368628(14,105)
(15,104)466756440(15,105)
(1,105)119404755(2,105)
(1,105)409943308(1,106)
(3,105)367769760(4,105)
(3,105)984176369(3,106)
(5,105)62078083(6,105)
(5,105)279007730(5,106)
(6,105)309603544(7,105)
(7,105)346732762(7,106)
(9,105)538398125(9,106)
(11,105)1(12,105)
(11,105)1(11,106)
(12,105)1(13,105)
(12,105)236982557(12,106)
(14,105)910527206(14,106)
(15,105)281242062(16,105)
(15,105)940704506(15,106)
(16,105)634359769(16,106)
(0,106)400646817(1,106)
(1,106)861283739(2,106)
(2,106)261145041(3,106)
(3,106)289808110(4,106)
(3,106)492041258(3,107)
(4,106)554119341(5,106)
(4,106)540152771(4,107)
(6,106)521954689(7,106)
(6,106)900852104(6,107)
(7,106)24304264(8,106)
(7,106)574293928(7,107)
(9,106)974415679(10,106)
(10,106)1(11,106)
(10,106)1(10,107)
(13,106)706393333(14,106)
(14,106)31265373(15,106)
(16,106)431912190(16,107)
(0,107)32513553(1,107)
(0,107)1234128383(0,108)
(2,107)524554812(2,108)
(4,107)737698864(5,107)
(7,107)1048325134(8,107)
(7,107)645475601(7,108)
(9,107)244400208(10,107)
(10,107)431030225(11,107)
(10,107)1(10,108)
(12,107)1(13,107)
(12,107)1(12,108)
(13,107)1(14,107)
(14,107)1(15,107)
(15,107)910236899(16,107)
(15,107)1(15,108)
(0,108)258026676(1,108)
(0,108)313482829(0,109)
(1,108)272542668(2,108)
(2,108)486204990(3,108)
(2,108)145969224(2,109)
(4,108)318247599(4,109)
(5,108)174594473(6,108)
(5,108)48177234(5,109)
(6,108)1096502368(7,108)
(8,108)1(9,108)
(8,108)1(8,109)
(9,108)1(10,108)
(11,108)1(12,108)
(11,108)1(11,109)
(13,108)1(14,108)
(13,108)1(13,109)
(14,108)1(15,108)
(15,108)175185791(16,108)
(16,108)1315313812(16,109)
(0,109)447728459(1,109)
(0,109)548858952(0,110)
(2,109)197467477(3,109)
(3,109)851756426(4,109)
(4,109)245644711(4,110)
(5,109)1342147079(6,109)
(5,109)418065581(5,110)
(6,109)1604266016(7,109)
(8,109)1(9,109)
(8,109)1326788673(8,110)
(9,109)1(10,109)
(10,109)1(11,109)
(10,109)1859435939(10,110)
(11,109)1076907801(12,109)
(12,109)165430642(12,110)
(13,109)1(13,110)
(14,109)1113796554(15,109)
(15,109)390547942(15,110)
(0,110)562036469(1,110)
(2,110)49237018(3,110)
(3,110)147459520(3,111)
(4,110)467302599(4,111)
(5,110)643449468(5,111)
(6,110)202785492(7,110)
(6,110)1224822871(6,111)
(9,110)1643574500(9,111)
(10,110)572998653(11,110)
(13,110)477922323(14,110)
(13,110)1(13,111)
(14,110)374107855(15,110)
(16,110)936144324(16,111)
(0,111)1153463084(1,111)
(1,111)1286164947(2,111)
(1,111)704008687(1,112)
(3,111)643045556(4,111)
(4,111)495744885(4,112)
(5,111)698530377(6,111)
(6,111)780942506(6,112)
(7,111)448754553(7,112)
(8,111)217359134(9,111)
(9,111)382079838(9,112)
(10,111)103617943(11,111)
(10,111)151394358(10,112)
(11,111)1085222263(11,112)
(12,111)950753272(12,112)
(13,111)1324861127(14,111)
(13,111)1(13,112)
(15,111)544552557(16,111)
(15,111)113521804(15,112)
(16,111)965592370(16,112)
(0,112)817530491(0,113)
(1,112)669825907(2,112)
(1,112)119031327(1,113)
(2,112)762076883(3,112)
(3,112)966770267(4,112)
(4,112)482461662(4,113)
(5,112)1747712774(5,113)
(6,112)245039966(7,112)
(6,112)165372074(6,113)
(7,112)382731209(8,112)
(8,112)627119804(8,113)
(9,112)730737747(10,112)
(9,112)534125567(9,113)
(12,112)402753938(12,113)
(13,112)214883224(14,112)
(13,112)1(13,113)
(14,112)1061756076(15,112)
(16,112)744989932(16,113)
(0,113)312263053(1,113)
(1,113)34207686(1,114)
(2,113)1000977953(3,113)
(3,113)396561819(3,114)
(4,113)383546822(5,113)
(4,113)601207079(4,114)
(5,113)846247045(6,113)
(7,113)79841707(8,113)
(8,113)56620949(9,113)
(8,113)129196570(8,114)
(10,113)935854903(11,113)
(11,113)1(12,113)
(11,113)1(11,114)
(12,113)1(13,113)
(13,113)367330850(14,113)
(15,113)774121883(16,113)
(15,113)1112320782(15,114)
(0,114)688222040(1,114)
(0,114)1146528468(0,115)
(1,114)22773(2,114)
(1,114)706937520(1,115)
(3,114)601229853(3,115)
(5,114)708799684(6,114)
(6,114)773360100(6,115)
(7,114)829981049(8,114)
(7,114)837996255(7,115)
(8,114)645594419(8,115)
(9,114)420609369(9,115)
(10,114)870106189(11,114)
(10,114)888721895(10,115)
(11,114)1(11,115)
(12,114)144509663(12,115)
(13,114)804959870(13,115)
(14,114)219192080(14,115)
(15,114)437937606(15,115)
(16,114)119820145(16,115)
(0,115)1144875126(0,116)
(1,115)898780365(2,115)
(1,115)1204604005(1,116)
(2,115)525451039(3,115)
(4,115)573825083(5,115)
(4,115)1364927739(4,116)
(5,115)136762498(6,115)
(6,115)722823926(7,115)
(7,115)782356918(7,116)
(8,115)216322592(9,115)
(9,115)815041692(9,116)
(10,115)1103346689(10,116)
(11,115)210217987(12,115)
(11,115)1(11,116)
(13,115)234460929(14,115)
(13,115)429410068(13,116)
(15,115)654728516(16,115)
(15,115)354281075(15,116)
(1,116)832879817(1,117)
(2,116)1418534281(2,117)
(3,116)1301780210(3,117)
(5,116)568029399(6,116)
(6,116)1183016851(7,116)
(6,116)73415978(6,117)
(7,116)289738571(8,116)
(11,116)659999817(12,116)
(11,116)1(11,117)
(12,116)885801602(13,116)
(13,116)169853207(13,117)
(14,116)824581724(15,116)
(15,116)651484109(16,116)
(15,116)546266926(15,117)
(16,116)230606958(16,117)
(0,117)588336580(1,117)
(0,117)1379146744(0,118)
(1,117)1331509339(2,117)
(3,117)1181175851(4,117)
(3,117)1176714811(3,118)
(4,117)603230362(4,118)
(5,117)1254591829(5,118)
(7,117)738758141(8,117)
(8,117)1485299958(9,117)
(8,117)789932012(8,118)
(9,117)245751612(10,117)
(9,117)179358526(9,118)
(10,117)839358343(11,117)
(11,117)1(12,117)
(11,117)130981279(11,118)
(12,117)1(12,118)
(14,117)619041725(15,117)
(14,117)210124842(14,118)
(0,118)773297277(1,118)
(1,118)912591131(2,118)
(1,118)950011448(1,119)
(4,118)1154585059(5,118)
(5,118)635142233(6,118)
(6,118)643923521(6,119)
(7,118)1425074245(7,119)
(9,118)318503623(10,118)
(12,118)1014024800(13,118)
(12,118)1(12,119)
(14,118)930941384(14,119)
(15,118)349515560(16,118)
(15,118)492349399(15,119)
(0,119)1262106691(1,119)
(2,119)1093192553(3,119)
(2,119)630444536(2,120)
(3,119)516876330(3,120)
(4,119)1152018563(5,119)
(5,119)281469469(5,120)
(6,119)263209300(7,119)
(6,119)429609161(6,120)
(8,119)899140470(9,119)
(8,119)234106115(8,120)
(10,119)1072939912(11,119)
(10,119)79371996(10,120)
(11,119)1093396796(12,119)
(12,119)1178345626(13,119)
(12,119)1(12,120)
(14,119)226370092(15,119)
(15,119)965572224(16,119)
(0,120)244153074(1,120)
(0,120)1008135354(0,121)
(2,120)761029405(2,121)
(4,120)709556992(5,120)
(5,120)153662389(6,120)
(5,120)195173481(5,121)
(6,120)148124852(7,120)
(7,120)41850662(8,120)
(7,120)387768505(7,121)
(9,120)828339623(10,120)
(9,120)121222658(9,121)
(10,120)1213620906(10,121)
(11,120)244482885(12,120)
(12,120)1000926125(13,120)
(12,120)1(12,121)
(14,120)315657929(14,121)
(15,120)1323793284(16,120)
(15,120)658837215(15,121)
(16,120)977419561(16,121)
(0,121)1277637543(1,121)
(0,121)630274887(0,122)
(1,121)239258507(2,121)
(2,121)885702968(2,122)
(3,121)129711596(3,122)
(4,121)283373985(5,121)
(5,121)737970153(5,122)
(6,121)779820815(7,121)
(6,121)671142490(6,122)
(8,121)283567307(9,121)
(8,121)901043474(8,122)
(11,121)566595566(12,121)
(12,121)1(13,121)
(13,121)1(13,122)
(14,121)58563132(15,121)
(14,121)888850914(14,122)
(15,121)780389318(15,122)
(0,122)371354637(0,123)
(1,122)74419996(1,123)
(3,122)23986241(4,122)
(4,122)1126899017(5,122)
(4,122)260166462(4,123)
(5,122)695128732(5,123)
(6,122)686517596(7,122)
(6,122)582126701(6,123)
(7,122)865694008(8,122)
(9,122)431363450(9,123)
(10,122)1(11,122)
(10,122)1(10,123)
(11,122)1(12,122)
(11,122)263239644(11,123)
(12,122)1(13,122)
(14,122)846598719(14,123)
(15,122)1217953356(16,122)
(16,122)922787077(16,123)
(0,123)945837632(1,123)
(1,123)663399333(1,124)
(2,123)687385575(3,123)
(2,123)225425029(2,124)
(3,123)984275439(3,124)
(6,123)652661107(7,123)
(8,123)859128347(9,123)
(9,123)253432207(9,124)
(10,123)1(10,124)
(12,123)1097586174(12,124)
(13,123)261988944(14,123)
(14,123)1105645820(15,123)
(14,123)586013459(14,124)
(0,124)364551456(1,124)
(1,124)388077282(2,124)
(1,124)129424834(1,125)
(3,124)1225605963(4,124)
(4,124)1268715979(4,125)
(5,124)895932135(5,125)
(6,124)327984691(7,124)
(7,124)1(8,124)
(7,124)1(7,125)
(8,124)792417922(9,124)
(8,124)1(8,125)
(10,124)232838253(11,124)
(10,124)1(10,125)
(11,124)836344983(11,125)
(12,124)1098333927(13,124)
(12,124)120530717(12,125)
(13,124)504180958(13,125)
(14,124)144623437(15,124)
(14,124)135626301(14,125)
(16,124)509174893(16,125)
(0,125)224395290(1,125)
(0,125)1259601176(0,126)
(1,125)593866408(2,125)
(2,125)936124104(3,125)
(5,125)1(6,125)
(5,125)1(5,126)
(6,125)1(7,125)
(6,125)346910174(6,126)
(7,125)593974182(7,126)
(8,125)1(9,125)
(9,125)1(10,125)
(11,125)119928254(12,125)
(11,125)216897592(11,126)
(13,125)18463056(14,125)
(13,125)255554555(13,126)
(14,125)91872563(15,125)
(14,125)425766824(14,126)
(15,125)527637949(15,126)
(16,125)316267853(16,126)
(0,126)131750761(1,126)
(0,126)238156090(0,127)
(1,126)1174280194(2,126)
(1,126)163771084(1,127)
(3,126)858852785(3,127)
(4,126)1(5,126)
(4,126)1(4,127)
(8,126)273571109(8,127)
(9,126)819711568(9,127)
(10,126)939639822(11,126)
(11,126)597473087(12,126)
(12,126)1195194377(12,127)
(13,126)1023239911(13,127)
(14,126)63170393(14,127)
(15,126)301326483(16,126)
(16,126)692875025(16,127)
(1,127)539724525(1,128)
(2,127)186975814(2,128)
(3,127)1058385883(4,127)
(4,127)1(5,127)
(5,127)380398005(6,127)
(5,127)1(5,128)
(6,127)26920079(7,127)
(7,127)532583517(8,127)
(7,127)653969114(7,128)
(8,127)297198883(9,127)
(8,127)846631647(8,128)
(10,127)284455563(11,127)
(11,127)833982198(11,128)
(12,127)1307695474(12,128)
(15,127)414211115(15,128)
(16,127)1189904267(16,128)
(0,128)1(1,128)
(0,128)1(0,129)
(1,128)1(2,128)
(2,128)1(3,128)
(3,128)1(4,128)
(3,128)387819901(3,129)
(4,128)1(5,128)
(6,128)440095781(7,128)
(6,128)1422187020(6,129)
(8,128)1176408349(9,128)
(8,128)127078256(8,129)
(9,128)411533819(10,128)
(10,128)883454888(11,128)
(12,128)296425995(12,129)
(13,128)10723585(14,128)
(14,128)462411536(15,128)
(15,128)661228493(16,128)
(16,128)834486788(16,129)
(0,129)1(0,130)
(1,129)717806602(2,129)
(1,129)687936535(1,130)
(3,129)499284498(4,129)
(4,129)1055362559(4,130)
(5,129)1495458340(6,129)
(7,129)491925866(8,129)
(8,129)879544300(8,130)
(9,129)354832765(9,130)
(10,129)191305154(11,129)
(11,129)898897798(12,129)
(13,129)606190650(13,130)
(14,129)1123292972(14,130)
(15,129)754092502(15,130)
(16,129)610665833(16,130)
(0,130)1(1,130)
(0,130)1442029037(0,131)
(1,130)442395685(2,130)
(1,130)1(1,131)
(2,130)841016923(3,130)
(4,130)615004793(4,131)
(5,130)746413769(5,131)
(6,130)320785884(6,131)
(7,130)207372652(8,130)
(7,130)840439219(7,131)
(8,130)455954759(9,130)
(10,130)564602865(11,130)
(10,130)367896294(10,131)
(11,130)290561414(12,130)
(12,130)1161277446(13,130)
(13,130)290729011(14,130)
(14,130)819687996(15,130)
(15,130)901394844(15,131)
(16,130)943328207(16,131)
(0,131)1243127269(0,132)
(1,131)1(1,132)
(2,131)1002585619(2,132)
(3,131)551665338(3,132)
(4,131)512560257(5,131)
(4,131)331186549(4,132)
(5,131)21620791(5,132)
(6,131)228993444(7,131)
(8,131)652208843(9,131)
(9,131)459301375(10,131)
(9,131)29366883(9,132)
(10,131)319928297(11,131)
(11,131)907674374(12,131)
(11,131)1630094891(11,132)
(12,131)1733782684(12,132)
(13,131)405987032(14,131)
(13,131)675560675(13,132)
(14,131)674735098(14,132)
(1,132)1(1,133)
(2,132)258704602(2,133)
(3,132)771264860(4,132)
(5,132)196854501(6,132)
(7,132)1(8,132)
(7,132)1(7,133)
(8,132)1(9,132)
(9,132)1(9,133)
(10,132)1162688714(11,132)
(10,132)33465630(10,133)
(13,132)481540983(13,133)
(14,132)251919703(15,132)
(15,132)832339532(16,132)
(15,132)819061494(15,133)
(0,133)1064466853(0,134)
(1,133)1(2,133)
(1,133)217663570(1,134)
(2,133)1(3,133)
(3,133)1(4,133)
(3,133)978568177(3,134)
(4,133)1(4,134)
(5,133)1(6,133)
(5,133)1(5,134)
(6,133)1(7,133)
(7,133)271578557(7,134)
(8,133)1(9,133)
(8,133)1(8,134)
(10,133)1658101593(11,133)
(12,133)1230385335(13,133)
(13,133)244078631(14,133)
(15,133)966430035(16,133)
(15,133)203037598(15,134)
(0,134)420701168(0,135)
(2,134)808221684(2,135)
(3,134)227855069(3,135)
(4,134)1(5,134)
(5,134)292397842(6,134)
(8,134)1203948454(9,134)
(8,134)1(8,135)
(9,134)1195489547(9,135)
(10,134)1008292582(11,134)
(10,134)858092035(10,135)
(12,134)224150399(13,134)
(12,134)2759734(12,135)
(14,134)809386940(15,134)
(14,134)427187998(14,135)
(15,134)847889166(16,134)
(16,134)639040447(16,135)
(0,135)110035117(1,135)
(0,135)810726765(0,136)
(1,135)225425153(2,135)
(2,135)337890186(2,136)
(4,135)117062404(5,135)
(5,135)1012558438(6,135)
(5,135)125616027(5,136)
(6,135)1357633019(6,136)
(7,135)414097825(8,135)
(8,135)1(8,136)
(10,135)1213183584(11,135)
(10,135)1457837942(10,136)
(12,135)1376759700(13,135)
(12,135)1056140489(12,136)
(14,135)809581858(15,135)
(14,135)953436881(14,136)
(15,135)357084229(15,136)
(1,136)940285558(2,136)
(2,136)279729166(3,136)
(3,136)1179361161(3,137)
(4,136)44435951(5,136)
(4,136)405345194(4,137)
(7,136)864571811(8,136)
(7,136)282137576(7,137)
(8,136)1(8,137)
(9,136)174926105(9,137)
(10,136)1226280755(10,137)
(11,136)455556807(12,136)
(11,136)802109600(11,137)
(12,136)520153381(13,136)
(13,136)480705350(14,136)
(15,136)534100323(16,136)
(16,136)867778839(16,137)
(0,137)510345839(0,138)
(1,137)534548552(1,138)
(2,137)318380670(3,137)
(2,137)506263395(2,138)
(3,137)550699346(4,137)
(4,137)941416811(5,137)
(5,137)867925120(6,137)
(6,137)802076794(7,137)
(8,137)1(8,138)
(9,137)686433699(10,137)
(10,137)436995777(11,137)
(11,137)468942740(12,137)
(11,137)357557191(11,138)
(12,137)838262541(13,137)
(13,137)724179505(14,137)
(14,137)91101218(14,138)
(15,137)601447058(16,137)
(16,137)1207182907(16,138)
(0,138)1391522064(1,138)
(1,138)297403919(2,138)
(2,138)116662000(3,138)
(2,138)439458616(2,139)
(4,138)54166984(4,139)
(5,138)856243778(6,138)
(5,138)456946167(5,139)
(7,138)1172565252(8,138)
(8,138)1(9,138)
(9,138)1(9,139)
(10,138)729753921(10,139)
(12,138)53224451(13,138)
(12,138)788994053(12,139)
(13,138)521791078(14,138)
(14,138)113081090(15,138)
(16,138)1504603154(16,139)
(0,139)1294936639(0,140)
(1,139)1411598640(2,139)
(2,139)1177453550(3,139)
(4,139)174525754(5,139)
(5,139)846504098(6,139)
(6,139)912550688(7,139)
(7,139)232485515(8,139)
(7,139)40047448(7,140)
(9,139)1(9,140)
(10,139)382772250(11,139)
(11,139)1200339620(12,139)
(11,139)118229406(11,140)
(12,139)640020485(13,139)
(13,139)7487373(14,139)
(13,139)698038768(13,140)
(14,139)174761164(15,139)
(14,139)221510822(14,140)
(0,140)780562454(1,140)
(1,140)338638552(2,140)
(2,140)98844430(2,141)
(3,140)273370184(4,140)
(4,140)672058719(5,140)
(5,140)133658969(5,141)
(6,140)1(7,140)
(6,140)1(6,141)
(7,140)1(8,140)
(8,140)1(9,140)
(8,140)1328383920(8,141)
(10,140)582663885(11,140)
(12,140)1280702653(12,141)
(13,140)42317307(13,141)
(15,140)138841707(16,140)
(16,140)191843575(16,141)
(0,141)477480259(1,141)
(1,141)290688005(1,142)
(2,141)564058190(3,141)
(2,141)303034880(2,142)
(3,141)975093599(4,141)
(4,141)860226772(5,141)
(4,141)697717159(4,142)
(6,141)1(6,142)
(7,141)244761916(7,142)
(9,141)984374254(9,142)
(10,141)805180739(11,141)
(11,141)879563070(12,141)
(12,141)476079836(13,141)
(12,141)847498046(12,142)
(13,141)258779168(14,141)
(15,141)450622743(15,142)
(16,141)326058094(16,142)
(0,142)401573292(1,142)
(0,142)741310749(0,143)
(1,142)1305368939(2,142)
(1,142)629092975(1,143)
(3,142)127643600(4,142)
(4,142)919464094(5,142)
(4,142)1143902693(4,143)
(5,142)721191613(5,143)
(6,142)1(7,142)
(7,142)1(8,142)
(7,142)371044683(7,143)
(8,142)1(9,142)
(9,142)19367564(10,142)
(9,142)1(9,143)
(11,142)866865610(11,143)
(12,142)1125644778(13,142)
(12,142)828472891(12,143)
(13,142)677050726(14,142)
(15,142)170094623(16,142)
(15,142)1003108821(15,143)
(16,142)359736988(16,143)
(1,143)1088904722(2,143)
(3,143)103046459(4,143)
(3,143)85323768(3,144)
(4,143)475989029(4,144)
(5,143)853285248(6,143)
(6,143)92449272(7,143)
(7,143)67472073(7,144)
(8,143)86839637(9,143)
(8,143)331622966(8,144)
(9,143)1(9,144)
(10,143)815316970(11,143)
(11,143)131348973(11,144)
(12,143)808399700(13,143)
(12,143)303402008(12,144)
(13,143)261565704(14,143)
(15,143)621302692(15,144)
(16,143)1006208437(16,144)
(0,144)237647743(1,144)
(0,144)248456508(0,145)
(1,144)3253924(2,144)
(1,144)189790802(1,145)
(2,144)292837261(3,144)
(2,144)322971511(2,145)
(3,144)479242954(3,145)
(5,144)849803195(5,145)
(6,144)483441251(7,144)
(9,144)211453992(10,144)
(9,144)1(9,145)
(10,144)224927892(11,144)
(11,144)79323076(12,144)
(12,144)776421705(13,144)
(13,144)1263806668(14,144)
(14,144)1039574618(15,144)
(15,144)122531457(15,145)
(16,144)1277222362(16,145)
(0,145)312322259(0,146)
(3,145)1313722338(4,145)
(3,145)17785603(3,146)
(5,145)113077859(6,145)
(5,145)566238966(5,146)
(7,145)646617330(8,145)
(8,145)198656745(8,146)
(9,145)1(10,145)
(10,145)1(10,146)
(11,145)1011946579(12,145)
(11,145)9162781(11,146)
(13,145)779786351(14,145)
(13,145)262187328(13,146)
(16,145)1410319415(16,146)
(0,146)165499039(1,146)
(1,146)289552352(2,146)
(1,146)1391513550(1,147)
(2,146)183284642(2,147)
(4,146)32266819(5,146)
(4,146)1123991206(4,147)
(5,146)1029586438(6,146)
(5,146)1213188528(5,147)
(7,146)1409634221(8,146)
(7,146)1228243183(7,147)
(9,146)1645159096(9,147)
(10,146)1(11,146)
(11,146)1(12,146)
(12,146)1(13,146)
(12,146)771809356(12,147)
(13,146)1(13,147)
(14,146)56249851(14,147)
(15,146)1565968790(16,146)
(0,147)1187043259(0,148)
(3,147)721303058(3,148)
(4,147)862950991(4,148)
(5,147)575273202(6,147)
(6,147)610609195(7,147)
(6,147)831649031(6,148)
(7,147)335993203(8,147)
(7,147)205136120(7,148)
(8,147)108284643(8,148)
(9,147)617906670(10,147)
(10,147)635976559(11,147)
(10,147)1346284904(10,148)
(12,147)670470221(12,148)
(13,147)1(14,147)
(14,147)1(15,147)
(15,147)757499287(16,147)
(15,147)1(15,148)
(16,147)675782179(16,148)
(0,148)354811139(1,148)
(1,148)303008633(1,149)
(2,148)1076114197(2,149)
(3,148)679520045(4,148)
(3,148)481965938(3,149)
(4,148)1057239140(5,148)
(8,148)500277389(9,148)
(9,148)185155347(10,148)
(9,148)293039339(9,149)
(11,148)855625568(11,149)
(12,148)1120928970(13,148)
(12,148)1187824924(12,149)
(13,148)8085960(14,148)
(15,148)1(15,149)
(16,148)200202542(16,149)
(0,149)734832022(1,149)
(0,149)986876773(0,150)
(1,149)949378680(2,149)
(1,149)1276316739(1,150)
(2,149)1216797960(2,150)
(3,149)126553452(4,149)
(3,149)112855560(3,150)
(4,149)1319522212(4,150)
(5,149)1019200843(6,149)
(6,149)335683148(7,149)
(7,149)269589743(8,149)
(7,149)568379631(7,150)
(8,149)753534978(9,149)
(8,149)628722488(8,150)
(9,149)267287870(10,149)
(9,149)12099511(9,150)
(11,149)582605869(12,149)
(12,149)764911362(12,150)
(13,149)610302766(14,149)
(14,149)697503888(15,149)
(15,149)1(15,150)
(1,150)501650222(1,151)
(2,150)628203675(3,150)
(3,150)1067213749(3,151)
(5,150)205331889(6,150)
(6,150)507310575(6,151)
(7,150)834054377(7,151)
(9,150)722522452(9,151)
(10,150)408971393(10,151)
(11,150)133600817(11,151)
(12,150)743903583(13,150)
(12,150)886815134(12,151)
(14,150)710729764(15,150)
(15,150)1(15,151)
(16,150)499084815(16,151)
(0,151)1241438828(1,151)
(1,151)400295427(1,152)
(2,151)188447674(3,151)
(2,151)161168929(2,152)
(3,151)100099874(4,151)
(5,151)607410449(5,152)
(6,151)760576541(6,152)
(8,151)443294807(8,152)
(9,151)123406533(9,152)
(10,151)1061894399(10,152)
(11,151)487754614(11,152)
(13,151)283092542(14,151)
(13,151)1212723226(13,152)
(14,151)1(15,151)
(14,151)1(14,152)
(15,151)17099133(16,151)
(15,151)782177358(15,152)
(0,152)1182472785(0,153)
(3,152)1116832736(3,153)
(4,152)689799358(5,152)
(4,152)521621304(4,153)
(5,152)242393659(6,152)
(5,152)276929647(5,153)
(6,152)101919836(6,153)
(7,152)685688466(7,153)
(8,152)286627946(9,152)
(8,152)114771320(8,153)
(10,152)774382560(10,153)
(11,152)698972548(12,152)
(12,152)815661730(12,153)
(14,152)1(14,153)
(16,152)1378473622(16,153)
(0,153)1006406628(1,153)
(0,153)841701632(0,154)
(1,153)755912486(2,153)
(1,153)968304565(1,154)
(2,153)484657671(3,153)
(3,153)665555074(4,153)
(6,153)58132267(6,154)
(7,153)344760213(8,153)
(7,153)867723427(7,154)
(8,153)830587780(9,153)
(9,153)1119142773(9,154)
(10,153)365814911(10,154)
(11,153)184134584(12,153)
(11,153)13429083(11,154)
(13,153)1(14,153)
(13,153)1(13,154)
(14,153)420117784(15,153)
(14,153)268184687(14,154)
(15,153)1109886319(16,153)
(16,153)1426524412(16,154)
(0,154)725009342(0,155)
(2,154)995848948(2,155)
(3,154)368292749(4,154)
(4,154)576722791(5,154)
(4,154)687826465(4,155)
(5,154)338031145(6,154)
(5,154)426425017(5,155)
(6,154)771185230(7,154)
(7,154)127550350(8,154)
(9,154)493365261(9,155)
(10,154)677499846(11,154)
(11,154)532134114(12,154)
(11,154)576841526(11,155)
(13,154)1(13,155)
(15,154)1161290011(15,155)
(0,155)416086491(0,156)
(1,155)336438046(2,155)
(1,155)476885578(1,156)
(2,155)845178327(3,155)
(2,155)470224500(2,156)
(5,155)343909862(5,156)
(6,155)471460212(7,155)
(7,155)425782999(8,155)
(8,155)1199108961(9,155)
(8,155)964825474(8,156)
(10,155)101973545(11,155)
(11,155)1(12,155)
(11,155)1(11,156)
(12,155)1(13,155)
(12,155)902292346(12,156)
(13,155)665013819(14,155)
(14,155)1027071075(15,155)
(15,155)121631587(16,155)
(15,155)146050449(15,156)
(0,156)458069633(1,156)
(0,156)622936027(0,157)
(3,156)697146152(4,156)
(3,156)592234051(3,157)
(4,156)487538978(5,156)
(6,156)270601155(7,156)
(6,156)125688261(6,157)
(7,156)675924934(7,157)
(8,156)170766606(9,156)
(9,156)953264061(9,157)
(10,156)1127739740(10,157)
(11,156)1(11,157)
(12,156)1509720296(13,156)
(13,156)6675283(14,156)
(15,156)131223124(16,156)
(1,157)572195302(2,157)
(2,157)44087882(2,158)
(3,157)531626860(4,157)
(5,157)104657100(6,157)
(6,157)198858945(6,158)
(7,157)369625551(8,157)
(8,157)787892756(8,158)
(9,157)324696337(10,157)
(10,157)1(11,157)
(10,157)1(10,158)
(11,157)94454943(12,157)
(11,157)1451784192(11,158)
(12,157)546900037(12,158)
(13,157)46071545(14,157)
(14,157)991176001(14,158)
(15,157)520158269(16,157)
(15,157)3312685(15,158)
(0,158)1092353571(1,158)
(1,158)1432125759(2,158)
(1,158)1377390526(1,159)
(2,158)904188121(2,159)
(3,158)427122131(4,158)
(4,158)418848859(4,159)
(5,158)253477554(6,158)
(5,158)625981076(5,159)
(6,158)995606628(7,158)
(8,158)1366066647(9,158)
(8,158)345488272(8,159)
(10,158)1(10,159)
(13,158)1366828753(14,158)
(13,158)972519020(13,159)
(15,158)552647750(15,159)
(16,158)437547212(16,159)
(0,159)691179090(1,159)
(1,159)1341735333(1,160)
(3,159)1180715950(4,159)
(4,159)216414781(5,159)
(4,159)247354893(4,160)
(5,159)1242961521(6,159)
(6,159)1257785091(6,160)
(7,159)476368091(8,159)
(8,159)955814534(9,159)
(9,159)1223437956(10,159)
(9,159)1146735283(9,160)
(10,159)1(10,160)
(11,159)830415636(12,159)
(11,159)708817896(11,160)
(13,159)794064645(13,160)
(14,159)53117976(15,159)
(14,159)480810752(14,160)
(15,159)263365380(16,159)
(16,159)744297066(16,160)
(0,160)1077589862(0,161)
(1,160)698963679(2,160)
(1,160)554174212(1,161)
(3,160)946318573(3,161)
(4,160)41796446(5,160)
(7,160)438577126(8,160)
(7,160)682508820(7,161)
(8,160)720210572(8,161)
(10,160)1(10,161)
(11,160)395444027(12,160)
(12,160)785653073(12,161)
(13,160)838771050(14,160)
(14,160)1139620159(15,160)
(14,160)835564395(14,161)
(16,160)947073907(16,161)
(0,161)464634289(1,161)
(1,161)717464881(1,162)
(2,161)704270636(3,161)
(2,161)1410952862(2,162)
(4,161)1002932915(5,161)
(5,161)935511901(5,162)
(6,161)1374089027(7,161)
(7,161)95063696(7,162)
(8,161)535261819(8,162)
(9,161)526850247(10,161)
(10,161)1(11,161)
(11,161)1(12,161)
(12,161)3790722(13,161)
(12,161)1(12,162)
(13,161)27537558(14,161)
(14,161)1150732697(15,161)
(15,161)974611465(15,162)
(0,162)1153782716(1,162)
(1,162)248863334(2,162)
(2,162)184101862(3,162)
(2,162)667523220(2,163)
(3,162)50241168(3,163)
(4,162)1572577940(5,162)
(4,162)1119613763(4,163)
(5,162)346219143(6,162)
(6,162)504835438(7,162)
(7,162)881480962(7,163)
(8,162)268537678(8,163)
(9,162)427683946(10,162)
(10,162)573350881(10,163)
(11,162)577141604(12,162)
(12,162)1(12,163)
(13,162)16516795(13,163)
(14,162)317750367(14,163)
(16,162)599433383(16,163)
(0,163)111206399(1,163)
(0,163)50343107(0,164)
(1,163)234444970(2,163)
(2,163)161447568(2,164)
(5,163)355695103(6,163)
(6,163)570210410(7,163)
(6,163)434275190(6,164)
(7,163)624232782(7,164)
(9,163)268473633(9,164)
(10,163)845615237(11,163)
(10,163)367518072(10,164)
(12,163)1(12,164)
(13,163)307782699(14,163)
(13,163)28407342(13,164)
(14,163)374326216(14,164)
(15,163)424669324(16,163)
(16,163)1956807(16,164)
(0,164)659114294(1,164)
(0,164)26689037(0,165)
(1,164)163404375(1,165)
(3,164)667477794(3,165)
(4,164)1023172897(5,164)
(4,164)1004129733(4,165)
(7,164)551838759(8,164)
(7,164)910365291(7,165)
(9,164)1(10,164)
(9,164)1(9,165)
(10,164)1(11,164)
(11,164)1(12,164)
(12,164)658421149(12,165)
(13,164)490560492(13,165)
(14,164)915229816(15,164)
(15,164)618306622(16,164)
(15,164)551128365(15,165)
(0,165)714532740(0,166)
(1,165)464478976(2,165)
(2,165)858517097(3,165)
(3,165)978091794(4,165)
(4,165)711275896(4,166)
(5,165)259157446(6,165)
(5,165)478013826(5,166)
(7,165)75512629(7,166)
(8,165)737483049(9,165)
(9,165)431739576(10,165)
(9,165)1(9,166)
(10,165)397182607(11,165)
(10,165)114101853(10,166)
(12,165)887743099(12,166)
(13,165)390120941(13,166)
(14,165)42977000(14,166)
(15,165)757509741(16,165)
(16,165)295868666(16,166)
(0,166)522383218(0,167)
(1,166)250787563(1,167)
(2,166)1228879358(3,166)
(2,166)543113779(2,167)
(4,166)203850010(5,166)
(5,166)589262121(6,166)
(6,166)316975552(7,166)
(6,166)279362639(6,167)
(7,166)390987891(7,167)
(8,166)1(9,166)
(8,166)1(8,167)
(10,166)929450897(11,166)
(13,166)180515753(14,166)
(14,166)57739922(15,166)
(14,166)620688586(14,167)
(15,166)476384420(15,167)
(0,167)376488472(1,167)
(0,167)727171983(0,168)
(2,167)1113937756(3,167)
(2,167)321181036(2,168)
(3,167)525031046(4,167)
(4,167)63379942(4,168)
(5,167)380355495(6,167)
(6,167)348227242(6,168)
(8,167)1(8,168)
(9,167)936359255(9,168)
(10,167)193612436(11,167)
(11,167)1099607021(12,167)
(11,167)906242353(11,168)
(12,167)1086758107(13,167)
(15,167)142830862(16,167)
(15,167)831311180(15,168)
(0,168)506669951(0,169)
(1,168)1413553272(1,169)
(3,168)1424098784(4,168)
(4,168)595494356(4,169)
(5,168)269250082(6,168)
(6,168)795797088(7,168)
(7,168)721041098(8,168)
(8,168)1(9,168)
(9,168)1(9,169)
(10,168)1381916283(11,168)
(11,168)506140676(12,168)
(12,168)971193936(13,168)
(12,168)954728242(12,169)
(14,168)64630418(15,168)
(15,168)161691420(16,168)
(16,168)16028974(16,169)
(1,169)1482888407(1,170)
(2,169)759503544(3,169)
(3,169)268165246(3,170)
(4,169)537415328(5,169)
(4,169)384345922(4,170)
(6,169)704358955(7,169)
(7,169)1(8,169)
(7,169)1(7,170)
(8,169)1(9,169)
(9,169)221100853(10,169)
(10,169)50032138(11,169)
(11,169)786422521(12,169)
(12,169)698957453(13,169)
(13,169)36462112(14,169)
(13,169)441443990(13,170)
(15,169)52491086(15,170)
(16,169)237950890(16,170)
(0,170)868699155(1,170)
(1,170)147399389(2,170)
(2,170)644933000(3,170)
(3,170)531745312(3,171)
(4,170)628250857(4,171)
(5,170)1138164758(5,171)
(6,170)329220380(6,171)
(7,170)872321216(8,170)
(7,170)1(7,171)
(8,170)392895234(9,170)
(9,170)856597251(10,170)
(9,170)687549801(9,171)
(11,170)120198135(12,170)
(11,170)828428945(11,171)
(12,170)864891057(13,170)
(13,170)371068075(14,170)
(14,170)483200801(15,170)
(15,170)305277988(16,170)
(15,170)609018965(15,171)
(0,171)452677378(1,171)
(0,171)18289337(0,172)
(1,171)663222338(2,171)
(1,171)341280710(1,172)
(2,171)984422690(2,172)
(3,171)548827364(4,171)
(4,171)476599359(5,171)
(5,171)121431552(6,171)
(6,171)648393740(6,172)
(7,171)1(7,172)
(8,171)290435114(8,172)
(9,171)462529657(9,172)
(10,171)582727792(11,171)
(10,171)465539212(10,172)
(11,171)1330430269(12,171)
(13,171)353101128(14,171)
(13,171)100328764(13,172)
(14,171)405606753(15,171)
(14,171)364943494(14,172)
(15,171)383232832(16,171)
(16,171)858284131(16,172)
(2,172)244050537(3,172)
(2,172)190444717(2,173)
(3,172)667044076(4,172)
(4,172)894548040(5,172)
(5,172)724983595(6,172)
(5,172)1315437816(5,173)
(6,172)209243143(7,172)
(7,172)1(7,173)
(8,172)632342499(9,172)
(8,172)671772800(8,173)
(10,172)1108140806(11,172)
(10,172)17198953(10,173)
(11,172)1124400920(11,173)
(12,172)1208469570(12,173)
(13,172)138066977(13,173)
(14,172)521299809(15,172)
(14,172)1035019486(14,173)
(15,172)324876806(15,173)
(0,173)700692571(1,173)
(0,173)20099979(0,174)
(1,173)264150517(2,173)
(2,173)277760124(3,173)
(3,173)220873451(4,173)
(6,173)979167455(6,174)
(7,173)1(7,174)
(9,173)93957174(10,173)
(10,173)558148102(10,174)
(12,173)769019420(13,173)
(13,173)923185989(13,174)
(15,173)1113996206(16,173)
(16,173)410212546(16,174)
(0,174)1092186558(0,175)
(1,174)1369946682(2,174)
(2,174)616911874(2,175)
(3,174)580660620(4,174)
(3,174)815660975(3,175)
(4,174)470618412(5,174)
(6,174)797348649(6,175)
(7,174)1(8,174)
(7,174)194751765(7,175)
(8,174)1(9,174)
(8,174)505079642(8,175)
(9,174)1(9,175)
(10,174)677410437(11,174)
(11,174)212671457(12,174)
(14,174)273080243(15,174)
(14,174)547030145(14,175)
(0,175)861679738(1,175)
(1,175)120655193(1,176)
(2,175)701315813(3,175)
(3,175)475477(4,175)
(4,175)329075979(5,175)
(4,175)113660241(4,176)
(5,175)797824126(5,176)
(6,175)523827745(6,176)
(9,175)348090680(10,175)
(9,175)1(9,176)
(10,175)468860179(11,175)
(10,175)553866758(10,176)
(12,175)1111319859(13,175)
(13,175)166456539(13,176)
(14,175)684165158(14,176)
(15,175)1552251425(15,176)
(16,175)519869333(16,176)
(0,176)1407826728(1,176)
(1,176)226738784(2,176)
(1,176)49726398(1,177)
(2,176)50201876(3,176)
(2,176)527967311(2,177)
(3,176)857043290(4,176)
(3,176)340399025(3,177)
(4,176)848026002(4,177)
(6,176)45924072(7,176)
(7,176)227563272(8,176)
(8,176)302112794(8,177)
(9,176)1(9,177)
(10,176)400856424(11,176)
(11,176)660756553(12,176)
(11,176)398917190(11,177)
(12,176)299941649(13,176)
(12,176)567312963(12,177)
(13,176)225502558(14,176)
(14,176)1338470126(15,176)
(15,176)1377616045(16,176)
(15,176)745371891(15,177)
(16,176)598813207(16,177)
(0,177)795098290(0,178)
(1,177)1126780518(1,178)
(5,177)100724476(5,178)
(6,177)1(7,177)
(6,177)1(6,178)
(7,177)1(8,177)
(8,177)1(9,177)
(9,177)120600964(9,178)
(10,177)781357517(11,177)
(10,177)587654579(10,178)
(12,177)155906076(13,177)
(13,177)592305654(13,178)
(14,177)901277967(14,178)
(16,177)1426792880(16,178)
(0,178)394192775(1,178)
(0,178)895375784(0,179)
(1,178)731715944(2,178)
(1,178)1224063087(1,179)
(2,178)351763295(3,178)
(4,178)452487771(4,179)
(5,178)780775519(6,178)
(5,178)38271164(5,179)
(6,178)609435434(7,178)
(6,178)1(6,179)
(7,178)671080565(8,178)
(8,178)730036398(8,179)
(11,178)1339893444(12,178)
(11,178)1490189496(11,179)
(12,178)659971555(13,178)
(12,178)591153378(12,179)
(13,178)413591430(14,178)
(13,178)93687764(13,179)
(14,178)428566821(14,179)
(15,178)1323942605(16,178)
(16,178)36773149(16,179)
(0,179)916963749(0,180)
(1,179)1268727044(2,179)
(3,179)774197155(4,179)
(4,179)354506686(5,179)
(6,179)1(6,180)
(7,179)569891570(7,180)
(9,179)1037720116(10,179)
(9,179)387603907(9,180)
(13,179)365046062(13,180)
(15,179)504845688(16,179)
(1,180)669495656(2,180)
(1,180)1306781962(1,181)
(3,180)1701810587(4,180)
(4,180)1190035800(4,181)
(5,180)970173048(6,180)
(6,180)1(7,180)
(6,180)309662136(6,181)
(7,180)1(8,180)
(8,180)1(9,180)
(9,180)1(10,180)
(10,180)1(10,181)
(11,180)275653031(12,180)
(11,180)644262539(11,181)
(14,180)368380659(15,180)
(15,180)790946453(16,180)
(15,180)960165551(15,181)
(0,181)119463865(0,182)
(1,181)52959335(2,181)
(2,181)896100583(3,181)
(3,181)1100128069(4,181)
(4,181)65684536(5,181)
(4,181)547943858(4,182)
(7,181)826528237(8,181)
(7,181)793951039(7,182)
(9,181)629676742(10,181)
(10,181)1(10,182)
(11,181)221835381(12,181)
(11,181)451173706(11,182)
(13,181)1682918399(13,182)
(14,181)326381204(15,181)
(14,181)774341239(14,182)
(15,181)893805105(16,181)
(0,182)946764440(1,182)
(0,182)903528393(0,183)
(2,182)42275927(2,183)
(3,182)107960463(4,182)
(3,182)200089187(3,183)
(5,182)35206792(5,183)
(6,182)861735029(7,182)
(6,182)397443897(6,183)
(7,182)14472359(8,182)
(8,182)523321265(9,182)
(9,182)275763361(9,183)
(10,182)1(11,182)
(10,182)974494971(10,183)
(11,182)1(11,183)
(12,182)170493747(13,182)
(12,182)33033494(12,183)
(13,182)359414698(14,182)
(14,182)309333356(15,182)
(15,182)635776890(16,182)
(16,182)1256097796(16,183)
(0,183)287922219(1,183)
(0,183)998451534(0,184)
(1,183)950793125(2,183)
(2,183)488011406(2,184)
(3,183)91504264(4,183)
(3,183)165441274(3,184)
(4,183)1033343603(5,183)
(5,183)155792360(6,183)
(5,183)488948161(5,184)
(6,183)503420520(7,183)
(7,183)77243733(7,184)
(8,183)779183881(8,184)
(9,183)277320714(9,184)
(11,183)1(12,183)
(12,183)1(12,184)
(13,183)790852980(14,183)
(14,183)475792358(15,183)
(15,183)518953067(16,183)
(16,183)763714577(16,184)
(0,184)1197840852(0,185)
(1,184)456691391(2,184)
(3,184)521047421(4,184)
(5,184)188115280(6,184)
(7,184)967299162(7,185)
(8,184)96598138(9,184)
(8,184)1028182004(8,185)
(10,184)1406414256(10,185)
(11,184)1(12,184)
(11,184)1(11,185)
(12,184)1219062335(13,184)
(13,184)448662957(13,185)
(14,184)967616024(15,184)
(14,184)1118529463(14,185)
(15,184)168886667(16,184)
(15,184)442411895(15,185)
(16,184)289878568(16,185)
(0,185)625578058(1,185)
(1,185)889884477(2,185)
(2,185)298629808(3,185)
(2,185)376326780(2,186)
(3,185)282867862(4,185)
(3,185)574579237(3,186)
(4,185)762694517(5,185)
(5,185)350042998(6,185)
(5,185)266652677(5,186)
(8,185)987108142(8,186)
(9,185)349997634(10,185)
(9,185)1085522425(9,186)
(11,185)1(12,185)
(12,185)1(12,186)
(16,185)590213315(16,186)
(0,186)110550514(1,186)
(0,186)1349940139(0,187)
(1,186)966540096(1,187)
(2,186)685129751(2,187)
(3,186)1447824269(4,186)
(5,186)1100562610(6,186)
(6,186)709442470(7,186)
(6,186)828536007(6,187)
(7,186)5967091(8,186)
(8,186)290184739(9,186)
(10,186)436310304(11,186)
(11,186)1222170894(12,186)
(12,186)1(13,186)
(12,186)232058894(12,187)
(13,186)196694151(14,186)
(13,186)1(13,187)
(14,186)116848739(15,186)
(14,186)535897897(14,187)
(16,186)227399253(16,187)
(1,187)855371873(2,187)
(2,187)212869626(3,187)
(2,187)487192342(2,188)
(3,187)223948861(3,188)
(4,187)1243203926(4,188)
(5,187)766039353(5,188)
(6,187)772006445(7,187)
(8,187)383613975(8,188)
(9,187)819924280(10,187)
(10,187)472657894(11,187)
(10,187)942353702(10,188)
(13,187)1(13,188)
(14,187)180146133(15,187)
(0,188)349436931(1,188)
(0,188)478133945(0,189)
(1,188)691003571(2,188)
(2,188)573385792(2,189)
(4,188)610321863(4,189)
(5,188)1015112190(5,189)
(6,188)422511857(7,188)
(7,188)158339687(8,188)
(8,188)438382915(9,188)
(9,188)145656751(10,188)
(10,188)1006587237(11,188)
(11,188)591559766(12,188)
(12,188)852703033(13,188)
(13,188)1(13,189)
(14,188)418307973(14,189)
(15,188)896441918(16,188)
(16,188)323162899(16,189)
(0,189)954891100(0,190)
(1,189)799173609(2,189)
(1,189)896548691(1,190)
(2,189)646962306(3,189)
(3,189)966055936(4,189)
(4,189)644340132(5,189)
(5,189)10586530(5,190)
(6,189)168926218(7,189)
(6,189)262798768(6,190)
(7,189)701181683(8,189)
(9,189)128723197(10,189)
(9,189)44064125(9,190)
(10,189)635623891(11,189)
(12,189)1058143648(13,189)
(13,189)1(14,189)
(13,189)393783018(13,190)
(14,189)1(15,189)
(15,189)1(16,189)
(16,189)1(16,190)
(0,190)161238711(0,191)
(1,190)808201017(2,190)
(2,190)922928404(3,190)
(2,190)974848471(2,191)
(3,190)322791866(3,191)
(4,190)259894571(5,190)
(4,190)933514934(4,191)
(5,190)1102441152(6,190)
(6,190)435685407(7,190)
(7,190)224577112(7,191)
(8,190)353300310(9,190)
(8,190)479749532(8,191)
(10,190)871485152(11,190)
(11,190)841062490(12,190)
(11,190)83174577(11,191)
(13,190)408009458(14,190)
(13,190)799834427(13,191)
(14,190)436875367(14,191)
(15,190)1(16,190)
(15,190)1(15,191)
(1,191)106215285(1,192)
(3,191)804028393(3,192)
(5,191)1858997667(5,192)
(6,191)1484752115(7,191)
(7,191)336863320(8,191)
(7,191)227858903(7,192)
(8,191)233278574(8,192)
(9,191)119782162(9,192)
(10,191)960844652(11,191)
(11,191)451108602(12,191)
(11,191)222548249(11,192)
(12,191)630557708(13,191)
(13,191)887983969(13,192)
(15,191)716338998(16,191)
(15,191)1(15,192)
(0,192)564274995(0,193)
(1,192)142195236(2,192)
(1,192)326552810(1,193)
(2,192)168070695(3,192)
(3,192)1149866749(4,192)
(5,192)1364336830(6,192)
(5,192)1133429759(5,193)
(8,192)554895483(9,192)
(9,192)403436247(10,192)
(9,192)52743059(9,193)
(10,192)503851661(11,192)
(10,192)777443733(10,193)
(11,192)16631678(11,193)
(12,192)1343324574(13,192)
(13,192)730450031(14,192)
(13,192)1029271736(13,193)
(15,192)1(16,192)
(16,192)1(16,193)
(0,193)360370868(1,193)
(2,193)578243496(3,193)
(3,193)1165202289(4,193)
(4,193)1066440929(5,193)
(5,193)1034482688(6,193)
(5,193)595789765(5,194)
(6,193)516572686(6,194)
(7,193)1071468169(8,193)
(7,193)477074282(7,194)
(8,193)880510529(9,193)
(10,193)897142208(10,194)
(11,193)92983134(12,193)
(14,193)1228902182(14,194)
(15,193)883350871(16,193)
(16,193)1(16,194)
(0,194)705870255(1,194)
(1,194)140420338(1,195)
(2,194)1305622628(3,194)
(2,194)407974355(2,195)
(3,194)1474415284(4,194)
(3,194)1492617915(3,195)
(4,194)379616955(5,194)
(6,194)856691238(6,195)
(7,194)398407293(7,195)
(8,194)177127934(9,194)
(9,194)486860327(9,195)
(10,194)579843461(11,194)
(11,194)1101206861(12,194)
(12,194)326727231(12,195)
(13,194)291786633(14,194)
(13,194)182625395(13,195)
(15,194)1(16,194)
(15,194)1(15,195)
(0,195)64363335(1,195)
(0,195)757637241(0,196)
(1,195)32337229(1,196)
(4,195)793243280(5,195)
(5,195)117745680(6,195)
(5,195)645805796(5,196)
(6,195)235523915(7,195)
(7,195)734146426(7,196)
(8,195)312493220(9,195)
(9,195)1302227704(10,195)
(9,195)568979067(9,196)
(11,195)1188450895(12,195)
(11,195)1628954936(11,196)
(13,195)771303942(14,195)
(13,195)121684760(13,196)
(14,195)405103435(15,195)
(14,195)390474823(14,196)
(15,195)1(16,195)
(15,195)395666816(15,196)
(16,195)1(16,196)
(0,196)428004045(0,197)
(2,196)733593252(2,197)
(3,196)1137529747(3,197)
(4,196)313884727(4,197)
(5,196)549408642(6,196)
(5,196)571003458(5,197)
(7,196)154431426(8,196)
(8,196)426536942(9,196)
(8,196)361277386(8,197)
(9,196)36489224(9,197)
(10,196)1224940120(11,196)
(12,196)360611285(13,196)
(13,196)71740974(13,197)
(15,196)73711438(15,197)
(16,196)1(16,197)
(0,197)971555058(1,197)
(1,197)869850928(1,198)
(2,197)249203813(3,197)
(3,197)1216876584(4,197)
(4,197)484048111(5,197)
(4,197)820207271(4,198)
(5,197)612505590(6,197)
(7,197)34894291(8,197)
(7,197)973782976(7,198)
(9,197)327191912(10,197)
(10,197)447069985(10,198)
(11,197)807681270(12,197)
(12,197)1278061459(13,197)
(14,197)600757871(15,197)
(15,197)1052020362(15,198)
(16,197)1(16,198)
(0,198)925203450(1,198)
(1,198)23591455(2,198)
(1,198)1533914086(1,199)
(2,198)603307022(3,198)
(2,198)859842919(2,199)
(3,198)1343891031(4,198)
(3,198)843798727(3,199)
(5,198)727884379(6,198)
(6,198)987142671(7,198)
(6,198)282603646(6,199)
(8,198)157328083(9,198)
(8,198)930045192(8,199)
(9,198)554213864(10,198)
(10,198)247633897(11,198)
(11,198)961722686(12,198)
(11,198)250123510(11,199)
(12,198)1165886196(13,198)
(13,198)264867492(14,198)
(13,198)166011936(13,199)
(14,198)70422910(14,199)
(16,198)1(16,199)
(0,199)1223610859(1,199)
(4,199)712200735(5,199)
(5,199)304430749(6,199)
(7,199)21021404(8,199)
(8,199)1256679129(9,199)
(10,199)303625050(11,199)
(11,199)96338152(12,199)
(14,199)1026383344(15,199)
