100 10
(0,0)330563459(1,0)
(0,0)1462722881(0,1)
(1,0)1839198299(2,0)
(1,0)2012820694(1,1)
(2,0)1897676471(3,0)
(2,0)332817529(2,1)
(3,0)1689344463(4,0)
(3,0)273684433(3,1)
(4,0)270017208(5,0)
(4,0)1149848530(4,1)
(5,0)588542639(6,0)
(5,0)2083250897(5,1)
(6,0)1661716196(7,0)
(6,0)934084981(6,1)
(7,0)1276683886(8,0)
(7,0)548488826(7,1)
(8,0)47866901(9,0)
(8,0)755262675(8,1)
(9,0)1567503645(10,0)
(9,0)2090864345(9,1)
(10,0)1386507518(11,0)
(10,0)1088163016(10,1)
(11,0)1247523429(12,0)
(11,0)123842659(11,1)
(12,0)1433702294(13,0)
(12,0)2008669193(12,1)
(13,0)465129096(14,0)
(13,0)360230427(13,1)
(14,0)358076979(15,0)
(14,0)2048032239(14,1)
(15,0)1363271473(16,0)
(15,0)872606803(15,1)
(16,0)737943849(17,0)
(16,0)688640438(16,1)
(17,0)1021457967(18,0)
(17,0)1054986124(17,1)
(18,0)1328670557(19,0)
(18,0)488136673(18,1)
(19,0)1637985203(20,0)
(19,0)563318783(19,1)
(20,0)499086032(21,0)
(20,0)1598687765(20,1)
(21,0)385289099(22,0)
(21,0)79044195(21,1)
(22,0)627533021(23,0)
(22,0)13318580(22,1)
(23,0)768581255(24,0)
(23,0)1661972985(23,1)
(24,0)1605353682(25,0)
(24,0)675399923(24,1)
(25,0)1763562939(26,0)
(25,0)188601252(25,1)
(26,0)312443911(27,0)
(26,0)844377553(26,1)
(27,0)705563098(28,0)
(27,0)863602720(27,1)
(28,0)1223833147(29,0)
(28,0)1746146205(28,1)
(29,0)1646694797(30,0)
(29,0)1170692194(29,1)
(30,0)2043298998(31,0)
(30,0)1581910126(30,1)
(31,0)123066916(32,0)
(31,0)862482622(31,1)
(32,0)1917468746(33,0)
(32,0)633759199(32,1)
(33,0)1121895872(34,0)
(33,0)1144524884(33,1)
(34,0)1707843667(35,0)
(34,0)1098655655(34,1)
(35,0)549859772(36,0)
(35,0)612397428(35,1)
(36,0)691441623(37,0)
(36,0)59446051(36,1)
(37,0)72764631(38,0)
(37,0)935148871(37,1)
(38,0)449638209(39,0)
(38,0)1318974644(38,1)
(39,0)1994374567(40,0)
(39,0)841345887(39,1)
(40,0)1029947139(41,0)
(40,0)2054991891(40,1)
(41,0)751885796(42,0)
(41,0)1610453858(41,1)
(42,0)326572930(43,0)
(42,0)1342391051(42,1)
(43,0)941053608(44,0)
(43,0)1457448894(43,1)
(44,0)480657441(45,0)
(44,0)1550406077(44,1)
(45,0)984832555(46,0)
(45,0)440264757(45,1)
(46,0)1302747379(47,0)
(46,0)376472791(46,1)
(47,0)1010231990(48,0)
(47,0)1107899472(47,1)
(48,0)104940708(49,0)
(48,0)1072732477(48,1)
(49,0)23904484(50,0)
(49,0)2132127863(49,1)
(50,0)597041643(51,0)
(50,0)1812784375(50,1)
(51,0)1872230426(52,0)
(51,0)573764257(51,1)
(52,0)1508913128(53,0)
(52,0)1288483266(52,1)
(53,0)459974262(54,0)
(53,0)1944995057(53,1)
(54,0)638857296(55,0)
(54,0)1958551337(54,1)
(55,0)1866059581(56,0)
(55,0)306865182(55,1)
(56,0)1917319040(57,0)
(56,0)1668804436(56,1)
(57,0)863711839(58,0)
(57,0)470461729(57,1)
(58,0)1927910624(59,0)
(58,0)96408323(58,1)
(59,0)1646814400(60,0)
(59,0)1804765447(59,1)
(60,0)97546557(61,0)
(60,0)261084417(60,1)
(61,0)637557208(62,0)
(61,0)484163308(61,1)
(62,0)1592062780(63,0)
(62,0)1400293936(62,1)
(63,0)325542766(64,0)
(63,0)1647789198(63,1)
(64,0)1632433413(65,0)
(64,0)1697003488(64,1)
(65,0)1362304215(66,0)
(65,0)349447250(65,1)
(66,0)923211507(67,0)
(66,0)81991408(66,1)
(67,0)1370474674(68,0)
(67,0)1087050993(67,1)
(68,0)884562402(69,0)
(68,0)284640988(68,1)
(69,0)95708677(70,0)
(69,0)1830448937(69,1)
(70,0)2137314119(71,0)
(70,0)1523419699(70,1)
(71,0)1044740487(72,0)
(71,0)1961768258(71,1)
(72,0)284746340(73,0)
(72,0)1907149511(72,1)
(73,0)2003557834(74,0)
(73,0)1908452326(73,1)
(74,0)1565734125(75,0)
(74,0)65173316(74,1)
(75,0)326257733(76,0)
(75,0)1502888587(75,1)
(76,0)1987051895(77,0)
(76,0)1663280682(76,1)
(77,0)916090971(78,0)
(77,0)963814941(77,1)
(78,0)464120491(79,0)
(78,0)1431631027(78,1)
(79,0)981150867(80,0)
(79,0)1241633737(79,1)
(80,0)1591080987(81,0)
(80,0)2096553905(80,1)
(81,0)31061665(82,0)
(81,0)195971434(81,1)
(82,0)1283022427(83,0)
(82,0)366808847(82,1)
(83,0)651449835(84,0)
(83,0)1401536340(83,1)
(84,0)1084501629(85,0)
(84,0)20101181(84,1)
(85,0)1543520880(86,0)
(85,0)747158512(85,1)
(86,0)561443123(87,0)
(86,0)1074332100(86,1)
(87,0)833997963(88,0)
(87,0)440777719(87,1)
(88,0)201746397(89,0)
(88,0)846189463(88,1)
(89,0)911362779(90,0)
(89,0)690072150(89,1)
(90,0)45477089(91,0)
(90,0)1767480523(90,1)
(91,0)1283277557(92,0)
(91,0)1237620512(91,1)
(92,0)53951805(93,0)
(92,0)2032528984(92,1)
(93,0)1316676363(94,0)
(93,0)51884880(93,1)
(94,0)1293518617(95,0)
(94,0)518072296(94,1)
(95,0)467142553(96,0)
(95,0)150343582(95,1)
(96,0)346315016(97,0)
(96,0)737115957(96,1)
(97,0)1103924804(98,0)
(97,0)498204219(97,1)
(98,0)1899740559(99,0)
(98,0)1629337443(98,1)
(99,0)1755374639(99,1)
(0,1)836758540(1,1)
(0,1)1649438624(0,2)
(1,1)1045475857(2,1)
(1,1)355049503(1,2)
(2,1)916492626(3,1)
(2,1)1911090640(2,2)
(3,1)597604955(4,1)
(3,1)1486253576(3,2)
(4,1)1687999974(5,1)
(4,1)1762682089(4,2)
(5,1)526561220(6,1)
(5,1)1287677105(5,2)
(6,1)1333154194(7,1)
(6,1)1307996849(6,2)
(7,1)443790758(8,1)
(7,1)1764181732(7,2)
(8,1)1818133537(9,1)
(8,1)1218199530(8,2)
(9,1)387392245(10,1)
(9,1)495675639(9,2)
(10,1)1789194256(11,1)
(10,1)188722186(10,2)
(11,1)655864739(12,1)
(11,1)537735827(11,2)
(12,1)884050843(13,1)
(12,1)378826565(12,2)
(13,1)1482751369(14,1)
(13,1)1154068958(13,2)
(14,1)906325869(15,1)
(14,1)365904638(14,2)
(15,1)2015343263(16,1)
(15,1)1090642360(15,2)
(16,1)1445691864(17,1)
(16,1)1743084409(16,2)
(17,1)1506691401(18,1)
(17,1)913335472(17,2)
(18,1)252105400(19,1)
(18,1)214700842(18,2)
(19,1)1977382932(20,1)
(19,1)2104296357(19,2)
(20,1)1244489814(21,1)
(20,1)1940105374(20,2)
(21,1)1100618575(22,1)
(21,1)356460504(21,2)
(22,1)2120642237(23,1)
(22,1)430160361(22,2)
(23,1)1648359891(24,1)
(23,1)1544409334(23,2)
(24,1)2040084973(25,1)
(24,1)1791292126(24,2)
(25,1)1980014312(26,1)
(25,1)2035752137(25,2)
(26,1)426004316(27,1)
(26,1)1681795581(26,2)
(27,1)2060622147(28,1)
(27,1)488395404(27,2)
(28,1)1642464362(29,1)
(28,1)1310055160(28,2)
(29,1)1675959798(30,1)
(29,1)1395889868(29,2)
(30,1)339048581(31,1)
(30,1)401306584(30,2)
(31,1)2144390993(32,1)
(31,1)1543819413(31,2)
(32,1)309671237(33,1)
(32,1)1784740445(32,2)
(33,1)1999441287(34,1)
(33,1)1503598747(33,2)
(34,1)1460411456(35,1)
(34,1)561776638(34,2)
(35,1)354398364(36,1)
(35,1)1829340571(35,2)
(36,1)38317428(37,1)
(36,1)557417622(36,2)
(37,1)987577983(38,1)
(37,1)1455016940(37,2)
(38,1)851942626(39,1)
(38,1)11476017(38,2)
(39,1)1802768143(40,1)
(39,1)488454227(39,2)
(40,1)376722716(41,1)
(40,1)744543951(40,2)
(41,1)278855884(42,1)
(41,1)1635298808(41,2)
(42,1)2123694212(43,1)
(42,1)802727032(42,2)
(43,1)2112782192(44,1)
(43,1)191994383(43,2)
(44,1)1587884252(45,1)
(44,1)1618674926(44,2)
(45,1)2019981510(46,1)
(45,1)1641258343(45,2)
(46,1)1037594108(47,1)
(46,1)1926932833(46,2)
(47,1)1564189630(48,1)
(47,1)2016888856(47,2)
(48,1)1373003955(49,1)
(48,1)1347265346(48,2)
(49,1)1909041984(50,1)
(49,1)1416147269(49,2)
(50,1)1098004193(51,1)
(50,1)685931763(50,2)
(51,1)1243349385(52,1)
(51,1)115956700(51,2)
(52,1)1570973640(53,1)
(52,1)1136321621(52,2)
(53,1)1147797638(54,1)
(53,1)83443721(53,2)
(54,1)571897948(55,1)
(54,1)275432618(54,2)
(55,1)1019976569(56,1)
(55,1)803082133(55,2)
(56,1)290897293(57,1)
(56,1)948620664(56,2)
(57,1)1751347696(58,1)
(57,1)1298832454(57,2)
(58,1)1490826837(59,1)
(58,1)267107857(58,2)
(59,1)1885782784(60,1)
(59,1)1716646241(59,2)
(60,1)1210420936(61,1)
(60,1)931227441(60,2)
(61,1)710676626(62,1)
(61,1)1758280646(61,2)
(62,1)1627685854(63,1)
(62,1)100531396(62,2)
(63,1)1447796742(64,1)
(63,1)127382608(63,2)
(64,1)1543529878(65,1)
(64,1)853206161(64,2)
(65,1)1539137924(66,1)
(65,1)1209355078(65,2)
(66,1)1325311779(67,1)
(66,1)494050423(66,2)
(67,1)1630372044(68,1)
(67,1)635003662(67,2)
(68,1)718447383(69,1)
(68,1)748801771(68,2)
(69,1)1024234390(70,1)
(69,1)630686034(69,2)
(70,1)1433768167(71,1)
(70,1)1290345331(70,2)
(71,1)91482347(72,1)
(71,1)2044210959(71,2)
(72,1)1195559765(73,1)
(72,1)1724665461(72,2)
(73,1)1991773318(74,1)
(73,1)1842830043(73,2)
(74,1)1411992636(75,1)
(74,1)538902955(74,2)
(75,1)1470130396(76,1)
(75,1)1730072454(75,2)
(76,1)1340869453(77,1)
(76,1)474929924(76,2)
(77,1)575461321(78,1)
(77,1)33323375(77,2)
(78,1)160705983(79,1)
(78,1)821071659(78,2)
(79,1)1674277821(80,1)
(79,1)2023258063(79,2)
(80,1)1085129494(81,1)
(80,1)1704235861(80,2)
(81,1)50802636(82,1)
(81,1)1065932097(81,2)
(82,1)1700935759(83,1)
(82,1)262957625(82,2)
(83,1)1011759396(84,1)
(83,1)1681174680(83,2)
(84,1)164377066(85,1)
(84,1)271899494(84,2)
(85,1)1562244825(86,1)
(85,1)2035993786(85,2)
(86,1)1932721098(87,1)
(86,1)1598145234(86,2)
(87,1)1175327047(88,1)
(87,1)1653727172(87,2)
(88,1)1349073568(89,1)
(88,1)980797215(88,2)
(89,1)1519700170(90,1)
(89,1)1019616717(89,2)
(90,1)602205524(91,1)
(90,1)613582556(90,2)
(91,1)1088512481(92,1)
(91,1)842346919(91,2)
(92,1)875670294(93,1)
(92,1)1943074977(92,2)
(93,1)616662988(94,1)
(93,1)1663973802(93,2)
(94,1)1539748217(95,1)
(94,1)1036376277(94,2)
(95,1)593128491(96,1)
(95,1)143457161(95,2)
(96,1)1209389259(97,1)
(96,1)477394063(96,2)
(97,1)740351688(98,1)
(97,1)643931127(97,2)
(98,1)177622160(99,1)
(98,1)762841370(98,2)
(99,1)1752111085(99,2)
(0,2)341999226(1,2)
(0,2)1034740865(0,3)
(1,2)449502042(2,2)
(1,2)1640621223(1,3)
(2,2)1425858673(3,2)
(2,2)1940144460(2,3)
(3,2)967987859(4,2)
(3,2)2103229215(3,3)
(4,2)1304819135(5,2)
(4,2)259172241(4,3)
(5,2)1778872411(6,2)
(5,2)1987604577(5,3)
(6,2)442326453(7,2)
(6,2)1918401691(6,3)
(7,2)859430524(8,2)
(7,2)473735682(7,3)
(8,2)1349405976(9,2)
(8,2)237917782(8,3)
(9,2)854580770(10,2)
(9,2)375920678(9,3)
(10,2)1915668896(11,2)
(10,2)238298606(10,3)
(11,2)831427097(12,2)
(11,2)998037932(11,3)
(12,2)59943543(13,2)
(12,2)245579311(12,3)
(13,2)985931000(14,2)
(13,2)1475358224(13,3)
(14,2)1652980384(15,2)
(14,2)822784913(14,3)
(15,2)1857525778(16,2)
(15,2)590558437(15,3)
(16,2)83696012(17,2)
(16,2)1994979611(16,3)
(17,2)1787640423(18,2)
(17,2)159544173(17,3)
(18,2)115289740(19,2)
(18,2)1509554686(18,3)
(19,2)1768726927(20,2)
(19,2)608144635(19,3)
(20,2)448265564(21,2)
(20,2)1420108875(20,3)
(21,2)1191026918(22,2)
(21,2)1400115690(21,3)
(22,2)1873851373(23,2)
(22,2)890592017(22,3)
(23,2)1128509799(24,2)
(23,2)2050457443(23,3)
(24,2)278894473(25,2)
(24,2)1075773701(24,3)
(25,2)1314072307(26,2)
(25,2)1983090569(25,3)
(26,2)833644853(27,2)
(26,2)47079721(26,3)
(27,2)292659033(28,2)
(27,2)2145499404(27,3)
(28,2)1473373981(29,2)
(28,2)893588396(28,3)
(29,2)1716373310(30,2)
(29,2)1278590033(29,3)
(30,2)1869148470(31,2)
(30,2)978870717(30,3)
(31,2)826366680(32,2)
(31,2)1426415440(31,3)
(32,2)1585959613(33,2)
(32,2)1952844482(32,3)
(33,2)1314915520(34,2)
(33,2)466523456(33,3)
(34,2)1074668091(35,2)
(34,2)1701249353(34,3)
(35,2)973874580(36,2)
(35,2)936158799(35,3)
(36,2)188790842(37,2)
(36,2)1522933655(36,3)
(37,2)266042024(38,2)
(37,2)17417851(37,3)
(38,2)2067875294(39,2)
(38,2)2062642215(38,3)
(39,2)990932268(40,2)
(39,2)1394551823(39,3)
(40,2)1230158744(41,2)
(40,2)199286119(40,3)
(41,2)246365841(42,2)
(41,2)157520928(41,3)
(42,2)155536684(43,2)
(42,2)2063803598(42,3)
(43,2)809908346(44,2)
(43,2)539024874(43,3)
(44,2)1817614907(45,2)
(44,2)1628910665(44,3)
(45,2)460297735(46,2)
(45,2)378798008(45,3)
(46,2)1805213449(47,2)
(46,2)1539279729(46,3)
(47,2)1344640563(48,2)
(47,2)1286664415(47,3)
(48,2)1753187871(49,2)
(48,2)1243689414(48,3)
(49,2)797455120(50,2)
(49,2)512072436(49,3)
(50,2)1448231235(51,2)
(50,2)680372314(50,3)
(51,2)55822321(52,2)
(51,2)1771329700(51,3)
(52,2)1788747551(53,2)
(52,2)1637022077(52,3)
(53,2)1552180644(54,2)
(53,2)321864345(53,3)
(54,2)1716416168(55,2)
(54,2)1709139197(54,3)
(55,2)1908425317(56,2)
(55,2)395629265(55,3)
(56,2)553150193(57,2)
(56,2)799091265(56,3)
(57,2)715411215(58,2)
(57,2)7307510(57,3)
(58,2)546332384(59,2)
(58,2)708686877(58,3)
(59,2)190113895(60,2)
(59,2)1525319561(59,3)
(60,2)1904117570(61,2)
(60,2)216463643(60,3)
(61,2)1755743372(62,2)
(61,2)650411630(61,3)
(62,2)1937076045(63,2)
(62,2)1561847371(62,3)
(63,2)658053137(64,2)
(63,2)952900287(63,3)
(64,2)1464972723(65,2)
(64,2)1542780269(64,3)
(65,2)75668935(66,2)
(65,2)1455508257(65,3)
(66,2)1079354310(67,2)
(66,2)765720311(66,3)
(67,2)255258740(68,2)
(67,2)131491257(67,3)
(68,2)453355602(69,2)
(68,2)720618213(68,3)
(69,2)282273763(70,2)
(69,2)1807439385(69,3)
(70,2)55585002(71,2)
(70,2)22288123(70,3)
(71,2)821379388(72,2)
(71,2)43215432(71,3)
(72,2)50522942(73,2)
(72,2)608735195(72,3)
(73,2)1317422072(74,2)
(73,2)1536790603(73,3)
(74,2)914626516(75,2)
(74,2)596855326(74,3)
(75,2)813318969(76,2)
(75,2)1507535967(75,3)
(76,2)10463949(77,2)
(76,2)671260438(76,3)
(77,2)85624161(78,2)
(77,2)421578693(77,3)
(78,2)1374478980(79,2)
(78,2)1947539995(78,3)
(79,2)1342836616(80,2)
(79,2)743677299(79,3)
(80,2)51701908(81,2)
(80,2)691968056(80,3)
(81,2)1457688367(82,2)
(81,2)1418505551(81,3)
(82,2)1549996808(83,2)
(82,2)1131056218(82,3)
(83,2)1851674432(84,2)
(83,2)1712947107(83,3)
(84,2)1372902844(85,2)
(84,2)2003352411(84,3)
(85,2)2025640534(86,2)
(85,2)2133948195(85,3)
(86,2)29679979(87,2)
(86,2)1428487846(86,3)
(87,2)2037223041(88,2)
(87,2)699536274(87,3)
(88,2)88843229(89,2)
(88,2)80202921(88,3)
(89,2)677058247(90,2)
(89,2)1207161466(89,3)
(90,2)567213785(91,2)
(90,2)1003469745(90,3)
(91,2)1674730184(92,2)
(91,2)1490377216(91,3)
(92,2)1911955909(93,2)
(92,2)577677735(92,3)
(93,2)377734082(94,2)
(93,2)1760354345(93,3)
(94,2)356547996(95,2)
(94,2)1138951241(94,3)
(95,2)1830919297(96,2)
(95,2)1720570698(95,3)
(96,2)991592601(97,2)
(96,2)408249905(96,3)
(97,2)1539306123(98,2)
(97,2)1141124016(97,3)
(98,2)706587476(99,2)
(98,2)394105762(98,3)
(99,2)1243496907(99,3)
(0,3)2079490320(1,3)
(0,3)249974525(0,4)
(1,3)128131411(2,3)
(1,3)1229961454(1,4)
(2,3)1259641433(3,3)
(2,3)1360494519(2,4)
(3,3)1250233912(4,3)
(3,3)827667685(3,4)
(4,3)916510914(5,3)
(4,3)1339844354(4,4)
(5,3)2016902601(6,3)
(5,3)309911730(5,4)
(6,3)877125516(7,3)
(6,3)1919980659(6,4)
(7,3)1447227195(8,3)
(7,3)1359796169(7,4)
(8,3)1124268430(9,3)
(8,3)1454803251(8,4)
(9,3)1832537333(10,3)
(9,3)1060097893(9,4)
(10,3)1416645889(11,3)
(10,3)115736024(10,4)
(11,3)1946655321(12,3)
(11,3)1405624383(11,4)
(12,3)249733336(13,3)
(12,3)1824895794(12,4)
(13,3)1216718270(14,3)
(13,3)940295690(13,4)
(14,3)1646883166(15,3)
(14,3)643839098(14,4)
(15,3)893813623(16,3)
(15,3)312731529(15,4)
(16,3)1542692984(17,3)
(16,3)1578889838(16,4)
(17,3)791900709(18,3)
(17,3)1021945034(17,4)
(18,3)1849612719(19,3)
(18,3)654850769(18,4)
(19,3)1994695124(20,3)
(19,3)2042134622(19,4)
(20,3)204562704(21,3)
(20,3)618639985(20,4)
(21,3)391136997(22,3)
(21,3)1864114077(21,4)
(22,3)1076426599(23,3)
(22,3)1081688220(22,4)
(23,3)389007823(24,3)
(23,3)1838364192(23,4)
(24,3)750978437(25,3)
(24,3)53211381(24,4)
(25,3)168947405(26,3)
(25,3)74061508(25,4)
(26,3)1479685891(27,3)
(26,3)20140679(26,4)
(27,3)1845036473(28,3)
(27,3)2115602727(27,4)
(28,3)908414769(29,3)
(28,3)1729419228(28,4)
(29,3)225774678(30,3)
(29,3)914271095(29,4)
(30,3)1227002625(31,3)
(30,3)407814287(30,4)
(31,3)1986704125(32,3)
(31,3)1119588302(31,4)
(32,3)2141533336(33,3)
(32,3)622211961(32,4)
(33,3)1277062730(34,3)
(33,3)631121187(33,4)
(34,3)525772161(35,3)
(34,3)1843662408(34,4)
(35,3)314818745(36,3)
(35,3)1124274206(35,4)
(36,3)840904636(37,3)
(36,3)730334865(36,4)
(37,3)1812023086(38,3)
(37,3)705955742(37,4)
(38,3)396836287(39,3)
(38,3)1917331235(38,4)
(39,3)1970542616(40,3)
(39,3)53547261(39,4)
(40,3)127608770(41,3)
(40,3)1147814724(40,4)
(41,3)1167955403(42,3)
(41,3)2139490022(41,4)
(42,3)2107609101(43,3)
(42,3)1607294661(42,4)
(43,3)1189230241(44,3)
(43,3)865508229(43,4)
(44,3)1779779324(45,3)
(44,3)868540222(44,4)
(45,3)1276354509(46,3)
(45,3)1415004920(45,4)
(46,3)387109574(47,3)
(46,3)859298301(46,4)
(47,3)1481510262(48,3)
(47,3)1115574986(47,4)
(48,3)1746696173(49,3)
(48,3)381159262(48,4)
(49,3)77338022(50,3)
(49,3)611089345(49,4)
(50,3)1735363551(51,3)
(50,3)124984686(50,4)
(51,3)855319552(52,3)
(51,3)392156768(51,4)
(52,3)1098112510(53,3)
(52,3)428784539(52,4)
(53,3)198632126(54,3)
(53,3)519858990(53,4)
(54,3)573406251(55,3)
(54,3)1494948797(54,4)
(55,3)495279874(56,3)
(55,3)21691095(55,4)
(56,3)13697469(57,3)
(56,3)701015021(56,4)
(57,3)160826035(58,3)
(57,3)1663235277(57,4)
(58,3)381259858(59,3)
(58,3)2121306570(58,4)
(59,3)842363144(60,3)
(59,3)1350056276(59,4)
(60,3)617577548(61,3)
(60,3)13555535(60,4)
(61,3)872853836(62,3)
(61,3)2118717653(61,4)
(62,3)1086808991(63,3)
(62,3)1004687122(62,4)
(63,3)1385846385(64,3)
(63,3)206880451(63,4)
(64,3)817969796(65,3)
(64,3)686021517(64,4)
(65,3)811006203(66,3)
(65,3)1463184407(65,4)
(66,3)1855341175(67,3)
(66,3)405849699(66,4)
(67,3)834634239(68,3)
(67,3)1666325755(67,4)
(68,3)38701097(69,3)
(68,3)805970038(68,4)
(69,3)153435187(70,3)
(69,3)1033266365(69,4)
(70,3)1054957460(71,3)
(70,3)612107349(70,4)
(71,3)1313122370(72,3)
(71,3)648715061(71,4)
(72,3)164466691(73,3)
(72,3)1068654929(72,4)
(73,3)1042477851(74,3)
(73,3)1473948405(73,4)
(74,3)676521034(75,3)
(74,3)545726549(74,4)
(75,3)559282084(76,3)
(75,3)1884840995(75,4)
(76,3)1856075000(77,3)
(76,3)1294098582(76,4)
(77,3)151302057(78,3)
(77,3)1432135921(77,4)
(78,3)1639016372(79,3)
(78,3)795400344(78,4)
(79,3)1481421861(80,3)
(79,3)1537148442(79,4)
(80,3)852849201(81,3)
(80,3)309502520(80,4)
(81,3)715352219(82,3)
(81,3)144944416(81,4)
(82,3)1811270172(83,3)
(82,3)560706729(82,4)
(83,3)1366676767(84,3)
(83,3)1549986458(83,4)
(84,3)435769176(85,3)
(84,3)1849971269(84,4)
(85,3)314594970(86,3)
(85,3)1520111954(85,4)
(86,3)21343368(87,3)
(86,3)1490726636(86,4)
(87,3)411897918(88,3)
(87,3)1627717341(87,4)
(88,3)954182098(89,3)
(88,3)185810059(88,4)
(89,3)731536608(90,3)
(89,3)1454375769(89,4)
(90,3)1191733117(91,3)
(90,3)1630703132(90,4)
(91,3)777318067(92,3)
(91,3)1290818693(91,4)
(92,3)575470966(93,3)
(92,3)900324469(92,4)
(93,3)1695724813(94,3)
(93,3)928620124(93,4)
(94,3)318284918(95,3)
(94,3)67003690(94,4)
(95,3)376506210(96,3)
(95,3)1029663026(95,4)
(96,3)1174607443(97,3)
(96,3)1171134119(96,4)
(97,3)1731840848(98,3)
(97,3)1091858429(97,4)
(98,3)494361240(99,3)
(98,3)838393967(98,4)
(99,3)951033967(99,4)
(0,4)930130416(1,4)
(0,4)540881588(0,5)
(1,4)855476559(2,4)
(1,4)323662274(1,5)
(2,4)345005642(3,4)
(2,4)273373404(2,5)
(3,4)685271322(4,4)
(3,4)335710252(3,5)
(4,4)1289892350(5,4)
(4,4)530815701(4,5)
(5,4)1262352309(6,4)
(5,4)2139647092(5,5)
(6,4)1183896561(7,4)
(6,4)773111835(6,5)
(7,4)1550429902(8,4)
(7,4)405687354(7,5)
(8,4)981158320(9,4)
(8,4)2084221030(8,5)
(9,4)1632462196(10,4)
(9,4)331566378(9,5)
(10,4)649851296(11,4)
(10,4)1048162010(10,5)
(11,4)1424668220(12,4)
(11,4)514641574(11,5)
(12,4)1689249017(13,4)
(12,4)1820985415(12,5)
(13,4)1405342616(14,4)
(13,4)369043002(13,5)
(14,4)863404242(15,4)
(14,4)380159336(14,5)
(15,4)921040925(16,4)
(15,4)208892935(15,5)
(16,4)532555209(17,4)
(16,4)1793534658(16,5)
(17,4)2066908062(18,4)
(17,4)1776517484(17,5)
(18,4)2112227736(19,4)
(18,4)877560851(18,5)
(19,4)1408376552(20,4)
(19,4)604695737(19,5)
(20,4)596859181(21,4)
(20,4)1254636438(20,5)
(21,4)2027748273(22,4)
(21,4)523245214(21,5)
(22,4)928932568(23,4)
(22,4)1780755742(22,5)
(23,4)1717493124(24,4)
(23,4)1430694527(23,5)
(24,4)1762260905(25,4)
(24,4)1910090889(24,5)
(25,4)810769251(26,4)
(25,4)1202471672(25,5)
(26,4)1717113247(27,4)
(26,4)264628553(26,5)
(27,4)2085613969(28,4)
(27,4)87953824(27,5)
(28,4)456996826(29,4)
(28,4)1258878616(28,5)
(29,4)1639037953(30,4)
(29,4)1343472937(29,5)
(30,4)1552365872(31,4)
(30,4)1320401068(30,5)
(31,4)966452078(32,4)
(31,4)412595230(31,5)
(32,4)41629066(33,4)
(32,4)2084921082(32,5)
(33,4)814998285(34,4)
(33,4)885876492(33,5)
(34,4)1490572229(35,4)
(34,4)6373154(34,5)
(35,4)1261009592(36,4)
(35,4)75891190(35,5)
(36,4)599136404(37,4)
(36,4)2087431410(36,5)
(37,4)1720703504(38,4)
(37,4)1141274218(37,5)
(38,4)424485097(39,4)
(38,4)1528068972(38,5)
(39,4)1290676213(40,4)
(39,4)1290712981(39,5)
(40,4)345701005(41,4)
(40,4)39262355(40,5)
(41,4)303890908(42,4)
(41,4)2101445465(41,5)
(42,4)41915641(43,4)
(42,4)2062814252(42,5)
(43,4)1174209221(44,4)
(43,4)242021229(43,5)
(44,4)1585494166(45,4)
(44,4)498912467(44,5)
(45,4)1819313535(46,4)
(45,4)665763526(45,5)
(46,4)1078358756(47,4)
(46,4)990376391(46,5)
(47,4)927813825(48,4)
(47,4)638281965(47,5)
(48,4)1524158457(49,4)
(48,4)1119987822(48,5)
(49,4)1126360976(50,4)
(49,4)1742812110(49,5)
(50,4)1818703300(51,4)
(50,4)867247039(50,5)
(51,4)807194801(52,4)
(51,4)239886920(51,5)
(52,4)1381161138(53,4)
(52,4)270356056(52,5)
(53,4)1798425029(54,4)
(53,4)380414658(53,5)
(54,4)1671127639(55,4)
(54,4)1805646236(54,5)
(55,4)1844908591(56,4)
(55,4)941617594(55,5)
(56,4)895579411(57,4)
(56,4)2016828644(56,5)
(57,4)1932159249(58,4)
(57,4)1315851(57,5)
(58,4)243337081(59,4)
(58,4)937495052(58,5)
(59,4)1436407519(60,4)
(59,4)958884822(59,5)
(60,4)1624648348(61,4)
(60,4)1828831247(60,5)
(61,4)671723990(62,4)
(61,4)1108237406(61,5)
(62,4)1746519371(63,4)
(62,4)555523456(62,5)
(63,4)1675511278(64,4)
(63,4)1599537815(63,5)
(64,4)1194866278(65,4)
(64,4)1123194181(64,5)
(65,4)1990441220(66,4)
(65,4)654388606(65,5)
(66,4)894275526(67,4)
(66,4)866085930(66,5)
(67,4)1136441987(68,4)
(67,4)650152373(67,5)
(68,4)1030567031(69,4)
(68,4)127953017(68,5)
(69,4)1933599253(70,4)
(69,4)787383368(69,5)
(70,4)1729000962(71,4)
(70,4)554211022(70,5)
(71,4)423556019(72,4)
(71,4)1631024196(71,5)
(72,4)1632340047(73,4)
(72,4)477096726(72,5)
(73,4)1414591778(74,4)
(73,4)208231620(73,5)
(74,4)1167116442(75,4)
(74,4)1875677128(74,5)
(75,4)1557024728(76,4)
(75,4)703515650(75,5)
(76,4)1811753056(77,4)
(76,4)644281142(76,5)
(77,4)1199804598(78,4)
(77,4)81265070(77,5)
(78,4)1680802886(79,4)
(78,4)1410788780(78,5)
(79,4)386499313(80,4)
(79,4)727832228(79,5)
(80,4)1382220834(81,4)
(80,4)728185516(80,5)
(81,4)1594271446(82,4)
(81,4)229456885(81,5)
(82,4)879609258(83,4)
(82,4)129012712(82,5)
(83,4)256965729(84,4)
(83,4)583229785(83,5)
(84,4)1370613153(85,4)
(84,4)1910176290(84,5)
(85,4)316903664(86,4)
(85,4)43081334(85,5)
(86,4)1674105530(87,4)
(86,4)952130468(86,5)
(87,4)1429227194(88,4)
(87,4)740459683(87,5)
(88,4)948691303(89,4)
(88,4)1158961930(88,5)
(89,4)887155410(90,4)
(89,4)696335324(89,5)
(90,4)1399850974(91,4)
(90,4)2115807745(90,5)
(91,4)612605239(92,4)
(91,4)296696490(91,5)
(92,4)377961561(93,4)
(92,4)1064120383(92,5)
(93,4)327425515(94,4)
(93,4)1812409837(93,5)
(94,4)392758417(95,4)
(94,4)2058764447(94,5)
(95,4)639466315(96,4)
(95,4)713924828(95,5)
(96,4)943381713(97,4)
(96,4)1774979251(96,5)
(97,4)1903991964(98,4)
(97,4)86254113(97,5)
(98,4)669483899(99,4)
(98,4)1822990971(98,5)
(99,4)13474045(99,5)
(0,5)2040097052(1,5)
(0,5)1585683613(0,6)
(1,5)1902587278(2,5)
(1,5)56555380(1,6)
(2,5)1730660910(3,5)
(2,5)844743872(2,6)
(3,5)126487418(4,5)
(3,5)495563313(3,6)
(4,5)1444254617(5,5)
(4,5)742139192(4,6)
(5,5)1629294603(6,5)
(5,5)822822743(5,6)
(6,5)75190069(7,5)
(6,5)1412578714(6,6)
(7,5)2025183954(8,5)
(7,5)1925991093(7,6)
(8,5)156469006(9,5)
(8,5)1139310452(8,6)
(9,5)1466735967(10,5)
(9,5)1690110143(9,6)
(10,5)2082868561(11,5)
(10,5)67749805(10,6)
(11,5)707216120(12,5)
(11,5)33177147(11,6)
(12,5)976558860(13,5)
(12,5)1710364164(12,6)
(13,5)1466872480(14,5)
(13,5)793470234(13,6)
(14,5)1462954133(15,5)
(14,5)652066184(14,6)
(15,5)90266149(16,5)
(15,5)1480346526(15,6)
(16,5)1536901906(17,5)
(16,5)1355567537(16,6)
(17,5)52827762(18,5)
(17,5)1992853427(17,6)
(18,5)340933093(19,5)
(18,5)1120079168(18,6)
(19,5)1862218361(20,5)
(19,5)179315180(19,6)
(20,5)1002137923(21,5)
(20,5)1785187710(20,6)
(21,5)1050282776(22,5)
(21,5)1344029316(21,6)
(22,5)1122536761(23,5)
(22,5)1077327993(22,6)
(23,5)69154797(24,5)
(23,5)927983082(23,6)
(24,5)470609578(25,5)
(24,5)1279005768(24,6)
(25,5)1346755573(26,5)
(25,5)1535890765(25,6)
(26,5)1569067912(27,5)
(26,5)405994491(26,6)
(27,5)2116358655(28,5)
(27,5)2053971694(27,6)
(28,5)699958280(29,5)
(28,5)398143125(28,6)
(29,5)1050209309(30,5)
(29,5)1435747488(29,6)
(30,5)768610366(31,5)
(30,5)15428765(30,6)
(31,5)1370996302(32,5)
(31,5)1140475458(31,6)
(32,5)985845238(33,5)
(32,5)158028624(32,6)
(33,5)1278107792(34,5)
(33,5)1423824064(33,6)
(34,5)1603139245(35,5)
(34,5)1326778331(34,6)
(35,5)964482393(36,5)
(35,5)992842505(35,6)
(36,5)189388173(37,5)
(36,5)457793520(36,6)
(37,5)1535121513(38,5)
(37,5)2014765169(37,6)
(38,5)795264604(39,5)
(38,5)1311924935(38,6)
(39,5)443447055(40,5)
(39,5)1604276311(39,6)
(40,5)992683428(41,5)
(40,5)1265874182(40,6)
(41,5)1671868673(42,5)
(41,5)1790202628(41,6)
(42,5)1696690674(43,5)
(42,5)414267692(42,6)
(43,5)812410817(44,5)
(43,5)1640743680(43,6)
(44,5)929007520(45,5)
(44,5)249165306(44,6)
(45,5)264594071(46,5)
(45,5)1862620126(45,6)
(46,5)855611937(47,5)
(46,5)1697617886(46,6)
(47,5)1855646510(48,5)
(47,5)1635590374(47,6)
(48,5)911930790(49,5)
(48,5)1841457175(48,6)
(49,5)1020751858(50,5)
(49,5)986270655(49,6)
(50,5)1979113160(51,5)
(50,5)367586387(50,6)
(51,5)825379908(52,5)
(51,5)1985234251(51,6)
(52,5)1852515772(53,5)
(52,5)21017686(52,6)
(53,5)1332942621(54,5)
(53,5)213017773(53,6)
(54,5)1817294084(55,5)
(54,5)500296728(54,6)
(55,5)1766170910(56,5)
(55,5)1776389676(55,6)
(56,5)1419108656(57,5)
(56,5)662493864(56,6)
(57,5)1076761557(58,5)
(57,5)1290555935(57,6)
(58,5)783815968(59,5)
(58,5)968315683(58,6)
(59,5)1217480989(60,5)
(59,5)1889172374(59,6)
(60,5)1604308853(61,5)
(60,5)1712823488(60,6)
(61,5)1262957727(62,5)
(61,5)1482075061(61,6)
(62,5)970181787(63,5)
(62,5)312437142(62,6)
(63,5)6410669(64,5)
(63,5)971120589(63,6)
(64,5)1957391244(65,5)
(64,5)1882112577(64,6)
(65,5)102215317(66,5)
(65,5)1027162527(65,6)
(66,5)864913130(67,5)
(66,5)1789020757(66,6)
(67,5)1810038443(68,5)
(67,5)927595225(67,6)
(68,5)1140612998(69,5)
(68,5)569945254(68,6)
(69,5)1070241983(70,5)
(69,5)995497416(69,6)
(70,5)624403444(71,5)
(70,5)810423435(70,6)
(71,5)1472917299(72,5)
(71,5)688929245(71,6)
(72,5)1979485181(73,5)
(72,5)2043512100(72,6)
(73,5)864344135(74,5)
(73,5)402195208(73,6)
(74,5)143883935(75,5)
(74,5)615817501(74,6)
(75,5)181157341(76,5)
(75,5)2081825125(75,6)
(76,5)1416416538(77,5)
(76,5)1748192788(76,6)
(77,5)2060629930(78,5)
(77,5)1444115068(77,6)
(78,5)267752010(79,5)
(78,5)239114677(78,6)
(79,5)2121227254(80,5)
(79,5)2067040599(79,6)
(80,5)946719478(81,5)
(80,5)77659606(80,6)
(81,5)1866680363(82,5)
(81,5)75958923(81,6)
(82,5)1003554148(83,5)
(82,5)1811632608(82,6)
(83,5)234094214(84,5)
(83,5)1529235158(83,6)
(84,5)377248926(85,5)
(84,5)2144167147(84,6)
(85,5)807106934(86,5)
(85,5)1304336197(85,6)
(86,5)1993265443(87,5)
(86,5)1001652370(86,6)
(87,5)897680823(88,5)
(87,5)132540585(87,6)
(88,5)534735794(89,5)
(88,5)1825266976(88,6)
(89,5)293600829(90,5)
(89,5)1762024958(89,6)
(90,5)1696366435(91,5)
(90,5)678619729(90,6)
(91,5)279328869(92,5)
(91,5)474758170(91,6)
(92,5)1918873239(93,5)
(92,5)965299325(92,6)
(93,5)1204414002(94,5)
(93,5)192475151(93,6)
(94,5)112032102(95,5)
(94,5)39141601(94,6)
(95,5)116801207(96,5)
(95,5)1178157609(95,6)
(96,5)1254116532(97,5)
(96,5)1058751580(96,6)
(97,5)722900540(98,5)
(97,5)1983481571(97,6)
(98,5)1365233081(99,5)
(98,5)110187033(98,6)
(99,5)956994754(99,6)
(0,6)1742482008(1,6)
(0,6)106870532(0,7)
(1,6)913977466(2,6)
(1,6)113847304(1,7)
(2,6)2107112747(3,6)
(2,6)596650730(2,7)
(3,6)1494331553(4,6)
(3,6)1046518051(3,7)
(4,6)1581253845(5,6)
(4,6)1784896075(4,7)
(5,6)2078496904(6,6)
(5,6)1108872864(5,7)
(6,6)657755651(7,6)
(6,6)112389926(6,7)
(7,6)391718795(8,6)
(7,6)405771426(7,7)
(8,6)177161017(9,6)
(8,6)1623054977(8,7)
(9,6)679985331(10,6)
(9,6)584193946(9,7)
(10,6)696226048(11,6)
(10,6)216302618(10,7)
(11,6)333103826(12,6)
(11,6)1858142940(11,7)
(12,6)964775825(13,6)
(12,6)1754977628(12,7)
(13,6)330394520(14,6)
(13,6)169101749(13,7)
(14,6)1534334830(15,6)
(14,6)1074962858(14,7)
(15,6)1181833390(16,6)
(15,6)1287389275(15,7)
(16,6)1401236579(17,6)
(16,6)1129333190(16,7)
(17,6)1725983921(18,6)
(17,6)2095810856(17,7)
(18,6)994845259(19,6)
(18,6)1360865678(18,7)
(19,6)998278105(20,6)
(19,6)1072831826(19,7)
(20,6)34221042(21,6)
(20,6)428615457(20,7)
(21,6)541005383(22,6)
(21,6)929291361(21,7)
(22,6)1335062787(23,6)
(22,6)691976694(22,7)
(23,6)167548023(24,6)
(23,6)932724179(23,7)
(24,6)1516918125(25,6)
(24,6)1512223805(24,7)
(25,6)1728526423(26,6)
(25,6)847533354(25,7)
(26,6)558192647(27,6)
(26,6)65660526(26,7)
(27,6)1820638154(28,6)
(27,6)2061630249(27,7)
(28,6)83248350(29,6)
(28,6)1522968472(28,7)
(29,6)450447682(30,6)
(29,6)3549027(29,7)
(30,6)1290938302(31,6)
(30,6)1617583181(30,7)
(31,6)599432723(32,6)
(31,6)1632281072(31,7)
(32,6)1580608280(33,6)
(32,6)544691233(32,7)
(33,6)1905556911(34,6)
(33,6)177932996(33,7)
(34,6)1250764823(35,6)
(34,6)427969891(34,7)
(35,6)856585348(36,6)
(35,6)756351368(35,7)
(36,6)1685642729(37,6)
(36,6)1284985865(36,7)
(37,6)1976962559(38,6)
(37,6)1397590732(37,7)
(38,6)182831263(39,6)
(38,6)873221868(38,7)
(39,6)237962025(40,6)
(39,6)2144510582(39,7)
(40,6)844560289(41,6)
(40,6)1699749388(40,7)
(41,6)1765409914(42,6)
(41,6)1966488449(41,7)
(42,6)1880635050(43,6)
(42,6)1402752936(42,7)
(43,6)778237760(44,6)
(43,6)1438564421(43,7)
(44,6)1442113448(45,6)
(44,6)1963883401(44,7)
(45,6)1433982934(46,6)
(45,6)1228685442(45,7)
(46,6)713482866(47,6)
(46,6)585568102(46,7)
(47,6)1130259335(48,6)
(47,6)2033415657(47,7)
(48,6)63865006(49,6)
(48,6)146607498(48,7)
(49,6)574577389(50,6)
(49,6)888332598(49,7)
(50,6)1644683966(51,6)
(50,6)1314629829(50,7)
(51,6)452132046(52,6)
(51,6)1431162738(51,7)
(52,6)681269822(53,6)
(52,6)1182843047(52,7)
(53,6)2056064915(54,6)
(53,6)281610958(53,7)
(54,6)278637892(55,6)
(54,6)864101085(54,7)
(55,6)416366825(56,6)
(55,6)146543293(55,7)
(56,6)2113031742(57,6)
(56,6)1123198181(56,7)
(57,6)378467469(58,6)
(57,6)34293092(57,7)
(58,6)1472857513(59,6)
(58,6)1846183144(58,7)
(59,6)1662582897(60,6)
(59,6)1156705229(59,7)
(60,6)237907023(61,6)
(60,6)767487313(60,7)
(61,6)1353055415(62,6)
(61,6)949082183(61,7)
(62,6)835014193(63,6)
(62,6)951389889(62,7)
(63,6)1097997387(64,6)
(63,6)335831102(63,7)
(64,6)1224163700(65,6)
(64,6)898879199(64,7)
(65,6)66025380(66,6)
(65,6)1672574777(65,7)
(66,6)956253867(67,6)
(66,6)721364018(66,7)
(67,6)1904207065(68,6)
(67,6)518157426(67,7)
(68,6)799768384(69,6)
(68,6)1637523689(68,7)
(69,6)354141126(70,6)
(69,6)1812788332(69,7)
(70,6)1959331625(71,6)
(70,6)1078406277(70,7)
(71,6)54120810(72,6)
(71,6)770507951(71,7)
(72,6)804801043(73,6)
(72,6)1924879719(72,7)
(73,6)1623579216(74,6)
(73,6)432588280(73,7)
(74,6)1589293509(75,6)
(74,6)130174908(74,7)
(75,6)897662221(76,6)
(75,6)1138678465(75,7)
(76,6)2087760649(77,6)
(76,6)1827200533(76,7)
(77,6)631106774(78,6)
(77,6)103233988(77,7)
(78,6)439065090(79,6)
(78,6)775291194(78,7)
(79,6)1674170393(80,6)
(79,6)1729104162(79,7)
(80,6)1254195291(81,6)
(80,6)1663228790(80,7)
(81,6)237109160(82,6)
(81,6)1740195773(81,7)
(82,6)110869551(83,6)
(82,6)62965510(82,7)
(83,6)1700489199(84,6)
(83,6)2141316225(83,7)
(84,6)1806620910(85,6)
(84,6)910637936(84,7)
(85,6)1989044213(86,6)
(85,6)2054630325(85,7)
(86,6)677654628(87,6)
(86,6)1618468887(86,7)
(87,6)1395864959(88,6)
(87,6)2043165023(87,7)
(88,6)328269655(89,6)
(88,6)1482455672(88,7)
(89,6)1612630580(90,6)
(89,6)871960527(89,7)
(90,6)2010638992(91,6)
(90,6)1917563165(90,7)
(91,6)1597280050(92,6)
(91,6)362809154(91,7)
(92,6)466043142(93,6)
(92,6)1950915993(92,7)
(93,6)578723539(94,6)
(93,6)80903176(93,7)
(94,6)1810007338(95,6)
(94,6)905108233(94,7)
(95,6)420853375(96,6)
(95,6)105410284(95,7)
(96,6)1845606057(97,6)
(96,6)916718981(96,7)
(97,6)979684491(98,6)
(97,6)657962536(97,7)
(98,6)651795113(99,6)
(98,6)1956475609(98,7)
(99,6)532690042(99,7)
(0,7)310932375(1,7)
(0,7)719629897(0,8)
(1,7)561190462(2,7)
(1,7)439836719(1,8)
(2,7)1117491348(3,7)
(2,7)1929401263(2,8)
(3,7)1177782574(4,7)
(3,7)456871837(3,8)
(4,7)785141493(5,7)
(4,7)452463372(4,8)
(5,7)2065093952(6,7)
(5,7)2049743101(5,8)
(6,7)1912898445(7,7)
(6,7)555221010(6,8)
(7,7)5017412(8,7)
(7,7)280419458(7,8)
(8,7)746462601(9,7)
(8,7)1716330791(8,8)
(9,7)147570682(10,7)
(9,7)85920588(9,8)
(10,7)1895927927(11,7)
(10,7)1651570834(10,8)
(11,7)2072424209(12,7)
(11,7)252980967(11,8)
(12,7)2098587024(13,7)
(12,7)665163260(12,8)
(13,7)1644847752(14,7)
(13,7)582903097(13,8)
(14,7)1234698211(15,7)
(14,7)1907578985(14,8)
(15,7)479725234(16,7)
(15,7)30054146(15,8)
(16,7)469890866(17,7)
(16,7)1545630586(16,8)
(17,7)1327548201(18,7)
(17,7)1040915696(17,8)
(18,7)1497787534(19,7)
(18,7)1587382214(18,8)
(19,7)2039845586(20,7)
(19,7)357847127(19,8)
(20,7)260106580(21,7)
(20,7)135445379(20,8)
(21,7)690666389(22,7)
(21,7)1957455890(21,8)
(22,7)90391701(23,7)
(22,7)25521378(22,8)
(23,7)1741852169(24,7)
(23,7)695683801(23,8)
(24,7)781604389(25,7)
(24,7)836854302(24,8)
(25,7)340941488(26,7)
(25,7)1889422851(25,8)
(26,7)2142403818(27,7)
(26,7)530048668(26,8)
(27,7)1195211929(28,7)
(27,7)265882049(27,8)
(28,7)848785147(29,7)
(28,7)2093507195(28,8)
(29,7)1853602532(30,7)
(29,7)692576033(29,8)
(30,7)722630179(31,7)
(30,7)2083483358(30,8)
(31,7)1481630296(32,7)
(31,7)185844119(31,8)
(32,7)1226759815(33,7)
(32,7)1192521045(32,8)
(33,7)632419611(34,7)
(33,7)661694850(33,8)
(34,7)1019541977(35,7)
(34,7)577063701(34,8)
(35,7)712509080(36,7)
(35,7)524781549(35,8)
(36,7)334753792(37,7)
(36,7)1279648558(36,8)
(37,7)1305169936(38,7)
(37,7)1403175469(37,8)
(38,7)2098859270(39,7)
(38,7)425145493(38,8)
(39,7)1261999795(40,7)
(39,7)899538457(39,8)
(40,7)641477660(41,7)
(40,7)732980012(40,8)
(41,7)1263028680(42,7)
(41,7)1602941283(41,8)
(42,7)1868823332(43,7)
(42,7)636397831(42,8)
(43,7)582421378(44,7)
(43,7)310756961(43,8)
(44,7)1003332994(45,7)
(44,7)570124831(44,8)
(45,7)506124541(46,7)
(45,7)288540262(45,8)
(46,7)474384381(47,7)
(46,7)1725963174(46,8)
(47,7)771000571(48,7)
(47,7)1987754838(47,8)
(48,7)501966040(49,7)
(48,7)1701144197(48,8)
(49,7)130724250(50,7)
(49,7)1403420183(49,8)
(50,7)1928201732(51,7)
(50,7)1521508017(50,8)
(51,7)653672927(52,7)
(51,7)843233331(51,8)
(52,7)98925152(53,7)
(52,7)115471876(52,8)
(53,7)540617369(54,7)
(53,7)1958842863(53,8)
(54,7)710897672(55,7)
(54,7)50300775(54,8)
(55,7)783280787(56,7)
(55,7)1802617164(55,8)
(56,7)1258074799(57,7)
(56,7)1352375333(56,8)
(57,7)1988773164(58,7)
(57,7)2046309467(57,8)
(58,7)209582781(59,7)
(58,7)979414484(58,8)
(59,7)1549539315(60,7)
(59,7)423710894(59,8)
(60,7)712251156(61,7)
(60,7)1212915775(60,8)
(61,7)791395301(62,7)
(61,7)2055663857(61,8)
(62,7)1895935047(63,7)
(62,7)1186635538(62,8)
(63,7)740296087(64,7)
(63,7)1562395873(63,8)
(64,7)818332408(65,7)
(64,7)250417439(64,8)
(65,7)1771925456(66,7)
(65,7)871020337(65,8)
(66,7)1714253668(67,7)
(66,7)599050492(66,8)
(67,7)714522369(68,7)
(67,7)278114736(67,8)
(68,7)89473951(69,7)
(68,7)1813178821(68,8)
(69,7)1863479596(70,7)
(69,7)1255139738(69,8)
(70,7)910273255(71,7)
(70,7)800371624(70,8)
(71,7)5263309(72,7)
(71,7)499276735(71,8)
(72,7)398102554(73,7)
(72,7)20864406(72,8)
(73,7)1000278890(74,7)
(73,7)1994036473(73,8)
(74,7)270263719(75,7)
(74,7)607685335(74,8)
(75,7)1820601111(76,7)
(75,7)402334558(75,8)
(76,7)310514767(77,7)
(76,7)982514875(76,8)
(77,7)21666765(78,7)
(77,7)464512764(77,8)
(78,7)2026908637(79,7)
(78,7)58966166(78,8)
(79,7)309383605(80,7)
(79,7)761962852(79,8)
(80,7)1632983190(81,7)
(80,7)697757397(80,8)
(81,7)1296807890(82,7)
(81,7)2081309061(81,8)
(82,7)211940149(83,7)
(82,7)1199753210(82,8)
(83,7)865448383(84,7)
(83,7)2011330259(83,8)
(84,7)1118986349(85,7)
(84,7)301414101(84,8)
(85,7)1101785725(86,7)
(85,7)581444331(85,8)
(86,7)1080721066(87,7)
(86,7)2029259604(86,8)
(87,7)2050124011(88,7)
(87,7)1107049034(87,8)
(88,7)953601859(89,7)
(88,7)1478823621(88,8)
(89,7)2086508956(90,7)
(89,7)902919253(89,8)
(90,7)1305253811(91,7)
(90,7)1223865578(90,8)
(91,7)58896805(92,7)
(91,7)1759626419(91,8)
(92,7)76655536(93,7)
(92,7)1615768578(92,8)
(93,7)1674734744(94,7)
(93,7)80563571(93,8)
(94,7)842526423(95,7)
(94,7)2103564173(94,8)
(95,7)653837923(96,7)
(95,7)1984118349(95,8)
(96,7)1917943763(97,7)
(96,7)328025965(96,8)
(97,7)1527779176(98,7)
(97,7)1950645813(97,8)
(98,7)1814492424(99,7)
(98,7)2129883912(98,8)
(99,7)245743911(99,8)
(0,8)785995125(1,8)
(0,8)283814365(0,9)
(1,8)1385600090(2,8)
(1,8)827188243(1,9)
(2,8)1907909309(3,8)
(2,8)667771082(2,9)
(3,8)570411445(4,8)
(3,8)345165476(3,9)
(4,8)1298767335(5,8)
(4,8)1239249282(4,9)
(5,8)1178274591(6,8)
(5,8)1473330698(5,9)
(6,8)631100862(7,8)
(6,8)375149265(6,9)
(7,8)434046071(8,8)
(7,8)790417362(7,9)
(8,8)867072898(9,8)
(8,8)99385792(8,9)
(9,8)1774120537(10,8)
(9,8)514609642(9,9)
(10,8)1357136065(11,8)
(10,8)823153424(10,9)
(11,8)1476991347(12,8)
(11,8)1610755238(11,9)
(12,8)1381215353(13,8)
(12,8)1685162031(12,9)
(13,8)1065457559(14,8)
(13,8)1280153512(13,9)
(14,8)947162288(15,8)
(14,8)1363615618(14,9)
(15,8)1647429983(16,8)
(15,8)1311201470(15,9)
(16,8)2138389713(17,8)
(16,8)1733157413(16,9)
(17,8)253444847(18,8)
(17,8)885546426(17,9)
(18,8)1230711902(19,8)
(18,8)1898815375(18,9)
(19,8)990581009(20,8)
(19,8)823856292(19,9)
(20,8)149703343(21,8)
(20,8)381995590(20,9)
(21,8)757144855(22,8)
(21,8)21371952(21,9)
(22,8)811789315(23,8)
(22,8)780804205(22,9)
(23,8)880189997(24,8)
(23,8)1191190926(23,9)
(24,8)1705800568(25,8)
(24,8)1678862213(24,9)
(25,8)354531989(26,8)
(25,8)506826886(25,9)
(26,8)2117582125(27,8)
(26,8)915452986(26,9)
(27,8)453131369(28,8)
(27,8)1831523336(27,9)
(28,8)964193200(29,8)
(28,8)1351313830(28,9)
(29,8)567445800(30,8)
(29,8)1518588928(29,9)
(30,8)682306750(31,8)
(30,8)1911355488(30,9)
(31,8)1497029254(32,8)
(31,8)67392136(31,9)
(32,8)952938562(33,8)
(32,8)673212816(32,9)
(33,8)424544543(34,8)
(33,8)1750474101(33,9)
(34,8)426846746(35,8)
(34,8)36166816(34,9)
(35,8)418162406(36,8)
(35,8)1415125552(35,9)
(36,8)1436497505(37,8)
(36,8)576550089(36,9)
(37,8)1357354294(38,8)
(37,8)1175307262(37,9)
(38,8)219014540(39,8)
(38,8)100803172(38,9)
(39,8)1779665385(40,8)
(39,8)90060643(39,9)
(40,8)596887530(41,8)
(40,8)1924815109(40,9)
(41,8)692784447(42,8)
(41,8)2134197375(41,9)
(42,8)1818237063(43,8)
(42,8)566986007(42,9)
(43,8)1918299837(44,8)
(43,8)1145915816(43,9)
(44,8)517021096(45,8)
(44,8)634946616(44,9)
(45,8)398818456(46,8)
(45,8)338261990(45,9)
(46,8)405654126(47,8)
(46,8)1199327846(46,9)
(47,8)1872540662(48,8)
(47,8)1895847710(47,9)
(48,8)1498838164(49,8)
(48,8)1358592688(48,9)
(49,8)1394759504(50,8)
(49,8)149601557(49,9)
(50,8)1564727110(51,8)
(50,8)1925684910(50,9)
(51,8)354751351(52,8)
(51,8)1812921911(51,9)
(52,8)840745525(53,8)
(52,8)853740967(52,9)
(53,8)954544139(54,8)
(53,8)1712105645(53,9)
(54,8)1802166288(55,8)
(54,8)1059760065(54,9)
(55,8)837091526(56,8)
(55,8)586725876(55,9)
(56,8)573439603(57,8)
(56,8)251570170(56,9)
(57,8)818556177(58,8)
(57,8)1529875973(57,9)
(58,8)528308141(59,8)
(58,8)244193019(58,9)
(59,8)879139635(60,8)
(59,8)589372367(59,9)
(60,8)927634357(61,8)
(60,8)1045329237(60,9)
(61,8)97173436(62,8)
(61,8)1277958091(61,9)
(62,8)1026322154(63,8)
(62,8)1333288483(62,9)
(63,8)544397523(64,8)
(63,8)1969714098(63,9)
(64,8)2119315656(65,8)
(64,8)377676670(64,9)
(65,8)155877932(66,8)
(65,8)1939157027(65,9)
(66,8)1604595290(67,8)
(66,8)1536559118(66,9)
(67,8)242816437(68,8)
(67,8)510629283(67,9)
(68,8)75251280(69,8)
(68,8)297857167(68,9)
(69,8)1357617233(70,8)
(69,8)1197360576(69,9)
(70,8)1784086452(71,8)
(70,8)1877417568(70,9)
(71,8)2128987739(72,8)
(71,8)47225111(71,9)
(72,8)1577101085(73,8)
(72,8)210042408(72,9)
(73,8)454235427(74,8)
(73,8)800060268(73,9)
(74,8)1389432635(75,8)
(74,8)2105409226(74,9)
(75,8)1003254816(76,8)
(75,8)1333375062(75,9)
(76,8)463849505(77,8)
(76,8)169583344(76,9)
(77,8)1502871827(78,8)
(77,8)1100428252(77,9)
(78,8)922658702(79,8)
(78,8)1490171659(78,9)
(79,8)1867848329(80,8)
(79,8)2047269350(79,9)
(80,8)1838942730(81,8)
(80,8)894490710(80,9)
(81,8)283566180(82,8)
(81,8)2023726261(81,9)
(82,8)386871896(83,8)
(82,8)1296054372(82,9)
(83,8)1593911540(84,8)
(83,8)526382617(83,9)
(84,8)1723743193(85,8)
(84,8)462123176(84,9)
(85,8)192057097(86,8)
(85,8)804045125(85,9)
(86,8)851270236(87,8)
(86,8)1360345998(86,9)
(87,8)1570388406(88,8)
(87,8)173561188(87,9)
(88,8)973621456(89,8)
(88,8)280887673(88,9)
(89,8)238813252(90,8)
(89,8)2024623833(89,9)
(90,8)1210515247(91,8)
(90,8)215570444(90,9)
(91,8)385153788(92,8)
(91,8)1242068068(91,9)
(92,8)195012672(93,8)
(92,8)1674364752(92,9)
(93,8)1017052764(94,8)
(93,8)1888025616(93,9)
(94,8)1787811318(95,8)
(94,8)1117671374(94,9)
(95,8)2012162085(96,8)
(95,8)737417445(95,9)
(96,8)613660059(97,8)
(96,8)1479270400(96,9)
(97,8)627841125(98,8)
(97,8)148244617(97,9)
(98,8)674627235(99,8)
(98,8)1000531955(98,9)
(99,8)74269017(99,9)
(0,9)1462655132(1,9)
(1,9)250886780(2,9)
(2,9)878314142(3,9)
(3,9)1654712229(4,9)
(4,9)1611232778(5,9)
(5,9)1729584378(6,9)
(6,9)1828273417(7,9)
(7,9)1034137536(8,9)
(8,9)2010472052(9,9)
(9,9)654411225(10,9)
(10,9)911277721(11,9)
(11,9)101801656(12,9)
(12,9)869981669(13,9)
(13,9)2121792968(14,9)
(14,9)1343869724(15,9)
(15,9)1255135458(16,9)
(16,9)1648674073(17,9)
(17,9)1538882396(18,9)
(18,9)995677426(19,9)
(19,9)518243189(20,9)
(20,9)509070122(21,9)
(21,9)636005096(22,9)
(22,9)1255660634(23,9)
(23,9)373748559(24,9)
(24,9)2115275497(25,9)
(25,9)1869320693(26,9)
(26,9)521993177(27,9)
(27,9)595632974(28,9)
(28,9)722369001(29,9)
(29,9)1196620412(30,9)
(30,9)669901991(31,9)
(31,9)37540485(32,9)
(32,9)1447507192(33,9)
(33,9)1548216133(34,9)
(34,9)1692252714(35,9)
(35,9)911256323(36,9)
(36,9)1130316863(37,9)
(37,9)1373042483(38,9)
(38,9)1945393859(39,9)
(39,9)993305267(40,9)
(40,9)2027453708(41,9)
(41,9)709187933(42,9)
(42,9)1095106923(43,9)
(43,9)749951730(44,9)
(44,9)683497253(45,9)
(45,9)291492999(46,9)
(46,9)2005087188(47,9)
(47,9)184687678(48,9)
(48,9)1830375395(49,9)
(49,9)853280966(50,9)
(50,9)702930867(51,9)
(51,9)191961870(52,9)
(52,9)1489286062(53,9)
(53,9)1958591502(54,9)
(54,9)565710429(55,9)
(55,9)1457077911(56,9)
(56,9)1680428547(57,9)
(57,9)1087703606(58,9)
(58,9)2052710885(59,9)
(59,9)255313900(60,9)
(60,9)136840370(61,9)
(61,9)575129228(62,9)
(62,9)292854385(63,9)
(63,9)1584347563(64,9)
(64,9)2123345361(65,9)
(65,9)1985107099(66,9)
(66,9)348120238(67,9)
(67,9)1106178577(68,9)
(68,9)1210665934(69,9)
(69,9)146030449(70,9)
(70,9)2099483844(71,9)
(71,9)1090635995(72,9)
(72,9)855218382(73,9)
(73,9)1047107120(74,9)
(74,9)1840587725(75,9)
(75,9)1538715636(76,9)
(76,9)1338600119(77,9)
(77,9)1698191265(78,9)
(78,9)1723403314(79,9)
(79,9)1021491867(80,9)
(80,9)403988583(81,9)
(81,9)278850534(82,9)
(82,9)1213453737(83,9)
(83,9)1893274645(84,9)
(84,9)89958388(85,9)
(85,9)1779164166(86,9)
(86,9)1202868909(87,9)
(87,9)1770386935(88,9)
(88,9)719384125(89,9)
(89,9)1108096146(90,9)
(90,9)2025700836(91,9)
(91,9)856224495(92,9)
(92,9)1683225375(93,9)
(93,9)171071573(94,9)
(94,9)293088410(95,9)
(95,9)1659087088(96,9)
(96,9)8695025(97,9)
(97,9)641208648(98,9)
(98,9)617782017(99,9)
