10 200
(0,0)330563459(1,0)
(0,0)1462722881(0,1)
(2,0)332817529(2,1)
(3,0)273684433(3,1)
(4,0)270017208(5,0)
(5,0)588542639(6,0)
(6,0)934084981(6,1)
(7,0)548488826(7,1)
(8,0)47866901(9,0)
(8,0)755262675(8,1)
(0,1)1088163016(1,1)
(1,1)123842659(2,1)
(2,1)1247523429(2,2)
(3,1)360230427(4,1)
(4,1)465129096(4,2)
(5,1)872606803(6,1)
(5,1)358076979(5,2)
(6,1)688640438(7,1)
(7,1)737943849(7,2)
(8,1)488136673(9,1)
(8,1)1021457967(8,2)
(0,2)563318783(0,3)
(1,2)499086032(2,2)
(2,2)385289099(3,2)
(2,2)79044195(2,3)
(3,2)627533021(4,2)
(3,2)13318580(3,3)
(4,2)768581255(5,2)
(5,2)675399923(5,3)
(6,2)188601252(6,3)
(7,2)312443911(8,2)
(7,2)844377553(7,3)
(8,2)705563098(9,2)
(0,3)1170692194(1,3)
(0,3)1223833147(0,4)
(3,3)633759199(4,3)
(3,3)123066916(3,4)
(6,3)612397428(7,3)
(7,3)59446051(8,3)
(7,3)549859772(7,4)
(8,3)935148871(9,3)
(9,3)72764631(9,4)
(0,4)449638209(1,4)
(1,4)841345887(1,5)
(2,4)1029947139(3,4)
(3,4)751885796(4,4)
(4,4)326572930(5,4)
(4,4)1342391051(4,5)
(6,4)480657441(7,4)
(7,4)440264757(7,5)
(8,4)376472791(8,5)
(9,4)1107899472(9,5)
(0,5)1010231990(0,6)
(1,5)104940708(1,6)
(2,5)23904484(2,6)
(3,5)573764257(4,5)
(3,5)597041643(3,6)
(4,5)1288483266(5,5)
(6,5)459974262(6,6)
(7,5)306865182(8,5)
(7,5)638857296(7,6)
(0,6)863711839(1,6)
(0,6)470461729(0,7)
(1,6)96408323(1,7)
(2,6)1646814400(3,6)
(3,6)97546557(4,6)
(3,6)261084417(3,7)
(4,6)637557208(5,6)
(4,6)484163308(4,7)
(6,6)325542766(7,6)
(8,6)1362304215(9,6)
(8,6)349447250(8,7)
(9,6)81991408(9,7)
(0,7)923211507(0,8)
(1,7)284640988(2,7)
(2,7)884562402(2,8)
(3,7)95708677(3,8)
(5,7)1044740487(5,8)
(6,7)284746340(6,8)
(7,7)65173316(8,7)
(9,7)326257733(9,8)
(1,8)916090971(2,8)
(1,8)963814941(1,9)
(2,8)464120491(3,8)
(3,8)981150867(4,8)
(5,8)31061665(6,8)
(5,8)195971434(5,9)
(6,8)366808847(6,9)
(7,8)651449835(8,8)
(8,8)20101181(8,9)
(9,8)747158512(9,9)
(0,9)1074332100(1,9)
(1,9)440777719(2,9)
(1,9)561443123(1,10)
(2,9)846189463(3,9)
(3,9)690072150(4,9)
(3,9)201746397(3,10)
(4,9)911362779(4,10)
(5,9)45477089(5,10)
(7,9)51884880(8,9)
(7,9)53951805(7,10)
(8,9)518072296(9,9)
(9,9)1293518617(9,10)
(0,10)467142553(1,10)
(0,10)150343582(0,11)
(1,10)346315016(2,10)
(2,10)498204219(2,11)
(5,10)1(6,10)
(5,10)836758540(5,11)
(6,10)1(6,11)
(7,10)916492626(7,11)
(8,10)597604955(8,11)
(0,11)526561220(1,11)
(0,11)1287677105(0,12)
(2,11)443790758(3,11)
(3,11)1218199530(3,12)
(4,11)387392245(5,11)
(4,11)495675639(4,12)
(5,11)188722186(5,12)
(6,11)1(6,12)
(7,11)884050843(8,11)
(7,11)378826565(7,12)
(8,11)1482751369(9,11)
(9,11)365904638(9,12)
(0,12)1090642360(1,12)
(0,12)906325869(0,13)
(2,12)913335472(3,12)
(3,12)214700842(4,12)
(4,12)252105400(4,13)
(6,12)1(7,12)
(7,12)430160361(8,12)
(7,12)1(7,13)
(1,13)1980014312(2,13)
(2,13)426004316(3,13)
(3,13)488395404(3,14)
(5,13)1395889868(5,14)
(6,13)1(7,13)
(6,13)1(6,14)
(8,13)309671237(9,13)
(9,13)1503598747(9,14)
(0,14)561776638(1,14)
(1,14)1460411456(1,15)
(2,14)557417622(3,14)
(2,14)354398364(2,15)
(3,14)38317428(3,15)
(4,14)11476017(5,14)
(4,14)987577983(4,15)
(5,14)488454227(6,14)
(5,14)851942626(5,15)
(6,14)1(7,14)
(7,14)1(7,15)
(8,14)802727032(9,14)
(8,14)278855884(8,15)
(0,15)191994383(0,16)
(1,15)1587884252(2,15)
(3,15)1037594108(4,15)
(5,15)1373003955(6,15)
(7,15)1(7,16)
(8,15)1243349385(9,15)
(8,15)115956700(8,16)
(9,15)1136321621(9,16)
(0,16)83443721(1,16)
(1,16)275432618(2,16)
(1,16)1147797638(1,17)
(2,16)803082133(3,16)
(2,16)571897948(2,17)
(3,16)948620664(4,16)
(3,16)1019976569(3,17)
(4,16)1298832454(5,16)
(4,16)290897293(4,17)
(5,16)267107857(6,16)
(7,16)1(8,16)
(8,16)1(8,17)
(9,16)710676626(9,17)
(0,17)100531396(0,18)
(1,17)127382608(1,18)
(2,17)853206161(2,18)
(4,17)494050423(4,18)
(5,17)635003662(5,18)
(6,17)718447383(7,17)
(6,17)748801771(6,18)
(7,17)1(8,17)
(7,17)1(7,18)
(8,17)1290345331(8,18)
(0,18)91482347(0,19)
(2,18)538902955(3,18)
(4,18)474929924(5,18)
(5,18)33323375(6,18)
(5,18)1340869453(5,19)
(6,18)575461321(6,19)
(7,18)1(7,19)
(9,18)1085129494(9,19)
(0,19)50802636(1,19)
(1,19)262957625(1,20)
(2,19)1011759396(3,19)
(3,19)164377066(4,19)
(3,19)271899494(3,20)
(7,19)1(7,20)
(8,19)1019616717(8,20)
(9,19)613582556(9,20)
(0,20)842346919(1,20)
(0,20)602205524(0,21)
(1,20)1088512481(1,21)
(2,20)875670294(2,21)
(3,20)1(4,20)
(3,20)1(3,21)
(4,20)1(5,20)
(5,20)1(6,20)
(5,20)593128491(5,21)
(6,20)1(7,20)
(7,20)740351688(7,21)
(8,20)177622160(8,21)
(9,20)1034740865(9,21)
(0,21)341999226(0,22)
(1,21)449502042(1,22)
(2,21)1425858673(2,22)
(3,21)259172241(4,21)
(3,21)1(3,22)
(6,21)473735682(7,21)
(6,21)442326453(6,22)
(7,21)237917782(8,21)
(8,21)375920678(9,21)
(9,21)854580770(9,22)
(0,22)238298606(0,23)
(1,22)1(2,22)
(1,22)1(1,23)
(2,22)1(3,22)
(2,22)245579311(2,23)
(3,22)985931000(4,22)
(4,22)822784913(4,23)
(5,22)590558437(5,23)
(6,22)83696012(7,22)
(7,22)159544173(7,23)
(8,22)115289740(9,22)
(9,22)608144635(9,23)
(1,23)1(1,24)
(2,23)890592017(3,23)
(2,23)1191026918(2,24)
(5,23)278894473(5,24)
(6,23)47079721(7,23)
(7,23)833644853(7,24)
(8,23)292659033(8,24)
(0,24)1278590033(0,25)
(1,24)1(1,25)
(2,24)826366680(3,24)
(4,24)466523456(4,25)
(5,24)1074668091(6,24)
(6,24)973874580(7,24)
(6,24)936158799(6,25)
(7,24)188790842(8,24)
(8,24)266042024(9,24)
(8,24)17417851(8,25)
(0,25)1394551823(1,25)
(1,25)1(2,25)
(2,25)1(3,25)
(3,25)1(3,26)
(4,25)1(5,25)
(4,25)1(4,26)
(5,25)1(5,26)
(6,25)378798008(7,25)
(7,25)460297735(7,26)
(8,25)1286664415(9,25)
(0,26)1243689414(0,27)
(1,26)512072436(1,27)
(2,26)680372314(2,27)
(3,26)1(4,26)
(5,26)1552180644(6,26)
(5,26)1(5,27)
(7,26)395629265(7,27)
(8,26)553150193(9,26)
(9,26)7307510(9,27)
(0,27)708686877(1,27)
(1,27)546332384(1,28)
(2,27)216463643(3,27)
(2,27)190113895(2,28)
(3,27)650411630(4,27)
(5,27)1(6,27)
(6,27)1(6,28)
(8,27)765720311(9,27)
(8,27)75668935(8,28)
(0,28)1(1,28)
(0,28)1(0,29)
(1,28)1(2,28)
(2,28)1(3,28)
(3,28)1(4,28)
(3,28)22288123(3,29)
(4,28)1(5,28)
(4,28)43215432(4,29)
(5,28)1(6,28)
(5,28)608735195(5,29)
(6,28)1317422072(7,28)
(7,28)914626516(8,28)
(7,28)596855326(7,29)
(8,28)813318969(9,28)
(9,28)671260438(9,29)
(0,29)1(0,30)
(1,29)85624161(1,30)
(2,29)743677299(3,29)
(4,29)51701908(4,30)
(5,29)1131056218(6,29)
(8,29)1372902844(8,30)
(0,30)1(1,30)
(1,30)1(1,31)
(2,30)88843229(3,30)
(2,30)80202921(2,31)
(3,30)677058247(4,30)
(4,30)567213785(5,30)
(4,30)1003469745(4,31)
(6,30)577677735(6,31)
(7,30)377734082(8,30)
(8,30)356547996(9,30)
(8,30)1138951241(8,31)
(0,31)408249905(1,31)
(0,31)1830919297(0,32)
(1,31)1(1,32)
(2,31)394105762(3,31)
(3,31)706587476(3,32)
(4,31)249974525(4,32)
(5,31)128131411(6,31)
(5,31)1229961454(5,32)
(6,31)1360494519(6,32)
(7,31)827667685(7,32)
(8,31)916510914(9,31)
(9,31)309911730(9,32)
(1,32)1359796169(2,32)
(1,32)1(1,33)
(4,32)115736024(5,32)
(4,32)1832537333(4,33)
(7,32)940295690(8,32)
(7,32)249733336(7,33)
(8,32)643839098(9,32)
(0,33)1(1,33)
(0,33)1(0,34)
(2,33)791900709(3,33)
(2,33)1021945034(2,34)
(3,33)654850769(3,34)
(5,33)204562704(6,33)
(5,33)618639985(5,34)
(6,33)391136997(7,33)
(7,33)1076426599(8,33)
(8,33)389007823(9,33)
(9,33)53211381(9,34)
(0,34)1(1,34)
(1,34)20140679(2,34)
(1,34)1(1,35)
(4,34)908414769(4,35)
(5,34)407814287(6,34)
(5,34)225774678(5,35)
(7,34)622211961(8,34)
(8,34)631121187(9,34)
(0,35)525772161(1,35)
(1,35)1(2,35)
(1,35)1124274206(1,36)
(2,35)1(3,35)
(2,35)730334865(2,36)
(3,35)1(3,36)
(4,35)396836287(5,35)
(5,35)53547261(5,36)
(6,35)127608770(7,35)
(6,35)1147814724(6,36)
(7,35)1167955403(8,35)
(9,35)865508229(9,36)
(0,36)868540222(1,36)
(3,36)1(3,37)
(4,36)381159262(5,36)
(5,36)611089345(6,36)
(6,36)124984686(7,36)
(6,36)77338022(6,37)
(7,36)392156768(8,36)
(8,36)428784539(9,36)
(0,37)198632126(1,37)
(0,37)519858990(0,38)
(1,37)573406251(2,37)
(2,37)495279874(3,37)
(2,37)21691095(2,38)
(3,37)13697469(4,37)
(3,37)1(3,38)
(4,37)160826035(5,37)
(5,37)381259858(6,37)
(6,37)842363144(7,37)
(7,37)617577548(8,37)
(7,37)13555535(7,38)
(8,37)872853836(9,37)
(0,38)206880451(1,38)
(3,38)405849699(4,38)
(3,38)1(3,39)
(5,38)805970038(6,38)
(6,38)1033266365(7,38)
(6,38)38701097(6,39)
(7,38)612107349(8,38)
(7,38)153435187(7,39)
(8,38)648715061(9,38)
(0,39)1(1,39)
(0,39)1(0,40)
(1,39)1(2,39)
(2,39)1(3,39)
(2,39)545726549(2,40)
(3,39)559282084(4,39)
(5,39)151302057(6,39)
(6,39)795400344(6,40)
(8,39)852849201(9,39)
(8,39)309502520(8,40)
(9,39)144944416(9,40)
(0,40)560706729(1,40)
(0,40)1(0,41)
(3,40)435769176(3,41)
(4,40)314594970(4,41)
(5,40)21343368(5,41)
(6,40)185810059(7,40)
(6,40)411897918(6,41)
(7,40)954182098(7,41)
(8,40)731536608(8,41)
(0,41)1(1,41)
(1,41)575470966(2,41)
(1,41)1(1,42)
(3,41)318284918(4,41)
(3,41)67003690(3,42)
(4,41)376506210(5,41)
(4,41)1029663026(4,42)
(7,41)494361240(8,41)
(7,41)838393967(7,42)
(8,41)540881588(9,41)
(8,41)951033967(8,42)
(9,41)930130416(9,42)
(0,42)323662274(0,43)
(1,42)1(2,42)
(1,42)273373404(1,43)
(2,42)1(2,43)
(3,42)530815701(3,43)
(5,42)773111835(5,43)
(6,42)405687354(6,43)
(8,42)331566378(8,43)
(0,43)514641574(1,43)
(0,43)649851296(0,44)
(2,43)1(3,43)
(3,43)1(4,43)
(3,43)1405342616(3,44)
(4,43)1(5,43)
(4,43)863404242(4,44)
(5,43)1(5,44)
(6,43)532555209(6,44)
(7,43)877560851(8,43)
(8,43)604695737(9,43)
(0,44)596859181(1,44)
(0,44)1254636438(0,45)
(1,44)523245214(1,45)
(2,44)928932568(3,44)
(5,44)1(6,44)
(6,44)1(6,45)
(7,44)87953824(7,45)
(8,44)456996826(9,44)
(8,44)1258878616(8,45)
(1,45)412595230(2,45)
(3,45)41629066(3,46)
(4,45)1(5,45)
(4,45)1(4,46)
(5,45)1(6,45)
(7,45)1141274218(8,45)
(7,45)599136404(7,46)
(9,45)424485097(9,46)
(0,46)1290676213(1,46)
(0,46)1290712981(0,47)
(1,46)345701005(2,46)
(1,46)39262355(1,47)
(2,46)303890908(3,46)
(3,46)41915641(4,46)
(4,46)1(4,47)
(5,46)498912467(5,47)
(6,46)665763526(6,47)
(7,46)1078358756(8,46)
(7,46)990376391(7,47)
(8,46)927813825(9,46)
(8,46)638281965(8,47)
(2,47)239886920(3,47)
(3,47)1(4,47)
(3,47)1(3,48)
(4,47)380414658(5,47)
(6,47)941617594(7,47)
(8,47)1315851(9,47)
(8,47)895579411(8,48)
(0,48)243337081(1,48)
(0,48)937495052(0,49)
(1,48)1436407519(2,48)
(3,48)1(4,48)
(3,48)1108237406(3,49)
(4,48)1(4,49)
(5,48)1599537815(5,49)
(6,48)1123194181(6,49)
(7,48)654388606(7,49)
(8,48)866085930(8,49)
(9,48)650152373(9,49)
(0,49)127953017(1,49)
(0,49)1136441987(0,50)
(1,49)787383368(2,49)
(1,49)1030567031(1,50)
(2,49)554211022(3,49)
(4,49)477096726(5,49)
(4,49)1(4,50)
(5,49)208231620(6,49)
(7,49)703515650(8,49)
(7,49)1167116442(7,50)
(8,49)644281142(9,49)
(0,50)81265070(0,51)
(2,50)386499313(3,50)
(2,50)727832228(2,51)
(4,50)1(4,51)
(5,50)129012712(5,51)
(6,50)256965729(7,50)
(6,50)583229785(6,51)
(8,50)316903664(9,50)
(8,50)43081334(8,51)
(0,51)740459683(1,51)
(2,51)696335324(3,51)
(3,51)887155410(3,52)
(4,51)1(5,51)
(5,51)1(5,52)
(6,51)377961561(6,52)
(7,51)327425515(7,52)
(8,51)713924828(9,51)
(8,51)392758417(8,52)
(9,51)639466315(9,52)
(0,52)943381713(1,52)
(1,52)86254113(1,53)
(2,52)669483899(3,52)
(3,52)13474045(3,53)
(4,52)56555380(5,52)
(5,52)1(6,52)
(6,52)1(7,52)
(7,52)742139192(8,52)
(7,52)1(7,53)
(0,53)75190069(1,53)
(0,53)1412578714(0,54)
(2,53)156469006(3,53)
(2,53)1139310452(2,54)
(4,53)67749805(4,54)
(5,53)1(6,53)
(5,53)1(5,54)
(6,53)1(7,53)
(7,53)793470234(7,54)
(8,53)1462954133(9,53)
(8,53)652066184(8,54)
(0,54)1355567537(1,54)
(0,54)90266149(0,55)
(2,54)1120079168(3,54)
(2,54)52827762(2,55)
(3,54)179315180(4,54)
(3,54)340933093(3,55)
(5,54)1(5,55)
(6,54)1050282776(6,55)
(7,54)927983082(8,54)
(8,54)69154797(8,55)
(9,54)470609578(9,55)
(0,55)1346755573(1,55)
(1,55)405994491(1,56)
(3,55)699958280(4,55)
(3,55)398143125(3,56)
(4,55)1050209309(5,55)
(5,55)768610366(6,55)
(5,55)1(5,56)
(7,55)985845238(8,55)
(7,55)158028624(7,56)
(8,55)1278107792(9,55)
(0,56)992842505(1,56)
(1,56)457793520(2,56)
(2,56)189388173(2,57)
(4,56)795264604(4,57)
(5,56)1(5,57)
(6,56)992683428(6,57)
(7,56)414267692(8,56)
(9,56)812410817(9,57)
(0,57)929007520(1,57)
(0,57)249165306(0,58)
(1,57)264594071(2,57)
(2,57)855611937(3,57)
(4,57)911930790(5,57)
(5,57)1020751858(6,57)
(5,57)1(5,58)
(6,57)367586387(6,58)
(7,57)825379908(8,57)
(8,57)21017686(8,58)
(9,57)213017773(9,58)
(0,58)500296728(1,58)
(0,58)1332942621(0,59)
(2,58)662493864(3,58)
(3,58)1290555935(4,58)
(4,58)968315683(5,58)
(5,58)1(5,59)
(7,58)1482075061(8,58)
(8,58)312437142(9,58)
(8,58)1262957727(8,59)
(9,58)970181787(9,59)
(0,59)6410669(1,59)
(0,59)971120589(0,60)
(2,59)102215317(3,59)
(2,59)1027162527(2,60)
(3,59)864913130(4,59)
(4,59)927595225(4,60)
(5,59)1(5,60)
(6,59)995497416(6,60)
(7,59)624403444(8,59)
(8,59)688929245(8,60)
(0,60)402195208(1,60)
(1,60)615817501(2,60)
(2,60)143883935(2,61)
(3,60)181157341(3,61)
(5,60)1(6,60)
(6,60)1(6,61)
(7,60)77659606(8,60)
(8,60)75958923(9,60)
(8,60)946719478(8,61)
(0,61)1003554148(1,61)
(1,61)234094214(2,61)
(2,61)377248926(3,61)
(3,61)807106934(4,61)
(4,61)1001652370(4,62)
(5,61)897680823(6,61)
(5,61)132540585(5,62)
(6,61)1(7,61)
(7,61)1(8,61)
(8,61)1(8,62)
(9,61)474758170(9,62)
(0,62)965299325(1,62)
(0,62)279328869(0,63)
(1,62)192475151(2,62)
(2,62)39141601(3,62)
(3,62)112032102(3,63)
(4,62)116801207(4,63)
(6,62)110187033(7,62)
(6,62)722900540(6,63)
(7,62)956994754(8,62)
(8,62)1(8,63)
(9,62)113847304(9,63)
(0,63)596650730(1,63)
(0,63)913977466(0,64)
(1,63)1046518051(2,63)
(3,63)1108872864(4,63)
(4,63)112389926(5,63)
(5,63)405771426(6,63)
(5,63)657755651(5,64)
(6,63)391718795(6,64)
(7,63)584193946(8,63)
(7,63)177161017(7,64)
(8,63)1(9,63)
(8,63)679985331(8,64)
(9,63)1(9,64)
(0,64)333103826(1,64)
(1,64)964775825(2,64)
(2,64)330394520(3,64)
(2,64)169101749(2,65)
(4,64)1181833390(5,64)
(5,64)1129333190(5,65)
(7,64)1360865678(7,65)
(9,64)1(9,65)
(0,65)929291361(1,65)
(0,65)34221042(0,66)
(1,65)691976694(2,65)
(1,65)541005383(1,66)
(2,65)932724179(3,65)
(3,65)167548023(3,66)
(4,65)847533354(5,65)
(5,65)65660526(6,65)
(6,65)558192647(6,66)
(8,65)1(9,65)
(8,65)1(8,66)
(1,66)599432723(2,66)
(2,66)544691233(2,67)
(3,66)177932996(3,67)
(4,66)427969891(4,67)
(5,66)856585348(6,66)
(5,66)756351368(5,67)
(7,66)1397590732(7,67)
(8,66)182831263(9,66)
(8,66)1(8,67)
(0,67)237962025(0,68)
(1,67)844560289(1,68)
(4,67)778237760(4,68)
(6,67)585568102(7,67)
(7,67)713482866(7,68)
(8,67)1(9,67)
(9,67)1(9,68)
(0,68)574577389(1,68)
(0,68)888332598(0,69)
(2,68)452132046(3,68)
(3,68)681269822(4,68)
(4,68)281610958(4,69)
(5,68)1(6,68)
(5,68)1(5,69)
(6,68)1(7,68)
(6,68)146543293(6,69)
(7,68)1(7,69)
(8,68)1(9,68)
(8,68)1(8,69)
(0,69)1156705229(1,69)
(1,69)767487313(2,69)
(2,69)949082183(3,69)
(2,69)237907023(2,70)
(3,69)951389889(4,69)
(4,69)1(5,69)
(4,69)1(4,70)
(7,69)1(8,69)
(7,69)66025380(7,70)
(8,69)518157426(9,69)
(0,70)799768384(1,70)
(1,70)354141126(2,70)
(2,70)1078406277(2,71)
(3,70)54120810(4,70)
(3,70)770507951(3,71)
(4,70)1(5,70)
(5,70)1(5,71)
(6,70)130174908(6,71)
(7,70)897662221(8,70)
(7,70)1138678465(7,71)
(9,70)103233988(9,71)
(0,71)775291194(1,71)
(0,71)631106774(0,72)
(1,71)439065090(1,72)
(3,71)1254195291(3,72)
(4,71)1(5,71)
(4,71)1(4,72)
(5,71)110869551(5,72)
(6,71)910637936(7,71)
(8,71)1618468887(9,71)
(9,71)677654628(9,72)
(1,72)328269655(2,72)
(2,72)871960527(2,73)
(4,72)1(4,73)
(5,72)466043142(6,72)
(6,72)578723539(7,72)
(6,72)80903176(6,73)
(8,72)420853375(9,72)
(8,72)105410284(8,73)
(0,73)657962536(1,73)
(1,73)979684491(1,74)
(2,73)1(3,73)
(2,73)1(2,74)
(3,73)1(4,73)
(4,73)561190462(5,73)
(4,73)439836719(4,74)
(6,73)456871837(6,74)
(7,73)785141493(8,73)
(7,73)452463372(7,74)
(9,73)555221010(9,74)
(0,74)280419458(1,74)
(1,74)5017412(1,75)
(2,74)1(3,74)
(2,74)746462601(2,75)
(3,74)1(3,75)
(4,74)252980967(5,74)
(6,74)582903097(7,74)
(8,74)30054146(9,74)
(9,74)479725234(9,75)
(0,75)469890866(1,75)
(1,75)1040915696(1,76)
(3,75)1(3,76)
(4,75)1(5,75)
(4,75)1(4,76)
(5,75)1(6,75)
(6,75)90391701(7,75)
(6,75)1(6,76)
(7,75)695683801(7,76)
(8,75)781604389(9,75)
(8,75)836854302(8,76)
(0,76)530048668(1,76)
(0,76)340941488(0,77)
(1,76)265882049(2,76)
(3,76)1(4,76)
(3,76)848785147(3,77)
(5,76)1(6,76)
(5,76)1(5,77)
(7,76)661694850(8,76)
(8,76)577063701(9,76)
(8,76)632419611(8,77)
(0,77)712509080(1,77)
(0,77)524781549(0,78)
(1,77)334753792(2,77)
(3,77)425145493(3,78)
(4,77)899538457(4,78)
(5,77)641477660(6,77)
(5,77)1(5,78)
(7,77)636397831(7,78)
(8,77)582421378(9,77)
(8,77)310756961(8,78)
(9,77)570124831(9,78)
(0,78)288540262(1,78)
(1,78)506124541(1,79)
(2,78)474384381(2,79)
(3,78)771000571(3,79)
(4,78)501966040(4,79)
(5,78)1(5,79)
(6,78)843233331(7,78)
(7,78)115471876(8,78)
(7,78)653672927(7,79)
(8,78)98925152(8,79)
(9,78)540617369(9,79)
(0,79)710897672(1,79)
(0,79)50300775(0,80)
(1,79)783280787(2,79)
(4,79)209582781(5,79)
(5,79)1(5,80)
(6,79)712251156(7,79)
(8,79)1186635538(8,80)
(0,80)250417439(1,80)
(0,80)740296087(0,81)
(1,80)1(2,80)
(1,80)1(1,81)
(2,80)1(3,80)
(3,80)1(4,80)
(4,80)1(4,81)
(5,80)1(5,81)
(6,80)800371624(7,80)
(7,80)499276735(8,80)
(7,80)910273255(7,81)
(8,80)20864406(9,80)
(8,80)5263309(8,81)
(9,80)398102554(9,81)
(1,81)1(2,81)
(2,81)1(2,82)
(3,81)310514767(4,81)
(4,81)1(5,81)
(4,81)464512764(4,82)
(5,81)58966166(5,82)
(6,81)309383605(7,81)
(6,81)761962852(6,82)
(7,81)697757397(7,82)
(0,82)211940149(0,83)
(1,82)1(2,82)
(1,82)1(1,83)
(2,82)581444331(3,82)
(4,82)1080721066(4,83)
(6,82)953601859(6,83)
(7,82)1223865578(8,82)
(9,82)58896805(9,83)
(0,83)76655536(1,83)
(1,83)1(1,84)
(2,83)842526423(3,83)
(3,83)653837923(4,83)
(4,83)328025965(4,84)
(5,83)1527779176(6,83)
(7,83)283814365(8,83)
(7,83)245743911(7,84)
(8,83)827188243(9,83)
(8,83)785995125(8,84)
(0,84)667771082(0,85)
(1,84)1(2,84)
(1,84)345165476(1,85)
(2,84)1(2,85)
(3,84)1178274591(4,84)
(4,84)631100862(5,84)
(4,84)375149265(4,85)
(5,84)434046071(6,84)
(5,84)790417362(5,85)
(6,84)867072898(7,84)
(6,84)99385792(6,85)
(7,84)514609642(7,85)
(8,84)1357136065(9,84)
(8,84)823153424(8,85)
(0,85)1476991347(0,86)
(2,85)1(2,86)
(3,85)947162288(3,86)
(6,85)253444847(6,86)
(8,85)381995590(9,85)
(9,85)149703343(9,86)
(0,86)1(1,86)
(0,86)1(0,87)
(1,86)1(2,86)
(2,86)880189997(3,86)
(4,86)354531989(5,86)
(4,86)506826886(4,87)
(6,86)453131369(7,86)
(8,86)567445800(9,86)
(0,87)67392136(1,87)
(0,87)1(0,88)
(1,87)673212816(2,87)
(3,87)36166816(4,87)
(3,87)424544543(3,88)
(4,87)426846746(4,88)
(5,87)576550089(6,87)
(5,87)418162406(5,88)
(6,87)1175307262(7,87)
(7,87)100803172(8,87)
(8,87)90060643(9,87)
(8,87)219014540(8,88)
(0,88)1(1,88)
(1,88)1(2,88)
(2,88)1(2,89)
(4,88)517021096(5,88)
(4,88)634946616(4,89)
(5,88)398818456(6,88)
(5,88)338261990(5,89)
(6,88)405654126(7,88)
(9,88)149601557(9,89)
(0,89)1394759504(0,90)
(1,89)1564727110(1,90)
(2,89)1(2,90)
(3,89)840745525(3,90)
(4,89)954544139(4,90)
(5,89)586725876(6,89)
(6,89)251570170(7,89)
(7,89)573439603(7,90)
(8,89)244193019(9,89)
(9,89)528308141(9,90)
(0,90)879139635(1,90)
(0,90)589372367(0,91)
(1,90)927634357(2,90)
(1,90)1045329237(1,91)
(2,90)1(3,90)
(3,90)1(4,90)
(4,90)1(5,90)
(5,90)1(5,91)
(6,90)155877932(7,90)
(8,90)242816437(9,90)
(8,90)510629283(8,91)
(9,90)297857167(9,91)
(0,91)75251280(0,92)
(2,91)47225111(3,91)
(3,91)210042408(4,91)
(4,91)800060268(5,91)
(5,91)1(5,92)
(6,91)1333375062(7,91)
(7,91)169583344(8,91)
(8,91)463849505(8,92)
(0,92)922658702(1,92)
(2,92)894490710(2,93)
(3,92)283566180(4,92)
(4,92)1(5,92)
(4,92)1(4,93)
(5,92)526382617(5,93)
(6,92)462123176(6,93)
(7,92)192057097(8,92)
(7,92)804045125(7,93)
(8,92)851270236(9,92)
(9,92)173561188(9,93)
(0,93)280887673(1,93)
(1,93)973621456(1,94)
(2,93)215570444(3,93)
(2,93)238813252(2,94)
(4,93)1(4,94)
(5,93)195012672(5,94)
(6,93)1017052764(6,94)
(7,93)737417445(8,93)
(9,93)613660059(9,94)
(0,94)627841125(1,94)
(0,94)148244617(0,95)
(1,94)674627235(2,94)
(1,94)1000531955(1,95)
(2,94)74269017(2,95)
(3,94)1(4,94)
(3,94)1(3,95)
(6,94)1034137536(6,95)
(7,94)911277721(8,94)
(7,94)654411225(7,95)
(8,94)869981669(9,94)
(8,94)101801656(8,95)
(0,95)1343869724(0,96)
(2,95)518243189(3,95)
(2,95)995677426(2,96)
(3,95)636005096(4,95)
(3,95)1(3,96)
(4,95)373748559(5,95)
(6,95)595632974(7,95)
(6,95)521993177(6,96)
(7,95)722369001(7,96)
(8,95)37540485(9,95)
(8,95)669901991(8,96)
(1,96)1130316863(2,96)
(1,96)911256323(1,97)
(3,96)1(3,97)
(4,96)709187933(4,97)
(5,96)683497253(6,96)
(5,96)749951730(5,97)
(6,96)291492999(6,97)
(7,96)184687678(7,97)
(8,96)702930867(9,96)
(9,96)191961870(9,97)
(0,97)1489286062(0,98)
(1,97)565710429(1,98)
(2,97)1087703606(3,97)
(3,97)1(4,97)
(4,97)1(4,98)
(5,97)292854385(5,98)
(7,97)348120238(7,98)
(8,97)146030449(9,97)
(0,98)855218382(1,98)
(1,98)1047107120(1,99)
(2,98)1338600119(3,98)
(2,98)1538715636(2,99)
(4,98)1(5,98)
(5,98)1(5,99)
(6,98)89958388(7,98)
(8,98)719384125(9,98)
(9,98)1108096146(9,99)
(0,99)856224495(1,99)
(1,99)171071573(2,99)
(2,99)293088410(2,100)
(3,99)8695025(3,100)
(4,99)617782017(4,100)
(5,99)1(6,99)
(6,99)1(6,100)
(7,99)1616889334(7,100)
(8,99)808005805(9,99)
(8,99)1033689468(8,100)
(0,100)609609135(0,101)
(1,100)888459669(2,100)
(2,100)895467761(2,101)
(3,100)527148280(4,100)
(3,100)978418057(3,101)
(4,100)601321344(5,100)
(4,100)758973490(4,101)
(6,100)1(6,101)
(7,100)650610106(8,100)
(8,100)248361663(8,101)
(9,100)659305131(9,101)
(0,101)1532196821(1,101)
(0,101)889570311(0,102)
(4,101)57989062(5,101)
(5,101)231906879(5,102)
(6,101)1(6,102)
(7,101)1113435364(7,102)
(8,101)669539945(9,101)
(9,101)386992275(9,102)
(0,102)1336536945(0,103)
(1,102)435585702(2,102)
(1,102)988313620(1,103)
(3,102)1(4,102)
(3,102)1(3,103)
(4,102)1(5,102)
(5,102)1(6,102)
(7,102)361466184(7,103)
(8,102)255161933(9,102)
(8,102)657050504(8,103)
(9,102)82416284(9,103)
(0,103)4475065(1,103)
(0,103)80951578(0,104)
(1,103)312858457(2,103)
(1,103)140405347(1,104)
(2,103)808003544(3,103)
(3,103)1(4,103)
(3,103)226779360(3,104)
(4,103)1(4,104)
(5,103)603570038(6,103)
(6,103)224118296(7,103)
(6,103)225221322(6,104)
(7,103)660807024(8,103)
(1,104)946003155(2,104)
(2,104)1513514515(2,105)
(4,104)1(5,104)
(5,104)1(6,104)
(6,104)1(6,105)
(7,104)551935163(8,104)
(7,104)205648551(7,105)
(9,104)778714524(9,105)
(0,105)1230229859(1,105)
(1,105)363884319(2,105)
(3,105)588002615(3,106)
(4,105)553427248(4,106)
(5,105)42968423(5,106)
(6,105)1(7,105)
(7,105)1(8,105)
(8,105)73206405(9,105)
(8,105)1(8,106)
(0,106)56033325(1,106)
(0,106)19727114(0,107)
(1,106)2386098(2,106)
(1,106)46100806(1,107)
(2,106)285177513(3,106)
(2,106)121276530(2,107)
(3,106)326925081(4,106)
(4,106)1284251044(5,106)
(4,106)837112676(4,107)
(6,106)423323388(7,106)
(6,106)705046855(6,107)
(8,106)1175846326(9,106)
(8,106)1(8,107)
(3,107)187895682(4,107)
(3,107)209523517(3,108)
(4,107)501753581(5,107)
(5,107)261102087(5,108)
(6,107)317135413(7,107)
(6,107)521480695(6,108)
(7,107)523866794(8,107)
(8,107)1(8,108)
(9,107)513386942(9,108)
(0,108)206352456(1,108)
(0,108)765337024(0,109)
(2,108)355201193(3,108)
(3,108)381753942(3,109)
(4,108)491393580(5,108)
(5,108)933582509(6,108)
(7,108)255769339(7,109)
(8,108)1166337715(9,108)
(8,108)1(8,109)
(0,109)316323498(1,109)
(0,109)942853551(0,110)
(2,109)247831593(3,109)
(3,109)585830873(4,109)
(4,109)771698387(4,110)
(5,109)1285085329(6,109)
(6,109)161423110(7,109)
(6,109)577356371(6,110)
(7,109)1(8,109)
(7,109)1(7,110)
(9,109)917540868(9,110)
(0,110)567089580(1,110)
(0,110)794041230(0,111)
(1,110)780326019(2,110)
(3,110)348400734(3,111)
(4,110)155757726(4,111)
(5,110)775295496(5,111)
(7,110)1(8,110)
(8,110)1(8,111)
(9,110)476291550(9,111)
(0,111)126235922(1,111)
(1,111)986805479(2,111)
(1,111)288310897(1,112)
(2,111)865667269(3,111)
(3,111)199077271(4,111)
(3,111)1148228589(3,112)
(4,111)984347708(5,111)
(5,111)171511414(6,111)
(7,111)411231309(8,111)
(8,111)1(9,111)
(9,111)1(9,112)
(0,112)729403868(1,112)
(0,112)1018753934(0,113)
(2,112)109758912(2,113)
(3,112)738184776(3,113)
(4,112)716919654(4,113)
(5,112)1(6,112)
(5,112)1(5,113)
(6,112)1(7,112)
(6,112)68339906(6,113)
(7,112)1(8,112)
(8,112)1(9,112)
(8,112)108559563(8,113)
(9,112)55890327(9,113)
(0,113)307636834(0,114)
(1,113)1040238036(1,114)
(2,113)671143326(3,113)
(4,113)1(5,113)
(4,113)1(4,114)
(6,113)361199909(7,113)
(9,113)224612380(9,114)
(1,114)405909711(2,114)
(2,114)934396398(2,115)
(3,114)268434852(4,114)
(4,114)1(4,115)
(5,114)440593080(6,114)
(5,114)468140575(5,115)
(7,114)1316499386(8,114)
(8,114)4490795(9,114)
(9,114)875294769(9,115)
(0,115)752638075(0,116)
(1,115)384434116(2,115)
(2,115)781388463(2,116)
(3,115)1(4,115)
(3,115)1(3,116)
(4,115)1216592847(5,115)
(6,115)1104352876(7,115)
(6,115)904016522(6,116)
(7,115)1309926234(8,115)
(7,115)656005571(7,116)
(9,115)413074256(9,116)
(0,116)370265691(1,116)
(0,116)159700478(0,117)
(1,116)627841053(2,116)
(2,116)810858772(2,117)
(3,116)144206240(4,116)
(3,116)1(3,117)
(4,116)96662426(5,116)
(5,116)148697035(5,117)
(6,116)849300501(6,117)
(7,116)1032323074(7,117)
(8,116)568587553(9,116)
(0,117)60885776(0,118)
(1,117)1048477843(1,118)
(3,117)1(3,118)
(4,117)272188313(5,117)
(6,117)431888791(6,118)
(7,117)1059729844(8,117)
(8,117)296919312(9,117)
(8,117)661277073(8,118)
(0,118)757544961(1,118)
(0,118)805483313(0,119)
(1,118)954180349(2,118)
(2,118)407867021(3,118)
(3,118)978304805(4,118)
(3,118)1(3,119)
(5,118)1473486635(6,118)
(6,118)1138171995(7,118)
(7,118)374480830(7,119)
(8,118)179491548(9,118)
(1,119)1098982023(2,119)
(2,119)334181827(3,119)
(2,119)674956061(2,120)
(3,119)1(3,120)
(4,119)1393911671(4,120)
(5,119)855815765(6,119)
(6,119)734729737(7,119)
(6,119)268677062(6,120)
(7,119)414382284(7,120)
(8,119)822249305(9,119)
(8,119)680711467(8,120)
(0,120)316367296(1,120)
(0,120)1659016272(0,121)
(1,120)1058424983(2,120)
(1,120)1176843028(1,121)
(3,120)1(4,120)
(3,120)49113330(3,121)
(4,120)25869424(5,120)
(4,120)1(4,121)
(5,120)28742013(6,120)
(5,120)196342662(5,121)
(7,120)596197213(8,120)
(8,120)265216877(9,120)
(8,120)18243576(8,121)
(9,120)1545597537(9,121)
(1,121)1008791286(1,122)
(2,121)367460666(2,122)
(4,121)1(4,122)
(6,121)602667644(6,122)
(7,121)647318071(7,122)
(0,122)47926966(1,122)
(2,122)76668980(2,123)
(3,122)7704030(4,122)
(3,122)1119311127(3,123)
(4,122)1(5,122)
(5,122)1(6,122)
(5,122)272920907(5,123)
(6,122)1(6,123)
(7,122)511757558(8,122)
(7,122)88909312(7,123)
(8,122)152026474(8,123)
(9,122)922181111(9,123)
(0,123)933869425(0,124)
(1,123)390478033(2,123)
(2,123)468500127(3,123)
(2,123)1189694815(2,124)
(3,123)163453937(3,124)
(4,123)1726283773(5,123)
(6,123)1(6,124)
(7,123)1280906798(7,124)
(8,123)366713722(9,123)
(0,124)48717859(1,124)
(1,124)896403223(1,125)
(4,124)96740876(4,125)
(5,124)584122858(5,125)
(6,124)155858982(7,124)
(6,124)1(6,125)
(7,124)1004979540(8,124)
(9,124)1168433477(9,125)
(0,125)1035083036(0,126)
(1,125)373901951(2,125)
(1,125)747233603(1,126)
(2,125)880195121(2,126)
(3,125)13618272(4,125)
(4,125)545252070(4,126)
(5,125)304100590(6,125)
(5,125)380331994(5,126)
(6,125)1(7,125)
(7,125)1(8,125)
(8,125)1(9,125)
(9,125)1(9,126)
(0,126)882228007(1,126)
(0,126)923114585(0,127)
(2,126)410444229(3,126)
(3,126)638420817(4,126)
(4,126)861166575(5,126)
(5,126)436373599(6,126)
(7,126)1(8,126)
(7,126)1(7,127)
(8,126)1(9,126)
(1,127)306217212(2,127)
(1,127)1254862091(1,128)
(3,127)1(4,127)
(3,127)1(3,128)
(4,127)1(5,127)
(4,127)536748710(4,128)
(5,127)1(6,127)
(6,127)1(7,127)
(7,127)576021186(8,127)
(7,127)448002073(7,128)
(8,127)858446302(9,127)
(8,127)118108895(8,128)
(9,127)91633963(9,128)
(0,128)1(1,128)
(0,128)1(0,129)
(1,128)1(2,128)
(2,128)1(3,128)
(2,128)562760023(2,129)
(4,128)824234418(4,129)
(5,128)707550167(6,128)
(5,128)540721809(5,129)
(9,128)512429748(9,129)
(0,129)1(1,129)
(0,129)368246767(0,130)
(1,129)1(1,130)
(3,129)214903857(3,130)
(4,129)333012752(5,129)
(5,129)542021446(6,129)
(5,129)112745075(5,130)
(6,129)239131499(7,129)
(8,129)48904840(9,129)
(8,129)801891522(8,130)
(0,130)400775099(0,131)
(1,130)1(2,130)
(1,130)868117502(1,131)
(2,130)1(3,130)
(3,130)1(3,131)
(4,130)345861082(5,130)
(4,130)116225652(4,131)
(5,130)628655400(6,130)
(6,130)714107850(6,131)
(7,130)564569158(8,130)
(8,130)1308604251(9,130)
(8,130)268608019(8,131)
(9,130)779473015(9,131)
(2,131)1(3,131)
(2,131)1(2,132)
(4,131)676674888(5,131)
(6,131)422911970(7,131)
(6,131)1077449987(6,132)
(9,131)693288620(9,132)
(0,132)96304612(1,132)
(1,132)264842459(2,132)
(2,132)1(2,133)
(3,132)11714319(4,132)
(4,132)170343063(4,133)
(5,132)949816079(6,132)
(6,132)931826657(7,132)
(8,132)1085356190(8,133)
(9,132)1029103823(9,133)
(0,133)586224060(0,134)
(1,133)135996771(2,133)
(2,133)1(3,133)
(2,133)487069802(2,134)
(3,133)1(4,133)
(3,133)558908741(3,134)
(4,133)1(5,133)
(4,133)507208298(4,134)
(5,133)1(5,134)
(6,133)204469362(7,133)
(7,133)92162973(7,134)
(8,133)929429375(8,134)
(0,134)941143694(0,135)
(1,134)113978616(2,134)
(2,134)818096021(2,135)
(3,134)1045805273(3,135)
(5,134)1(5,135)
(6,134)268964672(7,134)
(7,134)1(8,134)
(7,134)1(7,135)
(8,134)960718703(9,134)
(8,134)1(8,135)
(0,135)884120266(0,136)
(1,135)992285016(2,135)
(2,135)520940272(2,136)
(3,135)613103245(4,135)
(4,135)983233588(4,136)
(5,135)1(6,135)
(5,135)311040124(5,136)
(6,135)1(7,135)
(8,135)289832126(9,135)
(8,135)1(8,136)
(0,136)27406892(1,136)
(1,136)285123663(2,136)
(2,136)485723733(3,136)
(2,136)794085482(2,137)
(3,136)554088336(3,137)
(4,136)1191622381(4,137)
(5,136)308946122(6,136)
(6,136)46759429(6,137)
(7,136)1039044445(8,136)
(8,136)1(9,136)
(9,136)1(9,137)
(0,137)386781061(0,138)
(1,137)697821185(2,137)
(1,137)67015282(1,138)
(2,137)223183601(2,138)
(3,137)877141251(3,138)
(5,137)72109897(5,138)
(6,137)99516790(7,137)
(8,137)206887484(9,137)
(9,137)1(9,138)
(0,138)1398509865(1,138)
(4,138)1(5,138)
(4,138)1(4,139)
(5,138)1(6,138)
(5,138)441677548(5,139)
(6,138)1(7,138)
(7,138)1(7,139)
(8,138)541019946(8,139)
(9,138)1(9,139)
(0,139)323297717(0,140)
(1,139)395407614(2,139)
(1,139)512704498(1,140)
(3,139)1(4,139)
(3,139)1(3,140)
(6,139)397382123(7,139)
(7,139)1(8,139)
(7,139)1026056370(7,140)
(8,139)1(9,139)
(9,139)101385878(9,140)
(0,140)782162697(1,140)
(1,140)1072756836(1,141)
(2,140)283425207(3,140)
(3,140)1(3,141)
(4,140)659156993(5,140)
(4,140)191914763(4,141)
(5,140)977545571(6,140)
(5,140)1213240386(5,141)
(6,140)478719517(7,140)
(6,140)982454710(6,141)
(8,140)1312874918(9,140)
(0,141)730543779(1,141)
(0,141)489008963(0,142)
(2,141)1(3,141)
(2,141)1(2,142)
(6,141)342667719(7,141)
(7,141)1149025312(8,141)
(7,141)297885996(7,142)
(8,141)581311203(9,141)
(0,142)773225967(1,142)
(1,142)349953176(2,142)
(2,142)1(3,142)
(3,142)1093537960(4,142)
(3,142)1(3,143)
(4,142)378213234(5,142)
(5,142)258929230(5,143)
(6,142)989473009(7,142)
(6,142)867222197(6,143)
(7,142)355103419(8,142)
(7,142)830801929(7,143)
(9,142)240366765(9,143)
(0,143)174595756(1,143)
(1,143)23240731(2,143)
(1,143)82984573(1,144)
(3,143)1(3,144)
(4,143)433250847(4,144)
(5,143)278922116(5,144)
(8,143)93055676(9,143)
(8,143)655435974(8,144)
(9,143)144484442(9,144)
(0,144)84724766(1,144)
(1,144)522697676(1,145)
(2,144)1389919873(3,144)
(3,144)632498867(4,144)
(3,144)1(3,145)
(6,144)451962586(6,145)
(7,144)475203318(8,144)
(9,144)841111769(9,145)
(0,145)955282926(0,146)
(1,145)1234205043(2,145)
(1,145)670257552(1,146)
(3,145)1(4,145)
(3,145)138869478(3,146)
(4,145)1(5,145)
(5,145)1(5,146)
(6,145)1(7,145)
(6,145)1(6,146)
(7,145)1(8,145)
(8,145)1009029865(9,145)
(8,145)1(8,146)
(0,146)606569510(1,146)
(1,146)818389773(2,146)
(1,146)1095334659(1,147)
(2,146)444475920(2,147)
(3,146)365366903(4,146)
(3,146)528853222(3,147)
(5,146)1(6,146)
(6,146)1356334434(7,146)
(6,146)594324514(6,147)
(8,146)1022502362(9,146)
(8,146)1(8,147)
(0,147)1218177190(0,148)
(1,147)614220840(1,148)
(2,147)1010016579(3,147)
(3,147)837436192(4,147)
(3,147)682621327(3,148)
(5,147)224855970(6,147)
(6,147)305551920(7,147)
(6,147)467682973(6,148)
(8,147)720004227(9,147)
(8,147)1(8,148)
(0,148)595021143(1,148)
(0,148)1115394744(0,149)
(1,148)685878165(2,148)
(3,148)550052417(4,148)
(4,148)442360309(5,148)
(7,148)15990561(7,149)
(8,148)1026007141(9,148)
(8,148)1(8,149)
(9,148)29970230(9,149)
(0,149)144755328(1,149)
(2,149)369611298(2,150)
(3,149)1459798089(3,150)
(4,149)62342281(5,149)
(5,149)636329163(6,149)
(5,149)262322507(5,150)
(6,149)857343651(7,149)
(8,149)1(8,150)
(9,149)1758344143(9,150)
(0,150)571062249(0,151)
(1,150)53220804(1,151)
(2,150)974729198(2,151)
(3,150)990719759(4,150)
(4,150)13462315(5,150)
(4,150)1061107208(4,151)
(6,150)13998581(7,150)
(7,150)1(8,150)
(7,150)1(7,151)
(8,150)383609879(8,151)
(0,151)957909500(1,151)
(1,151)188250667(2,151)
(2,151)1027882344(3,151)
(3,151)1045594318(3,152)
(4,151)1(5,151)
(4,151)1(4,152)
(5,151)1(6,151)
(6,151)1(7,151)
(7,151)408095186(7,152)
(9,151)1029434527(9,152)
(0,152)624114370(0,153)
(1,152)493357623(2,152)
(2,152)364139269(3,152)
(3,152)1(4,152)
(3,152)1(3,153)
(4,152)839627865(4,153)
(5,152)627430902(6,152)
(5,152)274302060(5,153)
(6,152)816894243(6,153)
(7,152)477576221(7,153)
(8,152)1505458565(9,152)
(8,152)678966576(8,153)
(0,153)101988804(1,153)
(0,153)68534664(0,154)
(1,153)969859729(1,154)
(2,153)1(3,153)
(2,153)1(2,154)
(3,153)107873309(3,154)
(5,153)839328215(5,154)
(6,153)365382290(6,154)
(7,153)858739913(8,153)
(8,153)235345602(9,153)
(9,153)1366096117(9,154)
(1,154)1(2,154)
(1,154)1(1,155)
(3,154)32496943(4,154)
(4,154)29668412(5,154)
(6,154)98203076(6,155)
(7,154)657249367(7,155)
(8,154)1117291847(9,154)
(0,155)1(1,155)
(0,155)1(0,156)
(1,155)1653610438(2,155)
(3,155)1380932056(3,156)
(4,155)1087324516(5,155)
(4,155)473190757(4,156)
(6,155)1073485350(7,155)
(8,155)727854575(9,155)
(8,155)628406072(8,156)
(9,155)695672139(9,156)
(0,156)1(1,156)
(0,156)660903015(0,157)
(1,156)1(2,156)
(2,156)823543627(3,156)
(2,156)1(2,157)
(3,156)856627639(4,156)
(4,156)1640643037(5,156)
(4,156)223470951(4,157)
(6,156)890086297(7,156)
(6,156)307441612(6,157)
(7,156)1127823785(7,157)
(8,156)782046245(8,157)
(0,157)545212526(0,158)
(1,157)1(2,157)
(1,157)1(1,158)
(3,157)708650391(4,157)
(4,157)98132184(5,157)
(4,157)410824361(4,158)
(6,157)759035200(6,158)
(7,157)810410075(8,157)
(8,157)388224(8,158)
(9,157)354245615(9,158)
(1,158)1(2,158)
(2,158)154846616(3,158)
(2,158)1(2,159)
(4,158)208100596(5,158)
(5,158)185254331(5,159)
(6,158)753313122(6,159)
(7,158)1297037532(8,158)
(8,158)363110862(9,158)
(8,158)160504680(8,159)
(0,159)773935224(1,159)
(1,159)1(2,159)
(1,159)1(1,160)
(3,159)1564785128(4,159)
(4,159)286857456(4,160)
(5,159)641103071(6,159)
(6,159)656566492(7,159)
(6,159)816590430(6,160)
(7,159)488508075(7,160)
(8,159)643354692(9,159)
(8,159)1119206057(8,160)
(9,159)926096482(9,160)
(0,160)1(1,160)
(0,160)1(0,161)
(1,160)747440091(2,160)
(3,160)924458343(4,160)
(3,160)676159(3,161)
(4,160)161180840(5,160)
(4,160)1037064085(4,161)
(7,160)521239909(7,161)
(9,160)1147698646(9,161)
(0,161)1(1,161)
(1,161)1(1,162)
(2,161)925647817(2,162)
(4,161)765241398(5,161)
(5,161)55034963(6,161)
(6,161)521796647(7,161)
(8,161)929258594(9,161)
(8,161)148998186(8,162)
(0,162)1073456530(0,163)
(1,162)213542088(2,162)
(1,162)1(1,163)
(3,162)127562870(3,163)
(4,162)160605168(4,163)
(5,162)1308303814(6,162)
(6,162)278655058(7,162)
(6,162)986285715(6,163)
(7,162)268093380(7,163)
(8,162)44473377(9,162)
(0,163)470975119(0,164)
(1,163)381002056(2,163)
(1,163)1(1,164)
(3,163)417678862(4,163)
(3,163)902798703(3,164)
(4,163)1051796889(5,163)
(7,163)191311859(8,163)
(8,163)631235290(9,163)
(9,163)318874729(9,164)
(0,164)637382622(0,165)
(1,164)631492934(2,164)
(1,164)1(1,165)
(3,164)220754005(4,164)
(3,164)910147992(3,165)
(5,164)677236642(6,164)
(5,164)265227382(5,165)
(6,164)437942339(6,165)
(7,164)818944395(8,164)
(8,164)631242759(9,164)
(8,164)814569708(8,165)
(0,165)125601175(1,165)
(1,165)431702379(2,165)
(1,165)1(1,166)
(2,165)603826111(3,165)
(4,165)90954819(5,165)
(6,165)482753878(7,165)
(6,165)728337442(6,166)
(8,165)139627683(9,165)
(9,165)122494721(9,166)
(0,166)656168508(0,167)
(1,166)1(2,166)
(1,166)89461940(1,167)
(2,166)1(3,166)
(3,166)789095359(4,166)
(3,166)1(3,167)
(5,166)920608124(6,166)
(6,166)259369762(6,167)
(7,166)691072141(8,166)
(8,166)3006927(9,166)
(9,166)141067360(9,167)
(0,167)153636774(0,168)
(1,167)232022179(1,168)
(2,167)960359621(3,167)
(3,167)1(3,168)
(4,167)762718575(5,167)
(4,167)172706350(4,168)
(5,167)295201071(6,167)
(6,167)159311562(7,167)
(7,167)192799326(8,167)
(7,167)384663011(7,168)
(8,167)912067291(9,167)
(9,167)552834457(9,168)
(0,168)110932317(1,168)
(0,168)673234336(0,169)
(2,168)1031540442(2,169)
(3,168)1(4,168)
(4,168)438503098(5,168)
(4,168)1(4,169)
(5,168)671464912(6,168)
(5,168)433728185(5,169)
(6,168)592139873(6,169)
(7,168)436690067(8,168)
(7,168)903487091(7,169)
(9,168)763994139(9,169)
(1,169)932877282(2,169)
(2,169)798116149(3,169)
(2,169)184270486(2,170)
(3,169)568933497(4,169)
(4,169)1(4,170)
(8,169)963030993(9,169)
(8,169)475989900(8,170)
(9,169)940195417(9,170)
(0,170)906711158(0,171)
(1,170)1340439343(2,170)
(2,170)17409809(2,171)
(3,170)424828777(3,171)
(4,170)1(4,171)
(5,170)637259966(5,171)
(6,170)526329381(7,170)
(7,170)27925935(8,170)
(7,170)403268012(7,171)
(0,171)44815990(1,171)
(0,171)1279533364(0,172)
(1,171)613050505(2,171)
(3,171)1(4,171)
(3,171)1(3,172)
(4,171)533489863(5,171)
(6,171)873763749(7,171)
(7,171)633156716(8,171)
(8,171)1041453450(9,171)
(8,171)891173558(8,172)
(9,171)1057985493(9,172)
(1,172)301846777(2,172)
(1,172)331877655(1,173)
(2,172)178053556(2,173)
(3,172)581321569(4,172)
(3,172)1(3,173)
(5,172)574967022(6,172)
(6,172)670825742(6,173)
(7,172)523925975(7,173)
(0,173)1021651862(1,173)
(2,173)1(3,173)
(2,173)1(2,174)
(4,173)831180717(5,173)
(5,173)711242007(6,173)
(6,173)127135179(7,173)
(6,173)495767529(6,174)
(7,173)797614306(8,173)
(8,173)470045970(9,173)
(8,173)305188735(8,174)
(0,174)886510304(0,175)
(1,174)1(2,174)
(1,174)1(1,175)
(2,174)499865236(2,175)
(3,174)201770460(3,175)
(4,174)824301183(4,175)
(5,174)18193745(6,174)
(5,174)998754647(5,175)
(7,174)222526073(8,174)
(8,174)733974918(8,175)
(9,174)162533232(9,175)
(0,175)566416130(1,175)
(0,175)665642036(0,176)
(1,175)1(1,176)
(3,175)173294152(4,175)
(4,175)139612137(4,176)
(5,175)643340123(5,176)
(6,175)568238336(7,175)
(7,175)635001797(7,176)
(8,175)175426733(9,175)
(8,175)1068103572(8,176)
(1,176)943165783(2,176)
(1,176)1(1,177)
(3,176)763497833(4,176)
(3,176)816088644(3,177)
(4,176)87831922(4,177)
(5,176)250365155(6,176)
(6,176)95589932(7,176)
(6,176)68221951(6,177)
(8,176)586076936(9,176)
(0,177)725689073(1,177)
(1,177)1(2,177)
(2,177)1(2,178)
(3,177)610637034(3,178)
(5,177)629609034(6,177)
(6,177)6280827(7,177)
(7,177)418833877(8,177)
(8,177)1024202490(8,178)
(9,177)1234922521(9,178)
(0,178)1439253639(1,178)
(1,178)637502436(1,179)
(2,178)1(3,178)
(3,178)1(4,178)
(4,178)638228478(5,178)
(4,178)1(4,179)
(6,178)37287053(6,179)
(7,178)79685750(8,178)
(8,178)603772999(9,178)
(8,178)294104640(8,179)
(0,179)1272714465(0,180)
(1,179)279267376(2,179)
(1,179)221579743(1,180)
(3,179)285548203(3,180)
(4,179)1(4,180)
(5,179)1019428978(5,180)
(6,179)311198969(7,179)
(6,179)949967368(6,180)
(7,179)119357845(8,179)
(8,179)546747410(9,179)
(9,179)1531821901(9,180)
(0,180)811972706(1,180)
(0,180)639548366(0,181)
(1,180)22566732(1,181)
(2,180)59853785(3,180)
(2,180)255113046(2,181)
(3,180)947254952(4,180)
(4,180)108957158(5,180)
(4,180)1(4,181)
(5,180)829862320(6,180)
(6,180)1250793959(7,180)
(7,180)1051442063(7,181)
(8,180)748689900(9,180)
(1,181)120121594(2,181)
(2,181)68292201(2,182)
(3,181)431320564(3,182)
(4,181)284654679(5,181)
(4,181)1(4,182)
(6,181)924203046(6,182)
(7,181)788558951(8,181)
(9,181)603411469(9,182)
(0,182)322919692(0,183)
(1,182)712368628(1,183)
(2,182)466756440(2,183)
(3,182)977257954(3,183)
(4,182)1(5,182)
(5,182)1(5,183)
(6,182)984176369(7,182)
(7,182)367769760(7,183)
(8,182)279007730(9,182)
(9,182)62078083(9,183)
(0,183)309603544(1,183)
(1,183)346732762(1,184)
(3,183)1309522060(4,183)
(3,183)538398125(3,184)
(5,183)1(6,183)
(6,183)443770766(7,183)
(6,183)1(6,184)
(8,183)910527206(8,184)
(9,183)940704506(9,184)
(0,184)634359769(1,184)
(0,184)281242062(0,185)
(1,184)400646817(2,184)
(2,184)861283739(3,184)
(3,184)261145041(4,184)
(4,184)289808110(5,184)
(4,184)492041258(4,185)
(5,184)1(6,184)
(5,184)1(5,185)
(6,184)849756316(7,184)
(7,184)521954689(8,184)
(8,184)24304264(9,184)
(8,184)574293928(8,185)
(1,185)543208986(2,185)
(1,185)974415679(1,186)
(2,185)451737958(2,186)
(3,185)986979752(3,186)
(4,185)1174844788(4,186)
(5,185)1(5,186)
(6,185)31265373(6,186)
(7,185)431912190(8,185)
(7,185)1318713462(7,186)
(8,185)32513553(9,185)
(0,186)524554812(1,186)
(0,186)1495273425(0,187)
(2,186)1078674153(2,187)
(3,186)737698864(3,187)
(5,186)1(6,186)
(6,186)1(6,187)
(8,186)683805869(9,186)
(8,186)244400208(8,187)
(9,186)431030225(9,187)
(1,187)482839061(2,187)
(1,187)181053536(1,188)
(2,187)212318909(3,187)
(3,187)997946119(4,187)
(4,187)1(5,187)
(4,187)1(4,188)
(5,187)1(6,187)
(6,187)258026676(6,188)
(7,187)145969224(8,187)
(7,187)272542668(7,188)
(9,187)883668089(9,188)
(0,188)1068317201(1,188)
(0,188)318247599(0,189)
(1,188)174594473(2,188)
(1,188)48177234(1,189)
(2,188)1096502368(3,188)
(4,188)211656932(5,188)
(4,188)1(4,189)
(7,188)470941721(8,188)
(7,188)1152636601(7,189)
(9,188)147050237(9,189)
(0,189)110868443(0,190)
(1,189)1141328115(2,189)
(1,189)1057287136(1,190)
(2,189)175185791(2,190)
(3,189)1(4,189)
(3,189)1(3,190)
(4,189)1035063942(5,189)
(5,189)197467477(6,189)
(6,189)851756426(7,189)
(7,189)245644711(7,190)
(8,189)418065581(8,190)
(0,190)1604266016(0,191)
(2,190)706799337(2,191)
(3,190)1(3,191)
(4,190)18380405(4,191)
(5,190)165430642(6,190)
(6,190)938610763(7,190)
(7,190)1125597223(8,190)
(8,190)390547942(9,190)
(8,190)1113796554(8,191)
(9,190)1674456175(9,191)
(0,191)1561525014(0,192)
(1,191)1344964239(2,191)
(1,191)562036469(1,192)
(3,191)147459520(4,191)
(3,191)1(3,192)
(4,191)467302599(5,191)
(5,191)643449468(6,191)
(7,191)202785492(7,192)
(1,192)572998653(2,192)
(3,192)1(4,192)
(4,192)477922323(5,192)
(4,192)1(4,193)
(5,192)374107855(6,192)
(7,192)936144324(7,193)
(8,192)704008687(9,192)
(8,192)1153463084(8,193)
(0,193)1300922604(0,194)
(1,193)643045556(2,193)
(2,193)495744885(2,194)
(3,193)698530377(4,193)
(4,193)1(4,194)
(5,193)1(6,193)
(5,193)1(5,194)
(6,193)1(7,193)
(7,193)1(7,194)
(8,193)103617943(9,193)
(8,193)151394358(8,194)
(0,194)950753272(1,194)
(0,194)1308147361(0,195)
(1,194)707964658(2,194)
(2,194)1324861127(2,195)
(3,194)113521804(4,194)
(4,194)1(4,195)
(5,194)1(5,195)
(6,194)669825907(7,194)
(6,194)119031327(6,195)
(7,194)1(8,194)
(8,194)1(9,194)
(9,194)1(9,195)
(1,195)165372074(2,195)
(2,195)245039966(2,196)
(3,195)627119804(4,195)
(3,195)382731209(3,196)
(4,195)1(5,195)
(5,195)730737747(5,196)
(7,195)402753938(8,195)
(8,195)1(9,195)
(8,195)1(8,196)
(9,195)214883224(9,196)
(0,196)1061756076(1,196)
(0,196)972390303(0,197)
(2,196)744989932(2,197)
(3,196)34207686(4,196)
(3,196)312263053(3,197)
(5,196)396561819(6,196)
(6,196)601207079(7,196)
(7,196)383546822(7,197)
(8,196)1(8,197)
(0,197)79841707(1,197)
(1,197)56620949(2,197)
(1,197)129196570(1,198)
(4,197)449496819(5,197)
(4,197)226739789(4,198)
(5,197)441623014(6,197)
(6,197)367330850(7,197)
(8,197)774121883(9,197)
(8,197)1(8,198)
(0,198)688222040(1,198)
(0,198)1146528468(0,199)
(1,198)22773(2,198)
(1,198)706937520(1,199)
(3,198)601229853(3,199)
(4,198)1113728681(4,199)
(5,198)708799684(6,198)
(6,198)919318407(7,198)
(6,198)773360100(6,199)
(7,198)829981049(8,198)
(8,198)1(9,198)
(8,198)645594419(8,199)
(9,198)1(9,199)
(1,199)888721895(2,199)
(2,199)870106189(3,199)
(3,199)887024096(4,199)
(5,199)144509663(6,199)
(7,199)804959870(8,199)
