100 5
(0,0)330563459(1,0)
(0,0)1462722881(0,1)
(2,0)332817529(2,1)
(3,0)273684433(3,1)
(4,0)270017208(5,0)
(4,0)1149848530(4,1)
(5,0)588542639(6,0)
(6,0)934084981(6,1)
(7,0)548488826(7,1)
(8,0)47866901(9,0)
(8,0)755262675(8,1)
(10,0)1386507518(11,0)
(10,0)1088163016(10,1)
(11,0)1247523429(12,0)
(11,0)123842659(11,1)
(13,0)465129096(14,0)
(13,0)360230427(13,1)
(14,0)358076979(15,0)
(15,0)1(16,0)
(15,0)872606803(15,1)
(16,0)1(17,0)
(16,0)688640438(16,1)
(17,0)1021457967(18,0)
(17,0)1(17,1)
(18,0)488136673(18,1)
(19,0)563318783(19,1)
(20,0)499086032(21,0)
(21,0)385289099(22,0)
(21,0)79044195(21,1)
(22,0)627533021(23,0)
(22,0)13318580(22,1)
(23,0)768581255(24,0)
(24,0)1605353682(25,0)
(24,0)675399923(24,1)
(25,0)188601252(25,1)
(26,0)312443911(27,0)
(26,0)844377553(26,1)
(27,0)705563098(28,0)
(28,0)1223833147(29,0)
(29,0)1170692194(29,1)
(30,0)1581910126(30,1)
(31,0)1(32,0)
(31,0)1(31,1)
(32,0)1(32,1)
(33,0)1(34,0)
(33,0)1(33,1)
(34,0)1(34,1)
(35,0)549859772(36,0)
(36,0)1(37,0)
(36,0)1(36,1)
(37,0)1(38,0)
(38,0)1(39,0)
(39,0)1(39,1)
(40,0)1029947139(41,0)
(41,0)751885796(42,0)
(42,0)1(43,0)
(42,0)1(42,1)
(43,0)1(44,0)
(44,0)1(45,0)
(44,0)1550406077(44,1)
(45,0)1(46,0)
(45,0)440264757(45,1)
(46,0)1(46,1)
(47,0)1(48,0)
(47,0)1(47,1)
(48,0)1(49,0)
(48,0)1072732477(48,1)
(49,0)1(50,0)
(50,0)1(51,0)
(51,0)1(51,1)
(52,0)1288483266(52,1)
(53,0)459974262(54,0)
(54,0)638857296(55,0)
(55,0)306865182(55,1)
(56,0)1668804436(56,1)
(57,0)863711839(58,0)
(57,0)470461729(57,1)
(58,0)96408323(58,1)
(59,0)1646814400(60,0)
(60,0)97546557(61,0)
(60,0)261084417(60,1)
(61,0)637557208(62,0)
(61,0)484163308(61,1)
(62,0)1592062780(63,0)
(63,0)325542766(64,0)
(65,0)349447250(65,1)
(66,0)923211507(67,0)
(66,0)81991408(66,1)
(68,0)884562402(69,0)
(68,0)284640988(68,1)
(69,0)95708677(70,0)
(71,0)1044740487(72,0)
(72,0)284746340(73,0)
(72,0)1907149511(72,1)
(74,0)65173316(74,1)
(75,0)326257733(76,0)
(75,0)1502888587(75,1)
(77,0)916090971(78,0)
(77,0)963814941(77,1)
(78,0)464120491(79,0)
(79,0)981150867(80,0)
(81,0)1(82,0)
(81,0)1(81,1)
(82,0)1(83,0)
(83,0)1(84,0)
(84,0)1(84,1)
(85,0)1(86,0)
(85,0)1(85,1)
(86,0)1(87,0)
(86,0)1074332100(86,1)
(87,0)1(88,0)
(87,0)440777719(87,1)
(88,0)201746397(89,0)
(88,0)1(88,1)
(89,0)911362779(90,0)
(89,0)690072150(89,1)
(90,0)45477089(91,0)
(92,0)53951805(93,0)
(93,0)51884880(93,1)
(94,0)518072296(94,1)
(95,0)1(96,0)
(95,0)1(95,1)
(96,0)1(97,0)
(97,0)1103924804(98,0)
(97,0)1(97,1)
(99,0)1755374639(99,1)
(0,1)836758540(1,1)
(1,1)1045475857(2,1)
(1,1)355049503(1,2)
(2,1)916492626(3,1)
(3,1)597604955(4,1)
(5,1)526561220(6,1)
(5,1)1287677105(5,2)
(7,1)443790758(8,1)
(8,1)1218199530(8,2)
(9,1)387392245(10,1)
(9,1)495675639(9,2)
(10,1)188722186(10,2)
(11,1)655864739(12,1)
(11,1)537735827(11,2)
(12,1)884050843(13,1)
(12,1)378826565(12,2)
(14,1)906325869(15,1)
(14,1)365904638(14,2)
(17,1)1(17,2)
(18,1)252105400(19,1)
(18,1)214700842(18,2)
(20,1)1244489814(21,1)
(21,1)356460504(21,2)
(22,1)430160361(22,2)
(23,1)1544409334(23,2)
(26,1)426004316(27,1)
(27,1)488395404(27,2)
(28,1)1310055160(28,2)
(30,1)1(31,1)
(30,1)1(30,2)
(32,1)1(33,1)
(34,1)1(34,2)
(35,1)354398364(36,1)
(36,1)38317428(37,1)
(36,1)1(36,2)
(38,1)11476017(38,2)
(39,1)1(39,2)
(40,1)1(41,1)
(40,1)1(40,2)
(41,1)1(42,1)
(43,1)191994383(43,2)
(46,1)1(47,1)
(48,1)1373003955(49,1)
(48,1)1347265346(48,2)
(50,1)1(51,1)
(50,1)1(50,2)
(51,1)115956700(51,2)
(52,1)1136321621(52,2)
(53,1)83443721(53,2)
(54,1)571897948(55,1)
(54,1)275432618(54,2)
(55,1)803082133(55,2)
(56,1)290897293(57,1)
(58,1)1490826837(59,1)
(58,1)267107857(58,2)
(60,1)931227441(60,2)
(61,1)710676626(62,1)
(62,1)100531396(62,2)
(63,1)127382608(63,2)
(64,1)853206161(64,2)
(65,1)1209355078(65,2)
(66,1)494050423(66,2)
(67,1)635003662(67,2)
(68,1)718447383(69,1)
(69,1)1024234390(70,1)
(69,1)630686034(69,2)
(70,1)1433768167(71,1)
(71,1)91482347(72,1)
(72,1)1195559765(73,1)
(74,1)1411992636(75,1)
(74,1)538902955(74,2)
(76,1)474929924(76,2)
(77,1)575461321(78,1)
(77,1)33323375(77,2)
(78,1)160705983(79,1)
(80,1)1085129494(81,1)
(81,1)50802636(82,1)
(81,1)1(81,2)
(82,1)262957625(82,2)
(83,1)1011759396(84,1)
(84,1)1(85,1)
(84,1)271899494(84,2)
(88,1)1(88,2)
(90,1)1(91,1)
(90,1)1(90,2)
(91,1)1(92,1)
(92,1)1(93,1)
(93,1)1(94,1)
(94,1)1(94,2)
(95,1)593128491(96,1)
(95,1)1(95,2)
(96,1)477394063(96,2)
(97,1)1(98,1)
(97,1)643931127(97,2)
(98,1)177622160(99,1)
(98,1)1(98,2)
(0,2)341999226(1,2)
(0,2)1034740865(0,3)
(1,2)449502042(2,2)
(3,2)967987859(4,2)
(4,2)259172241(4,3)
(6,2)442326453(7,2)
(7,2)859430524(8,2)
(7,2)473735682(7,3)
(8,2)237917782(8,3)
(9,2)375920678(9,3)
(10,2)238298606(10,3)
(11,2)998037932(11,3)
(12,2)59943543(13,2)
(12,2)245579311(12,3)
(14,2)822784913(14,3)
(15,2)590558437(15,3)
(16,2)83696012(17,2)
(17,2)1(17,3)
(18,2)115289740(19,2)
(19,2)608144635(19,3)
(20,2)448265564(21,2)
(22,2)890592017(22,3)
(23,2)1128509799(24,2)
(24,2)278894473(25,2)
(24,2)1075773701(24,3)
(26,2)1(27,2)
(26,2)1(26,3)
(27,2)1(28,2)
(28,2)1(28,3)
(29,2)1278590033(29,3)
(30,2)1(30,3)
(31,2)826366680(32,2)
(31,2)1426415440(31,3)
(33,2)466523456(33,3)
(34,2)1(35,2)
(35,2)1(35,3)
(36,2)1(37,2)
(37,2)266042024(38,2)
(37,2)1(37,3)
(39,2)1(40,2)
(39,2)1394551823(39,3)
(40,2)199286119(40,3)
(41,2)246365841(42,2)
(41,2)157520928(41,3)
(42,2)155536684(43,2)
(43,2)809908346(44,2)
(43,2)539024874(43,3)
(45,2)460297735(46,2)
(45,2)378798008(45,3)
(47,2)1344640563(48,2)
(47,2)1286664415(47,3)
(48,2)1243689414(48,3)
(49,2)512072436(49,3)
(50,2)1(50,3)
(51,2)55822321(52,2)
(53,2)321864345(53,3)
(55,2)395629265(55,3)
(56,2)553150193(57,2)
(57,2)7307510(57,3)
(58,2)1(59,2)
(58,2)1(58,3)
(59,2)1(60,2)
(60,2)1(60,3)
(61,2)650411630(61,3)
(63,2)658053137(64,2)
(63,2)952900287(63,3)
(65,2)75668935(66,2)
(66,2)765720311(66,3)
(67,2)255258740(68,2)
(67,2)131491257(67,3)
(68,2)453355602(69,2)
(69,2)282273763(70,2)
(70,2)1(71,2)
(70,2)1(70,3)
(71,2)1(72,2)
(71,2)43215432(71,3)
(72,2)50522942(73,2)
(72,2)1(72,3)
(74,2)596855326(74,3)
(75,2)813318969(76,2)
(76,2)1(77,2)
(76,2)1(76,3)
(77,2)85624161(78,2)
(77,2)1(77,3)
(79,2)1342836616(80,2)
(79,2)743677299(79,3)
(80,2)1(81,2)
(80,2)1(80,3)
(82,2)1549996808(83,2)
(84,2)1372902844(85,2)
(86,2)29679979(87,2)
(87,2)699536274(87,3)
(88,2)1(89,2)
(88,2)80202921(88,3)
(89,2)1(90,2)
(90,2)567213785(91,2)
(92,2)577677735(92,3)
(93,2)377734082(94,2)
(94,2)1(95,2)
(96,2)408249905(96,3)
(98,2)706587476(99,2)
(98,2)1(98,3)
(0,3)249974525(0,4)
(1,3)128131411(2,3)
(1,3)1229961454(1,4)
(3,3)827667685(3,4)
(4,3)916510914(5,3)
(5,3)309911730(5,4)
(6,3)877125516(7,3)
(8,3)1124268430(9,3)
(9,3)1060097893(9,4)
(10,3)115736024(10,4)
(12,3)249733336(13,3)
(13,3)940295690(13,4)
(14,3)643839098(14,4)
(15,3)893813623(16,3)
(15,3)312731529(15,4)
(17,3)1(18,3)
(18,3)1(18,4)
(20,3)1(21,3)
(20,3)1(20,4)
(21,3)1(22,3)
(22,3)1(23,3)
(23,3)1(24,3)
(24,3)1(25,3)
(24,3)53211381(24,4)
(25,3)1(26,3)
(25,3)74061508(25,4)
(26,3)1479685891(27,3)
(26,3)20140679(26,4)
(28,3)1(29,3)
(29,3)1(30,3)
(30,3)407814287(30,4)
(31,3)1119588302(31,4)
(32,3)622211961(32,4)
(33,3)1277062730(34,3)
(33,3)631121187(33,4)
(34,3)525772161(35,3)
(35,3)1(36,3)
(35,3)1124274206(35,4)
(36,3)1(37,3)
(36,3)730334865(36,4)
(37,3)705955742(37,4)
(38,3)396836287(39,3)
(39,3)53547261(39,4)
(40,3)127608770(41,3)
(40,3)1147814724(40,4)
(41,3)1167955403(42,3)
(43,3)1189230241(44,3)
(43,3)865508229(43,4)
(44,3)868540222(44,4)
(45,3)1276354509(46,3)
(46,3)387109574(47,3)
(46,3)859298301(46,4)
(47,3)1115574986(47,4)
(48,3)381159262(48,4)
(49,3)77338022(50,3)
(49,3)611089345(49,4)
(50,3)1(50,4)
(51,3)392156768(51,4)
(52,3)428784539(52,4)
(53,3)1(54,3)
(53,3)1(53,4)
(54,3)1(55,3)
(55,3)1(56,3)
(55,3)21691095(55,4)
(56,3)1(57,3)
(56,3)701015021(56,4)
(57,3)1(58,3)
(58,3)381259858(59,3)
(60,3)1(61,3)
(60,3)13555535(60,4)
(61,3)1(62,3)
(62,3)1(62,4)
(63,3)206880451(63,4)
(64,3)1(65,3)
(64,3)1(64,4)
(65,3)1(66,3)
(66,3)1(66,4)
(68,3)1(69,3)
(68,3)1(68,4)
(69,3)1(70,3)
(70,3)612107349(70,4)
(72,3)1(73,3)
(72,3)1068654929(72,4)
(73,3)1(74,3)
(74,3)1(75,3)
(74,3)545726549(74,4)
(75,3)1(76,3)
(76,3)1294098582(76,4)
(77,3)1(78,3)
(78,3)1(78,4)
(80,3)1(80,4)
(81,3)144944416(81,4)
(82,3)560706729(82,4)
(83,3)1366676767(84,3)
(83,3)1549986458(83,4)
(84,3)435769176(85,3)
(85,3)314594970(86,3)
(86,3)21343368(87,3)
(87,3)411897918(88,3)
(88,3)954182098(89,3)
(88,3)185810059(88,4)
(89,3)731536608(90,3)
(91,3)777318067(92,3)
(91,3)1290818693(91,4)
(92,3)575470966(93,3)
(92,3)900324469(92,4)
(93,3)928620124(93,4)
(94,3)318284918(95,3)
(94,3)67003690(94,4)
(95,3)376506210(96,3)
(97,3)1091858429(97,4)
(98,3)1(99,3)
(98,3)838393967(98,4)
(99,3)1(99,4)
(0,4)540881588(1,4)
(1,4)930130416(2,4)
(2,4)323662274(3,4)
(3,4)855476559(4,4)
(4,4)273373404(5,4)
(5,4)345005642(6,4)
(6,4)335710252(7,4)
(7,4)685271322(8,4)
(8,4)530815701(9,4)
(11,4)1262352309(12,4)
(12,4)773111835(13,4)
(14,4)405687354(15,4)
(15,4)1550429902(16,4)
(17,4)981158320(18,4)
(18,4)1(19,4)
(19,4)1(20,4)
(20,4)1048162010(21,4)
(21,4)649851296(22,4)
(22,4)514641574(23,4)
(26,4)369043002(27,4)
(28,4)380159336(29,4)
(29,4)863404242(30,4)
(30,4)208892935(31,4)
(31,4)921040925(32,4)
(33,4)532555209(34,4)
(38,4)604695737(39,4)
(41,4)596859181(42,4)
(42,4)523245214(43,4)
(45,4)928932568(46,4)
(50,4)1(51,4)
(51,4)1(52,4)
(52,4)1(53,4)
(54,4)87953824(55,4)
(56,4)1258878616(57,4)
(57,4)456996826(58,4)
(58,4)1343472937(59,4)
(60,4)1320401068(61,4)
(62,4)1(63,4)
(63,4)1(64,4)
(65,4)41629066(66,4)
(66,4)1(67,4)
(67,4)1(68,4)
(68,4)6373154(69,4)
(70,4)75891190(71,4)
(73,4)599136404(74,4)
(74,4)1141274218(75,4)
(77,4)424485097(78,4)
(78,4)1(79,4)
(79,4)1(80,4)
(80,4)39262355(81,4)
(81,4)345701005(82,4)
(83,4)303890908(84,4)
(85,4)41915641(86,4)
(86,4)242021229(87,4)
(87,4)1174209221(88,4)
(88,4)498912467(89,4)
(90,4)665763526(91,4)
(93,4)1078358756(94,4)
(94,4)638281965(95,4)
(95,4)927813825(96,4)
(96,4)1119987822(97,4)
