5 200
(0,0)330563459(1,0)
(0,0)1462722881(0,1)
(1,0)1839198299(2,0)
(1,0)2012820694(1,1)
(2,0)1897676471(3,0)
(2,0)332817529(2,1)
(3,0)1689344463(4,0)
(3,0)273684433(3,1)
(4,0)1149848530(4,1)
(0,1)2083250897(1,1)
(0,1)270017208(0,2)
(1,1)934084981(2,1)
(1,1)588542639(1,2)
(2,1)548488826(3,1)
(2,1)1661716196(2,2)
(3,1)755262675(4,1)
(3,1)1276683886(3,2)
(4,1)47866901(4,2)
(0,2)1567503645(1,2)
(0,2)2090864345(0,3)
(1,2)1386507518(2,2)
(1,2)1088163016(1,3)
(2,2)1247523429(3,2)
(2,2)123842659(2,3)
(3,2)1433702294(4,2)
(3,2)2008669193(3,3)
(4,2)360230427(4,3)
(0,3)2048032239(1,3)
(0,3)465129096(0,4)
(1,3)872606803(2,3)
(1,3)358076979(1,4)
(2,3)688640438(3,3)
(2,3)1363271473(2,4)
(3,3)1054986124(4,3)
(3,3)737943849(3,4)
(4,3)1021457967(4,4)
(0,4)1328670557(1,4)
(0,4)488136673(0,5)
(1,4)1637985203(2,4)
(1,4)563318783(1,5)
(2,4)499086032(3,4)
(2,4)1598687765(2,5)
(3,4)385289099(4,4)
(3,4)79044195(3,5)
(4,4)13318580(4,5)
(0,5)1661972985(1,5)
(0,5)627533021(0,6)
(1,5)675399923(2,5)
(1,5)768581255(1,6)
(2,5)188601252(3,5)
(2,5)1605353682(2,6)
(3,5)844377553(4,5)
(3,5)1763562939(3,6)
(4,5)312443911(4,6)
(0,6)705563098(1,6)
(0,6)863602720(0,7)
(1,6)1223833147(2,6)
(1,6)1746146205(1,7)
(2,6)1646694797(3,6)
(2,6)1170692194(2,7)
(3,6)2043298998(4,6)
(3,6)1581910126(3,7)
(4,6)862482622(4,7)
(0,7)633759199(1,7)
(0,7)123066916(0,8)
(1,7)1144524884(2,7)
(1,7)1917468746(1,8)
(2,7)1098655655(3,7)
(2,7)1121895872(2,8)
(3,7)612397428(4,7)
(3,7)1707843667(3,8)
(4,7)549859772(4,8)
(0,8)691441623(1,8)
(0,8)59446051(0,9)
(1,8)72764631(2,8)
(1,8)935148871(1,9)
(2,8)449638209(3,8)
(2,8)1318974644(2,9)
(3,8)1994374567(4,8)
(3,8)841345887(3,9)
(4,8)2054991891(4,9)
(0,9)1610453858(1,9)
(0,9)1029947139(0,10)
(1,9)1342391051(2,9)
(1,9)751885796(1,10)
(2,9)1457448894(3,9)
(2,9)326572930(2,10)
(3,9)1550406077(4,9)
(3,9)941053608(3,10)
(4,9)480657441(4,10)
(0,10)984832555(1,10)
(0,10)440264757(0,11)
(1,10)1302747379(2,10)
(1,10)376472791(1,11)
(2,10)1010231990(3,10)
(2,10)1107899472(2,11)
(3,10)104940708(4,10)
(3,10)1072732477(3,11)
(4,10)2132127863(4,11)
(0,11)1812784375(1,11)
(0,11)23904484(0,12)
(1,11)573764257(2,11)
(1,11)597041643(1,12)
(2,11)1288483266(3,11)
(2,11)1872230426(2,12)
(3,11)1944995057(4,11)
(3,11)1508913128(3,12)
(4,11)459974262(4,12)
(0,12)638857296(1,12)
(0,12)1958551337(0,13)
(1,12)1866059581(2,12)
(1,12)306865182(1,13)
(2,12)1917319040(3,12)
(2,12)1668804436(2,13)
(3,12)863711839(4,12)
(3,12)470461729(3,13)
(4,12)96408323(4,13)
(0,13)1804765447(1,13)
(0,13)1927910624(0,14)
(1,13)261084417(2,13)
(1,13)1646814400(1,14)
(2,13)484163308(3,13)
(2,13)97546557(2,14)
(3,13)1400293936(4,13)
(3,13)637557208(3,14)
(4,13)1592062780(4,14)
(0,14)325542766(1,14)
(0,14)1647789198(0,15)
(1,14)1632433413(2,14)
(1,14)1697003488(1,15)
(2,14)1362304215(3,14)
(2,14)349447250(2,15)
(3,14)923211507(4,14)
(3,14)81991408(3,15)
(4,14)1087050993(4,15)
(0,15)284640988(1,15)
(0,15)1370474674(0,16)
(1,15)1830448937(2,15)
(1,15)884562402(1,16)
(2,15)1523419699(3,15)
(2,15)95708677(2,16)
(3,15)1961768258(4,15)
(3,15)2137314119(3,16)
(4,15)1044740487(4,16)
(0,16)284746340(1,16)
(0,16)1907149511(0,17)
(1,16)2003557834(2,16)
(1,16)1908452326(1,17)
(2,16)1565734125(3,16)
(2,16)65173316(2,17)
(3,16)326257733(4,16)
(3,16)1502888587(3,17)
(4,16)1663280682(4,17)
(0,17)963814941(1,17)
(0,17)1987051895(0,18)
(1,17)1431631027(2,17)
(1,17)916090971(1,18)
(2,17)1241633737(3,17)
(2,17)464120491(2,18)
(3,17)2096553905(4,17)
(3,17)981150867(3,18)
(4,17)1591080987(4,18)
(0,18)31061665(1,18)
(0,18)195971434(0,19)
(1,18)1283022427(2,18)
(1,18)366808847(1,19)
(2,18)651449835(3,18)
(2,18)1401536340(2,19)
(3,18)1084501629(4,18)
(3,18)20101181(3,19)
(4,18)747158512(4,19)
(0,19)1074332100(1,19)
(0,19)1543520880(0,20)
(1,19)440777719(2,19)
(1,19)561443123(1,20)
(2,19)846189463(3,19)
(2,19)833997963(2,20)
(3,19)690072150(4,19)
(3,19)201746397(3,20)
(4,19)911362779(4,20)
(0,20)45477089(1,20)
(0,20)1767480523(0,21)
(1,20)1283277557(2,20)
(1,20)1237620512(1,21)
(2,20)53951805(3,20)
(2,20)2032528984(2,21)
(3,20)1316676363(4,20)
(3,20)51884880(3,21)
(4,20)518072296(4,21)
(0,21)150343582(1,21)
(0,21)1293518617(0,22)
(1,21)737115957(2,21)
(1,21)467142553(1,22)
(2,21)498204219(3,21)
(2,21)346315016(2,22)
(3,21)1629337443(4,21)
(3,21)1103924804(3,22)
(4,21)1899740559(4,22)
(0,22)1649438624(1,22)
(0,22)1755374639(0,23)
(1,22)355049503(2,22)
(1,22)836758540(1,23)
(2,22)1911090640(3,22)
(2,22)1045475857(2,23)
(3,22)1486253576(4,22)
(3,22)916492626(3,23)
(4,22)597604955(4,23)
(0,23)1687999974(1,23)
(0,23)1762682089(0,24)
(1,23)526561220(2,23)
(1,23)1287677105(1,24)
(2,23)1333154194(3,23)
(2,23)1307996849(2,24)
(3,23)443790758(4,23)
(3,23)1764181732(3,24)
(4,23)1218199530(4,24)
(0,24)495675639(1,24)
(0,24)1818133537(0,25)
(1,24)188722186(2,24)
(1,24)387392245(1,25)
(2,24)537735827(3,24)
(2,24)1789194256(2,25)
(3,24)378826565(4,24)
(3,24)655864739(3,25)
(4,24)884050843(4,25)
(0,25)1482751369(1,25)
(0,25)1154068958(0,26)
(1,25)906325869(2,25)
(1,25)365904638(1,26)
(2,25)2015343263(3,25)
(2,25)1090642360(2,26)
(3,25)1445691864(4,25)
(3,25)1743084409(3,26)
(4,25)913335472(4,26)
(0,26)214700842(1,26)
(0,26)1506691401(0,27)
(1,26)2104296357(2,26)
(1,26)252105400(1,27)
(2,26)1940105374(3,26)
(2,26)1977382932(2,27)
(3,26)356460504(4,26)
(3,26)1244489814(3,27)
(4,26)1100618575(4,27)
(0,27)2120642237(1,27)
(0,27)430160361(0,28)
(1,27)1648359891(2,27)
(1,27)1544409334(1,28)
(2,27)2040084973(3,27)
(2,27)1791292126(2,28)
(3,27)1980014312(4,27)
(3,27)2035752137(3,28)
(4,27)1681795581(4,28)
(0,28)488395404(1,28)
(0,28)426004316(0,29)
(1,28)1310055160(2,28)
(1,28)2060622147(1,29)
(2,28)1395889868(3,28)
(2,28)1642464362(2,29)
(3,28)401306584(4,28)
(3,28)1675959798(3,29)
(4,28)339048581(4,29)
(0,29)2144390993(1,29)
(0,29)1543819413(0,30)
(1,29)309671237(2,29)
(1,29)1784740445(1,30)
(2,29)1999441287(3,29)
(2,29)1503598747(2,30)
(3,29)1460411456(4,29)
(3,29)561776638(3,30)
(4,29)1829340571(4,30)
(0,30)557417622(1,30)
(0,30)354398364(0,31)
(1,30)1455016940(2,30)
(1,30)38317428(1,31)
(2,30)11476017(3,30)
(2,30)987577983(2,31)
(3,30)488454227(4,30)
(3,30)851942626(3,31)
(4,30)1802768143(4,31)
(0,31)376722716(1,31)
(0,31)744543951(0,32)
(1,31)278855884(2,31)
(1,31)1635298808(1,32)
(2,31)2123694212(3,31)
(2,31)802727032(2,32)
(3,31)2112782192(4,31)
(3,31)191994383(3,32)
(4,31)1618674926(4,32)
(0,32)1641258343(1,32)
(0,32)1587884252(0,33)
(1,32)1926932833(2,32)
(1,32)2019981510(1,33)
(2,32)2016888856(3,32)
(2,32)1037594108(2,33)
(3,32)1347265346(4,32)
(3,32)1564189630(3,33)
(4,32)1373003955(4,33)
(0,33)1909041984(1,33)
(0,33)1416147269(0,34)
(1,33)1098004193(2,33)
(1,33)685931763(1,34)
(2,33)1243349385(3,33)
(2,33)115956700(2,34)
(3,33)1570973640(4,33)
(3,33)1136321621(3,34)
(4,33)83443721(4,34)
(0,34)275432618(1,34)
(0,34)1147797638(0,35)
(1,34)803082133(2,34)
(1,34)571897948(1,35)
(2,34)948620664(3,34)
(2,34)1019976569(2,35)
(3,34)1298832454(4,34)
(3,34)290897293(3,35)
(4,34)1751347696(4,35)
(0,35)1490826837(1,35)
(0,35)267107857(0,36)
(1,35)1885782784(2,35)
(1,35)1716646241(1,36)
(2,35)1210420936(3,35)
(2,35)931227441(2,36)
(3,35)710676626(4,35)
(3,35)1758280646(3,36)
(4,35)100531396(4,36)
(0,36)127382608(1,36)
(0,36)1627685854(0,37)
(1,36)853206161(2,36)
(1,36)1447796742(1,37)
(2,36)1209355078(3,36)
(2,36)1543529878(2,37)
(3,36)494050423(4,36)
(3,36)1539137924(3,37)
(4,36)1325311779(4,37)
(0,37)1630372044(1,37)
(0,37)635003662(0,38)
(1,37)718447383(2,37)
(1,37)748801771(1,38)
(2,37)1024234390(3,37)
(2,37)630686034(2,38)
(3,37)1433768167(4,37)
(3,37)1290345331(3,38)
(4,37)2044210959(4,38)
(0,38)1724665461(1,38)
(0,38)91482347(0,39)
(1,38)1842830043(2,38)
(1,38)1195559765(1,39)
(2,38)538902955(3,38)
(2,38)1991773318(2,39)
(3,38)1730072454(4,38)
(3,38)1411992636(3,39)
(4,38)1470130396(4,39)
(0,39)1340869453(1,39)
(0,39)474929924(0,40)
(1,39)575461321(2,39)
(1,39)33323375(1,40)
(2,39)160705983(3,39)
(2,39)821071659(2,40)
(3,39)1674277821(4,39)
(3,39)2023258063(3,40)
(4,39)1704235861(4,40)
(0,40)1065932097(1,40)
(0,40)1085129494(0,41)
(1,40)262957625(2,40)
(1,40)50802636(1,41)
(2,40)1681174680(3,40)
(2,40)1700935759(2,41)
(3,40)271899494(4,40)
(3,40)1011759396(3,41)
(4,40)164377066(4,41)
(0,41)1562244825(1,41)
(0,41)2035993786(0,42)
(1,41)1932721098(2,41)
(1,41)1598145234(1,42)
(2,41)1175327047(3,41)
(2,41)1653727172(2,42)
(3,41)1349073568(4,41)
(3,41)980797215(3,42)
(4,41)1019616717(4,42)
(0,42)613582556(1,42)
(0,42)1519700170(0,43)
(1,42)842346919(2,42)
(1,42)602205524(1,43)
(2,42)1943074977(3,42)
(2,42)1088512481(2,43)
(3,42)1663973802(4,42)
(3,42)875670294(3,43)
(4,42)616662988(4,43)
(0,43)1539748217(1,43)
(0,43)1036376277(0,44)
(1,43)593128491(2,43)
(1,43)143457161(1,44)
(2,43)1209389259(3,43)
(2,43)477394063(2,44)
(3,43)740351688(4,43)
(3,43)643931127(3,44)
(4,43)762841370(4,44)
(0,44)1752111085(1,44)
(0,44)177622160(0,45)
(1,44)341999226(2,44)
(1,44)1034740865(1,45)
(2,44)449502042(3,44)
(2,44)1640621223(2,45)
(3,44)1425858673(4,44)
(3,44)1940144460(3,45)
(4,44)2103229215(4,45)
(0,45)259172241(1,45)
(0,45)967987859(0,46)
(1,45)1987604577(2,45)
(1,45)1304819135(1,46)
(2,45)1918401691(3,45)
(2,45)1778872411(2,46)
(3,45)473735682(4,45)
(3,45)442326453(3,46)
(4,45)859430524(4,46)
(0,46)1349405976(1,46)
(0,46)237917782(0,47)
(1,46)854580770(2,46)
(1,46)375920678(1,47)
(2,46)1915668896(3,46)
(2,46)238298606(2,47)
(3,46)831427097(4,46)
(3,46)998037932(3,47)
(4,46)245579311(4,47)
(0,47)1475358224(1,47)
(0,47)59943543(0,48)
(1,47)822784913(2,47)
(1,47)985931000(1,48)
(2,47)590558437(3,47)
(2,47)1652980384(2,48)
(3,47)1994979611(4,47)
(3,47)1857525778(3,48)
(4,47)83696012(4,48)
(0,48)1787640423(1,48)
(0,48)159544173(0,49)
(1,48)115289740(2,48)
(1,48)1509554686(1,49)
(2,48)1768726927(3,48)
(2,48)608144635(2,49)
(3,48)448265564(4,48)
(3,48)1420108875(3,49)
(4,48)1400115690(4,49)
(0,49)890592017(1,49)
(0,49)1191026918(0,50)
(1,49)2050457443(2,49)
(1,49)1873851373(1,50)
(2,49)1075773701(3,49)
(2,49)1128509799(2,50)
(3,49)1983090569(4,49)
(3,49)278894473(3,50)
(4,49)1314072307(4,50)
(0,50)833644853(1,50)
(0,50)47079721(0,51)
(1,50)292659033(2,50)
(1,50)2145499404(1,51)
(2,50)1473373981(3,50)
(2,50)893588396(2,51)
(3,50)1716373310(4,50)
(3,50)1278590033(3,51)
(4,50)978870717(4,51)
(0,51)1426415440(1,51)
(0,51)1869148470(0,52)
(1,51)1952844482(2,51)
(1,51)826366680(1,52)
(2,51)466523456(3,51)
(2,51)1585959613(2,52)
(3,51)1701249353(4,51)
(3,51)1314915520(3,52)
(4,51)1074668091(4,52)
(0,52)973874580(1,52)
(0,52)936158799(0,53)
(1,52)188790842(2,52)
(1,52)1522933655(1,53)
(2,52)266042024(3,52)
(2,52)17417851(2,53)
(3,52)2067875294(4,52)
(3,52)2062642215(3,53)
(4,52)1394551823(4,53)
(0,53)199286119(1,53)
(0,53)990932268(0,54)
(1,53)157520928(2,53)
(1,53)1230158744(1,54)
(2,53)2063803598(3,53)
(2,53)246365841(2,54)
(3,53)539024874(4,53)
(3,53)155536684(3,54)
(4,53)809908346(4,54)
(0,54)1817614907(1,54)
(0,54)1628910665(0,55)
(1,54)460297735(2,54)
(1,54)378798008(1,55)
(2,54)1805213449(3,54)
(2,54)1539279729(2,55)
(3,54)1344640563(4,54)
(3,54)1286664415(3,55)
(4,54)1243689414(4,55)
(0,55)512072436(1,55)
(0,55)1753187871(0,56)
(1,55)680372314(2,55)
(1,55)797455120(1,56)
(2,55)1771329700(3,55)
(2,55)1448231235(2,56)
(3,55)1637022077(4,55)
(3,55)55822321(3,56)
(4,55)1788747551(4,56)
(0,56)1552180644(1,56)
(0,56)321864345(0,57)
(1,56)1716416168(2,56)
(1,56)1709139197(1,57)
(2,56)1908425317(3,56)
(2,56)395629265(2,57)
(3,56)553150193(4,56)
(3,56)799091265(3,57)
(4,56)7307510(4,57)
(0,57)708686877(1,57)
(0,57)715411215(0,58)
(1,57)1525319561(2,57)
(1,57)546332384(1,58)
(2,57)216463643(3,57)
(2,57)190113895(2,58)
(3,57)650411630(4,57)
(3,57)1904117570(3,58)
(4,57)1755743372(4,58)
(0,58)1937076045(1,58)
(0,58)1561847371(0,59)
(1,58)658053137(2,58)
(1,58)952900287(1,59)
(2,58)1464972723(3,58)
(2,58)1542780269(2,59)
(3,58)75668935(4,58)
(3,58)1455508257(3,59)
(4,58)765720311(4,59)
(0,59)131491257(1,59)
(0,59)1079354310(0,60)
(1,59)720618213(2,59)
(1,59)255258740(1,60)
(2,59)1807439385(3,59)
(2,59)453355602(2,60)
(3,59)22288123(4,59)
(3,59)282273763(3,60)
(4,59)55585002(4,60)
(0,60)821379388(1,60)
(0,60)43215432(0,61)
(1,60)50522942(2,60)
(1,60)608735195(1,61)
(2,60)1317422072(3,60)
(2,60)1536790603(2,61)
(3,60)914626516(4,60)
(3,60)596855326(3,61)
(4,60)1507535967(4,61)
(0,61)671260438(1,61)
(0,61)813318969(0,62)
(1,61)421578693(2,61)
(1,61)10463949(1,62)
(2,61)1947539995(3,61)
(2,61)85624161(2,62)
(3,61)743677299(4,61)
(3,61)1374478980(3,62)
(4,61)1342836616(4,62)
(0,62)51701908(1,62)
(0,62)691968056(0,63)
(1,62)1457688367(2,62)
(1,62)1418505551(1,63)
(2,62)1549996808(3,62)
(2,62)1131056218(2,63)
(3,62)1851674432(4,62)
(3,62)1712947107(3,63)
(4,62)2003352411(4,63)
(0,63)2133948195(1,63)
(0,63)1372902844(0,64)
(1,63)1428487846(2,63)
(1,63)2025640534(1,64)
(2,63)699536274(3,63)
(2,63)29679979(2,64)
(3,63)80202921(4,63)
(3,63)2037223041(3,64)
(4,63)88843229(4,64)
(0,64)677058247(1,64)
(0,64)1207161466(0,65)
(1,64)567213785(2,64)
(1,64)1003469745(1,65)
(2,64)1674730184(3,64)
(2,64)1490377216(2,65)
(3,64)1911955909(4,64)
(3,64)577677735(3,65)
(4,64)1760354345(4,65)
(0,65)1138951241(1,65)
(0,65)377734082(0,66)
(1,65)1720570698(2,65)
(1,65)356547996(1,66)
(2,65)408249905(3,65)
(2,65)1830919297(2,66)
(3,65)1141124016(4,65)
(3,65)991592601(3,66)
(4,65)1539306123(4,66)
(0,66)706587476(1,66)
(0,66)394105762(0,67)
(1,66)249974525(2,66)
(1,66)1243496907(1,67)
(2,66)1229961454(3,66)
(2,66)2079490320(2,67)
(3,66)1360494519(4,66)
(3,66)128131411(3,67)
(4,66)1259641433(4,67)
(0,67)1250233912(1,67)
(0,67)827667685(0,68)
(1,67)916510914(2,67)
(1,67)1339844354(1,68)
(2,67)2016902601(3,67)
(2,67)309911730(2,68)
(3,67)877125516(4,67)
(3,67)1919980659(3,68)
(4,67)1359796169(4,68)
(0,68)1454803251(1,68)
(0,68)1447227195(0,69)
(1,68)1060097893(2,68)
(1,68)1124268430(1,69)
(2,68)115736024(3,68)
(2,68)1832537333(2,69)
(3,68)1405624383(4,68)
(3,68)1416645889(3,69)
(4,68)1946655321(4,69)
(0,69)249733336(1,69)
(0,69)1824895794(0,70)
(1,69)1216718270(2,69)
(1,69)940295690(1,70)
(2,69)1646883166(3,69)
(2,69)643839098(2,70)
(3,69)893813623(4,69)
(3,69)312731529(3,70)
(4,69)1578889838(4,70)
(0,70)1021945034(1,70)
(0,70)1542692984(0,71)
(1,70)654850769(2,70)
(1,70)791900709(1,71)
(2,70)2042134622(3,70)
(2,70)1849612719(2,71)
(3,70)618639985(4,70)
(3,70)1994695124(3,71)
(4,70)204562704(4,71)
(0,71)391136997(1,71)
(0,71)1864114077(0,72)
(1,71)1076426599(2,71)
(1,71)1081688220(1,72)
(2,71)389007823(3,71)
(2,71)1838364192(2,72)
(3,71)750978437(4,71)
(3,71)53211381(3,72)
(4,71)74061508(4,72)
(0,72)20140679(1,72)
(0,72)168947405(0,73)
(1,72)2115602727(2,72)
(1,72)1479685891(1,73)
(2,72)1729419228(3,72)
(2,72)1845036473(2,73)
(3,72)914271095(4,72)
(3,72)908414769(3,73)
(4,72)225774678(4,73)
(0,73)1227002625(1,73)
(0,73)407814287(0,74)
(1,73)1986704125(2,73)
(1,73)1119588302(1,74)
(2,73)2141533336(3,73)
(2,73)622211961(2,74)
(3,73)1277062730(4,73)
(3,73)631121187(3,74)
(4,73)1843662408(4,74)
(0,74)1124274206(1,74)
(0,74)525772161(0,75)
(1,74)730334865(2,74)
(1,74)314818745(1,75)
(2,74)705955742(3,74)
(2,74)840904636(2,75)
(3,74)1917331235(4,74)
(3,74)1812023086(3,75)
(4,74)396836287(4,75)
(0,75)1970542616(1,75)
(0,75)53547261(0,76)
(1,75)127608770(2,75)
(1,75)1147814724(1,76)
(2,75)1167955403(3,75)
(2,75)2139490022(2,76)
(3,75)2107609101(4,75)
(3,75)1607294661(3,76)
(4,75)865508229(4,76)
(0,76)868540222(1,76)
(0,76)1189230241(0,77)
(1,76)1415004920(2,76)
(1,76)1779779324(1,77)
(2,76)859298301(3,76)
(2,76)1276354509(2,77)
(3,76)1115574986(4,76)
(3,76)387109574(3,77)
(4,76)1481510262(4,77)
(0,77)1746696173(1,77)
(0,77)381159262(0,78)
(1,77)77338022(2,77)
(1,77)611089345(1,78)
(2,77)1735363551(3,77)
(2,77)124984686(2,78)
(3,77)855319552(4,77)
(3,77)392156768(3,78)
(4,77)428784539(4,78)
(0,78)519858990(1,78)
(0,78)1098112510(0,79)
(1,78)1494948797(2,78)
(1,78)198632126(1,79)
(2,78)21691095(3,78)
(2,78)573406251(2,79)
(3,78)701015021(4,78)
(3,78)495279874(3,79)
(4,78)13697469(4,79)
(0,79)160826035(1,79)
(0,79)1663235277(0,80)
(1,79)381259858(2,79)
(1,79)2121306570(1,80)
(2,79)842363144(3,79)
(2,79)1350056276(2,80)
(3,79)617577548(4,79)
(3,79)13555535(3,80)
(4,79)2118717653(4,80)
(0,80)1004687122(1,80)
(0,80)872853836(0,81)
(1,80)206880451(2,80)
(1,80)1086808991(1,81)
(2,80)686021517(3,80)
(2,80)1385846385(2,81)
(3,80)1463184407(4,80)
(3,80)817969796(3,81)
(4,80)811006203(4,81)
(0,81)1855341175(1,81)
(0,81)405849699(0,82)
(1,81)834634239(2,81)
(1,81)1666325755(1,82)
(2,81)38701097(3,81)
(2,81)805970038(2,82)
(3,81)153435187(4,81)
(3,81)1033266365(3,82)
(4,81)612107349(4,82)
(0,82)648715061(1,82)
(0,82)1054957460(0,83)
(1,82)1068654929(2,82)
(1,82)1313122370(1,83)
(2,82)1473948405(3,82)
(2,82)164466691(2,83)
(3,82)545726549(4,82)
(3,82)1042477851(3,83)
(4,82)676521034(4,83)
(0,83)559282084(1,83)
(0,83)1884840995(0,84)
(1,83)1856075000(2,83)
(1,83)1294098582(1,84)
(2,83)151302057(3,83)
(2,83)1432135921(2,84)
(3,83)1639016372(4,83)
(3,83)795400344(3,84)
(4,83)1537148442(4,84)
(0,84)309502520(1,84)
(0,84)1481421861(0,85)
(1,84)144944416(2,84)
(1,84)852849201(1,85)
(2,84)560706729(3,84)
(2,84)715352219(2,85)
(3,84)1549986458(4,84)
(3,84)1811270172(3,85)
(4,84)1366676767(4,85)
(0,85)435769176(1,85)
(0,85)1849971269(0,86)
(1,85)314594970(2,85)
(1,85)1520111954(1,86)
(2,85)21343368(3,85)
(2,85)1490726636(2,86)
(3,85)411897918(4,85)
(3,85)1627717341(3,86)
(4,85)185810059(4,86)
(0,86)1454375769(1,86)
(0,86)954182098(0,87)
(1,86)1630703132(2,86)
(1,86)731536608(1,87)
(2,86)1290818693(3,86)
(2,86)1191733117(2,87)
(3,86)900324469(4,86)
(3,86)777318067(3,87)
(4,86)575470966(4,87)
(0,87)1695724813(1,87)
(0,87)928620124(0,88)
(1,87)318284918(2,87)
(1,87)67003690(1,88)
(2,87)376506210(3,87)
(2,87)1029663026(2,88)
(3,87)1174607443(4,87)
(3,87)1171134119(3,88)
(4,87)1091858429(4,88)
(0,88)838393967(1,88)
(0,88)1731840848(0,89)
(1,88)951033967(2,88)
(1,88)494361240(1,89)
(2,88)930130416(3,88)
(2,88)540881588(2,89)
(3,88)855476559(4,88)
(3,88)323662274(3,89)
(4,88)273373404(4,89)
(0,89)335710252(1,89)
(0,89)345005642(0,90)
(1,89)530815701(2,89)
(1,89)685271322(1,90)
(2,89)2139647092(3,89)
(2,89)1289892350(2,90)
(3,89)773111835(4,89)
(3,89)1262352309(3,90)
(4,89)1183896561(4,90)
(0,90)1550429902(1,90)
(0,90)405687354(0,91)
(1,90)981158320(2,90)
(1,90)2084221030(1,91)
(2,90)1632462196(3,90)
(2,90)331566378(2,91)
(3,90)649851296(4,90)
(3,90)1048162010(3,91)
(4,90)514641574(4,91)
(0,91)1820985415(1,91)
(0,91)1424668220(0,92)
(1,91)369043002(2,91)
(1,91)1689249017(1,92)
(2,91)380159336(3,91)
(2,91)1405342616(2,92)
(3,91)208892935(4,91)
(3,91)863404242(3,92)
(4,91)921040925(4,92)
(0,92)532555209(1,92)
(0,92)1793534658(0,93)
(1,92)2066908062(2,92)
(1,92)1776517484(1,93)
(2,92)2112227736(3,92)
(2,92)877560851(2,93)
(3,92)1408376552(4,92)
(3,92)604695737(3,93)
(4,92)1254636438(4,93)
(0,93)523245214(1,93)
(0,93)596859181(0,94)
(1,93)1780755742(2,93)
(1,93)2027748273(1,94)
(2,93)1430694527(3,93)
(2,93)928932568(2,94)
(3,93)1910090889(4,93)
(3,93)1717493124(3,94)
(4,93)1762260905(4,94)
(0,94)810769251(1,94)
(0,94)1202471672(0,95)
(1,94)1717113247(2,94)
(1,94)264628553(1,95)
(2,94)2085613969(3,94)
(2,94)87953824(2,95)
(3,94)456996826(4,94)
(3,94)1258878616(3,95)
(4,94)1343472937(4,95)
(0,95)1320401068(1,95)
(0,95)1639037953(0,96)
(1,95)412595230(2,95)
(1,95)1552365872(1,96)
(2,95)2084921082(3,95)
(2,95)966452078(2,96)
(3,95)885876492(4,95)
(3,95)41629066(3,96)
(4,95)814998285(4,96)
(0,96)1490572229(1,96)
(0,96)6373154(0,97)
(1,96)1261009592(2,96)
(1,96)75891190(1,97)
(2,96)599136404(3,96)
(2,96)2087431410(2,97)
(3,96)1720703504(4,96)
(3,96)1141274218(3,97)
(4,96)1528068972(4,97)
(0,97)1290712981(1,97)
(0,97)424485097(0,98)
(1,97)39262355(2,97)
(1,97)1290676213(1,98)
(2,97)2101445465(3,97)
(2,97)345701005(2,98)
(3,97)2062814252(4,97)
(3,97)303890908(3,98)
(4,97)41915641(4,98)
(0,98)1174209221(1,98)
(0,98)242021229(0,99)
(1,98)1585494166(2,98)
(1,98)498912467(1,99)
(2,98)1819313535(3,98)
(2,98)665763526(2,99)
(3,98)1078358756(4,98)
(3,98)990376391(3,99)
(4,98)638281965(4,99)
(0,99)1119987822(1,99)
(0,99)927813825(0,100)
(1,99)1742812110(2,99)
(1,99)1524158457(1,100)
(2,99)867247039(3,99)
(2,99)1126360976(2,100)
(3,99)239886920(4,99)
(3,99)1818703300(3,100)
(4,99)807194801(4,100)
(0,100)1381161138(1,100)
(0,100)270356056(0,101)
(1,100)1798425029(2,100)
(1,100)380414658(1,101)
(2,100)1671127639(3,100)
(2,100)1805646236(2,101)
(3,100)1844908591(4,100)
(3,100)941617594(3,101)
(4,100)2016828644(4,101)
(0,101)1315851(1,101)
(0,101)895579411(0,102)
(1,101)937495052(2,101)
(1,101)1932159249(1,102)
(2,101)958884822(3,101)
(2,101)243337081(2,102)
(3,101)1828831247(4,101)
(3,101)1436407519(3,102)
(4,101)1624648348(4,102)
(0,102)671723990(1,102)
(0,102)1108237406(0,103)
(1,102)1746519371(2,102)
(1,102)555523456(1,103)
(2,102)1675511278(3,102)
(2,102)1599537815(2,103)
(3,102)1194866278(4,102)
(3,102)1123194181(3,103)
(4,102)654388606(4,103)
(0,103)866085930(1,103)
(0,103)1990441220(0,104)
(1,103)650152373(2,103)
(1,103)894275526(1,104)
(2,103)127953017(3,103)
(2,103)1136441987(2,104)
(3,103)787383368(4,103)
(3,103)1030567031(3,104)
(4,103)1933599253(4,104)
(0,104)1729000962(1,104)
(0,104)554211022(0,105)
(1,104)423556019(2,104)
(1,104)1631024196(1,105)
(2,104)1632340047(3,104)
(2,104)477096726(2,105)
(3,104)1414591778(4,104)
(3,104)208231620(3,105)
(4,104)1875677128(4,105)
(0,105)703515650(1,105)
(0,105)1167116442(0,106)
(1,105)644281142(2,105)
(1,105)1557024728(1,106)
(2,105)81265070(3,105)
(2,105)1811753056(2,106)
(3,105)1410788780(4,105)
(3,105)1199804598(3,106)
(4,105)1680802886(4,106)
(0,106)386499313(1,106)
(0,106)727832228(0,107)
(1,106)1382220834(2,106)
(1,106)728185516(1,107)
(2,106)1594271446(3,106)
(2,106)229456885(2,107)
(3,106)879609258(4,106)
(3,106)129012712(3,107)
(4,106)583229785(4,107)
(0,107)1910176290(1,107)
(0,107)256965729(0,108)
(1,107)43081334(2,107)
(1,107)1370613153(1,108)
(2,107)952130468(3,107)
(2,107)316903664(2,108)
(3,107)740459683(4,107)
(3,107)1674105530(3,108)
(4,107)1429227194(4,108)
(0,108)948691303(1,108)
(0,108)1158961930(0,109)
(1,108)887155410(2,108)
(1,108)696335324(1,109)
(2,108)1399850974(3,108)
(2,108)2115807745(2,109)
(3,108)612605239(4,108)
(3,108)296696490(3,109)
(4,108)1064120383(4,109)
(0,109)1812409837(1,109)
(0,109)377961561(0,110)
(1,109)2058764447(2,109)
(1,109)327425515(1,110)
(2,109)713924828(3,109)
(2,109)392758417(2,110)
(3,109)1774979251(4,109)
(3,109)639466315(3,110)
(4,109)943381713(4,110)
(0,110)1903991964(1,110)
(0,110)86254113(0,111)
(1,110)669483899(2,110)
(1,110)1822990971(1,111)
(2,110)1585683613(3,110)
(2,110)13474045(2,111)
(3,110)56555380(4,110)
(3,110)2040097052(3,111)
(4,110)1902587278(4,111)
(0,111)1730660910(1,111)
(0,111)844743872(0,112)
(1,111)126487418(2,111)
(1,111)495563313(1,112)
(2,111)1444254617(3,111)
(2,111)742139192(2,112)
(3,111)1629294603(4,111)
(3,111)822822743(3,112)
(4,111)1412578714(4,112)
(0,112)1925991093(1,112)
(0,112)75190069(0,113)
(1,112)1139310452(2,112)
(1,112)2025183954(1,113)
(2,112)1690110143(3,112)
(2,112)156469006(2,113)
(3,112)67749805(4,112)
(3,112)1466735967(3,113)
(4,112)2082868561(4,113)
(0,113)707216120(1,113)
(0,113)33177147(0,114)
(1,113)976558860(2,113)
(1,113)1710364164(1,114)
(2,113)1466872480(3,113)
(2,113)793470234(2,114)
(3,113)1462954133(4,113)
(3,113)652066184(3,114)
(4,113)1480346526(4,114)
(0,114)1355567537(1,114)
(0,114)90266149(0,115)
(1,114)1992853427(2,114)
(1,114)1536901906(1,115)
(2,114)1120079168(3,114)
(2,114)52827762(2,115)
(3,114)179315180(4,114)
(3,114)340933093(3,115)
(4,114)1862218361(4,115)
(0,115)1002137923(1,115)
(0,115)1785187710(0,116)
(1,115)1050282776(2,115)
(1,115)1344029316(1,116)
(2,115)1122536761(3,115)
(2,115)1077327993(2,116)
(3,115)69154797(4,115)
(3,115)927983082(3,116)
(4,115)1279005768(4,116)
(0,116)1535890765(1,116)
(0,116)470609578(0,117)
(1,116)405994491(2,116)
(1,116)1346755573(1,117)
(2,116)2053971694(3,116)
(2,116)1569067912(2,117)
(3,116)398143125(4,116)
(3,116)2116358655(3,117)
(4,116)699958280(4,117)
(0,117)1050209309(1,117)
(0,117)1435747488(0,118)
(1,117)768610366(2,117)
(1,117)15428765(1,118)
(2,117)1370996302(3,117)
(2,117)1140475458(2,118)
(3,117)985845238(4,117)
(3,117)158028624(3,118)
(4,117)1423824064(4,118)
(0,118)1326778331(1,118)
(0,118)1278107792(0,119)
(1,118)992842505(2,118)
(1,118)1603139245(1,119)
(2,118)457793520(3,118)
(2,118)964482393(2,119)
(3,118)2014765169(4,118)
(3,118)189388173(3,119)
(4,118)1535121513(4,119)
(0,119)795264604(1,119)
(0,119)1311924935(0,120)
(1,119)443447055(2,119)
(1,119)1604276311(1,120)
(2,119)992683428(3,119)
(2,119)1265874182(2,120)
(3,119)1671868673(4,119)
(3,119)1790202628(3,120)
(4,119)414267692(4,120)
(0,120)1640743680(1,120)
(0,120)1696690674(0,121)
(1,120)249165306(2,120)
(1,120)812410817(1,121)
(2,120)1862620126(3,120)
(2,120)929007520(2,121)
(3,120)1697617886(4,120)
(3,120)264594071(3,121)
(4,120)855611937(4,121)
(0,121)1855646510(1,121)
(0,121)1635590374(0,122)
(1,121)911930790(2,121)
(1,121)1841457175(1,122)
(2,121)1020751858(3,121)
(2,121)986270655(2,122)
(3,121)1979113160(4,121)
(3,121)367586387(3,122)
(4,121)1985234251(4,122)
(0,122)21017686(1,122)
(0,122)825379908(0,123)
(1,122)213017773(2,122)
(1,122)1852515772(1,123)
(2,122)500296728(3,122)
(2,122)1332942621(2,123)
(3,122)1776389676(4,122)
(3,122)1817294084(3,123)
(4,122)1766170910(4,123)
(0,123)1419108656(1,123)
(0,123)662493864(0,124)
(1,123)1076761557(2,123)
(1,123)1290555935(1,124)
(2,123)783815968(3,123)
(2,123)968315683(2,124)
(3,123)1217480989(4,123)
(3,123)1889172374(3,124)
(4,123)1712823488(4,124)
(0,124)1482075061(1,124)
(0,124)1604308853(0,125)
(1,124)312437142(2,124)
(1,124)1262957727(1,125)
(2,124)971120589(3,124)
(2,124)970181787(2,125)
(3,124)1882112577(4,124)
(3,124)6410669(3,125)
(4,124)1957391244(4,125)
(0,125)102215317(1,125)
(0,125)1027162527(0,126)
(1,125)864913130(2,125)
(1,125)1789020757(1,126)
(2,125)1810038443(3,125)
(2,125)927595225(2,126)
(3,125)1140612998(4,125)
(3,125)569945254(3,126)
(4,125)995497416(4,126)
(0,126)810423435(1,126)
(0,126)1070241983(0,127)
(1,126)688929245(2,126)
(1,126)624403444(1,127)
(2,126)2043512100(3,126)
(2,126)1472917299(2,127)
(3,126)402195208(4,126)
(3,126)1979485181(3,127)
(4,126)864344135(4,127)
(0,127)143883935(1,127)
(0,127)615817501(0,128)
(1,127)181157341(2,127)
(1,127)2081825125(1,128)
(2,127)1416416538(3,127)
(2,127)1748192788(2,128)
(3,127)2060629930(4,127)
(3,127)1444115068(3,128)
(4,127)239114677(4,128)
(0,128)2067040599(1,128)
(0,128)267752010(0,129)
(1,128)77659606(2,128)
(1,128)2121227254(1,129)
(2,128)75958923(3,128)
(2,128)946719478(2,129)
(3,128)1811632608(4,128)
(3,128)1866680363(3,129)
(4,128)1003554148(4,129)
(0,129)234094214(1,129)
(0,129)1529235158(0,130)
(1,129)377248926(2,129)
(1,129)2144167147(1,130)
(2,129)807106934(3,129)
(2,129)1304336197(2,130)
(3,129)1993265443(4,129)
(3,129)1001652370(3,130)
(4,129)132540585(4,130)
(0,130)1825266976(1,130)
(0,130)897680823(0,131)
(1,130)1762024958(2,130)
(1,130)534735794(1,131)
(2,130)678619729(3,130)
(2,130)293600829(2,131)
(3,130)474758170(4,130)
(3,130)1696366435(3,131)
(4,130)279328869(4,131)
(0,131)1918873239(1,131)
(0,131)965299325(0,132)
(1,131)1204414002(2,131)
(1,131)192475151(1,132)
(2,131)112032102(3,131)
(2,131)39141601(2,132)
(3,131)116801207(4,131)
(3,131)1178157609(3,132)
(4,131)1058751580(4,132)
(0,132)1983481571(1,132)
(0,132)1254116532(0,133)
(1,132)110187033(2,132)
(1,132)722900540(1,133)
(2,132)956994754(3,132)
(2,132)1365233081(2,133)
(3,132)1742482008(4,132)
(3,132)106870532(3,133)
(4,132)113847304(4,133)
(0,133)596650730(1,133)
(0,133)913977466(0,134)
(1,133)1046518051(2,133)
(1,133)2107112747(1,134)
(2,133)1784896075(3,133)
(2,133)1494331553(2,134)
(3,133)1108872864(4,133)
(3,133)1581253845(3,134)
(4,133)2078496904(4,134)
(0,134)657755651(1,134)
(0,134)112389926(0,135)
(1,134)391718795(2,134)
(1,134)405771426(1,135)
(2,134)177161017(3,134)
(2,134)1623054977(2,135)
(3,134)679985331(4,134)
(3,134)584193946(3,135)
(4,134)216302618(4,135)
(0,135)1858142940(1,135)
(0,135)696226048(0,136)
(1,135)1754977628(2,135)
(1,135)333103826(1,136)
(2,135)169101749(3,135)
(2,135)964775825(2,136)
(3,135)1074962858(4,135)
(3,135)330394520(3,136)
(4,135)1534334830(4,136)
(0,136)1181833390(1,136)
(0,136)1287389275(0,137)
(1,136)1401236579(2,136)
(1,136)1129333190(1,137)
(2,136)1725983921(3,136)
(2,136)2095810856(2,137)
(3,136)994845259(4,136)
(3,136)1360865678(3,137)
(4,136)1072831826(4,137)
(0,137)428615457(1,137)
(0,137)998278105(0,138)
(1,137)929291361(2,137)
(1,137)34221042(1,138)
(2,137)691976694(3,137)
(2,137)541005383(2,138)
(3,137)932724179(4,137)
(3,137)1335062787(3,138)
(4,137)167548023(4,138)
(0,138)1516918125(1,138)
(0,138)1512223805(0,139)
(1,138)1728526423(2,138)
(1,138)847533354(1,139)
(2,138)558192647(3,138)
(2,138)65660526(2,139)
(3,138)1820638154(4,138)
(3,138)2061630249(3,139)
(4,138)1522968472(4,139)
(0,139)3549027(1,139)
(0,139)83248350(0,140)
(1,139)1617583181(2,139)
(1,139)450447682(1,140)
(2,139)1632281072(3,139)
(2,139)1290938302(2,140)
(3,139)544691233(4,139)
(3,139)599432723(3,140)
(4,139)1580608280(4,140)
(0,140)1905556911(1,140)
(0,140)177932996(0,141)
(1,140)1250764823(2,140)
(1,140)427969891(1,141)
(2,140)856585348(3,140)
(2,140)756351368(2,141)
(3,140)1685642729(4,140)
(3,140)1284985865(3,141)
(4,140)1397590732(4,141)
(0,141)873221868(1,141)
(0,141)1976962559(0,142)
(1,141)2144510582(2,141)
(1,141)182831263(1,142)
(2,141)1699749388(3,141)
(2,141)237962025(2,142)
(3,141)1966488449(4,141)
(3,141)844560289(3,142)
(4,141)1765409914(4,142)
(0,142)1880635050(1,142)
(0,142)1402752936(0,143)
(1,142)778237760(2,142)
(1,142)1438564421(1,143)
(2,142)1442113448(3,142)
(2,142)1963883401(2,143)
(3,142)1433982934(4,142)
(3,142)1228685442(3,143)
(4,142)585568102(4,143)
(0,143)2033415657(1,143)
(0,143)713482866(0,144)
(1,143)146607498(2,143)
(1,143)1130259335(1,144)
(2,143)888332598(3,143)
(2,143)63865006(2,144)
(3,143)1314629829(4,143)
(3,143)574577389(3,144)
(4,143)1644683966(4,144)
(0,144)452132046(1,144)
(0,144)1431162738(0,145)
(1,144)681269822(2,144)
(1,144)1182843047(1,145)
(2,144)2056064915(3,144)
(2,144)281610958(2,145)
(3,144)278637892(4,144)
(3,144)864101085(3,145)
(4,144)146543293(4,145)
(0,145)1123198181(1,145)
(0,145)416366825(0,146)
(1,145)34293092(2,145)
(1,145)2113031742(1,146)
(2,145)1846183144(3,145)
(2,145)378467469(2,146)
(3,145)1156705229(4,145)
(3,145)1472857513(3,146)
(4,145)1662582897(4,146)
(0,146)237907023(1,146)
(0,146)767487313(0,147)
(1,146)1353055415(2,146)
(1,146)949082183(1,147)
(2,146)835014193(3,146)
(2,146)951389889(2,147)
(3,146)1097997387(4,146)
(3,146)335831102(3,147)
(4,146)898879199(4,147)
(0,147)1672574777(1,147)
(0,147)1224163700(0,148)
(1,147)721364018(2,147)
(1,147)66025380(1,148)
(2,147)518157426(3,147)
(2,147)956253867(2,148)
(3,147)1637523689(4,147)
(3,147)1904207065(3,148)
(4,147)799768384(4,148)
(0,148)354141126(1,148)
(0,148)1812788332(0,149)
(1,148)1959331625(2,148)
(1,148)1078406277(1,149)
(2,148)54120810(3,148)
(2,148)770507951(2,149)
(3,148)804801043(4,148)
(3,148)1924879719(3,149)
(4,148)432588280(4,149)
(0,149)130174908(1,149)
(0,149)1623579216(0,150)
(1,149)1138678465(2,149)
(1,149)1589293509(1,150)
(2,149)1827200533(3,149)
(2,149)897662221(2,150)
(3,149)103233988(4,149)
(3,149)2087760649(3,150)
(4,149)631106774(4,150)
(0,150)439065090(1,150)
(0,150)775291194(0,151)
(1,150)1674170393(2,150)
(1,150)1729104162(1,151)
(2,150)1254195291(3,150)
(2,150)1663228790(2,151)
(3,150)237109160(4,150)
(3,150)1740195773(3,151)
(4,150)62965510(4,151)
(0,151)2141316225(1,151)
(0,151)110869551(0,152)
(1,151)910637936(2,151)
(1,151)1700489199(1,152)
(2,151)2054630325(3,151)
(2,151)1806620910(2,152)
(3,151)1618468887(4,151)
(3,151)1989044213(3,152)
(4,151)677654628(4,152)
(0,152)1395864959(1,152)
(0,152)2043165023(0,153)
(1,152)328269655(2,152)
(1,152)1482455672(1,153)
(2,152)1612630580(3,152)
(2,152)871960527(2,153)
(3,152)2010638992(4,152)
(3,152)1917563165(3,153)
(4,152)362809154(4,153)
(0,153)1950915993(1,153)
(0,153)1597280050(0,154)
(1,153)80903176(2,153)
(1,153)466043142(1,154)
(2,153)905108233(3,153)
(2,153)578723539(2,154)
(3,153)105410284(4,153)
(3,153)1810007338(3,154)
(4,153)420853375(4,154)
(0,154)1845606057(1,154)
(0,154)916718981(0,155)
(1,154)979684491(2,154)
(1,154)657962536(1,155)
(2,154)651795113(3,154)
(2,154)1956475609(2,155)
(3,154)719629897(4,154)
(3,154)532690042(3,155)
(4,154)310932375(4,155)
(0,155)561190462(1,155)
(0,155)439836719(0,156)
(1,155)1117491348(2,155)
(1,155)1929401263(1,156)
(2,155)1177782574(3,155)
(2,155)456871837(2,156)
(3,155)785141493(4,155)
(3,155)452463372(3,156)
(4,155)2049743101(4,156)
(0,156)555221010(1,156)
(0,156)2065093952(0,157)
(1,156)280419458(2,156)
(1,156)1912898445(1,157)
(2,156)1716330791(3,156)
(2,156)5017412(2,157)
(3,156)85920588(4,156)
(3,156)746462601(3,157)
(4,156)147570682(4,157)
(0,157)1895927927(1,157)
(0,157)1651570834(0,158)
(1,157)2072424209(2,157)
(1,157)252980967(1,158)
(2,157)2098587024(3,157)
(2,157)665163260(2,158)
(3,157)1644847752(4,157)
(3,157)582903097(3,158)
(4,157)1907578985(4,158)
(0,158)30054146(1,158)
(0,158)1234698211(0,159)
(1,158)1545630586(2,158)
(1,158)479725234(1,159)
(2,158)1040915696(3,158)
(2,158)469890866(2,159)
(3,158)1587382214(4,158)
(3,158)1327548201(3,159)
(4,158)1497787534(4,159)
(0,159)2039845586(1,159)
(0,159)357847127(0,160)
(1,159)260106580(2,159)
(1,159)135445379(1,160)
(2,159)690666389(3,159)
(2,159)1957455890(2,160)
(3,159)90391701(4,159)
(3,159)25521378(3,160)
(4,159)695683801(4,160)
(0,160)836854302(1,160)
(0,160)1741852169(0,161)
(1,160)1889422851(2,160)
(1,160)781604389(1,161)
(2,160)530048668(3,160)
(2,160)340941488(2,161)
(3,160)265882049(4,160)
(3,160)2142403818(3,161)
(4,160)1195211929(4,161)
(0,161)848785147(1,161)
(0,161)2093507195(0,162)
(1,161)1853602532(2,161)
(1,161)692576033(1,162)
(2,161)722630179(3,161)
(2,161)2083483358(2,162)
(3,161)1481630296(4,161)
(3,161)185844119(3,162)
(4,161)1192521045(4,162)
(0,162)661694850(1,162)
(0,162)1226759815(0,163)
(1,162)577063701(2,162)
(1,162)632419611(1,163)
(2,162)524781549(3,162)
(2,162)1019541977(2,163)
(3,162)1279648558(4,162)
(3,162)712509080(3,163)
(4,162)334753792(4,163)
(0,163)1305169936(1,163)
(0,163)1403175469(0,164)
(1,163)2098859270(2,163)
(1,163)425145493(1,164)
(2,163)1261999795(3,163)
(2,163)899538457(2,164)
(3,163)641477660(4,163)
(3,163)732980012(3,164)
(4,163)1602941283(4,164)
(0,164)636397831(1,164)
(0,164)1263028680(0,165)
(1,164)310756961(2,164)
(1,164)1868823332(1,165)
(2,164)570124831(3,164)
(2,164)582421378(2,165)
(3,164)288540262(4,164)
(3,164)1003332994(3,165)
(4,164)506124541(4,165)
(0,165)474384381(1,165)
(0,165)1725963174(0,166)
(1,165)771000571(2,165)
(1,165)1987754838(1,166)
(2,165)501966040(3,165)
(2,165)1701144197(2,166)
(3,165)130724250(4,165)
(3,165)1403420183(3,166)
(4,165)1521508017(4,166)
(0,166)843233331(1,166)
(0,166)1928201732(0,167)
(1,166)115471876(2,166)
(1,166)653672927(1,167)
(2,166)1958842863(3,166)
(2,166)98925152(2,167)
(3,166)50300775(4,166)
(3,166)540617369(3,167)
(4,166)710897672(4,167)
(0,167)783280787(1,167)
(0,167)1802617164(0,168)
(1,167)1258074799(2,167)
(1,167)1352375333(1,168)
(2,167)1988773164(3,167)
(2,167)2046309467(2,168)
(3,167)209582781(4,167)
(3,167)979414484(3,168)
(4,167)423710894(4,168)
(0,168)1212915775(1,168)
(0,168)1549539315(0,169)
(1,168)2055663857(2,168)
(1,168)712251156(1,169)
(2,168)1186635538(3,168)
(2,168)791395301(2,169)
(3,168)1562395873(4,168)
(3,168)1895935047(3,169)
(4,168)740296087(4,169)
(0,169)818332408(1,169)
(0,169)250417439(0,170)
(1,169)1771925456(2,169)
(1,169)871020337(1,170)
(2,169)1714253668(3,169)
(2,169)599050492(2,170)
(3,169)714522369(4,169)
(3,169)278114736(3,170)
(4,169)1813178821(4,170)
(0,170)1255139738(1,170)
(0,170)89473951(0,171)
(1,170)800371624(2,170)
(1,170)1863479596(1,171)
(2,170)499276735(3,170)
(2,170)910273255(2,171)
(3,170)20864406(4,170)
(3,170)5263309(3,171)
(4,170)398102554(4,171)
(0,171)1000278890(1,171)
(0,171)1994036473(0,172)
(1,171)270263719(2,171)
(1,171)607685335(1,172)
(2,171)1820601111(3,171)
(2,171)402334558(2,172)
(3,171)310514767(4,171)
(3,171)982514875(3,172)
(4,171)464512764(4,172)
(0,172)58966166(1,172)
(0,172)21666765(0,173)
(1,172)761962852(2,172)
(1,172)2026908637(1,173)
(2,172)697757397(3,172)
(2,172)309383605(2,173)
(3,172)2081309061(4,172)
(3,172)1632983190(3,173)
(4,172)1296807890(4,173)
(0,173)211940149(1,173)
(0,173)1199753210(0,174)
(1,173)865448383(2,173)
(1,173)2011330259(1,174)
(2,173)1118986349(3,173)
(2,173)301414101(2,174)
(3,173)1101785725(4,173)
(3,173)581444331(3,174)
(4,173)2029259604(4,174)
(0,174)1107049034(1,174)
(0,174)1080721066(0,175)
(1,174)1478823621(2,174)
(1,174)2050124011(1,175)
(2,174)902919253(3,174)
(2,174)953601859(2,175)
(3,174)1223865578(4,174)
(3,174)2086508956(3,175)
(4,174)1305253811(4,175)
(0,175)58896805(1,175)
(0,175)1759626419(0,176)
(1,175)76655536(2,175)
(1,175)1615768578(1,176)
(2,175)1674734744(3,175)
(2,175)80563571(2,176)
(3,175)842526423(4,175)
(3,175)2103564173(3,176)
(4,175)1984118349(4,176)
(0,176)328025965(1,176)
(0,176)653837923(0,177)
(1,176)1950645813(2,176)
(1,176)1917943763(1,177)
(2,176)2129883912(3,176)
(2,176)1527779176(2,177)
(3,176)245743911(4,176)
(3,176)1814492424(3,177)
(4,176)283814365(4,177)
(0,177)827188243(1,177)
(0,177)785995125(0,178)
(1,177)667771082(2,177)
(1,177)1385600090(1,178)
(2,177)345165476(3,177)
(2,177)1907909309(2,178)
(3,177)1239249282(4,177)
(3,177)570411445(3,178)
(4,177)1298767335(4,178)
(0,178)1178274591(1,178)
(0,178)1473330698(0,179)
(1,178)631100862(2,178)
(1,178)375149265(1,179)
(2,178)434046071(3,178)
(2,178)790417362(2,179)
(3,178)867072898(4,178)
(3,178)99385792(3,179)
(4,178)514609642(4,179)
(0,179)823153424(1,179)
(0,179)1774120537(0,180)
(1,179)1610755238(2,179)
(1,179)1357136065(1,180)
(2,179)1685162031(3,179)
(2,179)1476991347(2,180)
(3,179)1280153512(4,179)
(3,179)1381215353(3,180)
(4,179)1065457559(4,180)
(0,180)947162288(1,180)
(0,180)1363615618(0,181)
(1,180)1647429983(2,180)
(1,180)1311201470(1,181)
(2,180)2138389713(3,180)
(2,180)1733157413(2,181)
(3,180)253444847(4,180)
(3,180)885546426(3,181)
(4,180)1898815375(4,181)
(0,181)823856292(1,181)
(0,181)1230711902(0,182)
(1,181)381995590(2,181)
(1,181)990581009(1,182)
(2,181)21371952(3,181)
(2,181)149703343(2,182)
(3,181)780804205(4,181)
(3,181)757144855(3,182)
(4,181)811789315(4,182)
(0,182)880189997(1,182)
(0,182)1191190926(0,183)
(1,182)1705800568(2,182)
(1,182)1678862213(1,183)
(2,182)354531989(3,182)
(2,182)506826886(2,183)
(3,182)2117582125(4,182)
(3,182)915452986(3,183)
(4,182)1831523336(4,183)
(0,183)1351313830(1,183)
(0,183)453131369(0,184)
(1,183)1518588928(2,183)
(1,183)964193200(1,184)
(2,183)1911355488(3,183)
(2,183)567445800(2,184)
(3,183)67392136(4,183)
(3,183)682306750(3,184)
(4,183)1497029254(4,184)
(0,184)952938562(1,184)
(0,184)673212816(0,185)
(1,184)424544543(2,184)
(1,184)1750474101(1,185)
(2,184)426846746(3,184)
(2,184)36166816(2,185)
(3,184)418162406(4,184)
(3,184)1415125552(3,185)
(4,184)576550089(4,185)
(0,185)1175307262(1,185)
(0,185)1436497505(0,186)
(1,185)100803172(2,185)
(1,185)1357354294(1,186)
(2,185)90060643(3,185)
(2,185)219014540(2,186)
(3,185)1924815109(4,185)
(3,185)1779665385(3,186)
(4,185)596887530(4,186)
(0,186)692784447(1,186)
(0,186)2134197375(0,187)
(1,186)1818237063(2,186)
(1,186)566986007(1,187)
(2,186)1918299837(3,186)
(2,186)1145915816(2,187)
(3,186)517021096(4,186)
(3,186)634946616(3,187)
(4,186)338261990(4,187)
(0,187)1199327846(1,187)
(0,187)398818456(0,188)
(1,187)1895847710(2,187)
(1,187)405654126(1,188)
(2,187)1358592688(3,187)
(2,187)1872540662(2,188)
(3,187)149601557(4,187)
(3,187)1498838164(3,188)
(4,187)1394759504(4,188)
(0,188)1564727110(1,188)
(0,188)1925684910(0,189)
(1,188)354751351(2,188)
(1,188)1812921911(1,189)
(2,188)840745525(3,188)
(2,188)853740967(2,189)
(3,188)954544139(4,188)
(3,188)1712105645(3,189)
(4,188)1059760065(4,189)
(0,189)586725876(1,189)
(0,189)1802166288(0,190)
(1,189)251570170(2,189)
(1,189)837091526(1,190)
(2,189)1529875973(3,189)
(2,189)573439603(2,190)
(3,189)244193019(4,189)
(3,189)818556177(3,190)
(4,189)528308141(4,190)
(0,190)879139635(1,190)
(0,190)589372367(0,191)
(1,190)927634357(2,190)
(1,190)1045329237(1,191)
(2,190)97173436(3,190)
(2,190)1277958091(2,191)
(3,190)1026322154(4,190)
(3,190)1333288483(3,191)
(4,190)1969714098(4,191)
(0,191)377676670(1,191)
(0,191)544397523(0,192)
(1,191)1939157027(2,191)
(1,191)2119315656(1,192)
(2,191)1536559118(3,191)
(2,191)155877932(2,192)
(3,191)510629283(4,191)
(3,191)1604595290(3,192)
(4,191)242816437(4,192)
(0,192)75251280(1,192)
(0,192)297857167(0,193)
(1,192)1357617233(2,192)
(1,192)1197360576(1,193)
(2,192)1784086452(3,192)
(2,192)1877417568(2,193)
(3,192)2128987739(4,192)
(3,192)47225111(3,193)
(4,192)210042408(4,193)
(0,193)800060268(1,193)
(0,193)1577101085(0,194)
(1,193)2105409226(2,193)
(1,193)454235427(1,194)
(2,193)1333375062(3,193)
(2,193)1389432635(2,194)
(3,193)169583344(4,193)
(3,193)1003254816(3,194)
(4,193)463849505(4,194)
(0,194)1502871827(1,194)
(0,194)1100428252(0,195)
(1,194)922658702(2,194)
(1,194)1490171659(1,195)
(2,194)1867848329(3,194)
(2,194)2047269350(2,195)
(3,194)1838942730(4,194)
(3,194)894490710(3,195)
(4,194)2023726261(4,195)
(0,195)1296054372(1,195)
(0,195)283566180(0,196)
(1,195)526382617(2,195)
(1,195)386871896(1,196)
(2,195)462123176(3,195)
(2,195)1593911540(2,196)
(3,195)804045125(4,195)
(3,195)1723743193(3,196)
(4,195)192057097(4,196)
(0,196)851270236(1,196)
(0,196)1360345998(0,197)
(1,196)1570388406(2,196)
(1,196)173561188(1,197)
(2,196)973621456(3,196)
(2,196)280887673(2,197)
(3,196)238813252(4,196)
(3,196)2024623833(3,197)
(4,196)215570444(4,197)
(0,197)1242068068(1,197)
(0,197)1210515247(0,198)
(1,197)1674364752(2,197)
(1,197)385153788(1,198)
(2,197)1888025616(3,197)
(2,197)195012672(2,198)
(3,197)1117671374(4,197)
(3,197)1017052764(3,198)
(4,197)1787811318(4,198)
(0,198)2012162085(1,198)
(0,198)737417445(0,199)
(1,198)613660059(2,198)
(1,198)1479270400(1,199)
(2,198)627841125(3,198)
(2,198)148244617(2,199)
(3,198)674627235(4,198)
(3,198)1000531955(3,199)
(4,198)74269017(4,199)
(0,199)1462655132(1,199)
(1,199)250886780(2,199)
(2,199)878314142(3,199)
(3,199)1654712229(4,199)
