100 10
(0,0)330563459(1,0)
(0,0)1462722881(0,1)
(2,0)332817529(2,1)
(3,0)273684433(3,1)
(4,0)270017208(5,0)
(4,0)1149848530(4,1)
(5,0)588542639(6,0)
(6,0)934084981(6,1)
(7,0)548488826(7,1)
(8,0)47866901(9,0)
(8,0)755262675(8,1)
(10,0)1088163016(10,1)
(11,0)1247523429(12,0)
(11,0)123842659(11,1)
(13,0)465129096(14,0)
(13,0)360230427(13,1)
(14,0)358076979(15,0)
(15,0)872606803(15,1)
(16,0)737943849(17,0)
(16,0)688640438(16,1)
(17,0)1021457967(18,0)
(17,0)1054986124(17,1)
(18,0)488136673(18,1)
(19,0)563318783(19,1)
(20,0)499086032(21,0)
(21,0)385289099(22,0)
(21,0)79044195(21,1)
(22,0)627533021(23,0)
(22,0)13318580(22,1)
(23,0)768581255(24,0)
(24,0)1605353682(25,0)
(24,0)675399923(24,1)
(25,0)188601252(25,1)
(26,0)312443911(27,0)
(26,0)844377553(26,1)
(27,0)705563098(28,0)
(28,0)1223833147(29,0)
(29,0)1170692194(29,1)
(30,0)1581910126(30,1)
(31,0)1(32,0)
(31,0)1(31,1)
(32,0)1(32,1)
(33,0)1(34,0)
(33,0)1(33,1)
(34,0)1(34,1)
(35,0)549859772(36,0)
(36,0)1(37,0)
(36,0)1(36,1)
(37,0)1(38,0)
(38,0)1(39,0)
(39,0)1(39,1)
(40,0)1029947139(41,0)
(41,0)751885796(42,0)
(42,0)326572930(43,0)
(43,0)941053608(44,0)
(44,0)480657441(45,0)
(44,0)1550406077(44,1)
(45,0)984832555(46,0)
(45,0)440264757(45,1)
(46,0)376472791(46,1)
(47,0)1010231990(48,0)
(47,0)1107899472(47,1)
(48,0)104940708(49,0)
(48,0)1072732477(48,1)
(49,0)23904484(50,0)
(50,0)597041643(51,0)
(51,0)573764257(51,1)
(52,0)1288483266(52,1)
(53,0)459974262(54,0)
(54,0)638857296(55,0)
(55,0)306865182(55,1)
(56,0)1668804436(56,1)
(57,0)863711839(58,0)
(57,0)470461729(57,1)
(58,0)96408323(58,1)
(59,0)1646814400(60,0)
(60,0)97546557(61,0)
(60,0)261084417(60,1)
(61,0)637557208(62,0)
(61,0)484163308(61,1)
(62,0)1592062780(63,0)
(63,0)325542766(64,0)
(65,0)349447250(65,1)
(66,0)923211507(67,0)
(66,0)81991408(66,1)
(68,0)884562402(69,0)
(68,0)284640988(68,1)
(69,0)95708677(70,0)
(71,0)1044740487(72,0)
(72,0)284746340(73,0)
(72,0)1907149511(72,1)
(74,0)65173316(74,1)
(75,0)326257733(76,0)
(75,0)1502888587(75,1)
(77,0)916090971(78,0)
(77,0)963814941(77,1)
(78,0)464120491(79,0)
(79,0)981150867(80,0)
(81,0)31061665(82,0)
(81,0)195971434(81,1)
(82,0)1283022427(83,0)
(83,0)651449835(84,0)
(84,0)20101181(84,1)
(85,0)747158512(85,1)
(86,0)561443123(87,0)
(86,0)1074332100(86,1)
(87,0)833997963(88,0)
(87,0)440777719(87,1)
(88,0)201746397(89,0)
(88,0)846189463(88,1)
(89,0)911362779(90,0)
(89,0)690072150(89,1)
(90,0)45477089(91,0)
(92,0)53951805(93,0)
(93,0)51884880(93,1)
(94,0)518072296(94,1)
(95,0)467142553(96,0)
(95,0)150343582(95,1)
(96,0)346315016(97,0)
(97,0)1103924804(98,0)
(97,0)498204219(97,1)
(99,0)1755374639(99,1)
(0,1)836758540(1,1)
(1,1)1045475857(2,1)
(1,1)355049503(1,2)
(2,1)916492626(3,1)
(3,1)597604955(4,1)
(5,1)526561220(6,1)
(5,1)1287677105(5,2)
(7,1)443790758(8,1)
(8,1)1218199530(8,2)
(9,1)387392245(10,1)
(9,1)495675639(9,2)
(10,1)188722186(10,2)
(11,1)655864739(12,1)
(11,1)537735827(11,2)
(12,1)884050843(13,1)
(12,1)378826565(12,2)
(14,1)906325869(15,1)
(14,1)365904638(14,2)
(17,1)913335472(17,2)
(18,1)252105400(19,1)
(18,1)214700842(18,2)
(20,1)1244489814(21,1)
(21,1)356460504(21,2)
(22,1)430160361(22,2)
(23,1)1544409334(23,2)
(26,1)426004316(27,1)
(27,1)488395404(27,2)
(28,1)1310055160(28,2)
(30,1)1(31,1)
(30,1)1(30,2)
(32,1)1(33,1)
(34,1)1(34,2)
(35,1)354398364(36,1)
(36,1)38317428(37,1)
(36,1)1(36,2)
(38,1)11476017(38,2)
(39,1)1(39,2)
(40,1)376722716(41,1)
(40,1)744543951(40,2)
(41,1)278855884(42,1)
(43,1)191994383(43,2)
(46,1)1037594108(47,1)
(48,1)1373003955(49,1)
(50,1)1098004193(51,1)
(50,1)685931763(50,2)
(51,1)115956700(51,2)
(52,1)1136321621(52,2)
(53,1)83443721(53,2)
(54,1)571897948(55,1)
(54,1)275432618(54,2)
(55,1)803082133(55,2)
(56,1)290897293(57,1)
(58,1)1490826837(59,1)
(58,1)267107857(58,2)
(60,1)931227441(60,2)
(61,1)710676626(62,1)
(62,1)100531396(62,2)
(63,1)127382608(63,2)
(64,1)853206161(64,2)
(65,1)1209355078(65,2)
(66,1)494050423(66,2)
(67,1)635003662(67,2)
(68,1)718447383(69,1)
(69,1)1024234390(70,1)
(69,1)630686034(69,2)
(70,1)1433768167(71,1)
(71,1)91482347(72,1)
(72,1)1195559765(73,1)
(74,1)1411992636(75,1)
(74,1)538902955(74,2)
(76,1)474929924(76,2)
(77,1)575461321(78,1)
(77,1)33323375(77,2)
(78,1)160705983(79,1)
(80,1)1085129494(81,1)
(81,1)50802636(82,1)
(81,1)1065932097(81,2)
(82,1)262957625(82,2)
(83,1)1011759396(84,1)
(84,1)164377066(85,1)
(84,1)271899494(84,2)
(88,1)980797215(88,2)
(90,1)1(91,1)
(90,1)1(90,2)
(91,1)1(92,1)
(92,1)1(93,1)
(93,1)1(94,1)
(94,1)1(94,2)
(95,1)1(96,1)
(95,1)1(95,2)
(96,1)1(96,2)
(97,1)740351688(98,1)
(97,1)643931127(97,2)
(98,1)177622160(99,1)
(98,1)762841370(98,2)
(0,2)341999226(1,2)
(0,2)1034740865(0,3)
(1,2)449502042(2,2)
(3,2)967987859(4,2)
(4,2)259172241(4,3)
(6,2)442326453(7,2)
(7,2)859430524(8,2)
(7,2)473735682(7,3)
(8,2)237917782(8,3)
(9,2)375920678(9,3)
(10,2)238298606(10,3)
(11,2)998037932(11,3)
(12,2)59943543(13,2)
(12,2)245579311(12,3)
(14,2)822784913(14,3)
(15,2)590558437(15,3)
(16,2)83696012(17,2)
(17,2)159544173(17,3)
(18,2)115289740(19,2)
(19,2)608144635(19,3)
(20,2)448265564(21,2)
(22,2)890592017(22,3)
(23,2)1128509799(24,2)
(24,2)278894473(25,2)
(24,2)1075773701(24,3)
(26,2)1(27,2)
(26,2)1(26,3)
(27,2)1(28,2)
(28,2)1(28,3)
(29,2)1278590033(29,3)
(30,2)1(30,3)
(31,2)826366680(32,2)
(31,2)1426415440(31,3)
(33,2)466523456(33,3)
(34,2)1(35,2)
(35,2)1(35,3)
(36,2)1(37,2)
(37,2)266042024(38,2)
(37,2)1(37,3)
(39,2)1(40,2)
(40,2)1(40,3)
(41,2)1(42,2)
(41,2)1(41,3)
(42,2)1(43,2)
(43,2)809908346(44,2)
(43,2)1(43,3)
(45,2)460297735(46,2)
(45,2)378798008(45,3)
(47,2)1286664415(47,3)
(48,2)1243689414(48,3)
(49,2)512072436(49,3)
(50,2)680372314(50,3)
(51,2)55822321(52,2)
(53,2)321864345(53,3)
(55,2)395629265(55,3)
(56,2)553150193(57,2)
(57,2)7307510(57,3)
(58,2)1(59,2)
(58,2)1(58,3)
(59,2)1(60,2)
(60,2)1(60,3)
(61,2)650411630(61,3)
(63,2)658053137(64,2)
(63,2)952900287(63,3)
(65,2)75668935(66,2)
(66,2)1(67,2)
(66,2)1(66,3)
(67,2)1(68,2)
(67,2)131491257(67,3)
(68,2)1(69,2)
(69,2)1(70,2)
(70,2)55585002(71,2)
(70,2)1(70,3)
(71,2)821379388(72,2)
(71,2)43215432(71,3)
(72,2)50522942(73,2)
(72,2)608735195(72,3)
(74,2)596855326(74,3)
(75,2)813318969(76,2)
(76,2)10463949(77,2)
(76,2)671260438(76,3)
(77,2)85624161(78,2)
(77,2)421578693(77,3)
(79,2)1342836616(80,2)
(79,2)743677299(79,3)
(80,2)51701908(81,2)
(80,2)691968056(80,3)
(82,2)1549996808(83,2)
(84,2)1372902844(85,2)
(86,2)29679979(87,2)
(87,2)699536274(87,3)
(88,2)1(89,2)
(88,2)1(88,3)
(89,2)1(90,2)
(90,2)567213785(91,2)
(92,2)577677735(92,3)
(93,2)377734082(94,2)
(94,2)1(95,2)
(96,2)1(96,3)
(98,2)706587476(99,2)
(98,2)394105762(98,3)
(0,3)249974525(0,4)
(1,3)128131411(2,3)
(1,3)1229961454(1,4)
(3,3)1250233912(4,3)
(3,3)827667685(3,4)
(4,3)916510914(5,3)
(5,3)309911730(5,4)
(6,3)877125516(7,3)
(8,3)1124268430(9,3)
(9,3)1060097893(9,4)
(10,3)115736024(10,4)
(12,3)249733336(13,3)
(14,3)643839098(14,4)
(15,3)893813623(16,3)
(15,3)312731529(15,4)
(17,3)1(18,3)
(17,3)1(17,4)
(18,3)1(18,4)
(20,3)204562704(21,3)
(20,3)618639985(20,4)
(21,3)391136997(22,3)
(22,3)1076426599(23,3)
(22,3)1081688220(22,4)
(23,3)389007823(24,3)
(24,3)750978437(25,3)
(24,3)53211381(24,4)
(25,3)168947405(26,3)
(25,3)74061508(25,4)
(26,3)1479685891(27,3)
(26,3)1(26,4)
(28,3)1(29,3)
(29,3)1(30,3)
(29,3)914271095(29,4)
(30,3)407814287(30,4)
(31,3)1119588302(31,4)
(32,3)622211961(32,4)
(33,3)631121187(33,4)
(34,3)525772161(35,3)
(35,3)1(36,3)
(35,3)1124274206(35,4)
(36,3)1(36,4)
(37,3)1(37,4)
(38,3)396836287(39,3)
(39,3)53547261(39,4)
(40,3)1(41,3)
(41,3)1167955403(42,3)
(43,3)1(43,4)
(44,3)868540222(44,4)
(45,3)1276354509(46,3)
(46,3)387109574(47,3)
(46,3)859298301(46,4)
(48,3)381159262(48,4)
(49,3)77338022(50,3)
(49,3)611089345(49,4)
(50,3)124984686(50,4)
(51,3)392156768(51,4)
(52,3)428784539(52,4)
(53,3)1(54,3)
(53,3)1(53,4)
(54,3)1(55,3)
(54,3)1494948797(54,4)
(55,3)1(56,3)
(55,3)21691095(55,4)
(56,3)1(57,3)
(56,3)701015021(56,4)
(57,3)1(58,3)
(58,3)381259858(59,3)
(60,3)1(61,3)
(60,3)13555535(60,4)
(61,3)1(62,3)
(62,3)1086808991(63,3)
(62,3)1(62,4)
(63,3)206880451(63,4)
(64,3)817969796(65,3)
(64,3)686021517(64,4)
(65,3)811006203(66,3)
(66,3)1(66,4)
(68,3)38701097(69,3)
(68,3)805970038(68,4)
(69,3)153435187(70,3)
(70,3)1(70,4)
(71,3)648715061(71,4)
(72,3)164466691(73,3)
(73,3)1042477851(74,3)
(74,3)676521034(75,3)
(74,3)545726549(74,4)
(75,3)559282084(76,3)
(77,3)151302057(78,3)
(78,3)795400344(78,4)
(80,3)1(81,3)
(80,3)1(80,4)
(81,3)1(82,3)
(81,3)144944416(81,4)
(82,3)1(82,4)
(83,3)1366676767(84,3)
(84,3)435769176(85,3)
(85,3)314594970(86,3)
(86,3)21343368(87,3)
(87,3)411897918(88,3)
(88,3)954182098(89,3)
(88,3)1(88,4)
(89,3)731536608(90,3)
(91,3)777318067(92,3)
(92,3)575470966(93,3)
(92,3)900324469(92,4)
(94,3)1(95,3)
(94,3)1(94,4)
(95,3)1(96,3)
(97,3)1091858429(97,4)
(98,3)494361240(99,3)
(98,3)838393967(98,4)
(0,4)930130416(1,4)
(0,4)540881588(0,5)
(1,4)323662274(1,5)
(2,4)345005642(3,4)
(2,4)273373404(2,5)
(3,4)335710252(3,5)
(4,4)530815701(4,5)
(5,4)1262352309(6,4)
(6,4)773111835(6,5)
(7,4)405687354(7,5)
(8,4)981158320(9,4)
(9,4)331566378(9,5)
(10,4)649851296(11,4)
(11,4)1424668220(12,4)
(11,4)514641574(11,5)
(13,4)369043002(13,5)
(14,4)863404242(15,4)
(14,4)380159336(14,5)
(15,4)1(16,4)
(15,4)1(15,5)
(16,4)1(17,4)
(18,4)1(18,5)
(19,4)604695737(19,5)
(20,4)596859181(21,4)
(21,4)523245214(21,5)
(22,4)928932568(23,4)
(26,4)1(26,5)
(27,4)87953824(27,5)
(28,4)456996826(29,4)
(31,4)966452078(32,4)
(31,4)412595230(31,5)
(32,4)41629066(33,4)
(33,4)814998285(34,4)
(33,4)885876492(33,5)
(34,4)6373154(34,5)
(35,4)75891190(35,5)
(36,4)1(37,4)
(38,4)424485097(39,4)
(39,4)1290676213(40,4)
(40,4)345701005(41,4)
(40,4)39262355(40,5)
(41,4)303890908(42,4)
(42,4)41915641(43,4)
(43,4)1(43,5)
(44,4)498912467(44,5)
(45,4)665763526(45,5)
(46,4)990376391(46,5)
(47,4)1(48,4)
(47,4)1(47,5)
(48,4)1(48,5)
(50,4)867247039(50,5)
(51,4)807194801(52,4)
(51,4)239886920(51,5)
(52,4)270356056(52,5)
(53,4)1(53,5)
(55,4)941617594(55,5)
(56,4)895579411(57,4)
(57,4)1315851(57,5)
(58,4)243337081(59,4)
(58,4)937495052(58,5)
(61,4)671723990(62,4)
(61,4)1108237406(61,5)
(62,4)1(62,5)
(65,4)654388606(65,5)
(66,4)1(66,5)
(67,4)650152373(67,5)
(68,4)127953017(68,5)
(69,4)787383368(69,5)
(70,4)1(70,5)
(71,4)423556019(72,4)
(72,4)477096726(72,5)
(73,4)208231620(73,5)
(75,4)703515650(75,5)
(76,4)644281142(76,5)
(77,4)1199804598(78,4)
(77,4)81265070(77,5)
(79,4)1(80,4)
(79,4)1(79,5)
(80,4)728185516(80,5)
(81,4)229456885(81,5)
(82,4)1(83,4)
(82,4)129012712(82,5)
(83,4)256965729(84,4)
(83,4)1(83,5)
(85,4)316903664(86,4)
(85,4)43081334(85,5)
(87,4)740459683(87,5)
(88,4)1(89,4)
(89,4)887155410(90,4)
(89,4)1(89,5)
(91,4)1(92,4)
(91,4)1(91,5)
(92,4)1(93,4)
(93,4)1(94,4)
(94,4)392758417(95,4)
(95,4)639466315(96,4)
(97,4)86254113(97,5)
(98,4)669483899(99,4)
(99,4)13474045(99,5)
(1,5)56555380(1,6)
(2,5)844743872(2,6)
(3,5)126487418(4,5)
(3,5)495563313(3,6)
(4,5)742139192(4,6)
(5,5)822822743(5,6)
(6,5)75190069(7,5)
(8,5)156469006(9,5)
(10,5)67749805(10,6)
(11,5)707216120(12,5)
(11,5)33177147(11,6)
(13,5)793470234(13,6)
(14,5)652066184(14,6)
(15,5)90266149(16,5)
(17,5)52827762(18,5)
(18,5)1(19,5)
(19,5)1(19,6)
(20,5)1002137923(21,5)
(21,5)1050282776(22,5)
(23,5)69154797(24,5)
(23,5)927983082(23,6)
(24,5)470609578(25,5)
(26,5)1569067912(27,5)
(26,5)1(26,6)
(28,5)699958280(29,5)
(28,5)398143125(28,6)
(30,5)768610366(31,5)
(30,5)15428765(30,6)
(32,5)985845238(33,5)
(32,5)158028624(32,6)
(35,5)964482393(36,5)
(36,5)189388173(37,5)
(36,5)457793520(36,6)
(38,5)795264604(39,5)
(39,5)443447055(40,5)
(40,5)992683428(41,5)
(42,5)414267692(42,6)
(43,5)1(44,5)
(44,5)1(45,5)
(44,5)249165306(44,6)
(45,5)1(46,5)
(46,5)1(47,5)
(48,5)1(49,5)
(49,5)1(49,6)
(50,5)367586387(50,6)
(52,5)21017686(52,6)
(53,5)1(53,6)
(54,5)500296728(54,6)
(56,5)662493864(56,6)
(57,5)1076761557(58,5)
(58,5)783815968(59,5)
(58,5)968315683(58,6)
(59,5)1217480989(60,5)
(62,5)970181787(63,5)
(62,5)1(62,6)
(63,5)6410669(64,5)
(65,5)102215317(66,5)
(66,5)1(67,5)
(67,5)1(67,6)
(68,5)569945254(68,6)
(69,5)995497416(69,6)
(70,5)1(71,5)
(71,5)1(71,6)
(73,5)402195208(73,6)
(74,5)143883935(75,5)
(74,5)615817501(74,6)
(75,5)181157341(76,5)
(78,5)1(79,5)
(78,5)1(78,6)
(80,5)77659606(80,6)
(81,5)75958923(81,6)
(83,5)1(84,5)
(84,5)1(85,5)
(85,5)1(86,5)
(85,5)1304336197(85,6)
(86,5)1(86,6)
(87,5)1(88,5)
(87,5)1(87,6)
(88,5)1(89,5)
(89,5)293600829(90,5)
(90,5)678619729(90,6)
(91,5)279328869(92,5)
(91,5)1(91,6)
(93,5)192475151(93,6)
(94,5)112032102(95,5)
(94,5)39141601(94,6)
(95,5)116801207(96,5)
(97,5)722900540(98,5)
(98,5)110187033(98,6)
(0,6)106870532(0,7)
(1,6)113847304(1,7)
(2,6)596650730(2,7)
(5,6)1108872864(5,7)
(6,6)112389926(6,7)
(7,6)391718795(8,6)
(7,6)405771426(7,7)
(8,6)177161017(9,6)
(9,6)584193946(9,7)
(10,6)696226048(11,6)
(10,6)216302618(10,7)
(11,6)333103826(12,6)
(12,6)964775825(13,6)
(13,6)330394520(14,6)
(13,6)169101749(13,7)
(14,6)1074962858(14,7)
(15,6)1181833390(16,6)
(16,6)1401236579(17,6)
(16,6)1129333190(16,7)
(18,6)994845259(19,6)
(19,6)1(20,6)
(20,6)34221042(21,6)
(20,6)1(20,7)
(21,6)541005383(22,6)
(23,6)167548023(24,6)
(23,6)932724179(23,7)
(25,6)847533354(25,7)
(26,6)558192647(27,6)
(26,6)1(26,7)
(28,6)83248350(29,6)
(29,6)450447682(30,6)
(29,6)3549027(29,7)
(31,6)599432723(32,6)
(32,6)544691233(32,7)
(33,6)177932996(33,7)
(34,6)427969891(34,7)
(35,6)856585348(36,6)
(35,6)756351368(35,7)
(37,6)1397590732(37,7)
(38,6)182831263(39,6)
(38,6)873221868(38,7)
(39,6)237962025(40,6)
(40,6)844560289(41,6)
(42,6)1402752936(42,7)
(43,6)778237760(44,6)
(45,6)1228685442(45,7)
(46,6)713482866(47,6)
(46,6)585568102(46,7)
(48,6)1(49,6)
(48,6)1(48,7)
(49,6)574577389(50,6)
(51,6)452132046(52,6)
(52,6)681269822(53,6)
(53,6)1(53,7)
(54,6)278637892(55,6)
(55,6)416366825(56,6)
(55,6)146543293(55,7)
(57,6)378467469(58,6)
(57,6)34293092(57,7)
(59,6)1156705229(59,7)
(60,6)237907023(61,6)
(60,6)767487313(60,7)
(62,6)1(63,6)
(62,6)951389889(62,7)
(63,6)1(63,7)
(64,6)898879199(64,7)
(65,6)66025380(66,6)
(66,6)1(67,6)
(66,6)1(66,7)
(67,6)518157426(67,7)
(68,6)799768384(69,6)
(69,6)354141126(70,6)
(71,6)54120810(72,6)
(71,6)1(71,7)
(73,6)432588280(73,7)
(74,6)130174908(74,7)
(75,6)897662221(76,6)
(75,6)1138678465(75,7)
(77,6)1(78,6)
(77,6)1(77,7)
(78,6)439065090(79,6)
(81,6)237109160(82,6)
(82,6)110869551(83,6)
(82,6)62965510(82,7)
(84,6)910637936(84,7)
(86,6)1(87,6)
(88,6)328269655(89,6)
(89,6)871960527(89,7)
(91,6)1(91,7)
(92,6)466043142(93,6)
(93,6)1(94,6)
(93,6)1(93,7)
(94,6)1(94,7)
(95,6)420853375(96,6)
(95,6)105410284(95,7)
(97,6)979684491(98,6)
(97,6)657962536(97,7)
(98,6)651795113(99,6)
(99,6)532690042(99,7)
(0,7)310932375(1,7)
(0,7)719629897(0,8)
(1,7)561190462(2,7)
(1,7)439836719(1,8)
(3,7)456871837(3,8)
(4,7)785141493(5,7)
(4,7)452463372(4,8)
(6,7)555221010(6,8)
(7,7)5017412(8,7)
(7,7)280419458(7,8)
(9,7)147570682(10,7)
(9,7)85920588(9,8)
(11,7)252980967(11,8)
(12,7)665163260(12,8)
(13,7)582903097(13,8)
(15,7)479725234(16,7)
(15,7)30054146(15,8)
(16,7)469890866(17,7)
(16,7)1545630586(16,8)
(17,7)1327548201(18,7)
(17,7)1040915696(17,8)
(19,7)357847127(19,8)
(20,7)1(21,7)
(20,7)135445379(20,8)
(21,7)1(22,7)
(22,7)1(23,7)
(22,7)25521378(22,8)
(23,7)1(23,8)
(24,7)1(25,7)
(24,7)1(24,8)
(25,7)1(26,7)
(26,7)530048668(26,8)
(27,7)265882049(27,8)
(28,7)848785147(29,7)
(29,7)692576033(29,8)
(30,7)722630179(31,7)
(31,7)185844119(31,8)
(33,7)632419611(34,7)
(34,7)577063701(34,8)
(35,7)712509080(36,7)
(35,7)524781549(35,8)
(36,7)334753792(37,7)
(38,7)425145493(38,8)
(39,7)1261999795(40,7)
(39,7)899538457(39,8)
(40,7)641477660(41,7)
(40,7)732980012(40,8)
(42,7)636397831(42,8)
(43,7)582421378(44,7)
(43,7)310756961(43,8)
(44,7)570124831(44,8)
(45,7)506124541(46,7)
(45,7)288540262(45,8)
(46,7)474384381(47,7)
(47,7)771000571(48,7)
(48,7)1(49,7)
(49,7)130724250(50,7)
(49,7)1(49,8)
(51,7)653672927(52,7)
(52,7)1(53,7)
(52,7)1(52,8)
(53,7)540617369(54,7)
(54,7)710897672(55,7)
(54,7)50300775(54,8)
(55,7)783280787(56,7)
(58,7)209582781(59,7)
(59,7)423710894(59,8)
(60,7)712251156(61,7)
(61,7)791395301(62,7)
(63,7)1(64,7)
(64,7)1(65,7)
(64,7)250417439(64,8)
(65,7)1(65,8)
(66,7)1(66,8)
(67,7)714522369(68,7)
(67,7)278114736(67,8)
(68,7)89473951(69,7)
(70,7)910273255(71,7)
(70,7)800371624(70,8)
(71,7)1(72,7)
(71,7)499276735(71,8)
(72,7)398102554(73,7)
(72,7)1(72,8)
(74,7)1(75,7)
(74,7)1(74,8)
(75,7)1(75,8)
(76,7)310514767(77,7)
(77,7)21666765(78,7)
(77,7)1(77,8)
(78,7)58966166(78,8)
(79,7)309383605(80,7)
(79,7)761962852(79,8)
(80,7)697757397(80,8)
(81,7)1296807890(82,7)
(82,7)211940149(83,7)
(82,7)1199753210(82,8)
(83,7)865448383(84,7)
(84,7)301414101(84,8)
(85,7)1101785725(86,7)
(85,7)581444331(85,8)
(86,7)1080721066(87,7)
(88,7)953601859(89,7)
(89,7)902919253(89,8)
(90,7)1223865578(90,8)
(91,7)1(92,7)
(92,7)1(93,7)
(93,7)80563571(93,8)
(94,7)1(95,7)
(95,7)1(96,7)
(96,7)1(96,8)
(97,7)1527779176(98,7)
(99,7)245743911(99,8)
(0,8)283814365(0,9)
(1,8)827188243(1,9)
(2,8)667771082(2,9)
(3,8)570411445(4,8)
(3,8)345165476(3,9)
(4,8)1298767335(5,8)
(4,8)1239249282(4,9)
(5,8)1178274591(6,8)
(5,8)1473330698(5,9)
(6,8)631100862(7,8)
(6,8)375149265(6,9)
(7,8)434046071(8,8)
(7,8)790417362(7,9)
(8,8)99385792(8,9)
(9,8)514609642(9,9)
(10,8)1357136065(11,8)
(10,8)823153424(10,9)
(12,8)1381215353(13,8)
(13,8)1065457559(14,8)
(14,8)947162288(15,8)
(15,8)1311201470(15,9)
(17,8)253444847(18,8)
(17,8)885546426(17,9)
(19,8)823856292(19,9)
(20,8)149703343(21,8)
(20,8)381995590(20,9)
(21,8)21371952(21,9)
(23,8)1(24,8)
(23,8)1191190926(23,9)
(25,8)354531989(26,8)
(25,8)506826886(25,9)
(26,8)915452986(26,9)
(27,8)453131369(28,8)
(28,8)964193200(29,8)
(29,8)567445800(30,8)
(30,8)682306750(31,8)
(31,8)67392136(31,9)
(32,8)952938562(33,8)
(32,8)673212816(32,9)
(33,8)424544543(34,8)
(34,8)426846746(35,8)
(34,8)36166816(34,9)
(35,8)418162406(36,8)
(36,8)576550089(36,9)
(37,8)1175307262(37,9)
(38,8)219014540(39,8)
(38,8)100803172(38,9)
(39,8)90060643(39,9)
(40,8)596887530(41,8)
(41,8)692784447(42,8)
(42,8)566986007(42,9)
(44,8)517021096(45,8)
(44,8)634946616(44,9)
(45,8)398818456(46,8)
(45,8)338261990(45,9)
(46,8)405654126(47,8)
(48,8)1498838164(49,8)
(48,8)1358592688(48,9)
(49,8)1394759504(50,8)
(49,8)1(49,9)
(51,8)354751351(52,8)
(52,8)840745525(53,8)
(52,8)1(52,9)
(55,8)837091526(56,8)
(55,8)586725876(55,9)
(56,8)573439603(57,8)
(56,8)251570170(56,9)
(57,8)818556177(58,8)
(58,8)528308141(59,8)
(58,8)244193019(58,9)
(59,8)879139635(60,8)
(59,8)589372367(59,9)
(60,8)927634357(61,8)
(61,8)97173436(62,8)
(62,8)1026322154(63,8)
(63,8)544397523(64,8)
(64,8)377676670(64,9)
(65,8)1(66,8)
(65,8)1939157027(65,9)
(67,8)242816437(68,8)
(67,8)510629283(67,9)
(68,8)75251280(69,8)
(68,8)297857167(68,9)
(69,8)1197360576(69,9)
(71,8)47225111(71,9)
(72,8)1(72,9)
(73,8)1(74,8)
(73,8)1(73,9)
(75,8)1(76,8)
(75,8)1333375062(75,9)
(76,8)1(77,8)
(76,8)169583344(76,9)
(77,8)1100428252(77,9)
(78,8)922658702(79,8)
(78,8)1490171659(78,9)
(80,8)894490710(80,9)
(81,8)283566180(82,8)
(82,8)386871896(83,8)
(83,8)526382617(83,9)
(84,8)462123176(84,9)
(85,8)192057097(86,8)
(85,8)804045125(85,9)
(86,8)851270236(87,8)
(87,8)173561188(87,9)
(88,8)973621456(89,8)
(88,8)280887673(88,9)
(89,8)238813252(90,8)
(90,8)1210515247(91,8)
(90,8)215570444(90,9)
(91,8)385153788(92,8)
(91,8)1242068068(91,9)
(92,8)195012672(93,8)
(93,8)1017052764(94,8)
(94,8)1117671374(94,9)
(95,8)737417445(95,9)
(96,8)1(97,8)
(97,8)627841125(98,8)
(97,8)1(97,9)
(99,8)74269017(99,9)
(1,9)250886780(2,9)
(2,9)878314142(3,9)
(9,9)654411225(10,9)
(10,9)911277721(11,9)
(11,9)101801656(12,9)
(12,9)869981669(13,9)
(14,9)1343869724(15,9)
(15,9)1255135458(16,9)
(18,9)995677426(19,9)
(19,9)518243189(20,9)
(21,9)636005096(22,9)
(23,9)373748559(24,9)
(26,9)521993177(27,9)
(27,9)595632974(28,9)
(28,9)722369001(29,9)
(30,9)669901991(31,9)
(31,9)37540485(32,9)
(32,9)1447507192(33,9)
(35,9)911256323(36,9)
(36,9)1130316863(37,9)
(39,9)993305267(40,9)
(41,9)709187933(42,9)
(42,9)1095106923(43,9)
(43,9)749951730(44,9)
(45,9)291492999(46,9)
(47,9)184687678(48,9)
(49,9)1(50,9)
(50,9)1(51,9)
(51,9)1(52,9)
(52,9)1489286062(53,9)
(54,9)565710429(55,9)
(57,9)1087703606(58,9)
(59,9)255313900(60,9)
(60,9)136840370(61,9)
(61,9)575129228(62,9)
(62,9)292854385(63,9)
(66,9)348120238(67,9)
(69,9)146030449(70,9)
(72,9)1(73,9)
(73,9)1047107120(74,9)
(79,9)1021491867(80,9)
(80,9)403988583(81,9)
(81,9)278850534(82,9)
(84,9)89958388(85,9)
(86,9)1202868909(87,9)
(88,9)719384125(89,9)
(91,9)856224495(92,9)
(93,9)171071573(94,9)
(94,9)293088410(95,9)
(96,9)8695025(97,9)
(97,9)1(98,9)
(98,9)1(99,9)
