17 37
(0,0)330563459(1,0)
(0,0)1462722881(0,1)
(1,0)1839198299(2,0)
(1,0)2012820694(1,1)
(2,0)1897676471(3,0)
(2,0)332817529(2,1)
(3,0)1689344463(4,0)
(3,0)273684433(3,1)
(4,0)270017208(5,0)
(4,0)1149848530(4,1)
(5,0)588542639(6,0)
(5,0)2083250897(5,1)
(6,0)1661716196(7,0)
(6,0)934084981(6,1)
(7,0)1276683886(8,0)
(7,0)548488826(7,1)
(8,0)47866901(9,0)
(8,0)755262675(8,1)
(9,0)1567503645(10,0)
(9,0)2090864345(9,1)
(10,0)1386507518(11,0)
(10,0)1088163016(10,1)
(11,0)1247523429(12,0)
(11,0)123842659(11,1)
(12,0)1433702294(13,0)
(12,0)2008669193(12,1)
(13,0)465129096(14,0)
(13,0)360230427(13,1)
(14,0)358076979(15,0)
(14,0)2048032239(14,1)
(15,0)1363271473(16,0)
(15,0)872606803(15,1)
(16,0)688640438(16,1)
(0,1)1054986124(1,1)
(0,1)737943849(0,2)
(1,1)488136673(2,1)
(1,1)1021457967(1,2)
(2,1)563318783(3,1)
(2,1)1328670557(2,2)
(3,1)1598687765(4,1)
(3,1)1637985203(3,2)
(4,1)79044195(5,1)
(4,1)499086032(4,2)
(5,1)13318580(6,1)
(5,1)385289099(5,2)
(6,1)1661972985(7,1)
(6,1)627533021(6,2)
(7,1)675399923(8,1)
(7,1)768581255(7,2)
(8,1)188601252(9,1)
(8,1)1605353682(8,2)
(9,1)844377553(10,1)
(9,1)1763562939(9,2)
(10,1)863602720(11,1)
(10,1)312443911(10,2)
(11,1)1746146205(12,1)
(11,1)705563098(11,2)
(12,1)1170692194(13,1)
(12,1)1223833147(12,2)
(13,1)1581910126(14,1)
(13,1)1646694797(13,2)
(14,1)862482622(15,1)
(14,1)2043298998(14,2)
(15,1)633759199(16,1)
(15,1)123066916(15,2)
(16,1)1917468746(16,2)
(0,2)1121895872(1,2)
(0,2)1144524884(0,3)
(1,2)1707843667(2,2)
(1,2)1098655655(1,3)
(2,2)549859772(3,2)
(2,2)612397428(2,3)
(3,2)691441623(4,2)
(3,2)59446051(3,3)
(4,2)72764631(5,2)
(4,2)935148871(4,3)
(5,2)449638209(6,2)
(5,2)1318974644(5,3)
(6,2)1994374567(7,2)
(6,2)841345887(6,3)
(7,2)1029947139(8,2)
(7,2)2054991891(7,3)
(8,2)751885796(9,2)
(8,2)1610453858(8,3)
(9,2)326572930(10,2)
(9,2)1342391051(9,3)
(10,2)941053608(11,2)
(10,2)1457448894(10,3)
(11,2)480657441(12,2)
(11,2)1550406077(11,3)
(12,2)984832555(13,2)
(12,2)440264757(12,3)
(13,2)1302747379(14,2)
(13,2)376472791(13,3)
(14,2)1010231990(15,2)
(14,2)1107899472(14,3)
(15,2)104940708(16,2)
(15,2)1072732477(15,3)
(16,2)2132127863(16,3)
(0,3)1812784375(1,3)
(0,3)23904484(0,4)
(1,3)573764257(2,3)
(1,3)597041643(1,4)
(2,3)1288483266(3,3)
(2,3)1872230426(2,4)
(3,3)1944995057(4,3)
(3,3)1508913128(3,4)
(4,3)1958551337(5,3)
(4,3)459974262(4,4)
(5,3)306865182(6,3)
(5,3)638857296(5,4)
(6,3)1668804436(7,3)
(6,3)1866059581(6,4)
(7,3)470461729(8,3)
(7,3)1917319040(7,4)
(8,3)96408323(9,3)
(8,3)863711839(8,4)
(9,3)1804765447(10,3)
(9,3)1927910624(9,4)
(10,3)261084417(11,3)
(10,3)1646814400(10,4)
(11,3)484163308(12,3)
(11,3)97546557(11,4)
(12,3)1400293936(13,3)
(12,3)637557208(12,4)
(13,3)1647789198(14,3)
(13,3)1592062780(13,4)
(14,3)1697003488(15,3)
(14,3)325542766(14,4)
(15,3)349447250(16,3)
(15,3)1632433413(15,4)
(16,3)1362304215(16,4)
(0,4)923211507(1,4)
(0,4)81991408(0,5)
(1,4)1370474674(2,4)
(1,4)1087050993(1,5)
(2,4)884562402(3,4)
(2,4)284640988(2,5)
(3,4)95708677(4,4)
(3,4)1830448937(3,5)
(4,4)2137314119(5,4)
(4,4)1523419699(4,5)
(5,4)1044740487(6,4)
(5,4)1961768258(5,5)
(6,4)284746340(7,4)
(6,4)1907149511(6,5)
(7,4)2003557834(8,4)
(7,4)1908452326(7,5)
(8,4)1565734125(9,4)
(8,4)65173316(8,5)
(9,4)326257733(10,4)
(9,4)1502888587(9,5)
(10,4)1987051895(11,4)
(10,4)1663280682(10,5)
(11,4)916090971(12,4)
(11,4)963814941(11,5)
(12,4)464120491(13,4)
(12,4)1431631027(12,5)
(13,4)981150867(14,4)
(13,4)1241633737(13,5)
(14,4)1591080987(15,4)
(14,4)2096553905(14,5)
(15,4)31061665(16,4)
(15,4)195971434(15,5)
(16,4)366808847(16,5)
(0,5)1401536340(1,5)
(0,5)1283022427(0,6)
(1,5)20101181(2,5)
(1,5)651449835(1,6)
(2,5)747158512(3,5)
(2,5)1084501629(2,6)
(3,5)1074332100(4,5)
(3,5)1543520880(3,6)
(4,5)440777719(5,5)
(4,5)561443123(4,6)
(5,5)846189463(6,5)
(5,5)833997963(5,6)
(6,5)690072150(7,5)
(6,5)201746397(6,6)
(7,5)1767480523(8,5)
(7,5)911362779(7,6)
(8,5)1237620512(9,5)
(8,5)45477089(8,6)
(9,5)2032528984(10,5)
(9,5)1283277557(9,6)
(10,5)51884880(11,5)
(10,5)53951805(10,6)
(11,5)518072296(12,5)
(11,5)1316676363(11,6)
(12,5)150343582(13,5)
(12,5)1293518617(12,6)
(13,5)737115957(14,5)
(13,5)467142553(13,6)
(14,5)498204219(15,5)
(14,5)346315016(14,6)
(15,5)1629337443(16,5)
(15,5)1103924804(15,6)
(16,5)1899740559(16,6)
(0,6)1649438624(1,6)
(0,6)1755374639(0,7)
(1,6)355049503(2,6)
(1,6)836758540(1,7)
(2,6)1911090640(3,6)
(2,6)1045475857(2,7)
(3,6)1486253576(4,6)
(3,6)916492626(3,7)
(4,6)1762682089(5,6)
(4,6)597604955(4,7)
(5,6)1287677105(6,6)
(5,6)1687999974(5,7)
(6,6)1307996849(7,6)
(6,6)526561220(6,7)
(7,6)1764181732(8,6)
(7,6)1333154194(7,7)
(8,6)1218199530(9,6)
(8,6)443790758(8,7)
(9,6)495675639(10,6)
(9,6)1818133537(9,7)
(10,6)188722186(11,6)
(10,6)387392245(10,7)
(11,6)537735827(12,6)
(11,6)1789194256(11,7)
(12,6)378826565(13,6)
(12,6)655864739(12,7)
(13,6)1154068958(14,6)
(13,6)884050843(13,7)
(14,6)365904638(15,6)
(14,6)1482751369(14,7)
(15,6)1090642360(16,6)
(15,6)906325869(15,7)
(16,6)2015343263(16,7)
(0,7)1445691864(1,7)
(0,7)1743084409(0,8)
(1,7)1506691401(2,7)
(1,7)913335472(1,8)
(2,7)252105400(3,7)
(2,7)214700842(2,8)
(3,7)1977382932(4,7)
(3,7)2104296357(3,8)
(4,7)1244489814(5,7)
(4,7)1940105374(4,8)
(5,7)1100618575(6,7)
(5,7)356460504(5,8)
(6,7)2120642237(7,7)
(6,7)430160361(6,8)
(7,7)1648359891(8,7)
(7,7)1544409334(7,8)
(8,7)2040084973(9,7)
(8,7)1791292126(8,8)
(9,7)1980014312(10,7)
(9,7)2035752137(9,8)
(10,7)426004316(11,7)
(10,7)1681795581(10,8)
(11,7)2060622147(12,7)
(11,7)488395404(11,8)
(12,7)1642464362(13,7)
(12,7)1310055160(12,8)
(13,7)1675959798(14,7)
(13,7)1395889868(13,8)
(14,7)339048581(15,7)
(14,7)401306584(14,8)
(15,7)2144390993(16,7)
(15,7)1543819413(15,8)
(16,7)1784740445(16,8)
(0,8)1503598747(1,8)
(0,8)309671237(0,9)
(1,8)561776638(2,8)
(1,8)1999441287(1,9)
(2,8)1829340571(3,8)
(2,8)1460411456(2,9)
(3,8)557417622(4,8)
(3,8)354398364(3,9)
(4,8)1455016940(5,8)
(4,8)38317428(4,9)
(5,8)11476017(6,8)
(5,8)987577983(5,9)
(6,8)488454227(7,8)
(6,8)851942626(6,9)
(7,8)744543951(8,8)
(7,8)1802768143(7,9)
(8,8)1635298808(9,8)
(8,8)376722716(8,9)
(9,8)802727032(10,8)
(9,8)278855884(9,9)
(10,8)191994383(11,8)
(10,8)2123694212(10,9)
(11,8)1618674926(12,8)
(11,8)2112782192(11,9)
(12,8)1641258343(13,8)
(12,8)1587884252(12,9)
(13,8)1926932833(14,8)
(13,8)2019981510(13,9)
(14,8)2016888856(15,8)
(14,8)1037594108(14,9)
(15,8)1347265346(16,8)
(15,8)1564189630(15,9)
(16,8)1373003955(16,9)
(0,9)1909041984(1,9)
(0,9)1416147269(0,10)
(1,9)1098004193(2,9)
(1,9)685931763(1,10)
(2,9)1243349385(3,9)
(2,9)115956700(2,10)
(3,9)1570973640(4,9)
(3,9)1136321621(3,10)
(4,9)1147797638(5,9)
(4,9)83443721(4,10)
(5,9)571897948(6,9)
(5,9)275432618(5,10)
(6,9)1019976569(7,9)
(6,9)803082133(6,10)
(7,9)290897293(8,9)
(7,9)948620664(7,10)
(8,9)1751347696(9,9)
(8,9)1298832454(8,10)
(9,9)1490826837(10,9)
(9,9)267107857(9,10)
(10,9)1885782784(11,9)
(10,9)1716646241(10,10)
(11,9)1210420936(12,9)
(11,9)931227441(11,10)
(12,9)710676626(13,9)
(12,9)1758280646(12,10)
(13,9)1627685854(14,9)
(13,9)100531396(13,10)
(14,9)1447796742(15,9)
(14,9)127382608(14,10)
(15,9)1543529878(16,9)
(15,9)853206161(15,10)
(16,9)1209355078(16,10)
(0,10)494050423(1,10)
(0,10)1539137924(0,11)
(1,10)635003662(2,10)
(1,10)1325311779(1,11)
(2,10)748801771(3,10)
(2,10)1630372044(2,11)
(3,10)630686034(4,10)
(3,10)718447383(3,11)
(4,10)1290345331(5,10)
(4,10)1024234390(4,11)
(5,10)2044210959(6,10)
(5,10)1433768167(5,11)
(6,10)1724665461(7,10)
(6,10)91482347(6,11)
(7,10)1842830043(8,10)
(7,10)1195559765(7,11)
(8,10)538902955(9,10)
(8,10)1991773318(8,11)
(9,10)1730072454(10,10)
(9,10)1411992636(9,11)
(10,10)474929924(11,10)
(10,10)1470130396(10,11)
(11,10)33323375(12,10)
(11,10)1340869453(11,11)
(12,10)821071659(13,10)
(12,10)575461321(12,11)
(13,10)2023258063(14,10)
(13,10)160705983(13,11)
(14,10)1704235861(15,10)
(14,10)1674277821(14,11)
(15,10)1065932097(16,10)
(15,10)1085129494(15,11)
(16,10)50802636(16,11)
(0,11)1700935759(1,11)
(0,11)262957625(0,12)
(1,11)1011759396(2,11)
(1,11)1681174680(1,12)
(2,11)164377066(3,11)
(2,11)271899494(2,12)
(3,11)1562244825(4,11)
(3,11)2035993786(3,12)
(4,11)1932721098(5,11)
(4,11)1598145234(4,12)
(5,11)1175327047(6,11)
(5,11)1653727172(5,12)
(6,11)1349073568(7,11)
(6,11)980797215(6,12)
(7,11)1519700170(8,11)
(7,11)1019616717(7,12)
(8,11)602205524(9,11)
(8,11)613582556(8,12)
(9,11)1088512481(10,11)
(9,11)842346919(9,12)
(10,11)875670294(11,11)
(10,11)1943074977(10,12)
(11,11)616662988(12,11)
(11,11)1663973802(11,12)
(12,11)1539748217(13,11)
(12,11)1036376277(12,12)
(13,11)593128491(14,11)
(13,11)143457161(13,12)
(14,11)1209389259(15,11)
(14,11)477394063(14,12)
(15,11)740351688(16,11)
(15,11)643931127(15,12)
(16,11)762841370(16,12)
(0,12)1752111085(1,12)
(0,12)177622160(0,13)
(1,12)341999226(2,12)
(1,12)1034740865(1,13)
(2,12)449502042(3,12)
(2,12)1640621223(2,13)
(3,12)1425858673(4,12)
(3,12)1940144460(3,13)
(4,12)967987859(5,12)
(4,12)2103229215(4,13)
(5,12)1304819135(6,12)
(5,12)259172241(5,13)
(6,12)1778872411(7,12)
(6,12)1987604577(6,13)
(7,12)442326453(8,12)
(7,12)1918401691(7,13)
(8,12)859430524(9,12)
(8,12)473735682(8,13)
(9,12)1349405976(10,12)
(9,12)237917782(9,13)
(10,12)854580770(11,12)
(10,12)375920678(10,13)
(11,12)1915668896(12,12)
(11,12)238298606(11,13)
(12,12)831427097(13,12)
(12,12)998037932(12,13)
(13,12)59943543(14,12)
(13,12)245579311(13,13)
(14,12)985931000(15,12)
(14,12)1475358224(14,13)
(15,12)1652980384(16,12)
(15,12)822784913(15,13)
(16,12)590558437(16,13)
(0,13)1994979611(1,13)
(0,13)1857525778(0,14)
(1,13)159544173(2,13)
(1,13)83696012(1,14)
(2,13)1509554686(3,13)
(2,13)1787640423(2,14)
(3,13)608144635(4,13)
(3,13)115289740(3,14)
(4,13)1420108875(5,13)
(4,13)1768726927(4,14)
(5,13)1400115690(6,13)
(5,13)448265564(5,14)
(6,13)890592017(7,13)
(6,13)1191026918(6,14)
(7,13)2050457443(8,13)
(7,13)1873851373(7,14)
(8,13)1075773701(9,13)
(8,13)1128509799(8,14)
(9,13)1983090569(10,13)
(9,13)278894473(9,14)
(10,13)47079721(11,13)
(10,13)1314072307(10,14)
(11,13)2145499404(12,13)
(11,13)833644853(11,14)
(12,13)893588396(13,13)
(12,13)292659033(12,14)
(13,13)1278590033(14,13)
(13,13)1473373981(13,14)
(14,13)978870717(15,13)
(14,13)1716373310(14,14)
(15,13)1426415440(16,13)
(15,13)1869148470(15,14)
(16,13)826366680(16,14)
(0,14)1585959613(1,14)
(0,14)1952844482(0,15)
(1,14)1314915520(2,14)
(1,14)466523456(1,15)
(2,14)1074668091(3,14)
(2,14)1701249353(2,15)
(3,14)973874580(4,14)
(3,14)936158799(3,15)
(4,14)188790842(5,14)
(4,14)1522933655(4,15)
(5,14)266042024(6,14)
(5,14)17417851(5,15)
(6,14)2067875294(7,14)
(6,14)2062642215(6,15)
(7,14)990932268(8,14)
(7,14)1394551823(7,15)
(8,14)1230158744(9,14)
(8,14)199286119(8,15)
(9,14)246365841(10,14)
(9,14)157520928(9,15)
(10,14)155536684(11,14)
(10,14)2063803598(10,15)
(11,14)809908346(12,14)
(11,14)539024874(11,15)
(12,14)1817614907(13,14)
(12,14)1628910665(12,15)
(13,14)460297735(14,14)
(13,14)378798008(13,15)
(14,14)1805213449(15,14)
(14,14)1539279729(14,15)
(15,14)1344640563(16,14)
(15,14)1286664415(15,15)
(16,14)1243689414(16,15)
(0,15)512072436(1,15)
(0,15)1753187871(0,16)
(1,15)680372314(2,15)
(1,15)797455120(1,16)
(2,15)1771329700(3,15)
(2,15)1448231235(2,16)
(3,15)1637022077(4,15)
(3,15)55822321(3,16)
(4,15)321864345(5,15)
(4,15)1788747551(4,16)
(5,15)1709139197(6,15)
(5,15)1552180644(5,16)
(6,15)395629265(7,15)
(6,15)1716416168(6,16)
(7,15)799091265(8,15)
(7,15)1908425317(7,16)
(8,15)7307510(9,15)
(8,15)553150193(8,16)
(9,15)708686877(10,15)
(9,15)715411215(9,16)
(10,15)1525319561(11,15)
(10,15)546332384(10,16)
(11,15)216463643(12,15)
(11,15)190113895(11,16)
(12,15)650411630(13,15)
(12,15)1904117570(12,16)
(13,15)1561847371(14,15)
(13,15)1755743372(13,16)
(14,15)952900287(15,15)
(14,15)1937076045(14,16)
(15,15)1542780269(16,15)
(15,15)658053137(15,16)
(16,15)1464972723(16,16)
(0,16)75668935(1,16)
(0,16)1455508257(0,17)
(1,16)1079354310(2,16)
(1,16)765720311(1,17)
(2,16)255258740(3,16)
(2,16)131491257(2,17)
(3,16)453355602(4,16)
(3,16)720618213(3,17)
(4,16)282273763(5,16)
(4,16)1807439385(4,17)
(5,16)55585002(6,16)
(5,16)22288123(5,17)
(6,16)821379388(7,16)
(6,16)43215432(6,17)
(7,16)50522942(8,16)
(7,16)608735195(7,17)
(8,16)1317422072(9,16)
(8,16)1536790603(8,17)
(9,16)914626516(10,16)
(9,16)596855326(9,17)
(10,16)813318969(11,16)
(10,16)1507535967(10,17)
(11,16)10463949(12,16)
(11,16)671260438(11,17)
(12,16)85624161(13,16)
(12,16)421578693(12,17)
(13,16)1374478980(14,16)
(13,16)1947539995(13,17)
(14,16)1342836616(15,16)
(14,16)743677299(14,17)
(15,16)51701908(16,16)
(15,16)691968056(15,17)
(16,16)1418505551(16,17)
(0,17)1131056218(1,17)
(0,17)1457688367(0,18)
(1,17)1712947107(2,17)
(1,17)1549996808(1,18)
(2,17)2003352411(3,17)
(2,17)1851674432(2,18)
(3,17)2133948195(4,17)
(3,17)1372902844(3,18)
(4,17)1428487846(5,17)
(4,17)2025640534(4,18)
(5,17)699536274(6,17)
(5,17)29679979(5,18)
(6,17)80202921(7,17)
(6,17)2037223041(6,18)
(7,17)1207161466(8,17)
(7,17)88843229(7,18)
(8,17)1003469745(9,17)
(8,17)677058247(8,18)
(9,17)1490377216(10,17)
(9,17)567213785(9,18)
(10,17)577677735(11,17)
(10,17)1674730184(10,18)
(11,17)1760354345(12,17)
(11,17)1911955909(11,18)
(12,17)1138951241(13,17)
(12,17)377734082(12,18)
(13,17)1720570698(14,17)
(13,17)356547996(13,18)
(14,17)408249905(15,17)
(14,17)1830919297(14,18)
(15,17)1141124016(16,17)
(15,17)991592601(15,18)
(16,17)1539306123(16,18)
(0,18)706587476(1,18)
(0,18)394105762(0,19)
(1,18)249974525(2,18)
(1,18)1243496907(1,19)
(2,18)1229961454(3,18)
(2,18)2079490320(2,19)
(3,18)1360494519(4,18)
(3,18)128131411(3,19)
(4,18)827667685(5,18)
(4,18)1259641433(4,19)
(5,18)1339844354(6,18)
(5,18)1250233912(5,19)
(6,18)309911730(7,18)
(6,18)916510914(6,19)
(7,18)1919980659(8,18)
(7,18)2016902601(7,19)
(8,18)1359796169(9,18)
(8,18)877125516(8,19)
(9,18)1454803251(10,18)
(9,18)1447227195(9,19)
(10,18)1060097893(11,18)
(10,18)1124268430(10,19)
(11,18)115736024(12,18)
(11,18)1832537333(11,19)
(12,18)1405624383(13,18)
(12,18)1416645889(12,19)
(13,18)1824895794(14,18)
(13,18)1946655321(13,19)
(14,18)940295690(15,18)
(14,18)249733336(14,19)
(15,18)643839098(16,18)
(15,18)1216718270(15,19)
(16,18)1646883166(16,19)
(0,19)893813623(1,19)
(0,19)312731529(0,20)
(1,19)1542692984(2,19)
(1,19)1578889838(1,20)
(2,19)791900709(3,19)
(2,19)1021945034(2,20)
(3,19)1849612719(4,19)
(3,19)654850769(3,20)
(4,19)1994695124(5,19)
(4,19)2042134622(4,20)
(5,19)204562704(6,19)
(5,19)618639985(5,20)
(6,19)391136997(7,19)
(6,19)1864114077(6,20)
(7,19)1076426599(8,19)
(7,19)1081688220(7,20)
(8,19)389007823(9,19)
(8,19)1838364192(8,20)
(9,19)750978437(10,19)
(9,19)53211381(9,20)
(10,19)168947405(11,19)
(10,19)74061508(10,20)
(11,19)1479685891(12,19)
(11,19)20140679(11,20)
(12,19)1845036473(13,19)
(12,19)2115602727(12,20)
(13,19)908414769(14,19)
(13,19)1729419228(13,20)
(14,19)225774678(15,19)
(14,19)914271095(14,20)
(15,19)1227002625(16,19)
(15,19)407814287(15,20)
(16,19)1119588302(16,20)
(0,20)622211961(1,20)
(0,20)1986704125(0,21)
(1,20)631121187(2,20)
(1,20)2141533336(1,21)
(2,20)1843662408(3,20)
(2,20)1277062730(2,21)
(3,20)1124274206(4,20)
(3,20)525772161(3,21)
(4,20)730334865(5,20)
(4,20)314818745(4,21)
(5,20)705955742(6,20)
(5,20)840904636(5,21)
(6,20)1917331235(7,20)
(6,20)1812023086(6,21)
(7,20)53547261(8,20)
(7,20)396836287(7,21)
(8,20)1147814724(9,20)
(8,20)1970542616(8,21)
(9,20)2139490022(10,20)
(9,20)127608770(9,21)
(10,20)1607294661(11,20)
(10,20)1167955403(10,21)
(11,20)865508229(12,20)
(11,20)2107609101(11,21)
(12,20)868540222(13,20)
(12,20)1189230241(12,21)
(13,20)1415004920(14,20)
(13,20)1779779324(13,21)
(14,20)859298301(15,20)
(14,20)1276354509(14,21)
(15,20)1115574986(16,20)
(15,20)387109574(15,21)
(16,20)1481510262(16,21)
(0,21)1746696173(1,21)
(0,21)381159262(0,22)
(1,21)77338022(2,21)
(1,21)611089345(1,22)
(2,21)1735363551(3,21)
(2,21)124984686(2,22)
(3,21)855319552(4,21)
(3,21)392156768(3,22)
(4,21)1098112510(5,21)
(4,21)428784539(4,22)
(5,21)198632126(6,21)
(5,21)519858990(5,22)
(6,21)573406251(7,21)
(6,21)1494948797(6,22)
(7,21)495279874(8,21)
(7,21)21691095(7,22)
(8,21)13697469(9,21)
(8,21)701015021(8,22)
(9,21)160826035(10,21)
(9,21)1663235277(9,22)
(10,21)381259858(11,21)
(10,21)2121306570(10,22)
(11,21)842363144(12,21)
(11,21)1350056276(11,22)
(12,21)617577548(13,21)
(12,21)13555535(12,22)
(13,21)872853836(14,21)
(13,21)2118717653(13,22)
(14,21)1086808991(15,21)
(14,21)1004687122(14,22)
(15,21)1385846385(16,21)
(15,21)206880451(15,22)
(16,21)686021517(16,22)
(0,22)1463184407(1,22)
(0,22)817969796(0,23)
(1,22)405849699(2,22)
(1,22)811006203(1,23)
(2,22)1666325755(3,22)
(2,22)1855341175(2,23)
(3,22)805970038(4,22)
(3,22)834634239(3,23)
(4,22)1033266365(5,22)
(4,22)38701097(4,23)
(5,22)612107349(6,22)
(5,22)153435187(5,23)
(6,22)648715061(7,22)
(6,22)1054957460(6,23)
(7,22)1068654929(8,22)
(7,22)1313122370(7,23)
(8,22)1473948405(9,22)
(8,22)164466691(8,23)
(9,22)545726549(10,22)
(9,22)1042477851(9,23)
(10,22)1884840995(11,22)
(10,22)676521034(10,23)
(11,22)1294098582(12,22)
(11,22)559282084(11,23)
(12,22)1432135921(13,22)
(12,22)1856075000(12,23)
(13,22)795400344(14,22)
(13,22)151302057(13,23)
(14,22)1537148442(15,22)
(14,22)1639016372(14,23)
(15,22)309502520(16,22)
(15,22)1481421861(15,23)
(16,22)852849201(16,23)
(0,23)715352219(1,23)
(0,23)144944416(0,24)
(1,23)1811270172(2,23)
(1,23)560706729(1,24)
(2,23)1366676767(3,23)
(2,23)1549986458(2,24)
(3,23)435769176(4,23)
(3,23)1849971269(3,24)
(4,23)314594970(5,23)
(4,23)1520111954(4,24)
(5,23)21343368(6,23)
(5,23)1490726636(5,24)
(6,23)411897918(7,23)
(6,23)1627717341(6,24)
(7,23)954182098(8,23)
(7,23)185810059(7,24)
(8,23)731536608(9,23)
(8,23)1454375769(8,24)
(9,23)1191733117(10,23)
(9,23)1630703132(9,24)
(10,23)777318067(11,23)
(10,23)1290818693(10,24)
(11,23)575470966(12,23)
(11,23)900324469(11,24)
(12,23)1695724813(13,23)
(12,23)928620124(12,24)
(13,23)318284918(14,23)
(13,23)67003690(13,24)
(14,23)376506210(15,23)
(14,23)1029663026(14,24)
(15,23)1174607443(16,23)
(15,23)1171134119(15,24)
(16,23)1091858429(16,24)
(0,24)838393967(1,24)
(0,24)1731840848(0,25)
(1,24)951033967(2,24)
(1,24)494361240(1,25)
(2,24)930130416(3,24)
(2,24)540881588(2,25)
(3,24)855476559(4,24)
(3,24)323662274(3,25)
(4,24)345005642(5,24)
(4,24)273373404(4,25)
(5,24)685271322(6,24)
(5,24)335710252(5,25)
(6,24)1289892350(7,24)
(6,24)530815701(6,25)
(7,24)1262352309(8,24)
(7,24)2139647092(7,25)
(8,24)1183896561(9,24)
(8,24)773111835(8,25)
(9,24)1550429902(10,24)
(9,24)405687354(9,25)
(10,24)981158320(11,24)
(10,24)2084221030(10,25)
(11,24)1632462196(12,24)
(11,24)331566378(11,25)
(12,24)649851296(13,24)
(12,24)1048162010(12,25)
(13,24)1424668220(14,24)
(13,24)514641574(13,25)
(14,24)1689249017(15,24)
(14,24)1820985415(14,25)
(15,24)1405342616(16,24)
(15,24)369043002(15,25)
(16,24)380159336(16,25)
(0,25)208892935(1,25)
(0,25)863404242(0,26)
(1,25)1793534658(2,25)
(1,25)921040925(1,26)
(2,25)1776517484(3,25)
(2,25)532555209(2,26)
(3,25)877560851(4,25)
(3,25)2066908062(3,26)
(4,25)604695737(5,25)
(4,25)2112227736(4,26)
(5,25)1254636438(6,25)
(5,25)1408376552(5,26)
(6,25)523245214(7,25)
(6,25)596859181(6,26)
(7,25)1780755742(8,25)
(7,25)2027748273(7,26)
(8,25)1430694527(9,25)
(8,25)928932568(8,26)
(9,25)1910090889(10,25)
(9,25)1717493124(9,26)
(10,25)1202471672(11,25)
(10,25)1762260905(10,26)
(11,25)264628553(12,25)
(11,25)810769251(11,26)
(12,25)87953824(13,25)
(12,25)1717113247(12,26)
(13,25)1258878616(14,25)
(13,25)2085613969(13,26)
(14,25)1343472937(15,25)
(14,25)456996826(14,26)
(15,25)1320401068(16,25)
(15,25)1639037953(15,26)
(16,25)1552365872(16,26)
(0,26)966452078(1,26)
(0,26)412595230(0,27)
(1,26)41629066(2,26)
(1,26)2084921082(1,27)
(2,26)814998285(3,26)
(2,26)885876492(2,27)
(3,26)1490572229(4,26)
(3,26)6373154(3,27)
(4,26)1261009592(5,26)
(4,26)75891190(4,27)
(5,26)599136404(6,26)
(5,26)2087431410(5,27)
(6,26)1720703504(7,26)
(6,26)1141274218(6,27)
(7,26)424485097(8,26)
(7,26)1528068972(7,27)
(8,26)1290676213(9,26)
(8,26)1290712981(8,27)
(9,26)345701005(10,26)
(9,26)39262355(9,27)
(10,26)303890908(11,26)
(10,26)2101445465(10,27)
(11,26)41915641(12,26)
(11,26)2062814252(11,27)
(12,26)1174209221(13,26)
(12,26)242021229(12,27)
(13,26)1585494166(14,26)
(13,26)498912467(13,27)
(14,26)1819313535(15,26)
(14,26)665763526(14,27)
(15,26)1078358756(16,26)
(15,26)990376391(15,27)
(16,26)638281965(16,27)
(0,27)1119987822(1,27)
(0,27)927813825(0,28)
(1,27)1742812110(2,27)
(1,27)1524158457(1,28)
(2,27)867247039(3,27)
(2,27)1126360976(2,28)
(3,27)239886920(4,27)
(3,27)1818703300(3,28)
(4,27)270356056(5,27)
(4,27)807194801(4,28)
(5,27)380414658(6,27)
(5,27)1381161138(5,28)
(6,27)1805646236(7,27)
(6,27)1798425029(6,28)
(7,27)941617594(8,27)
(7,27)1671127639(7,28)
(8,27)2016828644(9,27)
(8,27)1844908591(8,28)
(9,27)1315851(10,27)
(9,27)895579411(9,28)
(10,27)937495052(11,27)
(10,27)1932159249(10,28)
(11,27)958884822(12,27)
(11,27)243337081(11,28)
(12,27)1828831247(13,27)
(12,27)1436407519(12,28)
(13,27)1108237406(14,27)
(13,27)1624648348(13,28)
(14,27)555523456(15,27)
(14,27)671723990(14,28)
(15,27)1599537815(16,27)
(15,27)1746519371(15,28)
(16,27)1675511278(16,28)
(0,28)1194866278(1,28)
(0,28)1123194181(0,29)
(1,28)1990441220(2,28)
(1,28)654388606(1,29)
(2,28)894275526(3,28)
(2,28)866085930(2,29)
(3,28)1136441987(4,28)
(3,28)650152373(3,29)
(4,28)1030567031(5,28)
(4,28)127953017(4,29)
(5,28)1933599253(6,28)
(5,28)787383368(5,29)
(6,28)1729000962(7,28)
(6,28)554211022(6,29)
(7,28)423556019(8,28)
(7,28)1631024196(7,29)
(8,28)1632340047(9,28)
(8,28)477096726(8,29)
(9,28)1414591778(10,28)
(9,28)208231620(9,29)
(10,28)1167116442(11,28)
(10,28)1875677128(10,29)
(11,28)1557024728(12,28)
(11,28)703515650(11,29)
(12,28)1811753056(13,28)
(12,28)644281142(12,29)
(13,28)1199804598(14,28)
(13,28)81265070(13,29)
(14,28)1680802886(15,28)
(14,28)1410788780(14,29)
(15,28)386499313(16,28)
(15,28)727832228(15,29)
(16,28)728185516(16,29)
(0,29)229456885(1,29)
(0,29)1382220834(0,30)
(1,29)129012712(2,29)
(1,29)1594271446(1,30)
(2,29)583229785(3,29)
(2,29)879609258(2,30)
(3,29)1910176290(4,29)
(3,29)256965729(3,30)
(4,29)43081334(5,29)
(4,29)1370613153(4,30)
(5,29)952130468(6,29)
(5,29)316903664(5,30)
(6,29)740459683(7,29)
(6,29)1674105530(6,30)
(7,29)1158961930(8,29)
(7,29)1429227194(7,30)
(8,29)696335324(9,29)
(8,29)948691303(8,30)
(9,29)2115807745(10,29)
(9,29)887155410(9,30)
(10,29)296696490(11,29)
(10,29)1399850974(10,30)
(11,29)1064120383(12,29)
(11,29)612605239(11,30)
(12,29)1812409837(13,29)
(12,29)377961561(12,30)
(13,29)2058764447(14,29)
(13,29)327425515(13,30)
(14,29)713924828(15,29)
(14,29)392758417(14,30)
(15,29)1774979251(16,29)
(15,29)639466315(15,30)
(16,29)943381713(16,30)
(0,30)1903991964(1,30)
(0,30)86254113(0,31)
(1,30)669483899(2,30)
(1,30)1822990971(1,31)
(2,30)1585683613(3,30)
(2,30)13474045(2,31)
(3,30)56555380(4,30)
(3,30)2040097052(3,31)
(4,30)844743872(5,30)
(4,30)1902587278(4,31)
(5,30)495563313(6,30)
(5,30)1730660910(5,31)
(6,30)742139192(7,30)
(6,30)126487418(6,31)
(7,30)822822743(8,30)
(7,30)1444254617(7,31)
(8,30)1412578714(9,30)
(8,30)1629294603(8,31)
(9,30)1925991093(10,30)
(9,30)75190069(9,31)
(10,30)1139310452(11,30)
(10,30)2025183954(10,31)
(11,30)1690110143(12,30)
(11,30)156469006(11,31)
(12,30)67749805(13,30)
(12,30)1466735967(12,31)
(13,30)33177147(14,30)
(13,30)2082868561(13,31)
(14,30)1710364164(15,30)
(14,30)707216120(14,31)
(15,30)793470234(16,30)
(15,30)976558860(15,31)
(16,30)1466872480(16,31)
(0,31)1462954133(1,31)
(0,31)652066184(0,32)
(1,31)90266149(2,31)
(1,31)1480346526(1,32)
(2,31)1536901906(3,31)
(2,31)1355567537(2,32)
(3,31)52827762(4,31)
(3,31)1992853427(3,32)
(4,31)340933093(5,31)
(4,31)1120079168(4,32)
(5,31)1862218361(6,31)
(5,31)179315180(5,32)
(6,31)1002137923(7,31)
(6,31)1785187710(6,32)
(7,31)1050282776(8,31)
(7,31)1344029316(7,32)
(8,31)1122536761(9,31)
(8,31)1077327993(8,32)
(9,31)69154797(10,31)
(9,31)927983082(9,32)
(10,31)470609578(11,31)
(10,31)1279005768(10,32)
(11,31)1346755573(12,31)
(11,31)1535890765(11,32)
(12,31)1569067912(13,31)
(12,31)405994491(12,32)
(13,31)2116358655(14,31)
(13,31)2053971694(13,32)
(14,31)699958280(15,31)
(14,31)398143125(14,32)
(15,31)1050209309(16,31)
(15,31)1435747488(15,32)
(16,31)15428765(16,32)
(0,32)1140475458(1,32)
(0,32)768610366(0,33)
(1,32)158028624(2,32)
(1,32)1370996302(1,33)
(2,32)1423824064(3,32)
(2,32)985845238(2,33)
(3,32)1326778331(4,32)
(3,32)1278107792(3,33)
(4,32)992842505(5,32)
(4,32)1603139245(4,33)
(5,32)457793520(6,32)
(5,32)964482393(5,33)
(6,32)2014765169(7,32)
(6,32)189388173(6,33)
(7,32)1311924935(8,32)
(7,32)1535121513(7,33)
(8,32)1604276311(9,32)
(8,32)795264604(8,33)
(9,32)1265874182(10,32)
(9,32)443447055(9,33)
(10,32)1790202628(11,32)
(10,32)992683428(10,33)
(11,32)414267692(12,32)
(11,32)1671868673(11,33)
(12,32)1640743680(13,32)
(12,32)1696690674(12,33)
(13,32)249165306(14,32)
(13,32)812410817(13,33)
(14,32)1862620126(15,32)
(14,32)929007520(14,33)
(15,32)1697617886(16,32)
(15,32)264594071(15,33)
(16,32)855611937(16,33)
(0,33)1855646510(1,33)
(0,33)1635590374(0,34)
(1,33)911930790(2,33)
(1,33)1841457175(1,34)
(2,33)1020751858(3,33)
(2,33)986270655(2,34)
(3,33)1979113160(4,33)
(3,33)367586387(3,34)
(4,33)825379908(5,33)
(4,33)1985234251(4,34)
(5,33)1852515772(6,33)
(5,33)21017686(5,34)
(6,33)1332942621(7,33)
(6,33)213017773(6,34)
(7,33)1817294084(8,33)
(7,33)500296728(7,34)
(8,33)1766170910(9,33)
(8,33)1776389676(8,34)
(9,33)1419108656(10,33)
(9,33)662493864(9,34)
(10,33)1076761557(11,33)
(10,33)1290555935(10,34)
(11,33)783815968(12,33)
(11,33)968315683(11,34)
(12,33)1217480989(13,33)
(12,33)1889172374(12,34)
(13,33)1604308853(14,33)
(13,33)1712823488(13,34)
(14,33)1262957727(15,33)
(14,33)1482075061(14,34)
(15,33)970181787(16,33)
(15,33)312437142(15,34)
(16,33)971120589(16,34)
(0,34)1882112577(1,34)
(0,34)6410669(0,35)
(1,34)1027162527(2,34)
(1,34)1957391244(1,35)
(2,34)1789020757(3,34)
(2,34)102215317(2,35)
(3,34)927595225(4,34)
(3,34)864913130(3,35)
(4,34)569945254(5,34)
(4,34)1810038443(4,35)
(5,34)995497416(6,34)
(5,34)1140612998(5,35)
(6,34)810423435(7,34)
(6,34)1070241983(6,35)
(7,34)688929245(8,34)
(7,34)624403444(7,35)
(8,34)2043512100(9,34)
(8,34)1472917299(8,35)
(9,34)402195208(10,34)
(9,34)1979485181(9,35)
(10,34)615817501(11,34)
(10,34)864344135(10,35)
(11,34)2081825125(12,34)
(11,34)143883935(11,35)
(12,34)1748192788(13,34)
(12,34)181157341(12,35)
(13,34)1444115068(14,34)
(13,34)1416416538(13,35)
(14,34)239114677(15,34)
(14,34)2060629930(14,35)
(15,34)2067040599(16,34)
(15,34)267752010(15,35)
(16,34)2121227254(16,35)
(0,35)946719478(1,35)
(0,35)77659606(0,36)
(1,35)1866680363(2,35)
(1,35)75958923(1,36)
(2,35)1003554148(3,35)
(2,35)1811632608(2,36)
(3,35)234094214(4,35)
(3,35)1529235158(3,36)
(4,35)377248926(5,35)
(4,35)2144167147(4,36)
(5,35)807106934(6,35)
(5,35)1304336197(5,36)
(6,35)1993265443(7,35)
(6,35)1001652370(6,36)
(7,35)897680823(8,35)
(7,35)132540585(7,36)
(8,35)534735794(9,35)
(8,35)1825266976(8,36)
(9,35)293600829(10,35)
(9,35)1762024958(9,36)
(10,35)1696366435(11,35)
(10,35)678619729(10,36)
(11,35)279328869(12,35)
(11,35)474758170(11,36)
(12,35)1918873239(13,35)
(12,35)965299325(12,36)
(13,35)1204414002(14,35)
(13,35)192475151(13,36)
(14,35)112032102(15,35)
(14,35)39141601(14,36)
(15,35)116801207(16,35)
(15,35)1178157609(15,36)
(16,35)1058751580(16,36)
(0,36)1254116532(1,36)
(1,36)1983481571(2,36)
(2,36)722900540(3,36)
(3,36)110187033(4,36)
(4,36)1365233081(5,36)
(5,36)956994754(6,36)
(6,36)106870532(7,36)
(7,36)1742482008(8,36)
(8,36)113847304(9,36)
(9,36)913977466(10,36)
(10,36)596650730(11,36)
(11,36)2107112747(12,36)
(12,36)1046518051(13,36)
(13,36)1494331553(14,36)
(14,36)1784896075(15,36)
(15,36)1581253845(16,36)
