30 37
(0,0)330563459(1,0)
(0,0)1462722881(0,1)
(1,0)1839198299(2,0)
(1,0)2012820694(1,1)
(2,0)1897676471(3,0)
(2,0)332817529(2,1)
(3,0)1689344463(4,0)
(3,0)273684433(3,1)
(4,0)270017208(5,0)
(4,0)1149848530(4,1)
(5,0)588542639(6,0)
(5,0)2083250897(5,1)
(6,0)1661716196(7,0)
(6,0)934084981(6,1)
(7,0)1276683886(8,0)
(7,0)548488826(7,1)
(8,0)47866901(9,0)
(8,0)755262675(8,1)
(9,0)1567503645(10,0)
(9,0)2090864345(9,1)
(10,0)1386507518(11,0)
(10,0)1088163016(10,1)
(11,0)1247523429(12,0)
(11,0)123842659(11,1)
(12,0)1433702294(13,0)
(12,0)2008669193(12,1)
(13,0)465129096(14,0)
(13,0)360230427(13,1)
(14,0)358076979(15,0)
(14,0)2048032239(14,1)
(15,0)1363271473(16,0)
(15,0)872606803(15,1)
(16,0)737943849(17,0)
(16,0)688640438(16,1)
(17,0)1021457967(18,0)
(17,0)1054986124(17,1)
(18,0)1328670557(19,0)
(18,0)488136673(18,1)
(19,0)1637985203(20,0)
(19,0)563318783(19,1)
(20,0)499086032(21,0)
(20,0)1598687765(20,1)
(21,0)385289099(22,0)
(21,0)79044195(21,1)
(22,0)627533021(23,0)
(22,0)13318580(22,1)
(23,0)768581255(24,0)
(23,0)1661972985(23,1)
(24,0)1605353682(25,0)
(24,0)675399923(24,1)
(25,0)1763562939(26,0)
(25,0)188601252(25,1)
(26,0)312443911(27,0)
(26,0)844377553(26,1)
(27,0)705563098(28,0)
(27,0)863602720(27,1)
(28,0)1223833147(29,0)
(28,0)1746146205(28,1)
(29,0)1170692194(29,1)
(0,1)1581910126(1,1)
(0,1)1646694797(0,2)
(1,1)862482622(2,1)
(1,1)2043298998(1,2)
(2,1)633759199(3,1)
(2,1)123066916(2,2)
(3,1)1144524884(4,1)
(3,1)1917468746(3,2)
(4,1)1098655655(5,1)
(4,1)1121895872(4,2)
(5,1)612397428(6,1)
(5,1)1707843667(5,2)
(6,1)59446051(7,1)
(6,1)549859772(6,2)
(7,1)935148871(8,1)
(7,1)691441623(7,2)
(8,1)1318974644(9,1)
(8,1)72764631(8,2)
(9,1)841345887(10,1)
(9,1)449638209(9,2)
(10,1)2054991891(11,1)
(10,1)1994374567(10,2)
(11,1)1610453858(12,1)
(11,1)1029947139(11,2)
(12,1)1342391051(13,1)
(12,1)751885796(12,2)
(13,1)1457448894(14,1)
(13,1)326572930(13,2)
(14,1)1550406077(15,1)
(14,1)941053608(14,2)
(15,1)440264757(16,1)
(15,1)480657441(15,2)
(16,1)376472791(17,1)
(16,1)984832555(16,2)
(17,1)1107899472(18,1)
(17,1)1302747379(17,2)
(18,1)1072732477(19,1)
(18,1)1010231990(18,2)
(19,1)2132127863(20,1)
(19,1)104940708(19,2)
(20,1)1812784375(21,1)
(20,1)23904484(20,2)
(21,1)573764257(22,1)
(21,1)597041643(21,2)
(22,1)1288483266(23,1)
(22,1)1872230426(22,2)
(23,1)1944995057(24,1)
(23,1)1508913128(23,2)
(24,1)1958551337(25,1)
(24,1)459974262(24,2)
(25,1)306865182(26,1)
(25,1)638857296(25,2)
(26,1)1668804436(27,1)
(26,1)1866059581(26,2)
(27,1)470461729(28,1)
(27,1)1917319040(27,2)
(28,1)96408323(29,1)
(28,1)863711839(28,2)
(29,1)1927910624(29,2)
(0,2)1646814400(1,2)
(0,2)1804765447(0,3)
(1,2)97546557(2,2)
(1,2)261084417(1,3)
(2,2)637557208(3,2)
(2,2)484163308(2,3)
(3,2)1592062780(4,2)
(3,2)1400293936(3,3)
(4,2)325542766(5,2)
(4,2)1647789198(4,3)
(5,2)1632433413(6,2)
(5,2)1697003488(5,3)
(6,2)1362304215(7,2)
(6,2)349447250(6,3)
(7,2)923211507(8,2)
(7,2)81991408(7,3)
(8,2)1370474674(9,2)
(8,2)1087050993(8,3)
(9,2)884562402(10,2)
(9,2)284640988(9,3)
(10,2)95708677(11,2)
(10,2)1830448937(10,3)
(11,2)2137314119(12,2)
(11,2)1523419699(11,3)
(12,2)1044740487(13,2)
(12,2)1961768258(12,3)
(13,2)284746340(14,2)
(13,2)1907149511(13,3)
(14,2)2003557834(15,2)
(14,2)1908452326(14,3)
(15,2)1565734125(16,2)
(15,2)65173316(15,3)
(16,2)326257733(17,2)
(16,2)1502888587(16,3)
(17,2)1987051895(18,2)
(17,2)1663280682(17,3)
(18,2)916090971(19,2)
(18,2)963814941(18,3)
(19,2)464120491(20,2)
(19,2)1431631027(19,3)
(20,2)981150867(21,2)
(20,2)1241633737(20,3)
(21,2)1591080987(22,2)
(21,2)2096553905(21,3)
(22,2)31061665(23,2)
(22,2)195971434(22,3)
(23,2)1283022427(24,2)
(23,2)366808847(23,3)
(24,2)651449835(25,2)
(24,2)1401536340(24,3)
(25,2)1084501629(26,2)
(25,2)20101181(25,3)
(26,2)1543520880(27,2)
(26,2)747158512(26,3)
(27,2)561443123(28,2)
(27,2)1074332100(27,3)
(28,2)833997963(29,2)
(28,2)440777719(28,3)
(29,2)846189463(29,3)
(0,3)690072150(1,3)
(0,3)201746397(0,4)
(1,3)1767480523(2,3)
(1,3)911362779(1,4)
(2,3)1237620512(3,3)
(2,3)45477089(2,4)
(3,3)2032528984(4,3)
(3,3)1283277557(3,4)
(4,3)51884880(5,3)
(4,3)53951805(4,4)
(5,3)518072296(6,3)
(5,3)1316676363(5,4)
(6,3)150343582(7,3)
(6,3)1293518617(6,4)
(7,3)737115957(8,3)
(7,3)467142553(7,4)
(8,3)498204219(9,3)
(8,3)346315016(8,4)
(9,3)1629337443(10,3)
(9,3)1103924804(9,4)
(10,3)1755374639(11,3)
(10,3)1899740559(10,4)
(11,3)836758540(12,3)
(11,3)1649438624(11,4)
(12,3)1045475857(13,3)
(12,3)355049503(12,4)
(13,3)916492626(14,3)
(13,3)1911090640(13,4)
(14,3)597604955(15,3)
(14,3)1486253576(14,4)
(15,3)1687999974(16,3)
(15,3)1762682089(15,4)
(16,3)526561220(17,3)
(16,3)1287677105(16,4)
(17,3)1333154194(18,3)
(17,3)1307996849(17,4)
(18,3)443790758(19,3)
(18,3)1764181732(18,4)
(19,3)1818133537(20,3)
(19,3)1218199530(19,4)
(20,3)387392245(21,3)
(20,3)495675639(20,4)
(21,3)1789194256(22,3)
(21,3)188722186(21,4)
(22,3)655864739(23,3)
(22,3)537735827(22,4)
(23,3)884050843(24,3)
(23,3)378826565(23,4)
(24,3)1482751369(25,3)
(24,3)1154068958(24,4)
(25,3)906325869(26,3)
(25,3)365904638(25,4)
(26,3)2015343263(27,3)
(26,3)1090642360(26,4)
(27,3)1445691864(28,3)
(27,3)1743084409(27,4)
(28,3)1506691401(29,3)
(28,3)913335472(28,4)
(29,3)214700842(29,4)
(0,4)2104296357(1,4)
(0,4)252105400(0,5)
(1,4)1940105374(2,4)
(1,4)1977382932(1,5)
(2,4)356460504(3,4)
(2,4)1244489814(2,5)
(3,4)430160361(4,4)
(3,4)1100618575(3,5)
(4,4)1544409334(5,4)
(4,4)2120642237(4,5)
(5,4)1791292126(6,4)
(5,4)1648359891(5,5)
(6,4)2035752137(7,4)
(6,4)2040084973(6,5)
(7,4)1681795581(8,4)
(7,4)1980014312(7,5)
(8,4)488395404(9,4)
(8,4)426004316(8,5)
(9,4)1310055160(10,4)
(9,4)2060622147(9,5)
(10,4)1395889868(11,4)
(10,4)1642464362(10,5)
(11,4)401306584(12,4)
(11,4)1675959798(11,5)
(12,4)1543819413(13,4)
(12,4)339048581(12,5)
(13,4)1784740445(14,4)
(13,4)2144390993(13,5)
(14,4)1503598747(15,4)
(14,4)309671237(14,5)
(15,4)561776638(16,4)
(15,4)1999441287(15,5)
(16,4)1829340571(17,4)
(16,4)1460411456(16,5)
(17,4)557417622(18,4)
(17,4)354398364(17,5)
(18,4)1455016940(19,4)
(18,4)38317428(18,5)
(19,4)11476017(20,4)
(19,4)987577983(19,5)
(20,4)488454227(21,4)
(20,4)851942626(20,5)
(21,4)744543951(22,4)
(21,4)1802768143(21,5)
(22,4)1635298808(23,4)
(22,4)376722716(22,5)
(23,4)802727032(24,4)
(23,4)278855884(23,5)
(24,4)191994383(25,4)
(24,4)2123694212(24,5)
(25,4)1618674926(26,4)
(25,4)2112782192(25,5)
(26,4)1641258343(27,4)
(26,4)1587884252(26,5)
(27,4)1926932833(28,4)
(27,4)2019981510(27,5)
(28,4)2016888856(29,4)
(28,4)1037594108(28,5)
(29,4)1564189630(29,5)
(0,5)1373003955(1,5)
(0,5)1347265346(0,6)
(1,5)1909041984(2,5)
(1,5)1416147269(1,6)
(2,5)1098004193(3,5)
(2,5)685931763(2,6)
(3,5)1243349385(4,5)
(3,5)115956700(3,6)
(4,5)1570973640(5,5)
(4,5)1136321621(4,6)
(5,5)1147797638(6,5)
(5,5)83443721(5,6)
(6,5)571897948(7,5)
(6,5)275432618(6,6)
(7,5)1019976569(8,5)
(7,5)803082133(7,6)
(8,5)290897293(9,5)
(8,5)948620664(8,6)
(9,5)1751347696(10,5)
(9,5)1298832454(9,6)
(10,5)1490826837(11,5)
(10,5)267107857(10,6)
(11,5)1885782784(12,5)
(11,5)1716646241(11,6)
(12,5)1210420936(13,5)
(12,5)931227441(12,6)
(13,5)710676626(14,5)
(13,5)1758280646(13,6)
(14,5)1627685854(15,5)
(14,5)100531396(14,6)
(15,5)1447796742(16,5)
(15,5)127382608(15,6)
(16,5)1543529878(17,5)
(16,5)853206161(16,6)
(17,5)1539137924(18,5)
(17,5)1209355078(17,6)
(18,5)1325311779(19,5)
(18,5)494050423(18,6)
(19,5)1630372044(20,5)
(19,5)635003662(19,6)
(20,5)718447383(21,5)
(20,5)748801771(20,6)
(21,5)1024234390(22,5)
(21,5)630686034(21,6)
(22,5)1433768167(23,5)
(22,5)1290345331(22,6)
(23,5)91482347(24,5)
(23,5)2044210959(23,6)
(24,5)1195559765(25,5)
(24,5)1724665461(24,6)
(25,5)1991773318(26,5)
(25,5)1842830043(25,6)
(26,5)1411992636(27,5)
(26,5)538902955(26,6)
(27,5)1470130396(28,5)
(27,5)1730072454(27,6)
(28,5)1340869453(29,5)
(28,5)474929924(28,6)
(29,5)33323375(29,6)
(0,6)821071659(1,6)
(0,6)575461321(0,7)
(1,6)2023258063(2,6)
(1,6)160705983(1,7)
(2,6)1704235861(3,6)
(2,6)1674277821(2,7)
(3,6)1065932097(4,6)
(3,6)1085129494(3,7)
(4,6)262957625(5,6)
(4,6)50802636(4,7)
(5,6)1681174680(6,6)
(5,6)1700935759(5,7)
(6,6)271899494(7,6)
(6,6)1011759396(6,7)
(7,6)2035993786(8,6)
(7,6)164377066(7,7)
(8,6)1598145234(9,6)
(8,6)1562244825(8,7)
(9,6)1653727172(10,6)
(9,6)1932721098(9,7)
(10,6)980797215(11,6)
(10,6)1175327047(10,7)
(11,6)1019616717(12,6)
(11,6)1349073568(11,7)
(12,6)613582556(13,6)
(12,6)1519700170(12,7)
(13,6)842346919(14,6)
(13,6)602205524(13,7)
(14,6)1943074977(15,6)
(14,6)1088512481(14,7)
(15,6)1663973802(16,6)
(15,6)875670294(15,7)
(16,6)1036376277(17,6)
(16,6)616662988(16,7)
(17,6)143457161(18,6)
(17,6)1539748217(17,7)
(18,6)477394063(19,6)
(18,6)593128491(18,7)
(19,6)643931127(20,6)
(19,6)1209389259(19,7)
(20,6)762841370(21,6)
(20,6)740351688(20,7)
(21,6)1752111085(22,6)
(21,6)177622160(21,7)
(22,6)341999226(23,6)
(22,6)1034740865(22,7)
(23,6)449502042(24,6)
(23,6)1640621223(23,7)
(24,6)1425858673(25,6)
(24,6)1940144460(24,7)
(25,6)967987859(26,6)
(25,6)2103229215(25,7)
(26,6)1304819135(27,6)
(26,6)259172241(26,7)
(27,6)1778872411(28,6)
(27,6)1987604577(27,7)
(28,6)442326453(29,6)
(28,6)1918401691(28,7)
(29,6)473735682(29,7)
(0,7)237917782(1,7)
(0,7)859430524(0,8)
(1,7)375920678(2,7)
(1,7)1349405976(1,8)
(2,7)238298606(3,7)
(2,7)854580770(2,8)
(3,7)998037932(4,7)
(3,7)1915668896(3,8)
(4,7)245579311(5,7)
(4,7)831427097(4,8)
(5,7)1475358224(6,7)
(5,7)59943543(5,8)
(6,7)822784913(7,7)
(6,7)985931000(6,8)
(7,7)590558437(8,7)
(7,7)1652980384(7,8)
(8,7)1994979611(9,7)
(8,7)1857525778(8,8)
(9,7)159544173(10,7)
(9,7)83696012(9,8)
(10,7)1509554686(11,7)
(10,7)1787640423(10,8)
(11,7)608144635(12,7)
(11,7)115289740(11,8)
(12,7)1420108875(13,7)
(12,7)1768726927(12,8)
(13,7)1400115690(14,7)
(13,7)448265564(13,8)
(14,7)890592017(15,7)
(14,7)1191026918(14,8)
(15,7)2050457443(16,7)
(15,7)1873851373(15,8)
(16,7)1075773701(17,7)
(16,7)1128509799(16,8)
(17,7)1983090569(18,7)
(17,7)278894473(17,8)
(18,7)47079721(19,7)
(18,7)1314072307(18,8)
(19,7)2145499404(20,7)
(19,7)833644853(19,8)
(20,7)893588396(21,7)
(20,7)292659033(20,8)
(21,7)1278590033(22,7)
(21,7)1473373981(21,8)
(22,7)978870717(23,7)
(22,7)1716373310(22,8)
(23,7)1426415440(24,7)
(23,7)1869148470(23,8)
(24,7)1952844482(25,7)
(24,7)826366680(24,8)
(25,7)466523456(26,7)
(25,7)1585959613(25,8)
(26,7)1701249353(27,7)
(26,7)1314915520(26,8)
(27,7)936158799(28,7)
(27,7)1074668091(27,8)
(28,7)1522933655(29,7)
(28,7)973874580(28,8)
(29,7)188790842(29,8)
(0,8)266042024(1,8)
(0,8)17417851(0,9)
(1,8)2067875294(2,8)
(1,8)2062642215(1,9)
(2,8)990932268(3,8)
(2,8)1394551823(2,9)
(3,8)1230158744(4,8)
(3,8)199286119(3,9)
(4,8)246365841(5,8)
(4,8)157520928(4,9)
(5,8)155536684(6,8)
(5,8)2063803598(5,9)
(6,8)809908346(7,8)
(6,8)539024874(6,9)
(7,8)1817614907(8,8)
(7,8)1628910665(7,9)
(8,8)460297735(9,8)
(8,8)378798008(8,9)
(9,8)1805213449(10,8)
(9,8)1539279729(9,9)
(10,8)1344640563(11,8)
(10,8)1286664415(10,9)
(11,8)1753187871(12,8)
(11,8)1243689414(11,9)
(12,8)797455120(13,8)
(12,8)512072436(12,9)
(13,8)1448231235(14,8)
(13,8)680372314(13,9)
(14,8)55822321(15,8)
(14,8)1771329700(14,9)
(15,8)1788747551(16,8)
(15,8)1637022077(15,9)
(16,8)1552180644(17,8)
(16,8)321864345(16,9)
(17,8)1716416168(18,8)
(17,8)1709139197(17,9)
(18,8)1908425317(19,8)
(18,8)395629265(18,9)
(19,8)553150193(20,8)
(19,8)799091265(19,9)
(20,8)715411215(21,8)
(20,8)7307510(20,9)
(21,8)546332384(22,8)
(21,8)708686877(21,9)
(22,8)190113895(23,8)
(22,8)1525319561(22,9)
(23,8)1904117570(24,8)
(23,8)216463643(23,9)
(24,8)1755743372(25,8)
(24,8)650411630(24,9)
(25,8)1937076045(26,8)
(25,8)1561847371(25,9)
(26,8)658053137(27,8)
(26,8)952900287(26,9)
(27,8)1464972723(28,8)
(27,8)1542780269(27,9)
(28,8)75668935(29,8)
(28,8)1455508257(28,9)
(29,8)765720311(29,9)
(0,9)131491257(1,9)
(0,9)1079354310(0,10)
(1,9)720618213(2,9)
(1,9)255258740(1,10)
(2,9)1807439385(3,9)
(2,9)453355602(2,10)
(3,9)22288123(4,9)
(3,9)282273763(3,10)
(4,9)43215432(5,9)
(4,9)55585002(4,10)
(5,9)608735195(6,9)
(5,9)821379388(5,10)
(6,9)1536790603(7,9)
(6,9)50522942(6,10)
(7,9)596855326(8,9)
(7,9)1317422072(7,10)
(8,9)1507535967(9,9)
(8,9)914626516(8,10)
(9,9)671260438(10,9)
(9,9)813318969(9,10)
(10,9)421578693(11,9)
(10,9)10463949(10,10)
(11,9)1947539995(12,9)
(11,9)85624161(11,10)
(12,9)743677299(13,9)
(12,9)1374478980(12,10)
(13,9)691968056(14,9)
(13,9)1342836616(13,10)
(14,9)1418505551(15,9)
(14,9)51701908(14,10)
(15,9)1131056218(16,9)
(15,9)1457688367(15,10)
(16,9)1712947107(17,9)
(16,9)1549996808(16,10)
(17,9)2003352411(18,9)
(17,9)1851674432(17,10)
(18,9)2133948195(19,9)
(18,9)1372902844(18,10)
(19,9)1428487846(20,9)
(19,9)2025640534(19,10)
(20,9)699536274(21,9)
(20,9)29679979(20,10)
(21,9)80202921(22,9)
(21,9)2037223041(21,10)
(22,9)1207161466(23,9)
(22,9)88843229(22,10)
(23,9)1003469745(24,9)
(23,9)677058247(23,10)
(24,9)1490377216(25,9)
(24,9)567213785(24,10)
(25,9)577677735(26,9)
(25,9)1674730184(25,10)
(26,9)1760354345(27,9)
(26,9)1911955909(26,10)
(27,9)1138951241(28,9)
(27,9)377734082(27,10)
(28,9)1720570698(29,9)
(28,9)356547996(28,10)
(29,9)1830919297(29,10)
(0,10)991592601(1,10)
(0,10)408249905(0,11)
(1,10)1539306123(2,10)
(1,10)1141124016(1,11)
(2,10)706587476(3,10)
(2,10)394105762(2,11)
(3,10)249974525(4,10)
(3,10)1243496907(3,11)
(4,10)1229961454(5,10)
(4,10)2079490320(4,11)
(5,10)1360494519(6,10)
(5,10)128131411(5,11)
(6,10)827667685(7,10)
(6,10)1259641433(6,11)
(7,10)1339844354(8,10)
(7,10)1250233912(7,11)
(8,10)309911730(9,10)
(8,10)916510914(8,11)
(9,10)1919980659(10,10)
(9,10)2016902601(9,11)
(10,10)1359796169(11,10)
(10,10)877125516(10,11)
(11,10)1454803251(12,10)
(11,10)1447227195(11,11)
(12,10)1060097893(13,10)
(12,10)1124268430(12,11)
(13,10)115736024(14,10)
(13,10)1832537333(13,11)
(14,10)1405624383(15,10)
(14,10)1416645889(14,11)
(15,10)1824895794(16,10)
(15,10)1946655321(15,11)
(16,10)940295690(17,10)
(16,10)249733336(16,11)
(17,10)643839098(18,10)
(17,10)1216718270(17,11)
(18,10)312731529(19,10)
(18,10)1646883166(18,11)
(19,10)1578889838(20,10)
(19,10)893813623(19,11)
(20,10)1021945034(21,10)
(20,10)1542692984(20,11)
(21,10)654850769(22,10)
(21,10)791900709(21,11)
(22,10)2042134622(23,10)
(22,10)1849612719(22,11)
(23,10)618639985(24,10)
(23,10)1994695124(23,11)
(24,10)1864114077(25,10)
(24,10)204562704(24,11)
(25,10)1081688220(26,10)
(25,10)391136997(25,11)
(26,10)1838364192(27,10)
(26,10)1076426599(26,11)
(27,10)53211381(28,10)
(27,10)389007823(27,11)
(28,10)74061508(29,10)
(28,10)750978437(28,11)
(29,10)168947405(29,11)
(0,11)1479685891(1,11)
(0,11)20140679(0,12)
(1,11)1845036473(2,11)
(1,11)2115602727(1,12)
(2,11)908414769(3,11)
(2,11)1729419228(2,12)
(3,11)225774678(4,11)
(3,11)914271095(3,12)
(4,11)1227002625(5,11)
(4,11)407814287(4,12)
(5,11)1986704125(6,11)
(5,11)1119588302(5,12)
(6,11)2141533336(7,11)
(6,11)622211961(6,12)
(7,11)1277062730(8,11)
(7,11)631121187(7,12)
(8,11)525772161(9,11)
(8,11)1843662408(8,12)
(9,11)314818745(10,11)
(9,11)1124274206(9,12)
(10,11)840904636(11,11)
(10,11)730334865(10,12)
(11,11)1812023086(12,11)
(11,11)705955742(11,12)
(12,11)396836287(13,11)
(12,11)1917331235(12,12)
(13,11)1970542616(14,11)
(13,11)53547261(13,12)
(14,11)127608770(15,11)
(14,11)1147814724(14,12)
(15,11)1167955403(16,11)
(15,11)2139490022(15,12)
(16,11)2107609101(17,11)
(16,11)1607294661(16,12)
(17,11)1189230241(18,11)
(17,11)865508229(17,12)
(18,11)1779779324(19,11)
(18,11)868540222(18,12)
(19,11)1276354509(20,11)
(19,11)1415004920(19,12)
(20,11)387109574(21,11)
(20,11)859298301(20,12)
(21,11)1481510262(22,11)
(21,11)1115574986(21,12)
(22,11)1746696173(23,11)
(22,11)381159262(22,12)
(23,11)77338022(24,11)
(23,11)611089345(23,12)
(24,11)1735363551(25,11)
(24,11)124984686(24,12)
(25,11)855319552(26,11)
(25,11)392156768(25,12)
(26,11)1098112510(27,11)
(26,11)428784539(26,12)
(27,11)198632126(28,11)
(27,11)519858990(27,12)
(28,11)573406251(29,11)
(28,11)1494948797(28,12)
(29,11)21691095(29,12)
(0,12)701015021(1,12)
(0,12)495279874(0,13)
(1,12)1663235277(2,12)
(1,12)13697469(1,13)
(2,12)2121306570(3,12)
(2,12)160826035(2,13)
(3,12)1350056276(4,12)
(3,12)381259858(3,13)
(4,12)13555535(5,12)
(4,12)842363144(4,13)
(5,12)2118717653(6,12)
(5,12)617577548(5,13)
(6,12)1004687122(7,12)
(6,12)872853836(6,13)
(7,12)206880451(8,12)
(7,12)1086808991(7,13)
(8,12)686021517(9,12)
(8,12)1385846385(8,13)
(9,12)1463184407(10,12)
(9,12)817969796(9,13)
(10,12)405849699(11,12)
(10,12)811006203(10,13)
(11,12)1666325755(12,12)
(11,12)1855341175(11,13)
(12,12)805970038(13,12)
(12,12)834634239(12,13)
(13,12)1033266365(14,12)
(13,12)38701097(13,13)
(14,12)612107349(15,12)
(14,12)153435187(14,13)
(15,12)648715061(16,12)
(15,12)1054957460(15,13)
(16,12)1068654929(17,12)
(16,12)1313122370(16,13)
(17,12)1473948405(18,12)
(17,12)164466691(17,13)
(18,12)545726549(19,12)
(18,12)1042477851(18,13)
(19,12)1884840995(20,12)
(19,12)676521034(19,13)
(20,12)1294098582(21,12)
(20,12)559282084(20,13)
(21,12)1432135921(22,12)
(21,12)1856075000(21,13)
(22,12)795400344(23,12)
(22,12)151302057(22,13)
(23,12)1537148442(24,12)
(23,12)1639016372(23,13)
(24,12)309502520(25,12)
(24,12)1481421861(24,13)
(25,12)144944416(26,12)
(25,12)852849201(25,13)
(26,12)560706729(27,12)
(26,12)715352219(26,13)
(27,12)1549986458(28,12)
(27,12)1811270172(27,13)
(28,12)1849971269(29,12)
(28,12)1366676767(28,13)
(29,12)435769176(29,13)
(0,13)314594970(1,13)
(0,13)1520111954(0,14)
(1,13)21343368(2,13)
(1,13)1490726636(1,14)
(2,13)411897918(3,13)
(2,13)1627717341(2,14)
(3,13)954182098(4,13)
(3,13)185810059(3,14)
(4,13)731536608(5,13)
(4,13)1454375769(4,14)
(5,13)1191733117(6,13)
(5,13)1630703132(5,14)
(6,13)777318067(7,13)
(6,13)1290818693(6,14)
(7,13)575470966(8,13)
(7,13)900324469(7,14)
(8,13)1695724813(9,13)
(8,13)928620124(8,14)
(9,13)318284918(10,13)
(9,13)67003690(9,14)
(10,13)376506210(11,13)
(10,13)1029663026(10,14)
(11,13)1174607443(12,13)
(11,13)1171134119(11,14)
(12,13)1731840848(13,13)
(12,13)1091858429(12,14)
(13,13)494361240(14,13)
(13,13)838393967(13,14)
(14,13)540881588(15,13)
(14,13)951033967(14,14)
(15,13)323662274(16,13)
(15,13)930130416(15,14)
(16,13)273373404(17,13)
(16,13)855476559(16,14)
(17,13)335710252(18,13)
(17,13)345005642(17,14)
(18,13)530815701(19,13)
(18,13)685271322(18,14)
(19,13)2139647092(20,13)
(19,13)1289892350(19,14)
(20,13)773111835(21,13)
(20,13)1262352309(20,14)
(21,13)405687354(22,13)
(21,13)1183896561(21,14)
(22,13)2084221030(23,13)
(22,13)1550429902(22,14)
(23,13)331566378(24,13)
(23,13)981158320(23,14)
(24,13)1048162010(25,13)
(24,13)1632462196(24,14)
(25,13)514641574(26,13)
(25,13)649851296(25,14)
(26,13)1820985415(27,13)
(26,13)1424668220(26,14)
(27,13)369043002(28,13)
(27,13)1689249017(27,14)
(28,13)380159336(29,13)
(28,13)1405342616(28,14)
(29,13)863404242(29,14)
(0,14)921040925(1,14)
(0,14)208892935(0,15)
(1,14)532555209(2,14)
(1,14)1793534658(1,15)
(2,14)2066908062(3,14)
(2,14)1776517484(2,15)
(3,14)2112227736(4,14)
(3,14)877560851(3,15)
(4,14)1408376552(5,14)
(4,14)604695737(4,15)
(5,14)596859181(6,14)
(5,14)1254636438(5,15)
(6,14)2027748273(7,14)
(6,14)523245214(6,15)
(7,14)928932568(8,14)
(7,14)1780755742(7,15)
(8,14)1717493124(9,14)
(8,14)1430694527(8,15)
(9,14)1762260905(10,14)
(9,14)1910090889(9,15)
(10,14)810769251(11,14)
(10,14)1202471672(10,15)
(11,14)1717113247(12,14)
(11,14)264628553(11,15)
(12,14)2085613969(13,14)
(12,14)87953824(12,15)
(13,14)456996826(14,14)
(13,14)1258878616(13,15)
(14,14)1639037953(15,14)
(14,14)1343472937(14,15)
(15,14)1552365872(16,14)
(15,14)1320401068(15,15)
(16,14)966452078(17,14)
(16,14)412595230(16,15)
(17,14)41629066(18,14)
(17,14)2084921082(17,15)
(18,14)814998285(19,14)
(18,14)885876492(18,15)
(19,14)1490572229(20,14)
(19,14)6373154(19,15)
(20,14)1261009592(21,14)
(20,14)75891190(20,15)
(21,14)599136404(22,14)
(21,14)2087431410(21,15)
(22,14)1720703504(23,14)
(22,14)1141274218(22,15)
(23,14)424485097(24,14)
(23,14)1528068972(23,15)
(24,14)1290676213(25,14)
(24,14)1290712981(24,15)
(25,14)345701005(26,14)
(25,14)39262355(25,15)
(26,14)303890908(27,14)
(26,14)2101445465(26,15)
(27,14)41915641(28,14)
(27,14)2062814252(27,15)
(28,14)1174209221(29,14)
(28,14)242021229(28,15)
(29,14)498912467(29,15)
(0,15)665763526(1,15)
(0,15)1585494166(0,16)
(1,15)990376391(2,15)
(1,15)1819313535(1,16)
(2,15)638281965(3,15)
(2,15)1078358756(2,16)
(3,15)1119987822(4,15)
(3,15)927813825(3,16)
(4,15)1742812110(5,15)
(4,15)1524158457(4,16)
(5,15)867247039(6,15)
(5,15)1126360976(5,16)
(6,15)239886920(7,15)
(6,15)1818703300(6,16)
(7,15)270356056(8,15)
(7,15)807194801(7,16)
(8,15)380414658(9,15)
(8,15)1381161138(8,16)
(9,15)1805646236(10,15)
(9,15)1798425029(9,16)
(10,15)941617594(11,15)
(10,15)1671127639(10,16)
(11,15)2016828644(12,15)
(11,15)1844908591(11,16)
(12,15)1315851(13,15)
(12,15)895579411(12,16)
(13,15)937495052(14,15)
(13,15)1932159249(13,16)
(14,15)958884822(15,15)
(14,15)243337081(14,16)
(15,15)1828831247(16,15)
(15,15)1436407519(15,16)
(16,15)1108237406(17,15)
(16,15)1624648348(16,16)
(17,15)555523456(18,15)
(17,15)671723990(17,16)
(18,15)1599537815(19,15)
(18,15)1746519371(18,16)
(19,15)1123194181(20,15)
(19,15)1675511278(19,16)
(20,15)654388606(21,15)
(20,15)1194866278(20,16)
(21,15)866085930(22,15)
(21,15)1990441220(21,16)
(22,15)650152373(23,15)
(22,15)894275526(22,16)
(23,15)127953017(24,15)
(23,15)1136441987(23,16)
(24,15)787383368(25,15)
(24,15)1030567031(24,16)
(25,15)554211022(26,15)
(25,15)1933599253(25,16)
(26,15)1631024196(27,15)
(26,15)1729000962(26,16)
(27,15)477096726(28,15)
(27,15)423556019(27,16)
(28,15)208231620(29,15)
(28,15)1632340047(28,16)
(29,15)1414591778(29,16)
(0,16)1167116442(1,16)
(0,16)1875677128(0,17)
(1,16)1557024728(2,16)
(1,16)703515650(1,17)
(2,16)1811753056(3,16)
(2,16)644281142(2,17)
(3,16)1199804598(4,16)
(3,16)81265070(3,17)
(4,16)1680802886(5,16)
(4,16)1410788780(4,17)
(5,16)386499313(6,16)
(5,16)727832228(5,17)
(6,16)1382220834(7,16)
(6,16)728185516(6,17)
(7,16)1594271446(8,16)
(7,16)229456885(7,17)
(8,16)879609258(9,16)
(8,16)129012712(8,17)
(9,16)256965729(10,16)
(9,16)583229785(9,17)
(10,16)1370613153(11,16)
(10,16)1910176290(10,17)
(11,16)316903664(12,16)
(11,16)43081334(11,17)
(12,16)1674105530(13,16)
(12,16)952130468(12,17)
(13,16)1429227194(14,16)
(13,16)740459683(13,17)
(14,16)948691303(15,16)
(14,16)1158961930(14,17)
(15,16)887155410(16,16)
(15,16)696335324(15,17)
(16,16)1399850974(17,16)
(16,16)2115807745(16,17)
(17,16)612605239(18,16)
(17,16)296696490(17,17)
(18,16)377961561(19,16)
(18,16)1064120383(18,17)
(19,16)327425515(20,16)
(19,16)1812409837(19,17)
(20,16)392758417(21,16)
(20,16)2058764447(20,17)
(21,16)639466315(22,16)
(21,16)713924828(21,17)
(22,16)943381713(23,16)
(22,16)1774979251(22,17)
(23,16)1903991964(24,16)
(23,16)86254113(23,17)
(24,16)669483899(25,16)
(24,16)1822990971(24,17)
(25,16)1585683613(26,16)
(25,16)13474045(25,17)
(26,16)56555380(27,16)
(26,16)2040097052(26,17)
(27,16)844743872(28,16)
(27,16)1902587278(27,17)
(28,16)495563313(29,16)
(28,16)1730660910(28,17)
(29,16)126487418(29,17)
(0,17)1444254617(1,17)
(0,17)742139192(0,18)
(1,17)1629294603(2,17)
(1,17)822822743(1,18)
(2,17)75190069(3,17)
(2,17)1412578714(2,18)
(3,17)2025183954(4,17)
(3,17)1925991093(3,18)
(4,17)156469006(5,17)
(4,17)1139310452(4,18)
(5,17)1466735967(6,17)
(5,17)1690110143(5,18)
(6,17)2082868561(7,17)
(6,17)67749805(6,18)
(7,17)707216120(8,17)
(7,17)33177147(7,18)
(8,17)976558860(9,17)
(8,17)1710364164(8,18)
(9,17)1466872480(10,17)
(9,17)793470234(9,18)
(10,17)1462954133(11,17)
(10,17)652066184(10,18)
(11,17)90266149(12,17)
(11,17)1480346526(11,18)
(12,17)1536901906(13,17)
(12,17)1355567537(12,18)
(13,17)52827762(14,17)
(13,17)1992853427(13,18)
(14,17)340933093(15,17)
(14,17)1120079168(14,18)
(15,17)1862218361(16,17)
(15,17)179315180(15,18)
(16,17)1002137923(17,17)
(16,17)1785187710(16,18)
(17,17)1050282776(18,17)
(17,17)1344029316(17,18)
(18,17)1122536761(19,17)
(18,17)1077327993(18,18)
(19,17)69154797(20,17)
(19,17)927983082(19,18)
(20,17)470609578(21,17)
(20,17)1279005768(20,18)
(21,17)1346755573(22,17)
(21,17)1535890765(21,18)
(22,17)1569067912(23,17)
(22,17)405994491(22,18)
(23,17)2116358655(24,17)
(23,17)2053971694(23,18)
(24,17)699958280(25,17)
(24,17)398143125(24,18)
(25,17)1050209309(26,17)
(25,17)1435747488(25,18)
(26,17)768610366(27,17)
(26,17)15428765(26,18)
(27,17)1370996302(28,17)
(27,17)1140475458(27,18)
(28,17)985845238(29,17)
(28,17)158028624(28,18)
(29,17)1423824064(29,18)
(0,18)1326778331(1,18)
(0,18)1278107792(0,19)
(1,18)992842505(2,18)
(1,18)1603139245(1,19)
(2,18)457793520(3,18)
(2,18)964482393(2,19)
(3,18)2014765169(4,18)
(3,18)189388173(3,19)
(4,18)1311924935(5,18)
(4,18)1535121513(4,19)
(5,18)1604276311(6,18)
(5,18)795264604(5,19)
(6,18)1265874182(7,18)
(6,18)443447055(6,19)
(7,18)1790202628(8,18)
(7,18)992683428(7,19)
(8,18)414267692(9,18)
(8,18)1671868673(8,19)
(9,18)1640743680(10,18)
(9,18)1696690674(9,19)
(10,18)249165306(11,18)
(10,18)812410817(10,19)
(11,18)1862620126(12,18)
(11,18)929007520(11,19)
(12,18)1697617886(13,18)
(12,18)264594071(12,19)
(13,18)1635590374(14,18)
(13,18)855611937(13,19)
(14,18)1841457175(15,18)
(14,18)1855646510(14,19)
(15,18)986270655(16,18)
(15,18)911930790(15,19)
(16,18)367586387(17,18)
(16,18)1020751858(16,19)
(17,18)1985234251(18,18)
(17,18)1979113160(17,19)
(18,18)21017686(19,18)
(18,18)825379908(18,19)
(19,18)213017773(20,18)
(19,18)1852515772(19,19)
(20,18)500296728(21,18)
(20,18)1332942621(20,19)
(21,18)1776389676(22,18)
(21,18)1817294084(21,19)
(22,18)662493864(23,18)
(22,18)1766170910(22,19)
(23,18)1290555935(24,18)
(23,18)1419108656(23,19)
(24,18)968315683(25,18)
(24,18)1076761557(24,19)
(25,18)1889172374(26,18)
(25,18)783815968(25,19)
(26,18)1712823488(27,18)
(26,18)1217480989(26,19)
(27,18)1482075061(28,18)
(27,18)1604308853(27,19)
(28,18)312437142(29,18)
(28,18)1262957727(28,19)
(29,18)970181787(29,19)
(0,19)6410669(1,19)
(0,19)971120589(0,20)
(1,19)1957391244(2,19)
(1,19)1882112577(1,20)
(2,19)102215317(3,19)
(2,19)1027162527(2,20)
(3,19)864913130(4,19)
(3,19)1789020757(3,20)
(4,19)1810038443(5,19)
(4,19)927595225(4,20)
(5,19)1140612998(6,19)
(5,19)569945254(5,20)
(6,19)1070241983(7,19)
(6,19)995497416(6,20)
(7,19)624403444(8,19)
(7,19)810423435(7,20)
(8,19)1472917299(9,19)
(8,19)688929245(8,20)
(9,19)1979485181(10,19)
(9,19)2043512100(9,20)
(10,19)864344135(11,19)
(10,19)402195208(10,20)
(11,19)143883935(12,19)
(11,19)615817501(11,20)
(12,19)181157341(13,19)
(12,19)2081825125(12,20)
(13,19)1416416538(14,19)
(13,19)1748192788(13,20)
(14,19)2060629930(15,19)
(14,19)1444115068(14,20)
(15,19)267752010(16,19)
(15,19)239114677(15,20)
(16,19)2121227254(17,19)
(16,19)2067040599(16,20)
(17,19)946719478(18,19)
(17,19)77659606(17,20)
(18,19)1866680363(19,19)
(18,19)75958923(18,20)
(19,19)1003554148(20,19)
(19,19)1811632608(19,20)
(20,19)234094214(21,19)
(20,19)1529235158(20,20)
(21,19)377248926(22,19)
(21,19)2144167147(21,20)
(22,19)807106934(23,19)
(22,19)1304336197(22,20)
(23,19)1993265443(24,19)
(23,19)1001652370(23,20)
(24,19)897680823(25,19)
(24,19)132540585(24,20)
(25,19)534735794(26,19)
(25,19)1825266976(25,20)
(26,19)293600829(27,19)
(26,19)1762024958(26,20)
(27,19)1696366435(28,19)
(27,19)678619729(27,20)
(28,19)279328869(29,19)
(28,19)474758170(28,20)
(29,19)965299325(29,20)
(0,20)192475151(1,20)
(0,20)1918873239(0,21)
(1,20)39141601(2,20)
(1,20)1204414002(1,21)
(2,20)1178157609(3,20)
(2,20)112032102(2,21)
(3,20)1058751580(4,20)
(3,20)116801207(3,21)
(4,20)1983481571(5,20)
(4,20)1254116532(4,21)
(5,20)110187033(6,20)
(5,20)722900540(5,21)
(6,20)956994754(7,20)
(6,20)1365233081(6,21)
(7,20)1742482008(8,20)
(7,20)106870532(7,21)
(8,20)913977466(9,20)
(8,20)113847304(8,21)
(9,20)2107112747(10,20)
(9,20)596650730(9,21)
(10,20)1494331553(11,20)
(10,20)1046518051(10,21)
(11,20)1581253845(12,20)
(11,20)1784896075(11,21)
(12,20)2078496904(13,20)
(12,20)1108872864(12,21)
(13,20)657755651(14,20)
(13,20)112389926(13,21)
(14,20)391718795(15,20)
(14,20)405771426(14,21)
(15,20)177161017(16,20)
(15,20)1623054977(15,21)
(16,20)679985331(17,20)
(16,20)584193946(16,21)
(17,20)696226048(18,20)
(17,20)216302618(17,21)
(18,20)333103826(19,20)
(18,20)1858142940(18,21)
(19,20)964775825(20,20)
(19,20)1754977628(19,21)
(20,20)330394520(21,20)
(20,20)169101749(20,21)
(21,20)1534334830(22,20)
(21,20)1074962858(21,21)
(22,20)1181833390(23,20)
(22,20)1287389275(22,21)
(23,20)1401236579(24,20)
(23,20)1129333190(23,21)
(24,20)1725983921(25,20)
(24,20)2095810856(24,21)
(25,20)994845259(26,20)
(25,20)1360865678(25,21)
(26,20)998278105(27,20)
(26,20)1072831826(26,21)
(27,20)34221042(28,20)
(27,20)428615457(27,21)
(28,20)541005383(29,20)
(28,20)929291361(28,21)
(29,20)691976694(29,21)
(0,21)932724179(1,21)
(0,21)1335062787(0,22)
(1,21)1512223805(2,21)
(1,21)167548023(1,22)
(2,21)847533354(3,21)
(2,21)1516918125(2,22)
(3,21)65660526(4,21)
(3,21)1728526423(3,22)
(4,21)2061630249(5,21)
(4,21)558192647(4,22)
(5,21)1522968472(6,21)
(5,21)1820638154(5,22)
(6,21)3549027(7,21)
(6,21)83248350(6,22)
(7,21)1617583181(8,21)
(7,21)450447682(7,22)
(8,21)1632281072(9,21)
(8,21)1290938302(8,22)
(9,21)544691233(10,21)
(9,21)599432723(9,22)
(10,21)177932996(11,21)
(10,21)1580608280(10,22)
(11,21)427969891(12,21)
(11,21)1905556911(11,22)
(12,21)756351368(13,21)
(12,21)1250764823(12,22)
(13,21)1284985865(14,21)
(13,21)856585348(13,22)
(14,21)1397590732(15,21)
(14,21)1685642729(14,22)
(15,21)873221868(16,21)
(15,21)1976962559(15,22)
(16,21)2144510582(17,21)
(16,21)182831263(16,22)
(17,21)1699749388(18,21)
(17,21)237962025(17,22)
(18,21)1966488449(19,21)
(18,21)844560289(18,22)
(19,21)1402752936(20,21)
(19,21)1765409914(19,22)
(20,21)1438564421(21,21)
(20,21)1880635050(20,22)
(21,21)1963883401(22,21)
(21,21)778237760(21,22)
(22,21)1228685442(23,21)
(22,21)1442113448(22,22)
(23,21)585568102(24,21)
(23,21)1433982934(23,22)
(24,21)2033415657(25,21)
(24,21)713482866(24,22)
(25,21)146607498(26,21)
(25,21)1130259335(25,22)
(26,21)888332598(27,21)
(26,21)63865006(26,22)
(27,21)1314629829(28,21)
(27,21)574577389(27,22)
(28,21)1431162738(29,21)
(28,21)1644683966(28,22)
(29,21)452132046(29,22)
(0,22)681269822(1,22)
(0,22)1182843047(0,23)
(1,22)2056064915(2,22)
(1,22)281610958(1,23)
(2,22)278637892(3,22)
(2,22)864101085(2,23)
(3,22)416366825(4,22)
(3,22)146543293(3,23)
(4,22)2113031742(5,22)
(4,22)1123198181(4,23)
(5,22)378467469(6,22)
(5,22)34293092(5,23)
(6,22)1472857513(7,22)
(6,22)1846183144(6,23)
(7,22)1662582897(8,22)
(7,22)1156705229(7,23)
(8,22)237907023(9,22)
(8,22)767487313(8,23)
(9,22)1353055415(10,22)
(9,22)949082183(9,23)
(10,22)835014193(11,22)
(10,22)951389889(10,23)
(11,22)1097997387(12,22)
(11,22)335831102(11,23)
(12,22)1224163700(13,22)
(12,22)898879199(12,23)
(13,22)66025380(14,22)
(13,22)1672574777(13,23)
(14,22)956253867(15,22)
(14,22)721364018(14,23)
(15,22)1904207065(16,22)
(15,22)518157426(15,23)
(16,22)799768384(17,22)
(16,22)1637523689(16,23)
(17,22)354141126(18,22)
(17,22)1812788332(17,23)
(18,22)1959331625(19,22)
(18,22)1078406277(18,23)
(19,22)54120810(20,22)
(19,22)770507951(19,23)
(20,22)804801043(21,22)
(20,22)1924879719(20,23)
(21,22)1623579216(22,22)
(21,22)432588280(21,23)
(22,22)1589293509(23,22)
(22,22)130174908(22,23)
(23,22)897662221(24,22)
(23,22)1138678465(23,23)
(24,22)2087760649(25,22)
(24,22)1827200533(24,23)
(25,22)631106774(26,22)
(25,22)103233988(25,23)
(26,22)439065090(27,22)
(26,22)775291194(26,23)
(27,22)1674170393(28,22)
(27,22)1729104162(27,23)
(28,22)1254195291(29,22)
(28,22)1663228790(28,23)
(29,22)1740195773(29,23)
(0,23)62965510(1,23)
(0,23)237109160(0,24)
(1,23)2141316225(2,23)
(1,23)110869551(1,24)
(2,23)910637936(3,23)
(2,23)1700489199(2,24)
(3,23)2054630325(4,23)
(3,23)1806620910(3,24)
(4,23)1618468887(5,23)
(4,23)1989044213(4,24)
(5,23)2043165023(6,23)
(5,23)677654628(5,24)
(6,23)1482455672(7,23)
(6,23)1395864959(6,24)
(7,23)871960527(8,23)
(7,23)328269655(7,24)
(8,23)1917563165(9,23)
(8,23)1612630580(8,24)
(9,23)362809154(10,23)
(9,23)2010638992(9,24)
(10,23)1950915993(11,23)
(10,23)1597280050(10,24)
(11,23)80903176(12,23)
(11,23)466043142(11,24)
(12,23)905108233(13,23)
(12,23)578723539(12,24)
(13,23)105410284(14,23)
(13,23)1810007338(13,24)
(14,23)916718981(15,23)
(14,23)420853375(14,24)
(15,23)657962536(16,23)
(15,23)1845606057(15,24)
(16,23)1956475609(17,23)
(16,23)979684491(16,24)
(17,23)532690042(18,23)
(17,23)651795113(17,24)
(18,23)310932375(19,23)
(18,23)719629897(18,24)
(19,23)561190462(20,23)
(19,23)439836719(19,24)
(20,23)1117491348(21,23)
(20,23)1929401263(20,24)
(21,23)1177782574(22,23)
(21,23)456871837(21,24)
(22,23)785141493(23,23)
(22,23)452463372(22,24)
(23,23)2065093952(24,23)
(23,23)2049743101(23,24)
(24,23)1912898445(25,23)
(24,23)555221010(24,24)
(25,23)5017412(26,23)
(25,23)280419458(25,24)
(26,23)746462601(27,23)
(26,23)1716330791(26,24)
(27,23)147570682(28,23)
(27,23)85920588(27,24)
(28,23)1895927927(29,23)
(28,23)1651570834(28,24)
(29,23)252980967(29,24)
(0,24)665163260(1,24)
(0,24)2072424209(0,25)
(1,24)582903097(2,24)
(1,24)2098587024(1,25)
(2,24)1907578985(3,24)
(2,24)1644847752(2,25)
(3,24)30054146(4,24)
(3,24)1234698211(3,25)
(4,24)1545630586(5,24)
(4,24)479725234(4,25)
(5,24)1040915696(6,24)
(5,24)469890866(5,25)
(6,24)1587382214(7,24)
(6,24)1327548201(6,25)
(7,24)357847127(8,24)
(7,24)1497787534(7,25)
(8,24)135445379(9,24)
(8,24)2039845586(8,25)
(9,24)1957455890(10,24)
(9,24)260106580(9,25)
(10,24)25521378(11,24)
(10,24)690666389(10,25)
(11,24)695683801(12,24)
(11,24)90391701(11,25)
(12,24)836854302(13,24)
(12,24)1741852169(12,25)
(13,24)1889422851(14,24)
(13,24)781604389(13,25)
(14,24)530048668(15,24)
(14,24)340941488(14,25)
(15,24)265882049(16,24)
(15,24)2142403818(15,25)
(16,24)2093507195(17,24)
(16,24)1195211929(16,25)
(17,24)692576033(18,24)
(17,24)848785147(17,25)
(18,24)2083483358(19,24)
(18,24)1853602532(18,25)
(19,24)185844119(20,24)
(19,24)722630179(19,25)
(20,24)1192521045(21,24)
(20,24)1481630296(20,25)
(21,24)661694850(22,24)
(21,24)1226759815(21,25)
(22,24)577063701(23,24)
(22,24)632419611(22,25)
(23,24)524781549(24,24)
(23,24)1019541977(23,25)
(24,24)1279648558(25,24)
(24,24)712509080(24,25)
(25,24)1403175469(26,24)
(25,24)334753792(25,25)
(26,24)425145493(27,24)
(26,24)1305169936(26,25)
(27,24)899538457(28,24)
(27,24)2098859270(27,25)
(28,24)732980012(29,24)
(28,24)1261999795(28,25)
(29,24)641477660(29,25)
(0,25)1263028680(1,25)
(0,25)1602941283(0,26)
(1,25)1868823332(2,25)
(1,25)636397831(1,26)
(2,25)582421378(3,25)
(2,25)310756961(2,26)
(3,25)1003332994(4,25)
(3,25)570124831(3,26)
(4,25)506124541(5,25)
(4,25)288540262(4,26)
(5,25)474384381(6,25)
(5,25)1725963174(5,26)
(6,25)771000571(7,25)
(6,25)1987754838(6,26)
(7,25)501966040(8,25)
(7,25)1701144197(7,26)
(8,25)130724250(9,25)
(8,25)1403420183(8,26)
(9,25)1928201732(10,25)
(9,25)1521508017(9,26)
(10,25)653672927(11,25)
(10,25)843233331(10,26)
(11,25)98925152(12,25)
(11,25)115471876(11,26)
(12,25)540617369(13,25)
(12,25)1958842863(12,26)
(13,25)710897672(14,25)
(13,25)50300775(13,26)
(14,25)783280787(15,25)
(14,25)1802617164(14,26)
(15,25)1258074799(16,25)
(15,25)1352375333(15,26)
(16,25)1988773164(17,25)
(16,25)2046309467(16,26)
(17,25)209582781(18,25)
(17,25)979414484(17,26)
(18,25)1549539315(19,25)
(18,25)423710894(18,26)
(19,25)712251156(20,25)
(19,25)1212915775(19,26)
(20,25)791395301(21,25)
(20,25)2055663857(20,26)
(21,25)1895935047(22,25)
(21,25)1186635538(21,26)
(22,25)740296087(23,25)
(22,25)1562395873(22,26)
(23,25)818332408(24,25)
(23,25)250417439(23,26)
(24,25)1771925456(25,25)
(24,25)871020337(24,26)
(25,25)1714253668(26,25)
(25,25)599050492(25,26)
(26,25)714522369(27,25)
(26,25)278114736(26,26)
(27,25)89473951(28,25)
(27,25)1813178821(27,26)
(28,25)1863479596(29,25)
(28,25)1255139738(28,26)
(29,25)800371624(29,26)
(0,26)499276735(1,26)
(0,26)910273255(0,27)
(1,26)20864406(2,26)
(1,26)5263309(1,27)
(2,26)1994036473(3,26)
(2,26)398102554(2,27)
(3,26)607685335(4,26)
(3,26)1000278890(3,27)
(4,26)402334558(5,26)
(4,26)270263719(4,27)
(5,26)982514875(6,26)
(5,26)1820601111(5,27)
(6,26)464512764(7,26)
(6,26)310514767(6,27)
(7,26)58966166(8,26)
(7,26)21666765(7,27)
(8,26)761962852(9,26)
(8,26)2026908637(8,27)
(9,26)697757397(10,26)
(9,26)309383605(9,27)
(10,26)2081309061(11,26)
(10,26)1632983190(10,27)
(11,26)1199753210(12,26)
(11,26)1296807890(11,27)
(12,26)2011330259(13,26)
(12,26)211940149(12,27)
(13,26)301414101(14,26)
(13,26)865448383(13,27)
(14,26)581444331(15,26)
(14,26)1118986349(14,27)
(15,26)2029259604(16,26)
(15,26)1101785725(15,27)
(16,26)1107049034(17,26)
(16,26)1080721066(16,27)
(17,26)1478823621(18,26)
(17,26)2050124011(17,27)
(18,26)902919253(19,26)
(18,26)953601859(18,27)
(19,26)1223865578(20,26)
(19,26)2086508956(19,27)
(20,26)1759626419(21,26)
(20,26)1305253811(20,27)
(21,26)1615768578(22,26)
(21,26)58896805(21,27)
(22,26)80563571(23,26)
(22,26)76655536(22,27)
(23,26)2103564173(24,26)
(23,26)1674734744(23,27)
(24,26)1984118349(25,26)
(24,26)842526423(24,27)
(25,26)328025965(26,26)
(25,26)653837923(25,27)
(26,26)1950645813(27,26)
(26,26)1917943763(26,27)
(27,26)2129883912(28,26)
(27,26)1527779176(27,27)
(28,26)245743911(29,26)
(28,26)1814492424(28,27)
(29,26)283814365(29,27)
(0,27)827188243(1,27)
(0,27)785995125(0,28)
(1,27)667771082(2,27)
(1,27)1385600090(1,28)
(2,27)345165476(3,27)
(2,27)1907909309(2,28)
(3,27)1239249282(4,27)
(3,27)570411445(3,28)
(4,27)1473330698(5,27)
(4,27)1298767335(4,28)
(5,27)375149265(6,27)
(5,27)1178274591(5,28)
(6,27)790417362(7,27)
(6,27)631100862(6,28)
(7,27)99385792(8,27)
(7,27)434046071(7,28)
(8,27)514609642(9,27)
(8,27)867072898(8,28)
(9,27)823153424(10,27)
(9,27)1774120537(9,28)
(10,27)1610755238(11,27)
(10,27)1357136065(10,28)
(11,27)1685162031(12,27)
(11,27)1476991347(11,28)
(12,27)1280153512(13,27)
(12,27)1381215353(12,28)
(13,27)1363615618(14,27)
(13,27)1065457559(13,28)
(14,27)1311201470(15,27)
(14,27)947162288(14,28)
(15,27)1733157413(16,27)
(15,27)1647429983(15,28)
(16,27)885546426(17,27)
(16,27)2138389713(16,28)
(17,27)1898815375(18,27)
(17,27)253444847(17,28)
(18,27)823856292(19,27)
(18,27)1230711902(18,28)
(19,27)381995590(20,27)
(19,27)990581009(19,28)
(20,27)21371952(21,27)
(20,27)149703343(20,28)
(21,27)780804205(22,27)
(21,27)757144855(21,28)
(22,27)1191190926(23,27)
(22,27)811789315(22,28)
(23,27)1678862213(24,27)
(23,27)880189997(23,28)
(24,27)506826886(25,27)
(24,27)1705800568(24,28)
(25,27)915452986(26,27)
(25,27)354531989(25,28)
(26,27)1831523336(27,27)
(26,27)2117582125(26,28)
(27,27)1351313830(28,27)
(27,27)453131369(27,28)
(28,27)1518588928(29,27)
(28,27)964193200(28,28)
(29,27)567445800(29,28)
(0,28)682306750(1,28)
(0,28)1911355488(0,29)
(1,28)1497029254(2,28)
(1,28)67392136(1,29)
(2,28)952938562(3,28)
(2,28)673212816(2,29)
(3,28)424544543(4,28)
(3,28)1750474101(3,29)
(4,28)426846746(5,28)
(4,28)36166816(4,29)
(5,28)418162406(6,28)
(5,28)1415125552(5,29)
(6,28)1436497505(7,28)
(6,28)576550089(6,29)
(7,28)1357354294(8,28)
(7,28)1175307262(7,29)
(8,28)219014540(9,28)
(8,28)100803172(8,29)
(9,28)1779665385(10,28)
(9,28)90060643(9,29)
(10,28)596887530(11,28)
(10,28)1924815109(10,29)
(11,28)692784447(12,28)
(11,28)2134197375(11,29)
(12,28)1818237063(13,28)
(12,28)566986007(12,29)
(13,28)1918299837(14,28)
(13,28)1145915816(13,29)
(14,28)517021096(15,28)
(14,28)634946616(14,29)
(15,28)398818456(16,28)
(15,28)338261990(15,29)
(16,28)405654126(17,28)
(16,28)1199327846(16,29)
(17,28)1872540662(18,28)
(17,28)1895847710(17,29)
(18,28)1498838164(19,28)
(18,28)1358592688(18,29)
(19,28)1394759504(20,28)
(19,28)149601557(19,29)
(20,28)1564727110(21,28)
(20,28)1925684910(20,29)
(21,28)354751351(22,28)
(21,28)1812921911(21,29)
(22,28)840745525(23,28)
(22,28)853740967(22,29)
(23,28)954544139(24,28)
(23,28)1712105645(23,29)
(24,28)1802166288(25,28)
(24,28)1059760065(24,29)
(25,28)837091526(26,28)
(25,28)586725876(25,29)
(26,28)573439603(27,28)
(26,28)251570170(26,29)
(27,28)818556177(28,28)
(27,28)1529875973(27,29)
(28,28)528308141(29,28)
(28,28)244193019(28,29)
(29,28)589372367(29,29)
(0,29)1045329237(1,29)
(0,29)879139635(0,30)
(1,29)1277958091(2,29)
(1,29)927634357(1,30)
(2,29)1333288483(3,29)
(2,29)97173436(2,30)
(3,29)1969714098(4,29)
(3,29)1026322154(3,30)
(4,29)377676670(5,29)
(4,29)544397523(4,30)
(5,29)1939157027(6,29)
(5,29)2119315656(5,30)
(6,29)1536559118(7,29)
(6,29)155877932(6,30)
(7,29)510629283(8,29)
(7,29)1604595290(7,30)
(8,29)297857167(9,29)
(8,29)242816437(8,30)
(9,29)1197360576(10,29)
(9,29)75251280(9,30)
(10,29)1877417568(11,29)
(10,29)1357617233(10,30)
(11,29)47225111(12,29)
(11,29)1784086452(11,30)
(12,29)210042408(13,29)
(12,29)2128987739(12,30)
(13,29)800060268(14,29)
(13,29)1577101085(13,30)
(14,29)2105409226(15,29)
(14,29)454235427(14,30)
(15,29)1333375062(16,29)
(15,29)1389432635(15,30)
(16,29)169583344(17,29)
(16,29)1003254816(16,30)
(17,29)1100428252(18,29)
(17,29)463849505(17,30)
(18,29)1490171659(19,29)
(18,29)1502871827(18,30)
(19,29)2047269350(20,29)
(19,29)922658702(19,30)
(20,29)894490710(21,29)
(20,29)1867848329(20,30)
(21,29)2023726261(22,29)
(21,29)1838942730(21,30)
(22,29)1296054372(23,29)
(22,29)283566180(22,30)
(23,29)526382617(24,29)
(23,29)386871896(23,30)
(24,29)462123176(25,29)
(24,29)1593911540(24,30)
(25,29)804045125(26,29)
(25,29)1723743193(25,30)
(26,29)1360345998(27,29)
(26,29)192057097(26,30)
(27,29)173561188(28,29)
(27,29)851270236(27,30)
(28,29)280887673(29,29)
(28,29)1570388406(28,30)
(29,29)973621456(29,30)
(0,30)238813252(1,30)
(0,30)2024623833(0,31)
(1,30)1210515247(2,30)
(1,30)215570444(1,31)
(2,30)385153788(3,30)
(2,30)1242068068(2,31)
(3,30)195012672(4,30)
(3,30)1674364752(3,31)
(4,30)1017052764(5,30)
(4,30)1888025616(4,31)
(5,30)1787811318(6,30)
(5,30)1117671374(5,31)
(6,30)2012162085(7,30)
(6,30)737417445(6,31)
(7,30)613660059(8,30)
(7,30)1479270400(7,31)
(8,30)627841125(9,30)
(8,30)148244617(8,31)
(9,30)674627235(10,30)
(9,30)1000531955(9,31)
(10,30)1462655132(11,30)
(10,30)74269017(10,31)
(11,30)878314142(12,30)
(11,30)250886780(11,31)
(12,30)1611232778(13,30)
(12,30)1654712229(12,31)
(13,30)1828273417(14,30)
(13,30)1729584378(13,31)
(14,30)2010472052(15,30)
(14,30)1034137536(14,31)
(15,30)911277721(16,30)
(15,30)654411225(15,31)
(16,30)869981669(17,30)
(16,30)101801656(16,31)
(17,30)1343869724(18,30)
(17,30)2121792968(17,31)
(18,30)1648674073(19,30)
(18,30)1255135458(18,31)
(19,30)995677426(20,30)
(19,30)1538882396(19,31)
(20,30)509070122(21,30)
(20,30)518243189(20,31)
(21,30)1255660634(22,30)
(21,30)636005096(21,31)
(22,30)2115275497(23,30)
(22,30)373748559(22,31)
(23,30)521993177(24,30)
(23,30)1869320693(23,31)
(24,30)722369001(25,30)
(24,30)595632974(24,31)
(25,30)669901991(26,30)
(25,30)1196620412(25,31)
(26,30)1447507192(27,30)
(26,30)37540485(26,31)
(27,30)1692252714(28,30)
(27,30)1548216133(27,31)
(28,30)1130316863(29,30)
(28,30)911256323(28,31)
(29,30)1373042483(29,31)
(0,31)993305267(1,31)
(0,31)1945393859(0,32)
(1,31)709187933(2,31)
(1,31)2027453708(1,32)
(2,31)749951730(3,31)
(2,31)1095106923(2,32)
(3,31)291492999(4,31)
(3,31)683497253(3,32)
(4,31)184687678(5,31)
(4,31)2005087188(4,32)
(5,31)853280966(6,31)
(5,31)1830375395(5,32)
(6,31)191961870(7,31)
(6,31)702930867(6,32)
(7,31)1958591502(8,31)
(7,31)1489286062(7,32)
(8,31)1457077911(9,31)
(8,31)565710429(8,32)
(9,31)1087703606(10,31)
(9,31)1680428547(9,32)
(10,31)255313900(11,31)
(10,31)2052710885(10,32)
(11,31)575129228(12,31)
(11,31)136840370(11,32)
(12,31)1584347563(13,31)
(12,31)292854385(12,32)
(13,31)1985107099(14,31)
(13,31)2123345361(13,32)
(14,31)1106178577(15,31)
(14,31)348120238(14,32)
(15,31)146030449(16,31)
(15,31)1210665934(15,32)
(16,31)1090635995(17,31)
(16,31)2099483844(16,32)
(17,31)1047107120(18,31)
(17,31)855218382(17,32)
(18,31)1538715636(19,31)
(18,31)1840587725(18,32)
(19,31)1698191265(20,31)
(19,31)1338600119(19,32)
(20,31)1021491867(21,31)
(20,31)1723403314(20,32)
(21,31)278850534(22,31)
(21,31)403988583(21,32)
(22,31)1893274645(23,31)
(22,31)1213453737(22,32)
(23,31)1779164166(24,31)
(23,31)89958388(23,32)
(24,31)1770386935(25,31)
(24,31)1202868909(24,32)
(25,31)1108096146(26,31)
(25,31)719384125(25,32)
(26,31)856224495(27,31)
(26,31)2025700836(26,32)
(27,31)171071573(28,31)
(27,31)1683225375(27,32)
(28,31)1659087088(29,31)
(28,31)293088410(28,32)
(29,31)8695025(29,32)
(0,32)617782017(1,32)
(0,32)641208648(0,33)
(1,32)787239098(2,32)
(1,32)1219360959(1,33)
(2,32)162513306(3,32)
(2,32)569782214(2,33)
(3,32)1616889334(4,32)
(3,32)1642457480(3,33)
(4,32)1033689468(5,32)
(4,32)2003101031(4,33)
(5,32)1553808648(6,32)
(5,32)808005805(5,33)
(6,32)1829497672(7,32)
(6,32)609609135(6,33)
(7,32)888459669(8,32)
(7,32)1957797231(7,33)
(8,32)1703588229(9,32)
(8,32)895467761(8,33)
(9,32)527148280(10,32)
(9,32)978418057(9,33)
(10,32)601321344(11,32)
(10,32)758973490(10,33)
(11,32)1867069636(12,32)
(11,32)1246532405(11,33)
(12,32)2102756900(13,32)
(12,32)479538532(12,33)
(13,32)650610106(14,32)
(13,32)1402811363(13,33)
(14,32)914414804(15,32)
(14,32)248361663(14,33)
(15,32)889570311(16,32)
(15,32)659305131(15,33)
(16,32)1878666090(17,32)
(16,32)1532196821(16,33)
(17,32)2101979035(18,32)
(17,32)1676809409(17,33)
(18,32)1171783242(19,32)
(18,32)2041179397(18,33)
(19,32)1896796780(20,32)
(19,32)1571384721(19,33)
(20,32)231906879(21,32)
(20,32)57989062(20,33)
(21,32)667598197(22,32)
(21,32)1303121781(21,33)
(22,32)1113435364(23,32)
(22,32)2061404551(22,33)
(23,32)809388665(24,32)
(23,32)1556057866(23,33)
(24,32)386992275(25,32)
(24,32)669539945(24,33)
(25,32)1428513435(26,32)
(25,32)1336536945(25,33)
(26,32)435585702(27,32)
(26,32)988313620(26,33)
(27,32)1467852152(28,32)
(27,32)1148099424(27,33)
(28,32)403427139(29,32)
(28,32)390858954(28,33)
(29,32)2118462258(29,33)
(0,33)1317841943(1,33)
(0,33)639220617(0,34)
(1,33)1528790929(2,33)
(1,33)630283741(1,34)
(2,33)361466184(3,33)
(2,33)702555117(2,34)
(3,33)657050504(4,33)
(3,33)1058116690(3,34)
(4,33)82416284(5,33)
(4,33)255161933(4,34)
(5,33)4475065(6,33)
(5,33)80951578(5,34)
(6,33)312858457(7,33)
(6,33)140405347(6,34)
(7,33)808003544(8,33)
(7,33)1307596846(7,34)
(8,33)273548563(9,33)
(8,33)226779360(8,34)
(9,33)1036168025(10,33)
(9,33)216577763(9,34)
(10,33)603570038(11,33)
(10,33)943088508(10,34)
(11,33)224118296(12,33)
(11,33)225221322(11,34)
(12,33)660807024(13,33)
(12,33)1591883658(12,34)
(13,33)912252163(14,33)
(13,33)1372217720(13,34)
(14,33)1775644859(15,33)
(14,33)1051665979(14,34)
(15,33)1690886596(16,33)
(15,33)883230773(15,34)
(16,33)1513514515(17,33)
(16,33)946003155(16,34)
(17,33)1648558272(18,33)
(17,33)1072193877(17,34)
(18,33)2130310568(19,33)
(18,33)1874980699(18,34)
(19,33)2130142632(20,33)
(19,33)158125128(19,34)
(20,33)239076706(21,33)
(20,33)65243204(20,34)
(21,33)205648551(22,33)
(21,33)2134617697(21,34)
(22,33)1294730896(23,33)
(22,33)551935163(22,34)
(23,33)778714524(24,33)
(23,33)1013652096(23,34)
(24,33)1230229859(25,33)
(24,33)1568279459(24,34)
(25,33)363884319(26,33)
(25,33)1814882549(25,34)
(26,33)2040103872(27,33)
(26,33)1833799897(26,34)
(27,33)1278199908(28,33)
(27,33)588002615(27,34)
(28,33)1960220335(29,33)
(28,33)553427248(28,34)
(29,33)42968423(29,34)
(0,34)1588381547(1,34)
(0,34)1605093227(0,35)
(1,34)1148496176(2,34)
(1,34)926199196(1,35)
(2,34)292230063(3,34)
(2,34)386901054(2,35)
(3,34)2035459326(4,34)
(3,34)73206405(3,35)
(4,34)56033325(5,34)
(4,34)19727114(4,35)
(5,34)2386098(6,34)
(5,34)46100806(5,35)
(6,34)285177513(7,34)
(6,34)121276530(6,35)
(7,34)326925081(8,34)
(7,34)2137003796(7,35)
(8,34)1284251044(9,34)
(8,34)837112676(8,35)
(9,34)1615827200(10,34)
(9,34)1340577177(9,35)
(10,34)423323388(11,34)
(10,34)705046855(10,35)
(11,34)1068931174(12,34)
(11,34)1283226102(11,35)
(12,34)1175846326(13,34)
(12,34)109639638(12,35)
(13,34)1387839546(14,34)
(13,34)1656933790(13,35)
(14,34)1469670477(15,34)
(14,34)1729273574(14,35)
(15,34)1186883154(16,34)
(15,34)1430807969(15,35)
(16,34)209523517(17,34)
(16,34)910568376(16,35)
(17,34)1297469430(18,34)
(17,34)187895682(17,35)
(18,34)261102087(19,34)
(18,34)501753581(18,35)
(19,34)521480695(20,34)
(19,34)1185445108(19,35)
(20,34)1231545915(21,34)
(20,34)317135413(20,35)
(21,34)438411943(22,34)
(21,34)523866794(21,35)
(22,34)513386942(23,34)
(22,34)1516723428(22,35)
(23,34)206352456(24,34)
(23,34)765337024(23,35)
(24,34)2105914202(25,34)
(24,34)1797637986(24,35)
(25,34)355201193(26,34)
(25,34)1822179657(25,35)
(26,34)957922111(27,34)
(26,34)381753942(26,35)
(27,34)491393580(28,34)
(27,34)1424132367(27,35)
(28,34)933582509(29,34)
(28,34)2133768437(28,35)
(29,34)1879233126(29,35)
(0,35)255769339(1,35)
(0,35)1715558363(0,36)
(1,35)754957869(2,35)
(1,35)1162557447(1,36)
(2,35)1372080965(3,35)
(2,35)1166337715(2,36)
(3,35)316323498(4,35)
(3,35)942853551(3,36)
(4,35)1203955639(5,35)
(4,35)1873834546(4,36)
(5,35)247831593(6,35)
(5,35)1501768606(5,36)
(6,35)585830873(7,35)
(6,35)1521091052(6,36)
(7,35)1959502995(8,35)
(7,35)771698387(7,36)
(8,35)1285085329(9,35)
(8,35)2102554301(8,36)
(9,35)161423110(10,35)
(9,35)577356371(9,36)
(10,35)535786925(11,35)
(10,35)935239667(10,36)
(11,35)1290440860(12,35)
(11,35)1983602767(11,36)
(12,35)794041230(13,35)
(12,35)917540868(12,36)
(13,35)1408934448(14,35)
(13,35)567089580(13,36)
(14,35)1500672089(15,35)
(14,35)780326019(14,36)
(15,35)348400734(16,35)
(15,35)1140683927(15,36)
(16,35)155757726(17,35)
(16,35)1756441428(16,36)
(17,35)775295496(18,35)
(17,35)1103358604(17,36)
(18,35)2046212155(19,35)
(18,35)1527838691(18,36)
(19,35)1254189589(20,35)
(19,35)1091618994(19,36)
(20,35)445903952(21,35)
(20,35)1102684146(20,36)
(21,35)476291550(22,35)
(21,35)1502021183(21,36)
(22,35)126235922(23,35)
(22,35)1031734826(22,36)
(23,35)986805479(24,35)
(23,35)288310897(23,36)
(24,35)865667269(25,35)
(24,35)1411321252(24,36)
(25,35)199077271(26,35)
(25,35)1148228589(25,36)
(26,35)984347708(27,35)
(26,35)1401454194(26,36)
(27,35)171511414(28,35)
(27,35)1489518132(27,36)
(28,35)2056607712(29,35)
(28,35)1778388938(28,36)
(29,35)1580445863(29,36)
(0,36)411231309(1,36)
(1,36)1409796153(2,36)
(2,36)573646142(3,36)
(3,36)759632044(4,36)
(4,36)1018753934(5,36)
(5,36)729403868(6,36)
(6,36)1862990648(7,36)
(7,36)1794049430(8,36)
(8,36)109758912(9,36)
(9,36)1761719155(10,36)
(10,36)738184776(11,36)
(11,36)1363948501(12,36)
(12,36)716919654(13,36)
(13,36)1184088728(14,36)
(14,36)718486036(15,36)
(15,36)1193211204(16,36)
(16,36)68339906(17,36)
(17,36)844721959(18,36)
(18,36)1481522102(19,36)
(19,36)1055145386(20,36)
(20,36)108559563(21,36)
(21,36)199705723(22,36)
(22,36)55890327(23,36)
(23,36)307636834(24,36)
(24,36)1601159917(25,36)
(25,36)1040238036(26,36)
(26,36)1797154966(27,36)
(27,36)1772671332(28,36)
(28,36)671143326(29,36)
