50 37
(0,0)330563459(1,0)
(0,0)1462722881(0,1)
(2,0)332817529(2,1)
(3,0)273684433(3,1)
(4,0)270017208(5,0)
(4,0)1149848530(4,1)
(5,0)588542639(6,0)
(6,0)934084981(6,1)
(7,0)548488826(7,1)
(8,0)47866901(9,0)
(8,0)755262675(8,1)
(10,0)1088163016(10,1)
(11,0)1247523429(12,0)
(11,0)123842659(11,1)
(13,0)465129096(14,0)
(13,0)360230427(13,1)
(14,0)358076979(15,0)
(15,0)872606803(15,1)
(16,0)737943849(17,0)
(16,0)688640438(16,1)
(18,0)488136673(18,1)
(19,0)563318783(19,1)
(20,0)499086032(21,0)
(21,0)385289099(22,0)
(21,0)79044195(21,1)
(22,0)627533021(23,0)
(22,0)13318580(22,1)
(23,0)768581255(24,0)
(24,0)675399923(24,1)
(25,0)188601252(25,1)
(26,0)312443911(27,0)
(26,0)844377553(26,1)
(27,0)705563098(28,0)
(27,0)863602720(27,1)
(28,0)1223833147(29,0)
(29,0)1170692194(29,1)
(30,0)1581910126(30,1)
(31,0)123066916(32,0)
(32,0)633759199(32,1)
(33,0)1121895872(34,0)
(33,0)1144524884(33,1)
(34,0)1098655655(34,1)
(35,0)549859772(36,0)
(35,0)612397428(35,1)
(36,0)691441623(37,0)
(36,0)59446051(36,1)
(37,0)72764631(38,0)
(38,0)449638209(39,0)
(39,0)841345887(39,1)
(40,0)1029947139(41,0)
(41,0)751885796(42,0)
(42,0)326572930(43,0)
(43,0)941053608(44,0)
(44,0)480657441(45,0)
(45,0)440264757(45,1)
(46,0)376472791(46,1)
(47,0)1010231990(48,0)
(48,0)104940708(49,0)
(48,0)1072732477(48,1)
(0,1)23904484(0,2)
(1,1)573764257(2,1)
(1,1)597041643(1,2)
(2,1)1288483266(3,1)
(4,1)459974262(4,2)
(5,1)306865182(6,1)
(5,1)638857296(5,2)
(7,1)470461729(8,1)
(8,1)96408323(9,1)
(8,1)863711839(8,2)
(10,1)261084417(11,1)
(11,1)484163308(12,1)
(11,1)97546557(11,2)
(14,1)325542766(14,2)
(15,1)349447250(16,1)
(16,1)81991408(17,1)
(17,1)923211507(17,2)
(18,1)284640988(19,1)
(19,1)884562402(19,2)
(20,1)1523419699(21,1)
(20,1)95708677(20,2)
(22,1)1044740487(22,2)
(23,1)284746340(23,2)
(24,1)65173316(25,1)
(25,1)1565734125(25,2)
(26,1)326257733(26,2)
(27,1)963814941(28,1)
(28,1)916090971(28,2)
(29,1)1241633737(30,1)
(29,1)464120491(29,2)
(30,1)981150867(30,2)
(31,1)195971434(32,1)
(32,1)366808847(33,1)
(32,1)31061665(32,2)
(34,1)20101181(35,1)
(34,1)651449835(34,2)
(37,1)440777719(38,1)
(37,1)561443123(37,2)
(38,1)833997963(38,2)
(39,1)690072150(40,1)
(39,1)201746397(39,2)
(41,1)1237620512(42,1)
(41,1)45477089(41,2)
(43,1)51884880(44,1)
(43,1)53951805(43,2)
(44,1)518072296(45,1)
(45,1)150343582(46,1)
(45,1)1293518617(45,2)
(46,1)737115957(47,1)
(46,1)467142553(46,2)
(47,1)498204219(48,1)
(47,1)346315016(47,2)
(48,1)1629337443(49,1)
(48,1)1103924804(48,2)
(0,2)1649438624(1,2)
(1,2)355049503(2,2)
(1,2)836758540(1,3)
(3,2)916492626(3,3)
(4,2)597604955(4,3)
(6,2)1307996849(7,2)
(6,2)526561220(6,3)
(8,2)443790758(8,3)
(9,2)495675639(10,2)
(10,2)188722186(11,2)
(10,2)387392245(10,3)
(11,2)537735827(12,2)
(12,2)378826565(13,2)
(12,2)655864739(12,3)
(14,2)365904638(15,2)
(15,2)1090642360(16,2)
(15,2)906325869(15,3)
(17,2)913335472(18,2)
(18,2)214700842(19,2)
(19,2)252105400(19,3)
(21,2)356460504(22,2)
(21,2)1244489814(21,3)
(22,2)430160361(23,2)
(22,2)1100618575(22,3)
(23,2)1544409334(24,2)
(27,2)488395404(28,2)
(27,2)426004316(27,3)
(30,2)401306584(31,2)
(31,2)339048581(31,3)
(33,2)309671237(33,3)
(34,2)561776638(35,2)
(36,2)557417622(37,2)
(36,2)354398364(36,3)
(37,2)38317428(37,3)
(38,2)11476017(39,2)
(38,2)987577983(38,3)
(39,2)488454227(40,2)
(39,2)851942626(39,3)
(40,2)744543951(41,2)
(41,2)376722716(41,3)
(42,2)802727032(43,2)
(42,2)278855884(42,3)
(43,2)191994383(44,2)
(47,2)1037594108(47,3)
(48,2)1347265346(49,2)
(0,3)1416147269(0,4)
(1,3)685931763(1,4)
(2,3)115956700(2,4)
(3,3)1136321621(3,4)
(4,3)83443721(4,4)
(5,3)571897948(6,3)
(5,3)275432618(5,4)
(6,3)1019976569(7,3)
(6,3)803082133(6,4)
(7,3)290897293(8,3)
(7,3)948620664(7,4)
(9,3)267107857(9,4)
(11,3)931227441(11,4)
(12,3)710676626(13,3)
(13,3)100531396(13,4)
(14,3)127382608(14,4)
(15,3)853206161(15,4)
(16,3)1209355078(16,4)
(17,3)494050423(17,4)
(18,3)635003662(18,4)
(19,3)718447383(20,3)
(20,3)1024234390(21,3)
(20,3)630686034(20,4)
(22,3)91482347(23,3)
(23,3)1195559765(24,3)
(25,3)1411992636(26,3)
(25,3)538902955(25,4)
(27,3)474929924(27,4)
(28,3)575461321(29,3)
(28,3)33323375(28,4)
(29,3)160705983(30,3)
(31,3)1085129494(32,3)
(32,3)50802636(33,3)
(33,3)262957625(33,4)
(34,3)1011759396(35,3)
(35,3)164377066(36,3)
(35,3)271899494(35,4)
(40,3)1019616717(40,4)
(41,3)602205524(42,3)
(41,3)613582556(41,4)
(42,3)842346919(42,4)
(43,3)875670294(44,3)
(44,3)616662988(45,3)
(45,3)1036376277(45,4)
(46,3)143457161(46,4)
(47,3)1209389259(48,3)
(47,3)477394063(47,4)
(48,3)740351688(49,3)
(48,3)643931127(48,4)
(49,3)762841370(49,4)
(0,4)177622160(0,5)
(1,4)341999226(2,4)
(1,4)1034740865(1,5)
(2,4)449502042(3,4)
(4,4)967987859(5,4)
(5,4)259172241(5,5)
(7,4)442326453(8,4)
(8,4)473735682(8,5)
(9,4)237917782(9,5)
(10,4)854580770(11,4)
(10,4)375920678(10,5)
(11,4)238298606(11,5)
(12,4)831427097(13,4)
(13,4)59943543(14,4)
(13,4)245579311(13,5)
(15,4)822784913(15,5)
(16,4)590558437(16,5)
(17,4)83696012(18,4)
(18,4)159544173(18,5)
(19,4)115289740(20,4)
(20,4)608144635(20,5)
(21,4)448265564(22,4)
(22,4)1191026918(23,4)
(23,4)890592017(23,5)
(24,4)1128509799(25,4)
(25,4)278894473(26,4)
(25,4)1075773701(25,5)
(27,4)833644853(28,4)
(27,4)47079721(27,5)
(28,4)292659033(29,4)
(30,4)1278590033(30,5)
(31,4)978870717(31,5)
(32,4)826366680(33,4)
(34,4)1314915520(35,4)
(34,4)466523456(34,5)
(35,4)1701249353(35,5)
(36,4)973874580(37,4)
(36,4)936158799(36,5)
(37,4)188790842(38,4)
(38,4)266042024(39,4)
(38,4)17417851(38,5)
(40,4)990932268(41,4)
(41,4)199286119(41,5)
(42,4)246365841(43,4)
(42,4)157520928(42,5)
(43,4)155536684(44,4)
(44,4)809908346(45,4)
(44,4)539024874(44,5)
(46,4)460297735(47,4)
(46,4)378798008(46,5)
(0,5)512072436(1,5)
(1,5)680372314(2,5)
(1,5)797455120(1,6)
(3,5)55822321(3,6)
(4,5)321864345(5,5)
(6,5)395629265(7,5)
(7,5)799091265(8,5)
(8,5)7307510(9,5)
(8,5)553150193(8,6)
(9,5)708686877(10,5)
(9,5)715411215(9,6)
(10,5)546332384(10,6)
(11,5)216463643(12,5)
(11,5)190113895(11,6)
(12,5)650411630(13,5)
(14,5)952900287(15,5)
(15,5)658053137(15,6)
(16,5)1455508257(17,5)
(17,5)1(18,5)
(17,5)1(17,6)
(18,5)1(19,5)
(19,5)1(19,6)
(20,5)453355602(20,6)
(21,5)22288123(22,5)
(21,5)282273763(21,6)
(22,5)43215432(23,5)
(22,5)55585002(22,6)
(23,5)608735195(24,5)
(24,5)50522942(24,6)
(25,5)596855326(26,5)
(26,5)914626516(26,6)
(27,5)671260438(28,5)
(28,5)421578693(29,5)
(28,5)10463949(28,6)
(29,5)85624161(29,6)
(30,5)743677299(31,5)
(31,5)691968056(32,5)
(32,5)51701908(32,6)
(33,5)1131056218(34,5)
(37,5)1428487846(38,5)
(38,5)699536274(39,5)
(38,5)29679979(38,6)
(39,5)80202921(40,5)
(40,5)88843229(40,6)
(41,5)677058247(41,6)
(42,5)567213785(42,6)
(43,5)577677735(44,5)
(45,5)377734082(45,6)
(46,5)356547996(46,6)
(47,5)408249905(48,5)
(48,5)1141124016(49,5)
(48,5)991592601(48,6)
(0,6)706587476(1,6)
(0,6)394105762(0,7)
(1,6)249974525(2,6)
(3,6)128131411(3,7)
(4,6)827667685(5,6)
(5,6)1250233912(5,7)
(6,6)309911730(7,6)
(6,6)916510914(6,7)
(8,6)877125516(8,7)
(11,6)115736024(12,6)
(12,6)1405624383(13,6)
(14,6)1(15,6)
(14,6)1(14,7)
(15,6)1(16,6)
(16,6)1(17,6)
(18,6)1021945034(19,6)
(19,6)654850769(20,6)
(19,6)1(19,7)
(22,6)204562704(22,7)
(23,6)391136997(23,7)
(24,6)1076426599(24,7)
(25,6)53211381(26,6)
(25,6)389007823(25,7)
(26,6)74061508(27,6)
(27,6)20140679(28,6)
(27,6)168947405(27,7)
(30,6)914271095(31,6)
(30,6)908414769(30,7)
(31,6)407814287(32,6)
(31,6)225774678(31,7)
(32,6)1119588302(33,6)
(32,6)1227002625(32,7)
(33,6)622211961(34,6)
(34,6)631121187(35,6)
(35,6)1277062730(35,7)
(36,6)525772161(36,7)
(37,6)314818745(37,7)
(38,6)705955742(39,6)
(40,6)53547261(41,6)
(40,6)396836287(40,7)
(42,6)127608770(42,7)
(43,6)1167955403(43,7)
(44,6)865508229(45,6)
(45,6)868540222(46,6)
(45,6)1189230241(45,7)
(47,6)859298301(48,6)
(48,6)1115574986(49,6)
(48,6)387109574(48,7)
(0,7)381159262(0,8)
(1,7)77338022(2,7)
(1,7)611089345(1,8)
(2,7)124984686(2,8)
(3,7)392156768(3,8)
(4,7)428784539(4,8)
(5,7)1(6,7)
(5,7)1(5,8)
(6,7)1(7,7)
(7,7)1(8,7)
(7,7)21691095(7,8)
(8,7)1(9,7)
(8,7)701015021(8,8)
(9,7)1(10,7)
(10,7)1(11,7)
(11,7)1(12,7)
(12,7)1(13,7)
(12,7)13555535(12,8)
(13,7)1(14,7)
(14,7)1086808991(15,7)
(14,7)1004687122(14,8)
(15,7)206880451(15,8)
(16,7)817969796(17,7)
(16,7)686021517(16,8)
(17,7)811006203(18,7)
(18,7)405849699(18,8)
(19,7)1(20,7)
(20,7)1(21,7)
(20,7)805970038(20,8)
(21,7)1(22,7)
(22,7)1(22,8)
(23,7)648715061(23,8)
(24,7)164466691(25,7)
(24,7)1068654929(24,8)
(26,7)676521034(27,7)
(26,7)545726549(26,8)
(27,7)559282084(28,7)
(29,7)151302057(30,7)
(30,7)795400344(30,8)
(32,7)852849201(33,7)
(32,7)309502520(32,8)
(33,7)715352219(34,7)
(33,7)144944416(33,8)
(34,7)560706729(34,8)
(36,7)435769176(37,7)
(37,7)314594970(38,7)
(38,7)21343368(39,7)
(39,7)411897918(40,7)
(40,7)185810059(40,8)
(41,7)731536608(42,7)
(43,7)777318067(44,7)
(44,7)575470966(45,7)
(44,7)900324469(44,8)
(46,7)318284918(47,7)
(46,7)67003690(46,8)
(47,7)376506210(48,7)
(49,7)1091858429(49,8)
(0,8)838393967(1,8)
(1,8)494361240(1,9)
(2,8)540881588(2,9)
(3,8)323662274(3,9)
(4,8)273373404(4,9)
(5,8)1(5,9)
(6,8)530815701(6,9)
(8,8)773111835(8,9)
(9,8)405687354(9,9)
(10,8)981158320(11,8)
(11,8)331566378(11,9)
(12,8)649851296(13,8)
(13,8)514641574(13,9)
(15,8)369043002(15,9)
(16,8)863404242(17,8)
(16,8)380159336(16,9)
(17,8)208892935(17,9)
(18,8)532555209(19,8)
(21,8)604695737(21,9)
(22,8)1(23,8)
(23,8)1(23,9)
(24,8)928932568(25,8)
(27,8)810769251(28,8)
(28,8)264628553(28,9)
(29,8)87953824(29,9)
(30,8)456996826(31,8)
(33,8)412595230(33,9)
(34,8)41629066(35,8)
(36,8)6373154(36,9)
(37,8)75891190(37,9)
(38,8)599136404(39,8)
(39,8)1141274218(39,9)
(40,8)424485097(41,8)
(42,8)345701005(43,8)
(42,8)39262355(42,9)
(43,8)303890908(44,8)
(44,8)41915641(45,8)
(45,8)1174209221(46,8)
(45,8)242021229(45,9)
(46,8)498912467(46,9)
(47,8)665763526(47,9)
(48,8)990376391(48,9)
(49,8)638281965(49,9)
(0,9)1119987822(1,9)
(0,9)927813825(0,10)
(2,9)867247039(3,9)
(3,9)239886920(4,9)
(4,9)1(5,9)
(4,9)1(4,10)
(5,9)380414658(6,9)
(7,9)941617594(8,9)
(9,9)1315851(10,9)
(9,9)895579411(9,10)
(10,9)937495052(11,9)
(11,9)958884822(12,9)
(11,9)243337081(11,10)
(14,9)555523456(15,9)
(14,9)671723990(14,10)
(17,9)654388606(18,9)
(18,9)866085930(19,9)
(19,9)650152373(20,9)
(19,9)894275526(19,10)
(20,9)127953017(21,9)
(21,9)1(22,9)
(21,9)1(21,10)
(22,9)1(23,9)
(24,9)477096726(25,9)
(24,9)423556019(24,10)
(25,9)208231620(26,9)
(27,9)703515650(28,9)
(27,9)1167116442(27,10)
(28,9)644281142(29,9)
(29,9)81265070(30,9)
(31,9)727832228(32,9)
(32,9)728185516(33,9)
(32,9)386499313(32,10)
(33,9)229456885(34,9)
(34,9)129012712(35,9)
(35,9)583229785(36,9)
(35,9)879609258(35,10)
(36,9)256965729(36,10)
(37,9)43081334(38,9)
(38,9)952130468(39,9)
(38,9)316903664(38,10)
(39,9)740459683(40,9)
(40,9)1158961930(41,9)
(41,9)696335324(42,9)
(42,9)887155410(42,10)
(43,9)296696490(44,9)
(44,9)612605239(44,10)
(45,9)377961561(45,10)
(46,9)327425515(46,10)
(47,9)713924828(48,9)
(47,9)392758417(47,10)
(48,9)639466315(48,10)
(49,9)943381713(49,10)
(0,10)86254113(0,11)
(1,10)669483899(2,10)
(2,10)13474045(2,11)
(3,10)56555380(4,10)
(4,10)1(5,10)
(5,10)1(6,10)
(6,10)742139192(7,10)
(6,10)1(6,11)
(7,10)822822743(8,10)
(8,10)1629294603(8,11)
(9,10)75190069(9,11)
(10,10)1139310452(11,10)
(11,10)156469006(11,11)
(12,10)67749805(13,10)
(13,10)33177147(14,10)
(14,10)707216120(14,11)
(15,10)793470234(16,10)
(15,10)976558860(15,11)
(16,10)652066184(17,10)
(18,10)90266149(18,11)
(20,10)1120079168(21,10)
(20,10)52827762(20,11)
(21,10)179315180(22,10)
(21,10)1(21,11)
(23,10)1002137923(23,11)
(24,10)1050282776(24,11)
(25,10)927983082(26,10)
(25,10)1122536761(25,11)
(26,10)69154797(26,11)
(27,10)470609578(27,11)
(28,10)405994491(29,10)
(28,10)1346755573(28,11)
(30,10)398143125(31,10)
(31,10)699958280(31,11)
(32,10)15428765(33,10)
(33,10)768610366(33,11)
(34,10)158028624(35,10)
(35,10)985845238(35,11)
(37,10)992842505(38,10)
(38,10)457793520(39,10)
(39,10)189388173(39,11)
(40,10)1311924935(41,10)
(41,10)795264604(41,11)
(42,10)443447055(42,11)
(43,10)992683428(43,11)
(44,10)414267692(45,10)
(46,10)249165306(47,10)
(48,10)264594071(48,11)
(49,10)855611937(49,11)
(1,11)911930790(2,11)
(2,11)986270655(2,12)
(3,11)367586387(3,12)
(4,11)825379908(5,11)
(5,11)21017686(5,12)
(6,11)1332942621(7,11)
(6,11)1(6,12)
(7,11)500296728(7,12)
(9,11)662493864(9,12)
(10,11)1076761557(11,11)
(11,11)783815968(12,11)
(12,11)1217480989(13,11)
(15,11)970181787(16,11)
(15,11)312437142(15,12)
(16,11)6410669(17,11)
(18,11)102215317(19,11)
(18,11)1027162527(18,12)
(19,11)864913130(20,11)
(20,11)927595225(20,12)
(21,11)1(21,12)
(22,11)995497416(22,12)
(23,11)624403444(24,11)
(24,11)688929245(24,12)
(26,11)402195208(26,12)
(27,11)143883935(28,11)
(27,11)615817501(27,12)
(28,11)181157341(29,11)
(29,11)1416416538(30,11)
(31,11)267752010(32,11)
(31,11)239114677(31,12)
(33,11)1(34,11)
(33,11)1(33,12)
(34,11)1(34,12)
(35,11)1003554148(36,11)
(36,11)234094214(37,11)
(37,11)377248926(38,11)
(38,11)807106934(39,11)
(39,11)1001652370(39,12)
(40,11)897680823(41,11)
(40,11)132540585(40,12)
(41,11)534735794(42,11)
(42,11)293600829(43,11)
(43,11)678619729(43,12)
(44,11)279328869(45,11)
(44,11)474758170(44,12)
(45,11)965299325(45,12)
(46,11)192475151(46,12)
(47,11)112032102(48,11)
(47,11)39141601(47,12)
(48,11)116801207(49,11)
(48,11)1178157609(48,12)
(49,11)1058751580(49,12)
(0,12)1254116532(0,13)
(1,12)110187033(2,12)
(1,12)722900540(1,13)
(3,12)106870532(3,13)
(4,12)913977466(5,12)
(4,12)113847304(4,13)
(5,12)596650730(5,13)
(6,12)1(6,13)
(8,12)1108872864(8,13)
(9,12)112389926(9,13)
(10,12)391718795(11,12)
(10,12)405771426(10,13)
(11,12)177161017(12,12)
(12,12)679985331(13,12)
(12,12)584193946(12,13)
(13,12)696226048(14,12)
(13,12)216302618(13,13)
(14,12)333103826(15,12)
(16,12)330394520(17,12)
(16,12)169101749(16,13)
(18,12)1181833390(19,12)
(19,12)1129333190(19,13)
(21,12)1(22,12)
(22,12)1(23,12)
(23,12)1(24,12)
(23,12)428615457(23,13)
(24,12)1(25,12)
(25,12)1(25,13)
(26,12)167548023(27,12)
(26,12)932724179(26,13)
(28,12)847533354(28,13)
(29,12)558192647(30,12)
(29,12)65660526(29,13)
(31,12)83248350(32,12)
(32,12)1(33,12)
(32,12)1(32,13)
(33,12)1617583181(33,13)
(34,12)1(35,12)
(35,12)1(35,13)
(36,12)177932996(36,13)
(37,12)427969891(37,13)
(38,12)856585348(39,12)
(38,12)756351368(38,13)
(39,12)1284985865(39,13)
(41,12)182831263(42,12)
(41,12)873221868(41,13)
(42,12)237962025(43,12)
(43,12)844560289(44,12)
(45,12)1402752936(45,13)
(46,12)778237760(47,12)
(49,12)585568102(49,13)
(0,13)713482866(0,14)
(1,13)146607498(2,13)
(2,13)63865006(2,14)
(3,13)574577389(3,14)
(5,13)452132046(5,14)
(6,13)281610958(7,13)
(6,13)1(6,14)
(8,13)146543293(9,13)
(8,13)278637892(8,14)
(9,13)416366825(9,14)
(10,13)34293092(11,13)
(11,13)378467469(11,14)
(13,13)767487313(14,13)
(14,13)949082183(15,13)
(14,13)237907023(14,14)
(16,13)335831102(17,13)
(16,13)835014193(16,14)
(17,13)898879199(18,13)
(19,13)721364018(20,13)
(19,13)66025380(19,14)
(20,13)518157426(21,13)
(20,13)956253867(20,14)
(22,13)799768384(22,14)
(23,13)354141126(23,14)
(24,13)770507951(25,13)
(25,13)1(25,14)
(26,13)432588280(27,13)
(26,13)804801043(26,14)
(27,13)130174908(28,13)
(29,13)897662221(29,14)
(30,13)103233988(31,13)
(31,13)1(32,13)
(31,13)1(31,14)
(32,13)439065090(32,14)
(34,13)1254195291(34,14)
(35,13)1(36,13)
(35,13)237109160(35,14)
(36,13)1(36,14)
(37,13)910637936(38,13)
(40,13)677654628(40,14)
(42,13)871960527(43,13)
(42,13)328269655(42,14)
(44,13)362809154(45,13)
(46,13)80903176(47,13)
(46,13)466043142(46,14)
(48,13)105410284(49,13)
(49,13)420853375(49,14)
(0,14)916718981(0,15)
(1,14)657962536(1,15)
(2,14)651795113(3,14)
(3,14)532690042(3,15)
(4,14)439836719(5,14)
(4,14)310932375(4,15)
(5,14)561190462(5,15)
(6,14)1(7,14)
(7,14)1(8,14)
(8,14)1(8,15)
(9,14)555221010(10,14)
(10,14)280419458(11,14)
(11,14)5017412(11,15)
(12,14)85920588(13,14)
(13,14)147570682(13,15)
(14,14)252980967(15,14)
(15,14)665163260(16,14)
(16,14)582903097(17,14)
(18,14)30054146(19,14)
(19,14)479725234(19,15)
(20,14)1040915696(21,14)
(20,14)469890866(20,15)
(22,14)357847127(23,14)
(23,14)135445379(24,14)
(24,14)260106580(24,15)
(25,14)1(26,14)
(26,14)1(27,14)
(26,14)90391701(26,15)
(27,14)1(28,14)
(28,14)1(28,15)
(29,14)1(30,14)
(29,14)1(29,15)
(30,14)1(31,14)
(32,14)692576033(33,14)
(32,14)848785147(32,15)
(34,14)185844119(35,14)
(34,14)722630179(34,15)
(36,14)1(37,14)
(37,14)1(38,14)
(37,14)632419611(37,15)
(38,14)1(39,14)
(39,14)1(39,15)
(40,14)334753792(40,15)
(41,14)425145493(42,14)
(42,14)899538457(43,14)
(43,14)732980012(44,14)
(44,14)641477660(44,15)
(45,14)636397831(46,14)
(46,14)310756961(47,14)
(47,14)570124831(48,14)
(47,14)582421378(47,15)
(48,14)288540262(49,14)
(49,14)506124541(49,15)
(0,15)474384381(1,15)
(1,15)771000571(2,15)
(2,15)501966040(3,15)
(3,15)130724250(4,15)
(5,15)653672927(6,15)
(5,15)843233331(5,16)
(6,15)1(7,15)
(6,15)1(6,16)
(7,15)1(8,15)
(8,15)710897672(9,15)
(8,15)50300775(8,16)
(9,15)783280787(10,15)
(12,15)209582781(13,15)
(13,15)423710894(13,16)
(14,15)712251156(15,15)
(14,15)1212915775(14,16)
(15,15)791395301(16,15)
(16,15)1186635538(16,16)
(17,15)740296087(18,15)
(18,15)818332408(19,15)
(18,15)250417439(18,16)
(19,15)871020337(19,16)
(20,15)599050492(20,16)
(21,15)714522369(22,15)
(21,15)278114736(21,16)
(22,15)89473951(23,15)
(25,15)5263309(26,15)
(25,15)499276735(25,16)
(26,15)398102554(27,15)
(26,15)20864406(26,16)
(28,15)1(29,15)
(28,15)607685335(28,16)
(29,15)402334558(29,16)
(30,15)310514767(31,15)
(31,15)21666765(32,15)
(32,15)58966166(32,16)
(33,15)309383605(34,15)
(34,15)697757397(34,16)
(35,15)1296807890(36,15)
(36,15)211940149(37,15)
(38,15)301414101(38,16)
(39,15)1101785725(40,15)
(39,15)1(39,16)
(40,15)1080721066(41,15)
(41,15)1107049034(41,16)
(42,15)953601859(43,15)
(43,15)902919253(43,16)
(44,15)1223865578(44,16)
(45,15)58896805(46,15)
(46,15)76655536(47,15)
(47,15)80563571(47,16)
(48,15)842526423(49,15)
(0,16)328025965(1,16)
(0,16)653837923(0,17)
(2,16)1527779176(2,17)
(3,16)245743911(4,16)
(4,16)785995125(5,16)
(4,16)283814365(4,17)
(5,16)827188243(5,17)
(6,16)1(6,17)
(7,16)570411445(8,16)
(7,16)345165476(7,17)
(9,16)1178274591(10,16)
(10,16)631100862(11,16)
(10,16)375149265(10,17)
(11,16)434046071(12,16)
(12,16)99385792(12,17)
(13,16)514609642(13,17)
(14,16)1357136065(15,16)
(14,16)823153424(14,17)
(17,16)1065457559(18,16)
(21,16)253444847(22,16)
(21,16)885546426(21,17)
(23,16)990581009(24,16)
(23,16)823856292(23,17)
(24,16)149703343(25,16)
(24,16)381995590(24,17)
(25,16)21371952(25,17)
(26,16)811789315(27,16)
(29,16)354531989(30,16)
(29,16)506826886(29,17)
(30,16)915452986(30,17)
(31,16)453131369(32,16)
(33,16)567445800(34,16)
(34,16)682306750(35,16)
(35,16)67392136(35,17)
(36,16)1(37,16)
(36,16)1(36,17)
(37,16)1(38,16)
(38,16)1(39,16)
(38,16)36166816(38,17)
(39,16)418162406(40,16)
(40,16)576550089(40,17)
(42,16)219014540(43,16)
(42,16)100803172(42,17)
(43,16)90060643(43,17)
(44,16)596887530(45,16)
(45,16)692784447(46,16)
(46,16)566986007(46,17)
(47,16)1145915816(47,17)
(48,16)517021096(49,16)
(48,16)634946616(48,17)
(49,16)338261990(49,17)
(0,17)398818456(0,18)
(1,17)405654126(1,18)
(2,17)1358592688(3,17)
(3,17)149601557(4,17)
(6,17)1(6,18)
(7,17)840745525(7,18)
(8,17)954544139(8,18)
(9,17)586725876(10,17)
(10,17)251570170(11,17)
(10,17)837091526(10,18)
(11,17)573439603(11,18)
(12,17)244193019(13,17)
(12,17)818556177(12,18)
(13,17)589372367(14,17)
(13,17)528308141(13,18)
(14,17)879139635(14,18)
(15,17)927634357(15,18)
(16,17)97173436(16,18)
(17,17)1026322154(17,18)
(18,17)377676670(19,17)
(18,17)544397523(18,18)
(20,17)155877932(20,18)
(21,17)510629283(22,17)
(22,17)297857167(23,17)
(22,17)242816437(22,18)
(23,17)75251280(23,18)
(25,17)47225111(26,17)
(26,17)210042408(27,17)
(27,17)800060268(28,17)
(28,17)454235427(28,18)
(30,17)169583344(31,17)
(31,17)1100428252(32,17)
(31,17)463849505(31,18)
(33,17)922658702(33,18)
(34,17)894490710(35,17)
(36,17)1(36,18)
(37,17)526382617(38,17)
(37,17)386871896(37,18)
(38,17)462123176(39,17)
(40,17)192057097(40,18)
(41,17)173561188(42,17)
(41,17)851270236(41,18)
(43,17)973621456(43,18)
(44,17)215570444(45,17)
(44,17)238813252(44,18)
(46,17)385153788(46,18)
(47,17)195012672(47,18)
(48,17)1017052764(48,18)
(0,18)737417445(0,19)
(1,18)613660059(2,18)
(2,18)627841125(3,18)
(2,18)148244617(2,19)
(4,18)74269017(4,19)
(5,18)1(6,18)
(5,18)1(5,19)
(8,18)1034137536(8,19)
(9,18)654411225(9,19)
(10,18)101801656(10,19)
(14,18)509070122(15,18)
(14,18)518243189(14,19)
(15,18)636005096(15,19)
(16,18)373748559(16,19)
(17,18)521993177(18,18)
(18,18)722369001(19,18)
(18,18)595632974(18,19)
(19,18)669901991(20,18)
(20,18)1447507192(21,18)
(20,18)37540485(20,19)
(21,18)1548216133(21,19)
(22,18)911256323(22,19)
(24,18)993305267(24,19)
(25,18)1095106923(26,18)
(25,18)709187933(25,19)
(26,18)683497253(27,18)
(26,18)749951730(26,19)
(27,18)291492999(27,19)
(28,18)184687678(28,19)
(29,18)702930867(30,18)
(29,18)853280966(29,19)
(30,18)191961870(30,19)
(31,18)565710429(32,18)
(33,18)1087703606(33,19)
(34,18)1(35,18)
(34,18)1(34,19)
(35,18)1(36,18)
(35,18)575129228(35,19)
(37,18)348120238(38,18)
(39,18)146030449(39,19)
(40,18)855218382(41,18)
(42,18)1338600119(43,18)
(44,18)403988583(45,18)
(45,18)278850534(45,19)
(46,18)89958388(47,18)
(48,18)719384125(49,18)
(49,18)1108096146(49,19)
(0,19)856224495(1,19)
(1,19)171071573(2,19)
(2,19)293088410(2,20)
(3,19)8695025(3,20)
(4,19)617782017(4,20)
(5,19)1(6,19)
(6,19)1(6,20)
(7,19)1616889334(7,20)
(8,19)808005805(9,19)
(8,19)1033689468(8,20)
(9,19)609609135(10,19)
(11,19)895467761(12,19)
(11,19)888459669(11,20)
(13,19)758973490(14,19)
(13,19)527148280(13,20)
(14,19)601321344(14,20)
(15,19)479538532(16,19)
(17,19)248361663(18,19)
(17,19)650610106(17,20)
(18,19)659305131(19,19)
(22,19)1171783242(22,20)
(23,19)57989062(24,19)
(24,19)231906879(24,20)
(25,19)667598197(25,20)
(26,19)1113435364(26,20)
(27,19)669539945(28,19)
(27,19)809388665(27,20)
(28,19)386992275(28,20)
(30,19)435585702(30,20)
(31,19)390858954(32,19)
(32,19)403427139(32,20)
(33,19)639220617(33,20)
(34,19)1(34,20)
(35,19)361466184(36,19)
(37,19)1(38,19)
(37,19)1(37,20)
(38,19)1(39,19)
(38,19)80951578(38,20)
(39,19)1(40,19)
(39,19)140405347(39,20)
(40,19)1(41,19)
(41,19)1(42,19)
(41,19)226779360(41,20)
(42,19)1(43,19)
(42,19)216577763(42,20)
(43,19)603570038(44,19)
(43,19)1(43,20)
(44,19)224118296(45,19)
(44,19)225221322(44,20)
(45,19)660807024(46,19)
(46,19)912252163(47,19)
(47,19)1051665979(47,20)
(48,19)883230773(48,20)
(49,19)946003155(49,20)
(0,20)1(1,20)
(0,20)1513514515(0,21)
(1,20)1(1,21)
(2,20)158125128(3,20)
(3,20)65243204(4,20)
(4,20)239076706(4,21)
(5,20)1(6,20)
(5,20)1(5,21)
(7,20)778714524(7,21)
(9,20)363884319(9,21)
(10,20)588002615(11,20)
(11,20)553427248(12,20)
(12,20)42968423(13,20)
(14,20)926199196(14,21)
(15,20)292230063(16,20)
(16,20)73206405(16,21)
(17,20)56033325(18,20)
(17,20)19727114(17,21)
(18,20)2386098(19,20)
(18,20)46100806(18,21)
(19,20)285177513(20,20)
(19,20)121276530(19,21)
(20,20)326925081(21,20)
(21,20)837112676(21,21)
(23,20)423323388(24,20)
(23,20)705046855(23,21)
(25,20)109639638(25,21)
(29,20)209523517(30,20)
(30,20)187895682(30,21)
(31,20)261102087(32,20)
(31,20)501753581(31,21)
(32,20)521480695(33,20)
(33,20)317135413(33,21)
(34,20)1(35,20)
(34,20)523866794(34,21)
(35,20)1(36,20)
(36,20)1(37,20)
(36,20)765337024(36,21)
(39,20)381753942(39,21)
(40,20)491393580(41,20)
(40,20)1424132367(40,21)
(43,20)1(43,21)
(44,20)754957869(44,21)
(45,20)942853551(46,20)
(46,20)316323498(46,21)
(48,20)247831593(48,21)
(49,20)585830873(49,21)
(0,21)771698387(0,22)
(1,21)1(2,21)
(2,21)161423110(3,21)
(2,21)1(2,22)
(3,21)535786925(4,21)
(5,21)1(6,21)
(6,21)1(6,22)
(7,21)780326019(7,22)
(8,21)348400734(9,21)
(8,21)1140683927(8,22)
(9,21)155757726(10,21)
(10,21)775295496(11,21)
(10,21)1103358604(10,22)
(12,21)1091618994(12,22)
(13,21)445903952(14,21)
(14,21)476291550(15,21)
(15,21)126235922(16,21)
(15,21)1031734826(15,22)
(16,21)986805479(17,21)
(16,21)288310897(16,22)
(20,21)171511414(21,21)
(22,21)411231309(23,21)
(23,21)573646142(24,21)
(24,21)759632044(24,22)
(25,21)729403868(25,22)
(26,21)109758912(27,21)
(27,21)738184776(28,21)
(28,21)716919654(29,21)
(29,21)718486036(30,21)
(30,21)68339906(31,21)
(32,21)108559563(33,21)
(33,21)55890327(34,21)
(33,21)199705723(33,22)
(34,21)307636834(34,22)
(35,21)1040238036(35,22)
(36,21)671143326(37,21)
(38,21)968591536(39,21)
(38,21)1082374636(38,22)
(40,21)361199909(41,21)
(42,21)1171749187(43,21)
(42,21)470958821(42,22)
(43,21)1(43,22)
(45,21)934396398(46,21)
(45,21)405909711(45,22)
(47,21)384702753(48,21)
(47,21)268434852(47,22)
(49,21)440593080(49,22)
(1,22)1316499386(2,22)
(2,22)1(3,22)
(3,22)752638075(4,22)
(3,22)1(3,23)
(5,22)384434116(5,23)
(6,22)1(7,22)
(7,22)1(7,23)
(8,22)1216592847(8,23)
(9,22)904016522(10,22)
(10,22)656005571(11,22)
(10,22)1104352876(10,23)
(11,22)1309926234(11,23)
(12,22)413074256(13,22)
(13,22)370265691(14,22)
(13,22)159700478(13,23)
(14,22)627841053(15,22)
(15,22)810858772(15,23)
(16,22)144206240(17,22)
(16,22)549657897(16,23)
(17,22)96662426(18,22)
(17,22)460625648(17,23)
(18,22)148697035(18,23)
(19,22)1235562466(20,22)
(19,22)849300501(19,23)
(20,22)1233734618(21,22)
(20,22)1032323074(20,23)
(21,22)568587553(22,22)
(22,22)60885776(23,22)
(23,22)1048477843(24,22)
(24,22)986067747(25,22)
(25,22)380922687(26,22)
(27,22)272188313(27,23)
(28,22)431888791(29,22)
(29,22)1152793050(30,22)
(30,22)661277073(31,22)
(31,22)296919312(31,23)
(32,22)757544961(33,22)
(32,22)805483313(32,23)
(34,22)407867021(35,22)
(35,22)978304805(36,22)
(35,22)42259167(35,23)
(37,22)1473486635(38,22)
(38,22)1138171995(39,22)
(39,22)1396665684(40,22)
(39,22)374480830(39,23)
(40,22)179491548(41,22)
(43,22)1(44,22)
(44,22)949400324(45,22)
(44,22)1(44,23)
(45,22)1393911671(46,22)
(47,22)268677062(48,22)
(47,22)855815765(47,23)
(48,22)414382284(49,22)
(48,22)734729737(48,23)
(0,23)822249305(1,23)
(0,23)680711467(0,24)
(2,23)316367296(2,24)
(3,23)1(3,24)
(4,23)49113330(5,23)
(5,23)1(6,23)
(5,23)1(5,24)
(6,23)1(7,23)
(6,23)25869424(6,24)
(7,23)28742013(7,24)
(9,23)18243576(10,23)
(9,23)596197213(9,24)
(10,23)265216877(10,24)
(12,23)1008791286(12,24)
(13,23)367460666(13,24)
(14,23)410423552(14,24)
(15,23)352842112(15,24)
(17,23)602667644(17,24)
(18,23)647318071(18,24)
(21,23)47926966(21,24)
(22,23)76668980(23,23)
(23,23)1119311127(24,23)
(24,23)7704030(24,24)
(25,23)272920907(26,23)
(26,23)836063743(27,23)
(27,23)88909312(28,23)
(28,23)152026474(29,23)
(28,23)511757558(28,24)
(29,23)922181111(30,23)
(31,23)390478033(32,23)
(32,23)468500127(33,23)
(33,23)163453937(33,24)
(34,23)1726283773(35,23)
(35,23)1486302563(35,24)
(36,23)1534229529(37,23)
(36,23)1158481075(36,24)
(37,23)787021040(38,23)
(38,23)366713722(39,23)
(40,23)896403223(41,23)
(40,23)48717859(40,24)
(41,23)1276319533(42,23)
(43,23)96740876(44,23)
(44,23)1(45,23)
(45,23)1(46,23)
(46,23)884754470(47,23)
(46,23)1(46,24)
(49,23)1035083036(49,24)
(0,24)747233603(1,24)
(1,24)880195121(2,24)
(1,24)373901951(1,25)
(3,24)1(4,24)
(3,24)13618272(3,25)
(4,24)1(5,24)
(5,24)304100590(5,25)
(7,24)586705033(7,25)
(8,24)115310640(9,24)
(8,24)785487131(8,25)
(9,24)923114585(9,25)
(11,24)410444229(12,24)
(12,24)638420817(13,24)
(14,24)436373599(15,24)
(15,24)1896249612(15,25)
(16,24)122667915(17,24)
(16,24)1183607202(16,25)
(19,24)1254862091(20,24)
(20,24)306217212(20,25)
(21,24)735267066(22,24)
(22,24)536748710(23,24)
(22,24)844211058(22,25)
(23,24)293152806(23,25)
(24,24)652059350(24,25)
(25,24)448002073(26,24)
(25,24)364442548(25,25)
(26,24)118108895(27,24)
(26,24)576021186(26,25)
(27,24)91633963(28,24)
(28,24)126386424(29,24)
(29,24)600721480(30,24)
(30,24)701566503(31,24)
(30,24)562760023(30,25)
(32,24)824234418(32,25)
(33,24)707550167(34,24)
(33,24)540721809(33,25)
(37,24)368246767(38,24)
(37,24)512429748(37,25)
(38,24)805582554(39,24)
(38,24)301720997(38,25)
(39,24)953780347(40,24)
(40,24)214903857(41,24)
(41,24)450387483(42,24)
(42,24)112745075(43,24)
(42,24)333012752(42,25)
(44,24)239131499(44,25)
(45,24)801891522(46,24)
(46,24)1(46,25)
(47,24)873139259(48,24)
(47,24)400775099(47,25)
(48,24)941496908(49,24)
(48,24)868117502(48,25)
(0,25)821825373(1,25)
(0,25)339062971(0,26)
(1,25)116225652(2,25)
(2,25)1160590323(3,25)
(2,25)345861082(2,26)
(3,25)714107850(4,25)
(3,25)628655400(3,26)
(5,25)268608019(6,25)
(5,25)564569158(5,26)
(8,25)1112485768(8,26)
(9,25)54544585(10,25)
(9,25)153529533(9,26)
(11,25)676674888(12,25)
(12,25)920382134(13,25)
(13,25)422911970(14,25)
(13,25)1077449987(13,26)
(16,25)693288620(16,26)
(17,25)96304612(17,26)
(18,25)724960012(19,25)
(18,25)264842459(18,26)
(20,25)170343063(21,25)
(20,25)11714319(20,26)
(21,25)1320318570(22,25)
(23,25)931826657(23,26)
(24,25)1085356190(25,25)
(26,25)586224060(26,26)
(27,25)135996771(28,25)
(28,25)635745050(29,25)
(28,25)487069802(28,26)
(29,25)128085791(30,25)
(30,25)415026489(31,25)
(31,25)108164750(31,26)
(32,25)204469362(33,25)
(33,25)92162973(33,26)
(34,25)929429375(34,26)
(35,25)941143694(36,25)
(36,25)1359553014(37,25)
(37,25)113978616(37,26)
(38,25)1045805273(39,25)
(38,25)730737956(38,26)
(39,25)732914220(39,26)
(40,25)702277004(41,25)
(41,25)569901876(42,25)
(41,25)766678589(41,26)
(42,25)324973653(43,25)
(42,25)268964672(42,26)
(43,25)756034475(44,25)
(45,25)884120266(45,26)
(46,25)1(47,25)
(47,25)1(47,26)
(48,25)613103245(49,25)
(0,26)311040124(1,26)
(1,26)347024804(1,27)
(2,26)179320066(2,27)
(3,26)997416087(4,26)
(4,26)289832126(4,27)
(5,26)27406892(6,26)
(6,26)285123663(7,26)
(7,26)485723733(8,26)
(7,26)794085482(7,27)
(8,26)554088336(8,27)
(10,26)308946122(11,26)
(11,26)46759429(11,27)
(12,26)1039044445(13,26)
(13,26)1040408856(14,26)
(14,26)386781061(15,26)
(14,26)88315176(14,27)
(15,26)67015282(16,26)
(16,26)223183601(17,26)
(16,26)697821185(16,27)
(17,26)877141251(18,26)
(19,26)72109897(20,26)
(21,26)99516790(21,27)
(22,26)893602272(23,26)
(23,26)149132349(24,26)
(23,26)206887484(23,27)
(24,26)1398509865(25,26)
(27,26)1197693141(27,27)
(28,26)397575386(28,27)
(29,26)485890563(30,26)
(29,26)441677548(29,27)
(30,26)317836345(31,26)
(31,26)552905845(31,27)
(32,26)541019946(32,27)
(33,26)323297717(34,26)
(33,26)785630808(33,27)
(34,26)512704498(35,26)
(35,26)395407614(35,27)
(36,26)494924404(37,26)
(37,26)939468422(37,27)
(40,26)1026056370(41,26)
(40,26)397382123(40,27)
(42,26)101385878(43,26)
(42,26)384587311(42,27)
(43,26)782162697(44,26)
(45,26)283425207(46,26)
(46,26)118137047(46,27)
(47,26)659156993(48,26)
(47,26)1(47,27)
(48,26)977545571(49,26)
(0,27)478719517(0,28)
(3,27)730543779(4,27)
(3,27)489008963(3,28)
(5,27)220050545(6,27)
(5,27)297344989(5,28)
(7,27)1271226930(7,28)
(9,27)342667719(10,27)
(10,27)1149025312(11,27)
(10,27)297885996(10,28)
(11,27)581311203(12,27)
(13,27)773225967(13,28)
(14,27)349953176(14,28)
(15,27)828672693(16,27)
(15,27)761290414(15,28)
(17,27)258929230(18,27)
(17,27)378213234(17,28)
(18,27)867222197(19,27)
(19,27)830801929(20,27)
(20,27)355103419(20,28)
(21,27)240366765(22,27)
(22,27)174595756(23,27)
(22,27)462735709(22,28)
(23,27)23240731(24,27)
(23,27)82984573(23,28)
(25,27)365908451(25,28)
(26,27)433250847(26,28)
(27,27)278922116(27,28)
(30,27)93055676(31,27)
(30,27)655435974(30,28)
(31,27)144484442(31,28)
(32,27)522697676(33,27)
(32,27)84724766(32,28)
(34,27)849892526(35,27)
(35,27)632498867(35,28)
(36,27)1683351341(37,27)
(37,27)451962586(38,27)
(39,27)1257672013(40,27)
(39,27)475203318(39,28)
(40,27)841111769(41,27)
(40,27)1352600166(40,28)
(41,27)955282926(41,28)
(42,27)1234205043(43,27)
(42,27)670257552(42,28)
(44,27)670545833(45,27)
(44,27)138869478(44,28)
(45,27)794305452(46,27)
(46,27)763601509(46,28)
(47,27)848326275(48,27)
(47,27)1(47,28)
(48,27)256215256(49,27)
(48,27)1766593640(48,28)
(49,27)650023213(49,28)
(0,28)1009029865(0,29)
(1,28)606569510(2,28)
(2,28)818389773(3,28)
(2,28)1095334659(2,29)
(3,28)444475920(3,29)
(4,28)365366903(5,28)
(4,28)528853222(4,29)
(6,28)716128685(7,28)
(7,28)1356334434(8,28)
(7,28)594324514(7,29)
(9,28)1022502362(10,28)
(9,28)547631357(9,29)
(10,28)1218177190(11,28)
(11,28)614220840(12,28)
(13,28)682621327(14,28)
(14,28)837436192(14,29)
(16,28)467682973(17,28)
(16,28)224855970(16,29)
(17,28)305551920(17,29)
(18,28)750027840(19,28)
(19,28)720004227(19,29)
(20,28)595021143(21,28)
(21,28)685878165(22,28)
(23,28)550052417(24,28)
(24,28)442360309(25,28)
(26,28)1546985015(27,28)
(27,28)15990561(27,29)
(28,28)617827567(28,29)
(29,28)29970230(29,29)
(30,28)144755328(30,29)
(31,28)369611298(32,28)
(33,28)968886842(34,28)
(34,28)262322507(35,28)
(34,28)62342281(34,29)
(35,28)636329163(35,29)
(36,28)857343651(36,29)
(37,28)21009831(38,28)
(38,28)1758344143(39,28)
(39,28)571062249(39,29)
(40,28)53220804(40,29)
(41,28)974729198(41,29)
(42,28)990719759(43,28)
(43,28)13462315(44,28)
(43,28)1061107208(43,29)
(45,28)13998581(46,28)
(46,28)1(47,28)
(46,28)1(46,29)
(47,28)383609879(47,29)
(0,29)188250667(1,29)
(1,29)1027882344(2,29)
(2,29)1045594318(2,30)
(3,29)744013887(3,30)
(4,29)354874382(5,29)
(5,29)806149061(6,29)
(6,29)408095186(6,30)
(8,29)624114370(9,29)
(8,29)1029434527(8,30)
(9,29)1042896842(10,29)
(10,29)493357623(10,30)
(11,29)507356204(12,29)
(11,29)364139269(11,30)
(12,29)839627865(13,29)
(12,29)285279403(12,30)
(13,29)274302060(14,29)
(14,29)816894243(15,29)
(14,29)627430902(14,30)
(15,29)477576221(16,29)
(18,29)101988804(19,29)
(18,29)68534664(18,30)
(20,29)456863186(20,30)
(21,29)864958372(22,29)
(21,29)107873309(21,30)
(23,29)975793138(24,29)
(23,29)839328215(23,30)
(24,29)365382290(24,30)
(25,29)858739913(26,29)
(26,29)235345602(27,29)
(27,29)1366096117(27,30)
(28,29)109578553(29,29)
(28,29)1074973467(28,30)
(29,29)265973923(29,30)
(30,29)926472796(30,30)
(31,29)32496943(31,30)
(32,29)29668412(32,30)
(33,29)98203076(34,29)
(36,29)1117291847(36,30)
(37,29)1063650458(38,29)
(37,29)814282222(37,30)
(41,29)1087324516(42,29)
(41,29)473190757(41,30)
(43,29)1073485350(44,29)
(43,29)1078996379(43,30)
(45,29)1(46,29)
(45,29)1(45,30)
(46,29)695672139(46,30)
(47,29)725340551(48,29)
(47,29)511988633(47,30)
(48,29)199378271(49,29)
(48,29)51374875(48,30)
(49,29)823543627(49,30)
(0,30)856627639(1,30)
(1,30)223470951(1,31)
(3,30)890086297(4,30)
(3,30)307441612(3,31)
(5,30)742274628(6,30)
(5,30)782046245(5,31)
(6,30)545212526(7,30)
(7,30)134341327(8,30)
(8,30)907268612(9,30)
(8,30)543724409(8,31)
(10,30)410824361(11,30)
(10,30)708650391(10,31)
(11,30)98132184(11,31)
(12,30)759035200(13,30)
(14,30)388224(15,30)
(14,30)810410075(14,31)
(15,30)354245615(16,30)
(15,30)507897030(15,31)
(16,30)731367981(17,30)
(17,30)683451701(18,30)
(18,30)154846616(19,30)
(18,30)462639565(18,31)
(20,30)208100596(21,30)
(21,30)185254331(21,31)
(22,30)753313122(22,31)
(24,30)363110862(25,30)
(24,30)160504680(24,31)
(25,30)869155072(26,30)
(26,30)864895828(27,30)
(26,30)773935224(26,31)
(27,30)158176391(27,31)
(29,30)286857456(30,30)
(31,30)641103071(31,31)
(32,30)488508075(33,30)
(32,30)656566492(32,31)
(34,30)643354692(34,31)
(35,30)611769710(36,30)
(35,30)562185760(35,31)
(36,30)747440091(37,30)
(38,30)924458343(39,30)
(38,30)676159(38,31)
(39,30)161180840(40,30)
(42,30)521239909(42,31)
(44,30)1147698646(44,31)
(45,30)1(45,31)
(49,30)765241398(49,31)
(0,31)55034963(1,31)
(1,31)521796647(2,31)
(2,31)1189232041(2,32)
(3,31)929258594(4,31)
(3,31)148998186(3,32)
(5,31)89240601(6,31)
(6,31)213542088(6,32)
(7,31)127562870(8,31)
(8,31)160605168(9,31)
(11,31)268093380(12,31)
(11,31)278655058(11,32)
(13,31)44473377(13,32)
(14,31)470975119(14,32)
(15,31)381002056(16,31)
(15,31)387031303(15,32)
(17,31)417678862(18,31)
(18,31)1051796889(19,31)
(20,31)1165776488(21,31)
(21,31)191311859(22,31)
(22,31)631235290(23,31)
(22,31)640959600(22,32)
(23,31)637382622(24,31)
(23,31)318874729(23,32)
(24,31)93406458(25,31)
(25,31)631492934(25,32)
(27,31)1055446737(28,31)
(27,31)220754005(27,32)
(28,31)265227382(29,31)
(29,31)437942339(30,31)
(29,31)677236642(29,32)
(31,31)814569708(32,31)
(31,31)818944395(31,32)
(32,31)631242759(32,32)
(33,31)125601175(34,31)
(34,31)431702379(35,31)
(34,31)626056339(34,32)
(35,31)603826111(36,31)
(37,31)90954819(38,31)
(37,31)795137970(37,32)
(39,31)482753878(40,31)
(39,31)728337442(39,32)
(41,31)139627683(42,31)
(41,31)435414503(41,32)
(42,31)656168508(43,31)
(42,31)122494721(42,32)
(43,31)89461940(44,31)
(44,31)921395891(44,32)
(45,31)360035131(46,31)
(45,31)1(45,32)
(46,31)789095359(46,32)
(47,31)1174604839(47,32)
(48,31)259369762(49,31)
(48,31)920608124(48,32)
(0,32)691072141(1,32)
(1,32)3006927(2,32)
(2,32)153636774(3,32)
(2,32)141067360(2,33)
(3,32)232022179(4,32)
(5,32)327304072(6,32)
(5,32)960359621(5,33)
(6,32)172706350(7,32)
(7,32)762718575(7,33)
(8,32)295201071(8,33)
(9,32)384663011(10,32)
(9,32)159311562(9,33)
(10,32)192799326(10,33)
(11,32)552834457(12,32)
(11,32)912067291(11,33)
(12,32)110932317(13,32)
(12,32)673234336(12,33)
(15,32)430721258(16,32)
(16,32)438503098(17,32)
(17,32)671464912(18,32)
(17,32)433728185(17,33)
(18,32)592139873(18,33)
(19,32)436690067(20,32)
(19,32)903487091(19,33)
(21,32)763994139(21,33)
(23,32)184270486(24,32)
(24,32)798116149(24,33)
(25,32)990915476(26,32)
(25,32)568933497(25,33)
(26,32)976327821(26,33)
(28,32)1123705582(29,32)
(29,32)475989900(30,32)
(30,32)940195417(31,32)
(30,32)963030993(30,33)
(31,32)906711158(31,33)
(33,32)17409809(33,33)
(34,32)920896901(35,32)
(34,32)424828777(34,33)
(35,32)260044807(35,33)
(36,32)1024038946(37,32)
(36,32)637259966(36,33)
(37,32)526329381(38,32)
(38,32)27925935(39,32)
(38,32)403268012(38,33)
(39,32)710599867(39,33)
(40,32)1120114779(40,33)
(41,32)44815990(41,33)
(42,32)613050505(42,33)
(43,32)57499963(44,32)
(44,32)564787858(44,33)
(45,32)1(45,33)
(47,32)873763749(47,33)
(48,32)891173558(49,32)
(48,32)633156716(48,33)
(0,33)1057985493(0,34)
(1,33)331877655(2,33)
(2,33)178053556(3,33)
(2,33)301846777(2,34)
(3,33)828176158(4,33)
(4,33)581321569(4,34)
(6,33)670825742(7,33)
(6,33)574967022(6,34)
(7,33)523925975(8,33)
(10,33)1021651862(11,33)
(12,33)1167583446(13,33)
(12,33)861052056(12,34)
(14,33)831180717(15,33)
(15,33)711242007(16,33)
(16,33)127135179(17,33)
(16,33)495767529(16,34)
(18,33)470045970(19,33)
(18,33)305188735(18,34)
(19,33)886510304(20,33)
(21,33)499865236(22,33)
(21,33)521732387(21,34)
(22,33)201770460(23,33)
(23,33)824301183(24,33)
(25,33)18193745(25,34)
(27,33)733974918(28,33)
(27,33)222526073(27,34)
(28,33)162533232(29,33)
(29,33)566416130(30,33)
(29,33)665642036(29,34)
(32,33)173294152(33,33)
(33,33)139612137(33,34)
(34,33)643340123(34,34)
(35,33)568238336(36,33)
(36,33)635001797(36,34)
(37,33)175426733(38,33)
(39,33)856506833(40,33)
(40,33)943165783(40,34)
(42,33)87831922(43,33)
(42,33)763497833(42,34)
(44,33)68221951(45,33)
(44,33)250365155(44,34)
(45,33)1244079105(46,33)
(45,33)1(45,34)
(47,33)586076936(47,34)
(48,33)725689073(49,33)
(0,34)343608028(1,34)
(0,34)42398697(0,35)
(1,34)610637034(2,34)
(2,34)978609825(2,35)
(3,34)1154036558(4,34)
(4,34)629609034(4,35)
(5,34)6280827(5,35)
(6,34)1024202490(7,34)
(6,34)418833877(6,35)
(7,34)1234922521(8,34)
(9,34)637502436(9,35)
(10,34)705724387(11,34)
(11,34)786214251(12,34)
(12,34)638228478(13,34)
(12,34)265225295(12,35)
(14,34)37287053(14,35)
(15,34)79685750(16,34)
(16,34)603772999(17,34)
(16,34)294104640(16,35)
(18,34)221579743(19,34)
(19,34)329375042(20,34)
(19,34)279267376(19,35)
(20,34)285548203(21,34)
(21,34)116081714(22,34)
(22,34)1019428978(23,34)
(23,34)949967368(24,34)
(24,34)311198969(24,35)
(25,34)119357845(25,35)
(26,34)546747410(26,35)
(27,34)811972706(28,34)
(27,34)639548366(27,35)
(28,34)22566732(28,35)
(29,34)59853785(30,34)
(29,34)255113046(29,35)
(30,34)947254952(31,34)
(31,34)108957158(32,34)
(31,34)139539535(31,35)
(32,34)829862320(33,34)
(34,34)1051442063(34,35)
(35,34)748689900(36,34)
(37,34)864771614(37,35)
(38,34)68292201(39,34)
(38,34)120121594(38,35)
(39,34)431320564(40,34)
(40,34)30595814(41,34)
(41,34)456062635(42,34)
(41,34)284654679(41,35)
(42,34)924203046(43,34)
(44,34)788558951(44,35)
(45,34)1(46,34)
(46,34)1(46,35)
(47,34)712368628(47,35)
(48,34)466756440(48,35)
(49,34)977257954(49,35)
(1,35)119404755(2,35)
(1,35)409943308(1,36)
(3,35)367769760(4,35)
(3,35)984176369(3,36)
(5,35)62078083(6,35)
(5,35)279007730(5,36)
(6,35)309603544(7,35)
(7,35)346732762(7,36)
(8,35)1270935808(9,35)
(9,35)1309522060(10,35)
(9,35)538398125(9,36)
(11,35)515422581(12,35)
(12,35)443770766(13,35)
(12,35)236982557(12,36)
(14,35)1174347813(15,35)
(14,35)910527206(14,36)
(15,35)281242062(16,35)
(15,35)940704506(15,36)
(16,35)634359769(16,36)
(17,35)400646817(17,36)
(18,35)861283739(18,36)
(19,35)492041258(20,35)
(19,35)261145041(19,36)
(20,35)540152771(21,35)
(20,35)289808110(20,36)
(21,35)554119341(21,36)
(22,35)900852104(23,35)
(22,35)849756316(22,36)
(23,35)521954689(23,36)
(24,35)24304264(24,36)
(26,35)543208986(27,35)
(27,35)451737958(27,36)
(30,35)706393333(30,36)
(31,35)31265373(31,36)
(32,35)431912190(33,35)
(33,35)32513553(34,35)
(33,35)1234128383(33,36)
(35,35)524554812(35,36)
(36,35)1078674153(37,35)
(37,35)737698864(38,35)
(37,35)1210651745(37,36)
(39,35)1311992793(39,36)
(40,35)1048325134(41,35)
(40,35)645475601(40,36)
(42,35)244400208(43,35)
(43,35)431030225(44,35)
(43,35)683805869(43,36)
(45,35)482839061(46,35)
(45,35)181053536(45,36)
(46,35)1(47,35)
(47,35)1(48,35)
(48,35)1(49,35)
(48,35)644231099(48,36)
(49,35)1(49,36)
(0,36)313482829(1,36)
(1,36)258026676(2,36)
(3,36)272542668(4,36)
(4,36)145969224(5,36)
(5,36)486204990(6,36)
(7,36)883668089(8,36)
(8,36)318247599(9,36)
(10,36)48177234(11,36)
(11,36)174594473(12,36)
(13,36)1096502368(14,36)
(16,36)540552840(17,36)
(17,36)211656932(18,36)
(23,36)470941721(24,36)
(24,36)1260405972(25,36)
(26,36)147050237(27,36)
(27,36)110868443(28,36)
(29,36)1057287136(30,36)
(30,36)1141328115(31,36)
(31,36)175185791(32,36)
(33,36)548858952(34,36)
(34,36)447728459(35,36)
(36,36)1035063942(37,36)
(38,36)197467477(39,36)
(39,36)1353311541(40,36)
(40,36)851756426(41,36)
(41,36)245644711(42,36)
(43,36)418065581(44,36)
(45,36)1495162739(46,36)
(46,36)1604266016(47,36)
