10 37
(0,0)330563459(1,0)
(0,0)1462722881(0,1)
(1,0)1839198299(2,0)
(1,0)2012820694(1,1)
(2,0)1897676471(3,0)
(2,0)332817529(2,1)
(3,0)1689344463(4,0)
(3,0)273684433(3,1)
(4,0)270017208(5,0)
(4,0)1149848530(4,1)
(5,0)588542639(6,0)
(5,0)2083250897(5,1)
(6,0)1661716196(7,0)
(6,0)934084981(6,1)
(7,0)1276683886(8,0)
(7,0)548488826(7,1)
(8,0)47866901(9,0)
(8,0)755262675(8,1)
(9,0)2090864345(9,1)
(0,1)1088163016(1,1)
(0,1)1567503645(0,2)
(1,1)123842659(2,1)
(1,1)1386507518(1,2)
(2,1)2008669193(3,1)
(2,1)1247523429(2,2)
(3,1)360230427(4,1)
(3,1)1433702294(3,2)
(4,1)2048032239(5,1)
(4,1)465129096(4,2)
(5,1)872606803(6,1)
(5,1)358076979(5,2)
(6,1)688640438(7,1)
(6,1)1363271473(6,2)
(7,1)1054986124(8,1)
(7,1)737943849(7,2)
(8,1)488136673(9,1)
(8,1)1021457967(8,2)
(9,1)1328670557(9,2)
(0,2)1637985203(1,2)
(0,2)563318783(0,3)
(1,2)499086032(2,2)
(1,2)1598687765(1,3)
(2,2)385289099(3,2)
(2,2)79044195(2,3)
(3,2)627533021(4,2)
(3,2)13318580(3,3)
(4,2)768581255(5,2)
(4,2)1661972985(4,3)
(5,2)1605353682(6,2)
(5,2)675399923(5,3)
(6,2)1763562939(7,2)
(6,2)188601252(6,3)
(7,2)312443911(8,2)
(7,2)844377553(7,3)
(8,2)705563098(9,2)
(8,2)863602720(8,3)
(9,2)1746146205(9,3)
(0,3)1170692194(1,3)
(0,3)1223833147(0,4)
(1,3)1581910126(2,3)
(1,3)1646694797(1,4)
(2,3)862482622(3,3)
(2,3)2043298998(2,4)
(3,3)633759199(4,3)
(3,3)123066916(3,4)
(4,3)1144524884(5,3)
(4,3)1917468746(4,4)
(5,3)1098655655(6,3)
(5,3)1121895872(5,4)
(6,3)612397428(7,3)
(6,3)1707843667(6,4)
(7,3)59446051(8,3)
(7,3)549859772(7,4)
(8,3)935148871(9,3)
(8,3)691441623(8,4)
(9,3)72764631(9,4)
(0,4)449638209(1,4)
(0,4)1318974644(0,5)
(1,4)1994374567(2,4)
(1,4)841345887(1,5)
(2,4)1029947139(3,4)
(2,4)2054991891(2,5)
(3,4)751885796(4,4)
(3,4)1610453858(3,5)
(4,4)326572930(5,4)
(4,4)1342391051(4,5)
(5,4)941053608(6,4)
(5,4)1457448894(5,5)
(6,4)480657441(7,4)
(6,4)1550406077(6,5)
(7,4)984832555(8,4)
(7,4)440264757(7,5)
(8,4)1302747379(9,4)
(8,4)376472791(8,5)
(9,4)1107899472(9,5)
(0,5)1072732477(1,5)
(0,5)1010231990(0,6)
(1,5)2132127863(2,5)
(1,5)104940708(1,6)
(2,5)1812784375(3,5)
(2,5)23904484(2,6)
(3,5)573764257(4,5)
(3,5)597041643(3,6)
(4,5)1288483266(5,5)
(4,5)1872230426(4,6)
(5,5)1944995057(6,5)
(5,5)1508913128(5,6)
(6,5)1958551337(7,5)
(6,5)459974262(6,6)
(7,5)306865182(8,5)
(7,5)638857296(7,6)
(8,5)1668804436(9,5)
(8,5)1866059581(8,6)
(9,5)1917319040(9,6)
(0,6)863711839(1,6)
(0,6)470461729(0,7)
(1,6)1927910624(2,6)
(1,6)96408323(1,7)
(2,6)1646814400(3,6)
(2,6)1804765447(2,7)
(3,6)97546557(4,6)
(3,6)261084417(3,7)
(4,6)637557208(5,6)
(4,6)484163308(4,7)
(5,6)1592062780(6,6)
(5,6)1400293936(5,7)
(6,6)325542766(7,6)
(6,6)1647789198(6,7)
(7,6)1632433413(8,6)
(7,6)1697003488(7,7)
(8,6)1362304215(9,6)
(8,6)349447250(8,7)
(9,6)81991408(9,7)
(0,7)1087050993(1,7)
(0,7)923211507(0,8)
(1,7)284640988(2,7)
(1,7)1370474674(1,8)
(2,7)1830448937(3,7)
(2,7)884562402(2,8)
(3,7)1523419699(4,7)
(3,7)95708677(3,8)
(4,7)1961768258(5,7)
(4,7)2137314119(4,8)
(5,7)1907149511(6,7)
(5,7)1044740487(5,8)
(6,7)1908452326(7,7)
(6,7)284746340(6,8)
(7,7)65173316(8,7)
(7,7)2003557834(7,8)
(8,7)1502888587(9,7)
(8,7)1565734125(8,8)
(9,7)326257733(9,8)
(0,8)1987051895(1,8)
(0,8)1663280682(0,9)
(1,8)916090971(2,8)
(1,8)963814941(1,9)
(2,8)464120491(3,8)
(2,8)1431631027(2,9)
(3,8)981150867(4,8)
(3,8)1241633737(3,9)
(4,8)1591080987(5,8)
(4,8)2096553905(4,9)
(5,8)31061665(6,8)
(5,8)195971434(5,9)
(6,8)1283022427(7,8)
(6,8)366808847(6,9)
(7,8)651449835(8,8)
(7,8)1401536340(7,9)
(8,8)1084501629(9,8)
(8,8)20101181(8,9)
(9,8)747158512(9,9)
(0,9)1074332100(1,9)
(0,9)1543520880(0,10)
(1,9)440777719(2,9)
(1,9)561443123(1,10)
(2,9)846189463(3,9)
(2,9)833997963(2,10)
(3,9)690072150(4,9)
(3,9)201746397(3,10)
(4,9)1767480523(5,9)
(4,9)911362779(4,10)
(5,9)1237620512(6,9)
(5,9)45477089(5,10)
(6,9)2032528984(7,9)
(6,9)1283277557(6,10)
(7,9)51884880(8,9)
(7,9)53951805(7,10)
(8,9)518072296(9,9)
(8,9)1316676363(8,10)
(9,9)1293518617(9,10)
(0,10)467142553(1,10)
(0,10)150343582(0,11)
(1,10)346315016(2,10)
(1,10)737115957(1,11)
(2,10)1103924804(3,10)
(2,10)498204219(2,11)
(3,10)1899740559(4,10)
(3,10)1629337443(3,11)
(4,10)1649438624(5,10)
(4,10)1755374639(4,11)
(5,10)355049503(6,10)
(5,10)836758540(5,11)
(6,10)1911090640(7,10)
(6,10)1045475857(6,11)
(7,10)1486253576(8,10)
(7,10)916492626(7,11)
(8,10)1762682089(9,10)
(8,10)597604955(8,11)
(9,10)1687999974(9,11)
(0,11)526561220(1,11)
(0,11)1287677105(0,12)
(1,11)1333154194(2,11)
(1,11)1307996849(1,12)
(2,11)443790758(3,11)
(2,11)1764181732(2,12)
(3,11)1818133537(4,11)
(3,11)1218199530(3,12)
(4,11)387392245(5,11)
(4,11)495675639(4,12)
(5,11)1789194256(6,11)
(5,11)188722186(5,12)
(6,11)655864739(7,11)
(6,11)537735827(6,12)
(7,11)884050843(8,11)
(7,11)378826565(7,12)
(8,11)1482751369(9,11)
(8,11)1154068958(8,12)
(9,11)365904638(9,12)
(0,12)1090642360(1,12)
(0,12)906325869(0,13)
(1,12)1743084409(2,12)
(1,12)2015343263(1,13)
(2,12)913335472(3,12)
(2,12)1445691864(2,13)
(3,12)214700842(4,12)
(3,12)1506691401(3,13)
(4,12)2104296357(5,12)
(4,12)252105400(4,13)
(5,12)1940105374(6,12)
(5,12)1977382932(5,13)
(6,12)356460504(7,12)
(6,12)1244489814(6,13)
(7,12)430160361(8,12)
(7,12)1100618575(7,13)
(8,12)1544409334(9,12)
(8,12)2120642237(8,13)
(9,12)1648359891(9,13)
(0,13)2040084973(1,13)
(0,13)1791292126(0,14)
(1,13)1980014312(2,13)
(1,13)2035752137(1,14)
(2,13)426004316(3,13)
(2,13)1681795581(2,14)
(3,13)2060622147(4,13)
(3,13)488395404(3,14)
(4,13)1642464362(5,13)
(4,13)1310055160(4,14)
(5,13)1675959798(6,13)
(5,13)1395889868(5,14)
(6,13)339048581(7,13)
(6,13)401306584(6,14)
(7,13)2144390993(8,13)
(7,13)1543819413(7,14)
(8,13)309671237(9,13)
(8,13)1784740445(8,14)
(9,13)1503598747(9,14)
(0,14)561776638(1,14)
(0,14)1999441287(0,15)
(1,14)1829340571(2,14)
(1,14)1460411456(1,15)
(2,14)557417622(3,14)
(2,14)354398364(2,15)
(3,14)1455016940(4,14)
(3,14)38317428(3,15)
(4,14)11476017(5,14)
(4,14)987577983(4,15)
(5,14)488454227(6,14)
(5,14)851942626(5,15)
(6,14)744543951(7,14)
(6,14)1802768143(6,15)
(7,14)1635298808(8,14)
(7,14)376722716(7,15)
(8,14)802727032(9,14)
(8,14)278855884(8,15)
(9,14)2123694212(9,15)
(0,15)2112782192(1,15)
(0,15)191994383(0,16)
(1,15)1587884252(2,15)
(1,15)1618674926(1,16)
(2,15)2019981510(3,15)
(2,15)1641258343(2,16)
(3,15)1037594108(4,15)
(3,15)1926932833(3,16)
(4,15)1564189630(5,15)
(4,15)2016888856(4,16)
(5,15)1373003955(6,15)
(5,15)1347265346(5,16)
(6,15)1909041984(7,15)
(6,15)1416147269(6,16)
(7,15)1098004193(8,15)
(7,15)685931763(7,16)
(8,15)1243349385(9,15)
(8,15)115956700(8,16)
(9,15)1136321621(9,16)
(0,16)83443721(1,16)
(0,16)1570973640(0,17)
(1,16)275432618(2,16)
(1,16)1147797638(1,17)
(2,16)803082133(3,16)
(2,16)571897948(2,17)
(3,16)948620664(4,16)
(3,16)1019976569(3,17)
(4,16)1298832454(5,16)
(4,16)290897293(4,17)
(5,16)267107857(6,16)
(5,16)1751347696(5,17)
(6,16)1716646241(7,16)
(6,16)1490826837(6,17)
(7,16)931227441(8,16)
(7,16)1885782784(7,17)
(8,16)1758280646(9,16)
(8,16)1210420936(8,17)
(9,16)710676626(9,17)
(0,17)1627685854(1,17)
(0,17)100531396(0,18)
(1,17)1447796742(2,17)
(1,17)127382608(1,18)
(2,17)1543529878(3,17)
(2,17)853206161(2,18)
(3,17)1539137924(4,17)
(3,17)1209355078(3,18)
(4,17)1325311779(5,17)
(4,17)494050423(4,18)
(5,17)1630372044(6,17)
(5,17)635003662(5,18)
(6,17)718447383(7,17)
(6,17)748801771(6,18)
(7,17)1024234390(8,17)
(7,17)630686034(7,18)
(8,17)1433768167(9,17)
(8,17)1290345331(8,18)
(9,17)2044210959(9,18)
(0,18)1724665461(1,18)
(0,18)91482347(0,19)
(1,18)1842830043(2,18)
(1,18)1195559765(1,19)
(2,18)538902955(3,18)
(2,18)1991773318(2,19)
(3,18)1730072454(4,18)
(3,18)1411992636(3,19)
(4,18)474929924(5,18)
(4,18)1470130396(4,19)
(5,18)33323375(6,18)
(5,18)1340869453(5,19)
(6,18)821071659(7,18)
(6,18)575461321(6,19)
(7,18)2023258063(8,18)
(7,18)160705983(7,19)
(8,18)1704235861(9,18)
(8,18)1674277821(8,19)
(9,18)1085129494(9,19)
(0,19)50802636(1,19)
(0,19)1065932097(0,20)
(1,19)1700935759(2,19)
(1,19)262957625(1,20)
(2,19)1011759396(3,19)
(2,19)1681174680(2,20)
(3,19)164377066(4,19)
(3,19)271899494(3,20)
(4,19)1562244825(5,19)
(4,19)2035993786(4,20)
(5,19)1932721098(6,19)
(5,19)1598145234(5,20)
(6,19)1175327047(7,19)
(6,19)1653727172(6,20)
(7,19)1349073568(8,19)
(7,19)980797215(7,20)
(8,19)1519700170(9,19)
(8,19)1019616717(8,20)
(9,19)613582556(9,20)
(0,20)842346919(1,20)
(0,20)602205524(0,21)
(1,20)1943074977(2,20)
(1,20)1088512481(1,21)
(2,20)1663973802(3,20)
(2,20)875670294(2,21)
(3,20)1036376277(4,20)
(3,20)616662988(3,21)
(4,20)143457161(5,20)
(4,20)1539748217(4,21)
(5,20)477394063(6,20)
(5,20)593128491(5,21)
(6,20)643931127(7,20)
(6,20)1209389259(6,21)
(7,20)762841370(8,20)
(7,20)740351688(7,21)
(8,20)1752111085(9,20)
(8,20)177622160(8,21)
(9,20)1034740865(9,21)
(0,21)1640621223(1,21)
(0,21)341999226(0,22)
(1,21)1940144460(2,21)
(1,21)449502042(1,22)
(2,21)2103229215(3,21)
(2,21)1425858673(2,22)
(3,21)259172241(4,21)
(3,21)967987859(3,22)
(4,21)1987604577(5,21)
(4,21)1304819135(4,22)
(5,21)1918401691(6,21)
(5,21)1778872411(5,22)
(6,21)473735682(7,21)
(6,21)442326453(6,22)
(7,21)237917782(8,21)
(7,21)859430524(7,22)
(8,21)375920678(9,21)
(8,21)1349405976(8,22)
(9,21)854580770(9,22)
(0,22)1915668896(1,22)
(0,22)238298606(0,23)
(1,22)831427097(2,22)
(1,22)998037932(1,23)
(2,22)59943543(3,22)
(2,22)245579311(2,23)
(3,22)985931000(4,22)
(3,22)1475358224(3,23)
(4,22)1652980384(5,22)
(4,22)822784913(4,23)
(5,22)1857525778(6,22)
(5,22)590558437(5,23)
(6,22)83696012(7,22)
(6,22)1994979611(6,23)
(7,22)1787640423(8,22)
(7,22)159544173(7,23)
(8,22)115289740(9,22)
(8,22)1509554686(8,23)
(9,22)608144635(9,23)
(0,23)1420108875(1,23)
(0,23)1768726927(0,24)
(1,23)1400115690(2,23)
(1,23)448265564(1,24)
(2,23)890592017(3,23)
(2,23)1191026918(2,24)
(3,23)2050457443(4,23)
(3,23)1873851373(3,24)
(4,23)1075773701(5,23)
(4,23)1128509799(4,24)
(5,23)1983090569(6,23)
(5,23)278894473(5,24)
(6,23)47079721(7,23)
(6,23)1314072307(6,24)
(7,23)2145499404(8,23)
(7,23)833644853(7,24)
(8,23)893588396(9,23)
(8,23)292659033(8,24)
(9,23)1473373981(9,24)
(0,24)1716373310(1,24)
(0,24)1278590033(0,25)
(1,24)1869148470(2,24)
(1,24)978870717(1,25)
(2,24)826366680(3,24)
(2,24)1426415440(2,25)
(3,24)1585959613(4,24)
(3,24)1952844482(3,25)
(4,24)1314915520(5,24)
(4,24)466523456(4,25)
(5,24)1074668091(6,24)
(5,24)1701249353(5,25)
(6,24)973874580(7,24)
(6,24)936158799(6,25)
(7,24)188790842(8,24)
(7,24)1522933655(7,25)
(8,24)266042024(9,24)
(8,24)17417851(8,25)
(9,24)2062642215(9,25)
(0,25)1394551823(1,25)
(0,25)2067875294(0,26)
(1,25)199286119(2,25)
(1,25)990932268(1,26)
(2,25)157520928(3,25)
(2,25)1230158744(2,26)
(3,25)2063803598(4,25)
(3,25)246365841(3,26)
(4,25)539024874(5,25)
(4,25)155536684(4,26)
(5,25)1628910665(6,25)
(5,25)809908346(5,26)
(6,25)378798008(7,25)
(6,25)1817614907(6,26)
(7,25)1539279729(8,25)
(7,25)460297735(7,26)
(8,25)1286664415(9,25)
(8,25)1805213449(8,26)
(9,25)1344640563(9,26)
(0,26)1753187871(1,26)
(0,26)1243689414(0,27)
(1,26)797455120(2,26)
(1,26)512072436(1,27)
(2,26)1448231235(3,26)
(2,26)680372314(2,27)
(3,26)55822321(4,26)
(3,26)1771329700(3,27)
(4,26)1788747551(5,26)
(4,26)1637022077(4,27)
(5,26)1552180644(6,26)
(5,26)321864345(5,27)
(6,26)1716416168(7,26)
(6,26)1709139197(6,27)
(7,26)1908425317(8,26)
(7,26)395629265(7,27)
(8,26)553150193(9,26)
(8,26)799091265(8,27)
(9,26)7307510(9,27)
(0,27)708686877(1,27)
(0,27)715411215(0,28)
(1,27)1525319561(2,27)
(1,27)546332384(1,28)
(2,27)216463643(3,27)
(2,27)190113895(2,28)
(3,27)650411630(4,27)
(3,27)1904117570(3,28)
(4,27)1561847371(5,27)
(4,27)1755743372(4,28)
(5,27)952900287(6,27)
(5,27)1937076045(5,28)
(6,27)1542780269(7,27)
(6,27)658053137(6,28)
(7,27)1455508257(8,27)
(7,27)1464972723(7,28)
(8,27)765720311(9,27)
(8,27)75668935(8,28)
(9,27)1079354310(9,28)
(0,28)255258740(1,28)
(0,28)131491257(0,29)
(1,28)453355602(2,28)
(1,28)720618213(1,29)
(2,28)282273763(3,28)
(2,28)1807439385(2,29)
(3,28)55585002(4,28)
(3,28)22288123(3,29)
(4,28)821379388(5,28)
(4,28)43215432(4,29)
(5,28)50522942(6,28)
(5,28)608735195(5,29)
(6,28)1317422072(7,28)
(6,28)1536790603(6,29)
(7,28)914626516(8,28)
(7,28)596855326(7,29)
(8,28)813318969(9,28)
(8,28)1507535967(8,29)
(9,28)671260438(9,29)
(0,29)421578693(1,29)
(0,29)10463949(0,30)
(1,29)1947539995(2,29)
(1,29)85624161(1,30)
(2,29)743677299(3,29)
(2,29)1374478980(2,30)
(3,29)691968056(4,29)
(3,29)1342836616(3,30)
(4,29)1418505551(5,29)
(4,29)51701908(4,30)
(5,29)1131056218(6,29)
(5,29)1457688367(5,30)
(6,29)1712947107(7,29)
(6,29)1549996808(6,30)
(7,29)2003352411(8,29)
(7,29)1851674432(7,30)
(8,29)2133948195(9,29)
(8,29)1372902844(8,30)
(9,29)2025640534(9,30)
(0,30)29679979(1,30)
(0,30)1428487846(0,31)
(1,30)2037223041(2,30)
(1,30)699536274(1,31)
(2,30)88843229(3,30)
(2,30)80202921(2,31)
(3,30)677058247(4,30)
(3,30)1207161466(3,31)
(4,30)567213785(5,30)
(4,30)1003469745(4,31)
(5,30)1674730184(6,30)
(5,30)1490377216(5,31)
(6,30)1911955909(7,30)
(6,30)577677735(6,31)
(7,30)377734082(8,30)
(7,30)1760354345(7,31)
(8,30)356547996(9,30)
(8,30)1138951241(8,31)
(9,30)1720570698(9,31)
(0,31)408249905(1,31)
(0,31)1830919297(0,32)
(1,31)1141124016(2,31)
(1,31)991592601(1,32)
(2,31)394105762(3,31)
(2,31)1539306123(2,32)
(3,31)1243496907(4,31)
(3,31)706587476(3,32)
(4,31)2079490320(5,31)
(4,31)249974525(4,32)
(5,31)128131411(6,31)
(5,31)1229961454(5,32)
(6,31)1259641433(7,31)
(6,31)1360494519(6,32)
(7,31)1250233912(8,31)
(7,31)827667685(7,32)
(8,31)916510914(9,31)
(8,31)1339844354(8,32)
(9,31)309911730(9,32)
(0,32)1919980659(1,32)
(0,32)2016902601(0,33)
(1,32)1359796169(2,32)
(1,32)877125516(1,33)
(2,32)1454803251(3,32)
(2,32)1447227195(2,33)
(3,32)1060097893(4,32)
(3,32)1124268430(3,33)
(4,32)115736024(5,32)
(4,32)1832537333(4,33)
(5,32)1405624383(6,32)
(5,32)1416645889(5,33)
(6,32)1824895794(7,32)
(6,32)1946655321(6,33)
(7,32)940295690(8,32)
(7,32)249733336(7,33)
(8,32)643839098(9,32)
(8,32)1216718270(8,33)
(9,32)1646883166(9,33)
(0,33)893813623(1,33)
(0,33)312731529(0,34)
(1,33)1542692984(2,33)
(1,33)1578889838(1,34)
(2,33)791900709(3,33)
(2,33)1021945034(2,34)
(3,33)1849612719(4,33)
(3,33)654850769(3,34)
(4,33)1994695124(5,33)
(4,33)2042134622(4,34)
(5,33)204562704(6,33)
(5,33)618639985(5,34)
(6,33)391136997(7,33)
(6,33)1864114077(6,34)
(7,33)1076426599(8,33)
(7,33)1081688220(7,34)
(8,33)389007823(9,33)
(8,33)1838364192(8,34)
(9,33)53211381(9,34)
(0,34)74061508(1,34)
(0,34)750978437(0,35)
(1,34)20140679(2,34)
(1,34)168947405(1,35)
(2,34)2115602727(3,34)
(2,34)1479685891(2,35)
(3,34)1729419228(4,34)
(3,34)1845036473(3,35)
(4,34)914271095(5,34)
(4,34)908414769(4,35)
(5,34)407814287(6,34)
(5,34)225774678(5,35)
(6,34)1119588302(7,34)
(6,34)1227002625(6,35)
(7,34)622211961(8,34)
(7,34)1986704125(7,35)
(8,34)631121187(9,34)
(8,34)2141533336(8,35)
(9,34)1277062730(9,35)
(0,35)525772161(1,35)
(0,35)1843662408(0,36)
(1,35)314818745(2,35)
(1,35)1124274206(1,36)
(2,35)840904636(3,35)
(2,35)730334865(2,36)
(3,35)1812023086(4,35)
(3,35)705955742(3,36)
(4,35)396836287(5,35)
(4,35)1917331235(4,36)
(5,35)1970542616(6,35)
(5,35)53547261(5,36)
(6,35)127608770(7,35)
(6,35)1147814724(6,36)
(7,35)1167955403(8,35)
(7,35)2139490022(7,36)
(8,35)2107609101(9,35)
(8,35)1607294661(8,36)
(9,35)865508229(9,36)
(0,36)1189230241(1,36)
(1,36)868540222(2,36)
(2,36)1779779324(3,36)
(3,36)1415004920(4,36)
(4,36)1276354509(5,36)
(5,36)859298301(6,36)
(6,36)387109574(7,36)
(7,36)1115574986(8,36)
(8,36)1481510262(9,36)
