50 10
(0,0)330563459(1,0)
(0,0)1462722881(0,1)
(2,0)332817529(2,1)
(3,0)273684433(3,1)
(4,0)270017208(5,0)
(4,0)1149848530(4,1)
(5,0)588542639(6,0)
(6,0)934084981(6,1)
(7,0)548488826(7,1)
(8,0)47866901(9,0)
(8,0)755262675(8,1)
(10,0)1088163016(10,1)
(11,0)1247523429(12,0)
(11,0)123842659(11,1)
(13,0)465129096(14,0)
(13,0)360230427(13,1)
(14,0)358076979(15,0)
(15,0)872606803(15,1)
(16,0)737943849(17,0)
(16,0)688640438(16,1)
(18,0)488136673(18,1)
(19,0)563318783(19,1)
(20,0)499086032(21,0)
(21,0)385289099(22,0)
(21,0)79044195(21,1)
(22,0)627533021(23,0)
(22,0)13318580(22,1)
(23,0)768581255(24,0)
(24,0)675399923(24,1)
(25,0)188601252(25,1)
(26,0)312443911(27,0)
(26,0)844377553(26,1)
(27,0)1(28,0)
(27,0)1(27,1)
(28,0)1(29,0)
(29,0)1(29,1)
(30,0)1581910126(30,1)
(31,0)123066916(32,0)
(32,0)633759199(32,1)
(33,0)1(34,0)
(33,0)1(33,1)
(34,0)1(34,1)
(35,0)1(36,0)
(35,0)1(35,1)
(36,0)1(37,0)
(36,0)59446051(36,1)
(37,0)1(38,0)
(38,0)1(39,0)
(39,0)1(39,1)
(40,0)1029947139(41,0)
(41,0)751885796(42,0)
(42,0)326572930(43,0)
(43,0)941053608(44,0)
(44,0)480657441(45,0)
(45,0)440264757(45,1)
(46,0)376472791(46,1)
(47,0)1010231990(48,0)
(48,0)104940708(49,0)
(48,0)1072732477(48,1)
(0,1)23904484(0,2)
(1,1)573764257(2,1)
(1,1)597041643(1,2)
(2,1)1288483266(3,1)
(4,1)459974262(4,2)
(5,1)306865182(6,1)
(5,1)638857296(5,2)
(7,1)470461729(8,1)
(8,1)96408323(9,1)
(8,1)863711839(8,2)
(10,1)261084417(11,1)
(11,1)484163308(12,1)
(11,1)97546557(11,2)
(14,1)325542766(14,2)
(15,1)349447250(16,1)
(16,1)81991408(17,1)
(17,1)923211507(17,2)
(18,1)284640988(19,1)
(19,1)884562402(19,2)
(20,1)1523419699(21,1)
(20,1)95708677(20,2)
(22,1)1044740487(22,2)
(23,1)284746340(23,2)
(24,1)65173316(25,1)
(25,1)1565734125(25,2)
(26,1)326257733(26,2)
(27,1)1(28,1)
(28,1)1(28,2)
(29,1)1(30,1)
(29,1)464120491(29,2)
(30,1)1(30,2)
(31,1)195971434(32,1)
(32,1)366808847(33,1)
(32,1)31061665(32,2)
(33,1)1(33,2)
(34,1)1(35,1)
(34,1)651449835(34,2)
(37,1)440777719(38,1)
(37,1)561443123(37,2)
(38,1)833997963(38,2)
(39,1)690072150(40,1)
(39,1)1(39,2)
(41,1)1237620512(42,1)
(41,1)45477089(41,2)
(43,1)1(44,1)
(43,1)1(43,2)
(44,1)1(45,1)
(45,1)1(46,1)
(45,1)1293518617(45,2)
(46,1)1(47,1)
(46,1)467142553(46,2)
(47,1)498204219(48,1)
(47,1)1(47,2)
(48,1)1629337443(49,1)
(48,1)1103924804(48,2)
(0,2)1649438624(1,2)
(1,2)355049503(2,2)
(1,2)836758540(1,3)
(3,2)916492626(3,3)
(4,2)597604955(4,3)
(6,2)1307996849(7,2)
(6,2)526561220(6,3)
(8,2)443790758(8,3)
(9,2)495675639(10,2)
(10,2)188722186(11,2)
(10,2)387392245(10,3)
(11,2)537735827(12,2)
(12,2)378826565(13,2)
(12,2)655864739(12,3)
(14,2)365904638(15,2)
(15,2)1090642360(16,2)
(15,2)906325869(15,3)
(17,2)913335472(18,2)
(18,2)214700842(19,2)
(19,2)252105400(19,3)
(21,2)356460504(22,2)
(21,2)1244489814(21,3)
(22,2)430160361(23,2)
(22,2)1100618575(22,3)
(23,2)1544409334(24,2)
(27,2)1(28,2)
(27,2)1(27,3)
(30,2)1(31,2)
(31,2)1(31,3)
(33,2)1(33,3)
(34,2)561776638(35,2)
(36,2)557417622(37,2)
(36,2)354398364(36,3)
(37,2)38317428(37,3)
(38,2)11476017(39,2)
(38,2)987577983(38,3)
(39,2)1(40,2)
(39,2)851942626(39,3)
(40,2)1(41,2)
(41,2)1(41,3)
(42,2)1(43,2)
(42,2)1(42,3)
(43,2)191994383(44,2)
(47,2)1(47,3)
(48,2)1347265346(49,2)
(0,3)1416147269(0,4)
(1,3)685931763(1,4)
(2,3)115956700(2,4)
(3,3)1136321621(3,4)
(4,3)83443721(4,4)
(5,3)571897948(6,3)
(5,3)275432618(5,4)
(6,3)1019976569(7,3)
(6,3)803082133(6,4)
(7,3)290897293(8,3)
(7,3)948620664(7,4)
(9,3)267107857(9,4)
(11,3)931227441(11,4)
(12,3)710676626(13,3)
(13,3)100531396(13,4)
(14,3)127382608(14,4)
(15,3)853206161(15,4)
(16,3)1209355078(16,4)
(17,3)494050423(17,4)
(18,3)635003662(18,4)
(19,3)718447383(20,3)
(20,3)1024234390(21,3)
(20,3)630686034(20,4)
(22,3)91482347(23,3)
(23,3)1195559765(24,3)
(25,3)1411992636(26,3)
(25,3)538902955(25,4)
(27,3)1(27,4)
(28,3)575461321(29,3)
(28,3)33323375(28,4)
(29,3)160705983(30,3)
(31,3)1(32,3)
(32,3)1(33,3)
(33,3)262957625(33,4)
(34,3)1011759396(35,3)
(35,3)164377066(36,3)
(35,3)271899494(35,4)
(40,3)1019616717(40,4)
(41,3)1(42,3)
(41,3)613582556(41,4)
(42,3)842346919(42,4)
(43,3)875670294(44,3)
(44,3)616662988(45,3)
(45,3)1036376277(45,4)
(46,3)143457161(46,4)
(47,3)1209389259(48,3)
(47,3)1(47,4)
(48,3)740351688(49,3)
(48,3)643931127(48,4)
(49,3)762841370(49,4)
(0,4)177622160(0,5)
(1,4)341999226(2,4)
(1,4)1034740865(1,5)
(2,4)449502042(3,4)
(4,4)967987859(5,4)
(5,4)259172241(5,5)
(7,4)442326453(8,4)
(8,4)473735682(8,5)
(9,4)237917782(9,5)
(10,4)854580770(11,4)
(10,4)375920678(10,5)
(11,4)238298606(11,5)
(12,4)831427097(13,4)
(13,4)59943543(14,4)
(13,4)245579311(13,5)
(15,4)822784913(15,5)
(16,4)590558437(16,5)
(17,4)83696012(18,4)
(18,4)159544173(18,5)
(19,4)115289740(20,4)
(20,4)608144635(20,5)
(21,4)448265564(22,4)
(22,4)1191026918(23,4)
(23,4)890592017(23,5)
(24,4)1128509799(25,4)
(25,4)278894473(26,4)
(25,4)1075773701(25,5)
(27,4)833644853(28,4)
(27,4)1(27,5)
(28,4)292659033(29,4)
(30,4)1278590033(30,5)
(31,4)978870717(31,5)
(32,4)826366680(33,4)
(34,4)1314915520(35,4)
(34,4)466523456(34,5)
(35,4)1701249353(35,5)
(36,4)973874580(37,4)
(36,4)936158799(36,5)
(37,4)188790842(38,4)
(38,4)266042024(39,4)
(38,4)17417851(38,5)
(40,4)990932268(41,4)
(41,4)199286119(41,5)
(42,4)246365841(43,4)
(42,4)157520928(42,5)
(43,4)155536684(44,4)
(44,4)809908346(45,4)
(44,4)539024874(44,5)
(46,4)1(47,4)
(46,4)1(46,5)
(0,5)1(1,5)
(1,5)680372314(2,5)
(1,5)1(1,6)
(3,5)55822321(3,6)
(4,5)321864345(5,5)
(6,5)395629265(7,5)
(7,5)799091265(8,5)
(8,5)7307510(9,5)
(8,5)553150193(8,6)
(9,5)708686877(10,5)
(9,5)715411215(9,6)
(10,5)546332384(10,6)
(11,5)216463643(12,5)
(11,5)190113895(11,6)
(12,5)650411630(13,5)
(14,5)952900287(15,5)
(15,5)658053137(15,6)
(16,5)1455508257(17,5)
(17,5)1(18,5)
(17,5)1(17,6)
(18,5)1(19,5)
(19,5)1(19,6)
(20,5)453355602(20,6)
(21,5)22288123(22,5)
(21,5)282273763(21,6)
(22,5)1(23,5)
(22,5)1(22,6)
(23,5)1(24,5)
(24,5)1(24,6)
(25,5)596855326(26,5)
(26,5)914626516(26,6)
(27,5)1(28,5)
(28,5)421578693(29,5)
(28,5)1(28,6)
(29,5)85624161(29,6)
(30,5)743677299(31,5)
(31,5)691968056(32,5)
(32,5)51701908(32,6)
(33,5)1131056218(34,5)
(37,5)1428487846(38,5)
(38,5)699536274(39,5)
(38,5)29679979(38,6)
(39,5)80202921(40,5)
(40,5)88843229(40,6)
(41,5)677058247(41,6)
(42,5)567213785(42,6)
(43,5)577677735(44,5)
(45,5)377734082(45,6)
(46,5)1(46,6)
(47,5)408249905(48,5)
(48,5)1141124016(49,5)
(48,5)991592601(48,6)
(0,6)1(1,6)
(0,6)1(0,7)
(1,6)249974525(2,6)
(3,6)128131411(3,7)
(4,6)827667685(5,6)
(5,6)1250233912(5,7)
(6,6)309911730(7,6)
(6,6)916510914(6,7)
(8,6)877125516(8,7)
(11,6)115736024(12,6)
(12,6)1405624383(13,6)
(14,6)1(15,6)
(14,6)1(14,7)
(15,6)1(16,6)
(16,6)1(17,6)
(17,6)893813623(17,7)
(18,6)1021945034(19,6)
(19,6)654850769(20,6)
(19,6)1(19,7)
(22,6)1(22,7)
(23,6)391136997(23,7)
(24,6)1(24,7)
(25,6)1(26,6)
(25,6)1(25,7)
(26,6)1(27,6)
(27,6)1(28,6)
(27,6)168947405(27,7)
(30,6)914271095(31,6)
(30,6)908414769(30,7)
(31,6)407814287(32,6)
(31,6)225774678(31,7)
(32,6)1119588302(33,6)
(32,6)1227002625(32,7)
(33,6)622211961(34,6)
(34,6)631121187(35,6)
(35,6)1277062730(35,7)
(36,6)525772161(36,7)
(37,6)314818745(37,7)
(38,6)705955742(39,6)
(40,6)53547261(41,6)
(40,6)396836287(40,7)
(42,6)127608770(42,7)
(43,6)1167955403(43,7)
(44,6)865508229(45,6)
(45,6)1(46,6)
(45,6)1(45,7)
(47,6)859298301(48,6)
(48,6)1115574986(49,6)
(48,6)387109574(48,7)
(0,7)1(0,8)
(1,7)1(2,7)
(1,7)1(1,8)
(2,7)1(2,8)
(3,7)1(4,7)
(3,7)1(3,8)
(4,7)1(4,8)
(5,7)1(6,7)
(5,7)1(5,8)
(6,7)1(7,7)
(7,7)1(8,7)
(7,7)21691095(7,8)
(8,7)1(9,7)
(8,7)701015021(8,8)
(9,7)1(10,7)
(10,7)1(11,7)
(11,7)1(12,7)
(12,7)1(13,7)
(12,7)13555535(12,8)
(13,7)1(14,7)
(14,7)1004687122(14,8)
(15,7)206880451(15,8)
(16,7)817969796(17,7)
(16,7)686021517(16,8)
(17,7)811006203(18,7)
(18,7)405849699(18,8)
(19,7)1(20,7)
(20,7)1(21,7)
(20,7)805970038(20,8)
(21,7)1(22,7)
(22,7)612107349(22,8)
(23,7)648715061(23,8)
(24,7)1(25,7)
(24,7)1068654929(24,8)
(26,7)676521034(27,7)
(26,7)545726549(26,8)
(27,7)559282084(28,7)
(28,7)1294098582(28,8)
(29,7)151302057(30,7)
(30,7)795400344(30,8)
(32,7)852849201(33,7)
(32,7)309502520(32,8)
(33,7)715352219(34,7)
(33,7)144944416(33,8)
(34,7)560706729(34,8)
(36,7)435769176(37,7)
(37,7)314594970(38,7)
(38,7)21343368(39,7)
(39,7)411897918(40,7)
(40,7)185810059(40,8)
(41,7)731536608(42,7)
(43,7)777318067(44,7)
(44,7)1(45,7)
(44,7)1(44,8)
(46,7)1(47,7)
(46,7)1(46,8)
(47,7)1(48,7)
(47,7)1029663026(47,8)
(48,7)1(48,8)
(49,7)1091858429(49,8)
(0,8)1(1,8)
(1,8)494361240(1,9)
(2,8)1(3,8)
(2,8)540881588(2,9)
(3,8)323662274(3,9)
(4,8)1(5,8)
(4,8)273373404(4,9)
(5,8)685271322(6,8)
(5,8)335710252(5,9)
(6,8)530815701(6,9)
(8,8)773111835(8,9)
(9,8)405687354(9,9)
(10,8)981158320(11,8)
(11,8)331566378(11,9)
(12,8)649851296(13,8)
(12,8)1048162010(12,9)
(13,8)514641574(13,9)
(15,8)369043002(15,9)
(16,8)863404242(17,8)
(16,8)380159336(16,9)
(17,8)208892935(17,9)
(18,8)532555209(19,8)
(20,8)877560851(20,9)
(21,8)604695737(21,9)
(22,8)596859181(23,8)
(23,8)523245214(23,9)
(24,8)928932568(25,8)
(25,8)1430694527(25,9)
(27,8)810769251(28,8)
(28,8)264628553(28,9)
(29,8)87953824(29,9)
(30,8)456996826(31,8)
(30,8)1258878616(30,9)
(31,8)1343472937(31,9)
(32,8)1320401068(32,9)
(33,8)412595230(33,9)
(34,8)41629066(35,8)
(35,8)814998285(36,8)
(36,8)6373154(36,9)
(37,8)75891190(37,9)
(38,8)599136404(39,8)
(39,8)1141274218(39,9)
(40,8)424485097(41,8)
(42,8)345701005(43,8)
(42,8)39262355(42,9)
(43,8)303890908(44,8)
(44,8)1(45,8)
(45,8)1(45,9)
(46,8)1(46,9)
(47,8)665763526(47,9)
(48,8)1(48,9)
(49,8)638281965(49,9)
(0,9)927813825(1,9)
(7,9)239886920(8,9)
(8,9)807194801(9,9)
(9,9)270356056(10,9)
(11,9)380414658(12,9)
(14,9)1671127639(15,9)
(15,9)941617594(16,9)
(18,9)895579411(19,9)
(19,9)1315851(20,9)
(21,9)937495052(22,9)
(22,9)243337081(23,9)
(23,9)958884822(24,9)
(26,9)1624648348(27,9)
(27,9)1108237406(28,9)
(28,9)671723990(29,9)
(29,9)555523456(30,9)
(33,9)1123194181(34,9)
(35,9)654388606(36,9)
(37,9)866085930(38,9)
(38,9)894275526(39,9)
(39,9)650152373(40,9)
(40,9)1136441987(41,9)
(41,9)127953017(42,9)
(42,9)1030567031(43,9)
(43,9)787383368(44,9)
(45,9)1(46,9)
(48,9)1(49,9)
