10 200
(0,0)330563459(1,0)
(0,0)1462722881(0,1)
(1,0)1839198299(2,0)
(1,0)2012820694(1,1)
(2,0)1897676471(3,0)
(2,0)332817529(2,1)
(3,0)1689344463(4,0)
(3,0)273684433(3,1)
(4,0)270017208(5,0)
(4,0)1149848530(4,1)
(5,0)588542639(6,0)
(5,0)2083250897(5,1)
(6,0)1661716196(7,0)
(6,0)934084981(6,1)
(7,0)1276683886(8,0)
(7,0)548488826(7,1)
(8,0)47866901(9,0)
(8,0)755262675(8,1)
(9,0)2090864345(9,1)
(0,1)1088163016(1,1)
(0,1)1567503645(0,2)
(1,1)123842659(2,1)
(1,1)1386507518(1,2)
(2,1)2008669193(3,1)
(2,1)1247523429(2,2)
(3,1)360230427(4,1)
(3,1)1433702294(3,2)
(4,1)2048032239(5,1)
(4,1)465129096(4,2)
(5,1)872606803(6,1)
(5,1)358076979(5,2)
(6,1)688640438(7,1)
(6,1)1363271473(6,2)
(7,1)1054986124(8,1)
(7,1)737943849(7,2)
(8,1)488136673(9,1)
(8,1)1021457967(8,2)
(9,1)1328670557(9,2)
(0,2)1637985203(1,2)
(0,2)563318783(0,3)
(1,2)499086032(2,2)
(1,2)1598687765(1,3)
(2,2)385289099(3,2)
(2,2)79044195(2,3)
(3,2)627533021(4,2)
(3,2)13318580(3,3)
(4,2)768581255(5,2)
(4,2)1661972985(4,3)
(5,2)1605353682(6,2)
(5,2)675399923(5,3)
(6,2)1763562939(7,2)
(6,2)188601252(6,3)
(7,2)312443911(8,2)
(7,2)844377553(7,3)
(8,2)705563098(9,2)
(8,2)863602720(8,3)
(9,2)1746146205(9,3)
(0,3)1170692194(1,3)
(0,3)1223833147(0,4)
(1,3)1581910126(2,3)
(1,3)1646694797(1,4)
(2,3)862482622(3,3)
(2,3)2043298998(2,4)
(3,3)633759199(4,3)
(3,3)123066916(3,4)
(4,3)1144524884(5,3)
(4,3)1917468746(4,4)
(5,3)1098655655(6,3)
(5,3)1121895872(5,4)
(6,3)612397428(7,3)
(6,3)1707843667(6,4)
(7,3)59446051(8,3)
(7,3)549859772(7,4)
(8,3)935148871(9,3)
(8,3)691441623(8,4)
(9,3)72764631(9,4)
(0,4)449638209(1,4)
(0,4)1318974644(0,5)
(1,4)1994374567(2,4)
(1,4)841345887(1,5)
(2,4)1029947139(3,4)
(2,4)2054991891(2,5)
(3,4)751885796(4,4)
(3,4)1610453858(3,5)
(4,4)326572930(5,4)
(4,4)1342391051(4,5)
(5,4)941053608(6,4)
(5,4)1457448894(5,5)
(6,4)480657441(7,4)
(6,4)1550406077(6,5)
(7,4)984832555(8,4)
(7,4)440264757(7,5)
(8,4)1302747379(9,4)
(8,4)376472791(8,5)
(9,4)1107899472(9,5)
(0,5)1072732477(1,5)
(0,5)1010231990(0,6)
(1,5)2132127863(2,5)
(1,5)104940708(1,6)
(2,5)1812784375(3,5)
(2,5)23904484(2,6)
(3,5)573764257(4,5)
(3,5)597041643(3,6)
(4,5)1288483266(5,5)
(4,5)1872230426(4,6)
(5,5)1944995057(6,5)
(5,5)1508913128(5,6)
(6,5)1958551337(7,5)
(6,5)459974262(6,6)
(7,5)306865182(8,5)
(7,5)638857296(7,6)
(8,5)1668804436(9,5)
(8,5)1866059581(8,6)
(9,5)1917319040(9,6)
(0,6)863711839(1,6)
(0,6)470461729(0,7)
(1,6)1927910624(2,6)
(1,6)96408323(1,7)
(2,6)1646814400(3,6)
(2,6)1804765447(2,7)
(3,6)97546557(4,6)
(3,6)261084417(3,7)
(4,6)637557208(5,6)
(4,6)484163308(4,7)
(5,6)1592062780(6,6)
(5,6)1400293936(5,7)
(6,6)325542766(7,6)
(6,6)1647789198(6,7)
(7,6)1632433413(8,6)
(7,6)1697003488(7,7)
(8,6)1362304215(9,6)
(8,6)349447250(8,7)
(9,6)81991408(9,7)
(0,7)1087050993(1,7)
(0,7)923211507(0,8)
(1,7)284640988(2,7)
(1,7)1370474674(1,8)
(2,7)1830448937(3,7)
(2,7)884562402(2,8)
(3,7)1523419699(4,7)
(3,7)95708677(3,8)
(4,7)1961768258(5,7)
(4,7)2137314119(4,8)
(5,7)1907149511(6,7)
(5,7)1044740487(5,8)
(6,7)1908452326(7,7)
(6,7)284746340(6,8)
(7,7)65173316(8,7)
(7,7)2003557834(7,8)
(8,7)1502888587(9,7)
(8,7)1565734125(8,8)
(9,7)326257733(9,8)
(0,8)1987051895(1,8)
(0,8)1663280682(0,9)
(1,8)916090971(2,8)
(1,8)963814941(1,9)
(2,8)464120491(3,8)
(2,8)1431631027(2,9)
(3,8)981150867(4,8)
(3,8)1241633737(3,9)
(4,8)1591080987(5,8)
(4,8)2096553905(4,9)
(5,8)31061665(6,8)
(5,8)195971434(5,9)
(6,8)1283022427(7,8)
(6,8)366808847(6,9)
(7,8)651449835(8,8)
(7,8)1401536340(7,9)
(8,8)1084501629(9,8)
(8,8)20101181(8,9)
(9,8)747158512(9,9)
(0,9)1074332100(1,9)
(0,9)1543520880(0,10)
(1,9)440777719(2,9)
(1,9)561443123(1,10)
(2,9)846189463(3,9)
(2,9)833997963(2,10)
(3,9)690072150(4,9)
(3,9)201746397(3,10)
(4,9)1767480523(5,9)
(4,9)911362779(4,10)
(5,9)1237620512(6,9)
(5,9)45477089(5,10)
(6,9)2032528984(7,9)
(6,9)1283277557(6,10)
(7,9)51884880(8,9)
(7,9)53951805(7,10)
(8,9)518072296(9,9)
(8,9)1316676363(8,10)
(9,9)1293518617(9,10)
(0,10)467142553(1,10)
(0,10)150343582(0,11)
(1,10)346315016(2,10)
(1,10)737115957(1,11)
(2,10)1103924804(3,10)
(2,10)498204219(2,11)
(3,10)1899740559(4,10)
(3,10)1629337443(3,11)
(4,10)1649438624(5,10)
(4,10)1755374639(4,11)
(5,10)355049503(6,10)
(5,10)836758540(5,11)
(6,10)1911090640(7,10)
(6,10)1045475857(6,11)
(7,10)1486253576(8,10)
(7,10)916492626(7,11)
(8,10)1762682089(9,10)
(8,10)597604955(8,11)
(9,10)1687999974(9,11)
(0,11)526561220(1,11)
(0,11)1287677105(0,12)
(1,11)1333154194(2,11)
(1,11)1307996849(1,12)
(2,11)443790758(3,11)
(2,11)1764181732(2,12)
(3,11)1818133537(4,11)
(3,11)1218199530(3,12)
(4,11)387392245(5,11)
(4,11)495675639(4,12)
(5,11)1789194256(6,11)
(5,11)188722186(5,12)
(6,11)655864739(7,11)
(6,11)537735827(6,12)
(7,11)884050843(8,11)
(7,11)378826565(7,12)
(8,11)1482751369(9,11)
(8,11)1154068958(8,12)
(9,11)365904638(9,12)
(0,12)1090642360(1,12)
(0,12)906325869(0,13)
(1,12)1743084409(2,12)
(1,12)2015343263(1,13)
(2,12)913335472(3,12)
(2,12)1445691864(2,13)
(3,12)214700842(4,12)
(3,12)1506691401(3,13)
(4,12)2104296357(5,12)
(4,12)252105400(4,13)
(5,12)1940105374(6,12)
(5,12)1977382932(5,13)
(6,12)356460504(7,12)
(6,12)1244489814(6,13)
(7,12)430160361(8,12)
(7,12)1100618575(7,13)
(8,12)1544409334(9,12)
(8,12)2120642237(8,13)
(9,12)1648359891(9,13)
(0,13)2040084973(1,13)
(0,13)1791292126(0,14)
(1,13)1980014312(2,13)
(1,13)2035752137(1,14)
(2,13)426004316(3,13)
(2,13)1681795581(2,14)
(3,13)2060622147(4,13)
(3,13)488395404(3,14)
(4,13)1642464362(5,13)
(4,13)1310055160(4,14)
(5,13)1675959798(6,13)
(5,13)1395889868(5,14)
(6,13)339048581(7,13)
(6,13)401306584(6,14)
(7,13)2144390993(8,13)
(7,13)1543819413(7,14)
(8,13)309671237(9,13)
(8,13)1784740445(8,14)
(9,13)1503598747(9,14)
(0,14)561776638(1,14)
(0,14)1999441287(0,15)
(1,14)1829340571(2,14)
(1,14)1460411456(1,15)
(2,14)557417622(3,14)
(2,14)354398364(2,15)
(3,14)1455016940(4,14)
(3,14)38317428(3,15)
(4,14)11476017(5,14)
(4,14)987577983(4,15)
(5,14)488454227(6,14)
(5,14)851942626(5,15)
(6,14)744543951(7,14)
(6,14)1802768143(6,15)
(7,14)1635298808(8,14)
(7,14)376722716(7,15)
(8,14)802727032(9,14)
(8,14)278855884(8,15)
(9,14)2123694212(9,15)
(0,15)2112782192(1,15)
(0,15)191994383(0,16)
(1,15)1587884252(2,15)
(1,15)1618674926(1,16)
(2,15)2019981510(3,15)
(2,15)1641258343(2,16)
(3,15)1037594108(4,15)
(3,15)1926932833(3,16)
(4,15)1564189630(5,15)
(4,15)2016888856(4,16)
(5,15)1373003955(6,15)
(5,15)1347265346(5,16)
(6,15)1909041984(7,15)
(6,15)1416147269(6,16)
(7,15)1098004193(8,15)
(7,15)685931763(7,16)
(8,15)1243349385(9,15)
(8,15)115956700(8,16)
(9,15)1136321621(9,16)
(0,16)83443721(1,16)
(0,16)1570973640(0,17)
(1,16)275432618(2,16)
(1,16)1147797638(1,17)
(2,16)803082133(3,16)
(2,16)571897948(2,17)
(3,16)948620664(4,16)
(3,16)1019976569(3,17)
(4,16)1298832454(5,16)
(4,16)290897293(4,17)
(5,16)267107857(6,16)
(5,16)1751347696(5,17)
(6,16)1716646241(7,16)
(6,16)1490826837(6,17)
(7,16)931227441(8,16)
(7,16)1885782784(7,17)
(8,16)1758280646(9,16)
(8,16)1210420936(8,17)
(9,16)710676626(9,17)
(0,17)1627685854(1,17)
(0,17)100531396(0,18)
(1,17)1447796742(2,17)
(1,17)127382608(1,18)
(2,17)1543529878(3,17)
(2,17)853206161(2,18)
(3,17)1539137924(4,17)
(3,17)1209355078(3,18)
(4,17)1325311779(5,17)
(4,17)494050423(4,18)
(5,17)1630372044(6,17)
(5,17)635003662(5,18)
(6,17)718447383(7,17)
(6,17)748801771(6,18)
(7,17)1024234390(8,17)
(7,17)630686034(7,18)
(8,17)1433768167(9,17)
(8,17)1290345331(8,18)
(9,17)2044210959(9,18)
(0,18)1724665461(1,18)
(0,18)91482347(0,19)
(1,18)1842830043(2,18)
(1,18)1195559765(1,19)
(2,18)538902955(3,18)
(2,18)1991773318(2,19)
(3,18)1730072454(4,18)
(3,18)1411992636(3,19)
(4,18)474929924(5,18)
(4,18)1470130396(4,19)
(5,18)33323375(6,18)
(5,18)1340869453(5,19)
(6,18)821071659(7,18)
(6,18)575461321(6,19)
(7,18)2023258063(8,18)
(7,18)160705983(7,19)
(8,18)1704235861(9,18)
(8,18)1674277821(8,19)
(9,18)1085129494(9,19)
(0,19)50802636(1,19)
(0,19)1065932097(0,20)
(1,19)1700935759(2,19)
(1,19)262957625(1,20)
(2,19)1011759396(3,19)
(2,19)1681174680(2,20)
(3,19)164377066(4,19)
(3,19)271899494(3,20)
(4,19)1562244825(5,19)
(4,19)2035993786(4,20)
(5,19)1932721098(6,19)
(5,19)1598145234(5,20)
(6,19)1175327047(7,19)
(6,19)1653727172(6,20)
(7,19)1349073568(8,19)
(7,19)980797215(7,20)
(8,19)1519700170(9,19)
(8,19)1019616717(8,20)
(9,19)613582556(9,20)
(0,20)842346919(1,20)
(0,20)602205524(0,21)
(1,20)1943074977(2,20)
(1,20)1088512481(1,21)
(2,20)1663973802(3,20)
(2,20)875670294(2,21)
(3,20)1036376277(4,20)
(3,20)616662988(3,21)
(4,20)143457161(5,20)
(4,20)1539748217(4,21)
(5,20)477394063(6,20)
(5,20)593128491(5,21)
(6,20)643931127(7,20)
(6,20)1209389259(6,21)
(7,20)762841370(8,20)
(7,20)740351688(7,21)
(8,20)1752111085(9,20)
(8,20)177622160(8,21)
(9,20)1034740865(9,21)
(0,21)1640621223(1,21)
(0,21)341999226(0,22)
(1,21)1940144460(2,21)
(1,21)449502042(1,22)
(2,21)2103229215(3,21)
(2,21)1425858673(2,22)
(3,21)259172241(4,21)
(3,21)967987859(3,22)
(4,21)1987604577(5,21)
(4,21)1304819135(4,22)
(5,21)1918401691(6,21)
(5,21)1778872411(5,22)
(6,21)473735682(7,21)
(6,21)442326453(6,22)
(7,21)237917782(8,21)
(7,21)859430524(7,22)
(8,21)375920678(9,21)
(8,21)1349405976(8,22)
(9,21)854580770(9,22)
(0,22)1915668896(1,22)
(0,22)238298606(0,23)
(1,22)831427097(2,22)
(1,22)998037932(1,23)
(2,22)59943543(3,22)
(2,22)245579311(2,23)
(3,22)985931000(4,22)
(3,22)1475358224(3,23)
(4,22)1652980384(5,22)
(4,22)822784913(4,23)
(5,22)1857525778(6,22)
(5,22)590558437(5,23)
(6,22)83696012(7,22)
(6,22)1994979611(6,23)
(7,22)1787640423(8,22)
(7,22)159544173(7,23)
(8,22)115289740(9,22)
(8,22)1509554686(8,23)
(9,22)608144635(9,23)
(0,23)1420108875(1,23)
(0,23)1768726927(0,24)
(1,23)1400115690(2,23)
(1,23)448265564(1,24)
(2,23)890592017(3,23)
(2,23)1191026918(2,24)
(3,23)2050457443(4,23)
(3,23)1873851373(3,24)
(4,23)1075773701(5,23)
(4,23)1128509799(4,24)
(5,23)1983090569(6,23)
(5,23)278894473(5,24)
(6,23)47079721(7,23)
(6,23)1314072307(6,24)
(7,23)2145499404(8,23)
(7,23)833644853(7,24)
(8,23)893588396(9,23)
(8,23)292659033(8,24)
(9,23)1473373981(9,24)
(0,24)1716373310(1,24)
(0,24)1278590033(0,25)
(1,24)1869148470(2,24)
(1,24)978870717(1,25)
(2,24)826366680(3,24)
(2,24)1426415440(2,25)
(3,24)1585959613(4,24)
(3,24)1952844482(3,25)
(4,24)1314915520(5,24)
(4,24)466523456(4,25)
(5,24)1074668091(6,24)
(5,24)1701249353(5,25)
(6,24)973874580(7,24)
(6,24)936158799(6,25)
(7,24)188790842(8,24)
(7,24)1522933655(7,25)
(8,24)266042024(9,24)
(8,24)17417851(8,25)
(9,24)2062642215(9,25)
(0,25)1394551823(1,25)
(0,25)2067875294(0,26)
(1,25)199286119(2,25)
(1,25)990932268(1,26)
(2,25)157520928(3,25)
(2,25)1230158744(2,26)
(3,25)2063803598(4,25)
(3,25)246365841(3,26)
(4,25)539024874(5,25)
(4,25)155536684(4,26)
(5,25)1628910665(6,25)
(5,25)809908346(5,26)
(6,25)378798008(7,25)
(6,25)1817614907(6,26)
(7,25)1539279729(8,25)
(7,25)460297735(7,26)
(8,25)1286664415(9,25)
(8,25)1805213449(8,26)
(9,25)1344640563(9,26)
(0,26)1753187871(1,26)
(0,26)1243689414(0,27)
(1,26)797455120(2,26)
(1,26)512072436(1,27)
(2,26)1448231235(3,26)
(2,26)680372314(2,27)
(3,26)55822321(4,26)
(3,26)1771329700(3,27)
(4,26)1788747551(5,26)
(4,26)1637022077(4,27)
(5,26)1552180644(6,26)
(5,26)321864345(5,27)
(6,26)1716416168(7,26)
(6,26)1709139197(6,27)
(7,26)1908425317(8,26)
(7,26)395629265(7,27)
(8,26)553150193(9,26)
(8,26)799091265(8,27)
(9,26)7307510(9,27)
(0,27)708686877(1,27)
(0,27)715411215(0,28)
(1,27)1525319561(2,27)
(1,27)546332384(1,28)
(2,27)216463643(3,27)
(2,27)190113895(2,28)
(3,27)650411630(4,27)
(3,27)1904117570(3,28)
(4,27)1561847371(5,27)
(4,27)1755743372(4,28)
(5,27)952900287(6,27)
(5,27)1937076045(5,28)
(6,27)1542780269(7,27)
(6,27)658053137(6,28)
(7,27)1455508257(8,27)
(7,27)1464972723(7,28)
(8,27)765720311(9,27)
(8,27)75668935(8,28)
(9,27)1079354310(9,28)
(0,28)255258740(1,28)
(0,28)131491257(0,29)
(1,28)453355602(2,28)
(1,28)720618213(1,29)
(2,28)282273763(3,28)
(2,28)1807439385(2,29)
(3,28)55585002(4,28)
(3,28)22288123(3,29)
(4,28)821379388(5,28)
(4,28)43215432(4,29)
(5,28)50522942(6,28)
(5,28)608735195(5,29)
(6,28)1317422072(7,28)
(6,28)1536790603(6,29)
(7,28)914626516(8,28)
(7,28)596855326(7,29)
(8,28)813318969(9,28)
(8,28)1507535967(8,29)
(9,28)671260438(9,29)
(0,29)421578693(1,29)
(0,29)10463949(0,30)
(1,29)1947539995(2,29)
(1,29)85624161(1,30)
(2,29)743677299(3,29)
(2,29)1374478980(2,30)
(3,29)691968056(4,29)
(3,29)1342836616(3,30)
(4,29)1418505551(5,29)
(4,29)51701908(4,30)
(5,29)1131056218(6,29)
(5,29)1457688367(5,30)
(6,29)1712947107(7,29)
(6,29)1549996808(6,30)
(7,29)2003352411(8,29)
(7,29)1851674432(7,30)
(8,29)2133948195(9,29)
(8,29)1372902844(8,30)
(9,29)2025640534(9,30)
(0,30)29679979(1,30)
(0,30)1428487846(0,31)
(1,30)2037223041(2,30)
(1,30)699536274(1,31)
(2,30)88843229(3,30)
(2,30)80202921(2,31)
(3,30)677058247(4,30)
(3,30)1207161466(3,31)
(4,30)567213785(5,30)
(4,30)1003469745(4,31)
(5,30)1674730184(6,30)
(5,30)1490377216(5,31)
(6,30)1911955909(7,30)
(6,30)577677735(6,31)
(7,30)377734082(8,30)
(7,30)1760354345(7,31)
(8,30)356547996(9,30)
(8,30)1138951241(8,31)
(9,30)1720570698(9,31)
(0,31)408249905(1,31)
(0,31)1830919297(0,32)
(1,31)1141124016(2,31)
(1,31)991592601(1,32)
(2,31)394105762(3,31)
(2,31)1539306123(2,32)
(3,31)1243496907(4,31)
(3,31)706587476(3,32)
(4,31)2079490320(5,31)
(4,31)249974525(4,32)
(5,31)128131411(6,31)
(5,31)1229961454(5,32)
(6,31)1259641433(7,31)
(6,31)1360494519(6,32)
(7,31)1250233912(8,31)
(7,31)827667685(7,32)
(8,31)916510914(9,31)
(8,31)1339844354(8,32)
(9,31)309911730(9,32)
(0,32)1919980659(1,32)
(0,32)2016902601(0,33)
(1,32)1359796169(2,32)
(1,32)877125516(1,33)
(2,32)1454803251(3,32)
(2,32)1447227195(2,33)
(3,32)1060097893(4,32)
(3,32)1124268430(3,33)
(4,32)115736024(5,32)
(4,32)1832537333(4,33)
(5,32)1405624383(6,32)
(5,32)1416645889(5,33)
(6,32)1824895794(7,32)
(6,32)1946655321(6,33)
(7,32)940295690(8,32)
(7,32)249733336(7,33)
(8,32)643839098(9,32)
(8,32)1216718270(8,33)
(9,32)1646883166(9,33)
(0,33)893813623(1,33)
(0,33)312731529(0,34)
(1,33)1542692984(2,33)
(1,33)1578889838(1,34)
(2,33)791900709(3,33)
(2,33)1021945034(2,34)
(3,33)1849612719(4,33)
(3,33)654850769(3,34)
(4,33)1994695124(5,33)
(4,33)2042134622(4,34)
(5,33)204562704(6,33)
(5,33)618639985(5,34)
(6,33)391136997(7,33)
(6,33)1864114077(6,34)
(7,33)1076426599(8,33)
(7,33)1081688220(7,34)
(8,33)389007823(9,33)
(8,33)1838364192(8,34)
(9,33)53211381(9,34)
(0,34)74061508(1,34)
(0,34)750978437(0,35)
(1,34)20140679(2,34)
(1,34)168947405(1,35)
(2,34)2115602727(3,34)
(2,34)1479685891(2,35)
(3,34)1729419228(4,34)
(3,34)1845036473(3,35)
(4,34)914271095(5,34)
(4,34)908414769(4,35)
(5,34)407814287(6,34)
(5,34)225774678(5,35)
(6,34)1119588302(7,34)
(6,34)1227002625(6,35)
(7,34)622211961(8,34)
(7,34)1986704125(7,35)
(8,34)631121187(9,34)
(8,34)2141533336(8,35)
(9,34)1277062730(9,35)
(0,35)525772161(1,35)
(0,35)1843662408(0,36)
(1,35)314818745(2,35)
(1,35)1124274206(1,36)
(2,35)840904636(3,35)
(2,35)730334865(2,36)
(3,35)1812023086(4,35)
(3,35)705955742(3,36)
(4,35)396836287(5,35)
(4,35)1917331235(4,36)
(5,35)1970542616(6,35)
(5,35)53547261(5,36)
(6,35)127608770(7,35)
(6,35)1147814724(6,36)
(7,35)1167955403(8,35)
(7,35)2139490022(7,36)
(8,35)2107609101(9,35)
(8,35)1607294661(8,36)
(9,35)865508229(9,36)
(0,36)868540222(1,36)
(0,36)1189230241(0,37)
(1,36)1415004920(2,36)
(1,36)1779779324(1,37)
(2,36)859298301(3,36)
(2,36)1276354509(2,37)
(3,36)1115574986(4,36)
(3,36)387109574(3,37)
(4,36)381159262(5,36)
(4,36)1481510262(4,37)
(5,36)611089345(6,36)
(5,36)1746696173(5,37)
(6,36)124984686(7,36)
(6,36)77338022(6,37)
(7,36)392156768(8,36)
(7,36)1735363551(7,37)
(8,36)428784539(9,36)
(8,36)855319552(8,37)
(9,36)1098112510(9,37)
(0,37)198632126(1,37)
(0,37)519858990(0,38)
(1,37)573406251(2,37)
(1,37)1494948797(1,38)
(2,37)495279874(3,37)
(2,37)21691095(2,38)
(3,37)13697469(4,37)
(3,37)701015021(3,38)
(4,37)160826035(5,37)
(4,37)1663235277(4,38)
(5,37)381259858(6,37)
(5,37)2121306570(5,38)
(6,37)842363144(7,37)
(6,37)1350056276(6,38)
(7,37)617577548(8,37)
(7,37)13555535(7,38)
(8,37)872853836(9,37)
(8,37)2118717653(8,38)
(9,37)1004687122(9,38)
(0,38)206880451(1,38)
(0,38)1086808991(0,39)
(1,38)686021517(2,38)
(1,38)1385846385(1,39)
(2,38)1463184407(3,38)
(2,38)817969796(2,39)
(3,38)405849699(4,38)
(3,38)811006203(3,39)
(4,38)1666325755(5,38)
(4,38)1855341175(4,39)
(5,38)805970038(6,38)
(5,38)834634239(5,39)
(6,38)1033266365(7,38)
(6,38)38701097(6,39)
(7,38)612107349(8,38)
(7,38)153435187(7,39)
(8,38)648715061(9,38)
(8,38)1054957460(8,39)
(9,38)1313122370(9,39)
(0,39)164466691(1,39)
(0,39)1068654929(0,40)
(1,39)1042477851(2,39)
(1,39)1473948405(1,40)
(2,39)676521034(3,39)
(2,39)545726549(2,40)
(3,39)559282084(4,39)
(3,39)1884840995(3,40)
(4,39)1856075000(5,39)
(4,39)1294098582(4,40)
(5,39)151302057(6,39)
(5,39)1432135921(5,40)
(6,39)1639016372(7,39)
(6,39)795400344(6,40)
(7,39)1481421861(8,39)
(7,39)1537148442(7,40)
(8,39)852849201(9,39)
(8,39)309502520(8,40)
(9,39)144944416(9,40)
(0,40)560706729(1,40)
(0,40)715352219(0,41)
(1,40)1549986458(2,40)
(1,40)1811270172(1,41)
(2,40)1849971269(3,40)
(2,40)1366676767(2,41)
(3,40)1520111954(4,40)
(3,40)435769176(3,41)
(4,40)1490726636(5,40)
(4,40)314594970(4,41)
(5,40)1627717341(6,40)
(5,40)21343368(5,41)
(6,40)185810059(7,40)
(6,40)411897918(6,41)
(7,40)1454375769(8,40)
(7,40)954182098(7,41)
(8,40)1630703132(9,40)
(8,40)731536608(8,41)
(9,40)1191733117(9,41)
(0,41)777318067(1,41)
(0,41)1290818693(0,42)
(1,41)575470966(2,41)
(1,41)900324469(1,42)
(2,41)1695724813(3,41)
(2,41)928620124(2,42)
(3,41)318284918(4,41)
(3,41)67003690(3,42)
(4,41)376506210(5,41)
(4,41)1029663026(4,42)
(5,41)1174607443(6,41)
(5,41)1171134119(5,42)
(6,41)1731840848(7,41)
(6,41)1091858429(6,42)
(7,41)494361240(8,41)
(7,41)838393967(7,42)
(8,41)540881588(9,41)
(8,41)951033967(8,42)
(9,41)930130416(9,42)
(0,42)855476559(1,42)
(0,42)323662274(0,43)
(1,42)345005642(2,42)
(1,42)273373404(1,43)
(2,42)685271322(3,42)
(2,42)335710252(2,43)
(3,42)1289892350(4,42)
(3,42)530815701(3,43)
(4,42)1262352309(5,42)
(4,42)2139647092(4,43)
(5,42)1183896561(6,42)
(5,42)773111835(5,43)
(6,42)1550429902(7,42)
(6,42)405687354(6,43)
(7,42)981158320(8,42)
(7,42)2084221030(7,43)
(8,42)1632462196(9,42)
(8,42)331566378(8,43)
(9,42)1048162010(9,43)
(0,43)514641574(1,43)
(0,43)649851296(0,44)
(1,43)1820985415(2,43)
(1,43)1424668220(1,44)
(2,43)369043002(3,43)
(2,43)1689249017(2,44)
(3,43)380159336(4,43)
(3,43)1405342616(3,44)
(4,43)208892935(5,43)
(4,43)863404242(4,44)
(5,43)1793534658(6,43)
(5,43)921040925(5,44)
(6,43)1776517484(7,43)
(6,43)532555209(6,44)
(7,43)877560851(8,43)
(7,43)2066908062(7,44)
(8,43)604695737(9,43)
(8,43)2112227736(8,44)
(9,43)1408376552(9,44)
(0,44)596859181(1,44)
(0,44)1254636438(0,45)
(1,44)2027748273(2,44)
(1,44)523245214(1,45)
(2,44)928932568(3,44)
(2,44)1780755742(2,45)
(3,44)1717493124(4,44)
(3,44)1430694527(3,45)
(4,44)1762260905(5,44)
(4,44)1910090889(4,45)
(5,44)810769251(6,44)
(5,44)1202471672(5,45)
(6,44)1717113247(7,44)
(6,44)264628553(6,45)
(7,44)2085613969(8,44)
(7,44)87953824(7,45)
(8,44)456996826(9,44)
(8,44)1258878616(8,45)
(9,44)1343472937(9,45)
(0,45)1320401068(1,45)
(0,45)1639037953(0,46)
(1,45)412595230(2,45)
(1,45)1552365872(1,46)
(2,45)2084921082(3,45)
(2,45)966452078(2,46)
(3,45)885876492(4,45)
(3,45)41629066(3,46)
(4,45)6373154(5,45)
(4,45)814998285(4,46)
(5,45)75891190(6,45)
(5,45)1490572229(5,46)
(6,45)2087431410(7,45)
(6,45)1261009592(6,46)
(7,45)1141274218(8,45)
(7,45)599136404(7,46)
(8,45)1528068972(9,45)
(8,45)1720703504(8,46)
(9,45)424485097(9,46)
(0,46)1290676213(1,46)
(0,46)1290712981(0,47)
(1,46)345701005(2,46)
(1,46)39262355(1,47)
(2,46)303890908(3,46)
(2,46)2101445465(2,47)
(3,46)41915641(4,46)
(3,46)2062814252(3,47)
(4,46)1174209221(5,46)
(4,46)242021229(4,47)
(5,46)1585494166(6,46)
(5,46)498912467(5,47)
(6,46)1819313535(7,46)
(6,46)665763526(6,47)
(7,46)1078358756(8,46)
(7,46)990376391(7,47)
(8,46)927813825(9,46)
(8,46)638281965(8,47)
(9,46)1119987822(9,47)
(0,47)1742812110(1,47)
(0,47)1524158457(0,48)
(1,47)867247039(2,47)
(1,47)1126360976(1,48)
(2,47)239886920(3,47)
(2,47)1818703300(2,48)
(3,47)270356056(4,47)
(3,47)807194801(3,48)
(4,47)380414658(5,47)
(4,47)1381161138(4,48)
(5,47)1805646236(6,47)
(5,47)1798425029(5,48)
(6,47)941617594(7,47)
(6,47)1671127639(6,48)
(7,47)2016828644(8,47)
(7,47)1844908591(7,48)
(8,47)1315851(9,47)
(8,47)895579411(8,48)
(9,47)1932159249(9,48)
(0,48)243337081(1,48)
(0,48)937495052(0,49)
(1,48)1436407519(2,48)
(1,48)958884822(1,49)
(2,48)1624648348(3,48)
(2,48)1828831247(2,49)
(3,48)671723990(4,48)
(3,48)1108237406(3,49)
(4,48)1746519371(5,48)
(4,48)555523456(4,49)
(5,48)1675511278(6,48)
(5,48)1599537815(5,49)
(6,48)1194866278(7,48)
(6,48)1123194181(6,49)
(7,48)1990441220(8,48)
(7,48)654388606(7,49)
(8,48)894275526(9,48)
(8,48)866085930(8,49)
(9,48)650152373(9,49)
(0,49)127953017(1,49)
(0,49)1136441987(0,50)
(1,49)787383368(2,49)
(1,49)1030567031(1,50)
(2,49)554211022(3,49)
(2,49)1933599253(2,50)
(3,49)1631024196(4,49)
(3,49)1729000962(3,50)
(4,49)477096726(5,49)
(4,49)423556019(4,50)
(5,49)208231620(6,49)
(5,49)1632340047(5,50)
(6,49)1875677128(7,49)
(6,49)1414591778(6,50)
(7,49)703515650(8,49)
(7,49)1167116442(7,50)
(8,49)644281142(9,49)
(8,49)1557024728(8,50)
(9,49)1811753056(9,50)
(0,50)1199804598(1,50)
(0,50)81265070(0,51)
(1,50)1680802886(2,50)
(1,50)1410788780(1,51)
(2,50)386499313(3,50)
(2,50)727832228(2,51)
(3,50)1382220834(4,50)
(3,50)728185516(3,51)
(4,50)1594271446(5,50)
(4,50)229456885(4,51)
(5,50)879609258(6,50)
(5,50)129012712(5,51)
(6,50)256965729(7,50)
(6,50)583229785(6,51)
(7,50)1370613153(8,50)
(7,50)1910176290(7,51)
(8,50)316903664(9,50)
(8,50)43081334(8,51)
(9,50)952130468(9,51)
(0,51)740459683(1,51)
(0,51)1674105530(0,52)
(1,51)1158961930(2,51)
(1,51)1429227194(1,52)
(2,51)696335324(3,51)
(2,51)948691303(2,52)
(3,51)2115807745(4,51)
(3,51)887155410(3,52)
(4,51)296696490(5,51)
(4,51)1399850974(4,52)
(5,51)1064120383(6,51)
(5,51)612605239(5,52)
(6,51)1812409837(7,51)
(6,51)377961561(6,52)
(7,51)2058764447(8,51)
(7,51)327425515(7,52)
(8,51)713924828(9,51)
(8,51)392758417(8,52)
(9,51)639466315(9,52)
(0,52)943381713(1,52)
(0,52)1774979251(0,53)
(1,52)1903991964(2,52)
(1,52)86254113(1,53)
(2,52)669483899(3,52)
(2,52)1822990971(2,53)
(3,52)1585683613(4,52)
(3,52)13474045(3,53)
(4,52)56555380(5,52)
(4,52)2040097052(4,53)
(5,52)844743872(6,52)
(5,52)1902587278(5,53)
(6,52)495563313(7,52)
(6,52)1730660910(6,53)
(7,52)742139192(8,52)
(7,52)126487418(7,53)
(8,52)822822743(9,52)
(8,52)1444254617(8,53)
(9,52)1629294603(9,53)
(0,53)75190069(1,53)
(0,53)1412578714(0,54)
(1,53)2025183954(2,53)
(1,53)1925991093(1,54)
(2,53)156469006(3,53)
(2,53)1139310452(2,54)
(3,53)1466735967(4,53)
(3,53)1690110143(3,54)
(4,53)2082868561(5,53)
(4,53)67749805(4,54)
(5,53)707216120(6,53)
(5,53)33177147(5,54)
(6,53)976558860(7,53)
(6,53)1710364164(6,54)
(7,53)1466872480(8,53)
(7,53)793470234(7,54)
(8,53)1462954133(9,53)
(8,53)652066184(8,54)
(9,53)1480346526(9,54)
(0,54)1355567537(1,54)
(0,54)90266149(0,55)
(1,54)1992853427(2,54)
(1,54)1536901906(1,55)
(2,54)1120079168(3,54)
(2,54)52827762(2,55)
(3,54)179315180(4,54)
(3,54)340933093(3,55)
(4,54)1785187710(5,54)
(4,54)1862218361(4,55)
(5,54)1344029316(6,54)
(5,54)1002137923(5,55)
(6,54)1077327993(7,54)
(6,54)1050282776(6,55)
(7,54)927983082(8,54)
(7,54)1122536761(7,55)
(8,54)1279005768(9,54)
(8,54)69154797(8,55)
(9,54)470609578(9,55)
(0,55)1346755573(1,55)
(0,55)1535890765(0,56)
(1,55)1569067912(2,55)
(1,55)405994491(1,56)
(2,55)2116358655(3,55)
(2,55)2053971694(2,56)
(3,55)699958280(4,55)
(3,55)398143125(3,56)
(4,55)1050209309(5,55)
(4,55)1435747488(4,56)
(5,55)768610366(6,55)
(5,55)15428765(5,56)
(6,55)1370996302(7,55)
(6,55)1140475458(6,56)
(7,55)985845238(8,55)
(7,55)158028624(7,56)
(8,55)1278107792(9,55)
(8,55)1423824064(8,56)
(9,55)1326778331(9,56)
(0,56)992842505(1,56)
(0,56)1603139245(0,57)
(1,56)457793520(2,56)
(1,56)964482393(1,57)
(2,56)2014765169(3,56)
(2,56)189388173(2,57)
(3,56)1311924935(4,56)
(3,56)1535121513(3,57)
(4,56)1604276311(5,56)
(4,56)795264604(4,57)
(5,56)1265874182(6,56)
(5,56)443447055(5,57)
(6,56)1790202628(7,56)
(6,56)992683428(6,57)
(7,56)414267692(8,56)
(7,56)1671868673(7,57)
(8,56)1640743680(9,56)
(8,56)1696690674(8,57)
(9,56)812410817(9,57)
(0,57)929007520(1,57)
(0,57)249165306(0,58)
(1,57)264594071(2,57)
(1,57)1862620126(1,58)
(2,57)855611937(3,57)
(2,57)1697617886(2,58)
(3,57)1855646510(4,57)
(3,57)1635590374(3,58)
(4,57)911930790(5,57)
(4,57)1841457175(4,58)
(5,57)1020751858(6,57)
(5,57)986270655(5,58)
(6,57)1979113160(7,57)
(6,57)367586387(6,58)
(7,57)825379908(8,57)
(7,57)1985234251(7,58)
(8,57)1852515772(9,57)
(8,57)21017686(8,58)
(9,57)213017773(9,58)
(0,58)500296728(1,58)
(0,58)1332942621(0,59)
(1,58)1776389676(2,58)
(1,58)1817294084(1,59)
(2,58)662493864(3,58)
(2,58)1766170910(2,59)
(3,58)1290555935(4,58)
(3,58)1419108656(3,59)
(4,58)968315683(5,58)
(4,58)1076761557(4,59)
(5,58)1889172374(6,58)
(5,58)783815968(5,59)
(6,58)1712823488(7,58)
(6,58)1217480989(6,59)
(7,58)1482075061(8,58)
(7,58)1604308853(7,59)
(8,58)312437142(9,58)
(8,58)1262957727(8,59)
(9,58)970181787(9,59)
(0,59)6410669(1,59)
(0,59)971120589(0,60)
(1,59)1957391244(2,59)
(1,59)1882112577(1,60)
(2,59)102215317(3,59)
(2,59)1027162527(2,60)
(3,59)864913130(4,59)
(3,59)1789020757(3,60)
(4,59)1810038443(5,59)
(4,59)927595225(4,60)
(5,59)1140612998(6,59)
(5,59)569945254(5,60)
(6,59)1070241983(7,59)
(6,59)995497416(6,60)
(7,59)624403444(8,59)
(7,59)810423435(7,60)
(8,59)1472917299(9,59)
(8,59)688929245(8,60)
(9,59)2043512100(9,60)
(0,60)402195208(1,60)
(0,60)1979485181(0,61)
(1,60)615817501(2,60)
(1,60)864344135(1,61)
(2,60)2081825125(3,60)
(2,60)143883935(2,61)
(3,60)1748192788(4,60)
(3,60)181157341(3,61)
(4,60)1444115068(5,60)
(4,60)1416416538(4,61)
(5,60)239114677(6,60)
(5,60)2060629930(5,61)
(6,60)2067040599(7,60)
(6,60)267752010(6,61)
(7,60)77659606(8,60)
(7,60)2121227254(7,61)
(8,60)75958923(9,60)
(8,60)946719478(8,61)
(9,60)1866680363(9,61)
(0,61)1003554148(1,61)
(0,61)1811632608(0,62)
(1,61)234094214(2,61)
(1,61)1529235158(1,62)
(2,61)377248926(3,61)
(2,61)2144167147(2,62)
(3,61)807106934(4,61)
(3,61)1304336197(3,62)
(4,61)1993265443(5,61)
(4,61)1001652370(4,62)
(5,61)897680823(6,61)
(5,61)132540585(5,62)
(6,61)534735794(7,61)
(6,61)1825266976(6,62)
(7,61)293600829(8,61)
(7,61)1762024958(7,62)
(8,61)1696366435(9,61)
(8,61)678619729(8,62)
(9,61)474758170(9,62)
(0,62)965299325(1,62)
(0,62)279328869(0,63)
(1,62)192475151(2,62)
(1,62)1918873239(1,63)
(2,62)39141601(3,62)
(2,62)1204414002(2,63)
(3,62)1178157609(4,62)
(3,62)112032102(3,63)
(4,62)1058751580(5,62)
(4,62)116801207(4,63)
(5,62)1983481571(6,62)
(5,62)1254116532(5,63)
(6,62)110187033(7,62)
(6,62)722900540(6,63)
(7,62)956994754(8,62)
(7,62)1365233081(7,63)
(8,62)1742482008(9,62)
(8,62)106870532(8,63)
(9,62)113847304(9,63)
(0,63)596650730(1,63)
(0,63)913977466(0,64)
(1,63)1046518051(2,63)
(1,63)2107112747(1,64)
(2,63)1784896075(3,63)
(2,63)1494331553(2,64)
(3,63)1108872864(4,63)
(3,63)1581253845(3,64)
(4,63)112389926(5,63)
(4,63)2078496904(4,64)
(5,63)405771426(6,63)
(5,63)657755651(5,64)
(6,63)1623054977(7,63)
(6,63)391718795(6,64)
(7,63)584193946(8,63)
(7,63)177161017(7,64)
(8,63)216302618(9,63)
(8,63)679985331(8,64)
(9,63)696226048(9,64)
(0,64)333103826(1,64)
(0,64)1858142940(0,65)
(1,64)964775825(2,64)
(1,64)1754977628(1,65)
(2,64)330394520(3,64)
(2,64)169101749(2,65)
(3,64)1534334830(4,64)
(3,64)1074962858(3,65)
(4,64)1181833390(5,64)
(4,64)1287389275(4,65)
(5,64)1401236579(6,64)
(5,64)1129333190(5,65)
(6,64)1725983921(7,64)
(6,64)2095810856(6,65)
(7,64)994845259(8,64)
(7,64)1360865678(7,65)
(8,64)998278105(9,64)
(8,64)1072831826(8,65)
(9,64)428615457(9,65)
(0,65)929291361(1,65)
(0,65)34221042(0,66)
(1,65)691976694(2,65)
(1,65)541005383(1,66)
(2,65)932724179(3,65)
(2,65)1335062787(2,66)
(3,65)1512223805(4,65)
(3,65)167548023(3,66)
(4,65)847533354(5,65)
(4,65)1516918125(4,66)
(5,65)65660526(6,65)
(5,65)1728526423(5,66)
(6,65)2061630249(7,65)
(6,65)558192647(6,66)
(7,65)1522968472(8,65)
(7,65)1820638154(7,66)
(8,65)3549027(9,65)
(8,65)83248350(8,66)
(9,65)450447682(9,66)
(0,66)1290938302(1,66)
(0,66)1617583181(0,67)
(1,66)599432723(2,66)
(1,66)1632281072(1,67)
(2,66)1580608280(3,66)
(2,66)544691233(2,67)
(3,66)1905556911(4,66)
(3,66)177932996(3,67)
(4,66)1250764823(5,66)
(4,66)427969891(4,67)
(5,66)856585348(6,66)
(5,66)756351368(5,67)
(6,66)1685642729(7,66)
(6,66)1284985865(6,67)
(7,66)1976962559(8,66)
(7,66)1397590732(7,67)
(8,66)182831263(9,66)
(8,66)873221868(8,67)
(9,66)2144510582(9,67)
(0,67)1699749388(1,67)
(0,67)237962025(0,68)
(1,67)1966488449(2,67)
(1,67)844560289(1,68)
(2,67)1402752936(3,67)
(2,67)1765409914(2,68)
(3,67)1438564421(4,67)
(3,67)1880635050(3,68)
(4,67)1963883401(5,67)
(4,67)778237760(4,68)
(5,67)1228685442(6,67)
(5,67)1442113448(5,68)
(6,67)585568102(7,67)
(6,67)1433982934(6,68)
(7,67)2033415657(8,67)
(7,67)713482866(7,68)
(8,67)146607498(9,67)
(8,67)1130259335(8,68)
(9,67)63865006(9,68)
(0,68)574577389(1,68)
(0,68)888332598(0,69)
(1,68)1644683966(2,68)
(1,68)1314629829(1,69)
(2,68)452132046(3,68)
(2,68)1431162738(2,69)
(3,68)681269822(4,68)
(3,68)1182843047(3,69)
(4,68)2056064915(5,68)
(4,68)281610958(4,69)
(5,68)278637892(6,68)
(5,68)864101085(5,69)
(6,68)416366825(7,68)
(6,68)146543293(6,69)
(7,68)2113031742(8,68)
(7,68)1123198181(7,69)
(8,68)378467469(9,68)
(8,68)34293092(8,69)
(9,68)1846183144(9,69)
(0,69)1156705229(1,69)
(0,69)1472857513(0,70)
(1,69)767487313(2,69)
(1,69)1662582897(1,70)
(2,69)949082183(3,69)
(2,69)237907023(2,70)
(3,69)951389889(4,69)
(3,69)1353055415(3,70)
(4,69)335831102(5,69)
(4,69)835014193(4,70)
(5,69)898879199(6,69)
(5,69)1097997387(5,70)
(6,69)1672574777(7,69)
(6,69)1224163700(6,70)
(7,69)721364018(8,69)
(7,69)66025380(7,70)
(8,69)518157426(9,69)
(8,69)956253867(8,70)
(9,69)1904207065(9,70)
(0,70)799768384(1,70)
(0,70)1637523689(0,71)
(1,70)354141126(2,70)
(1,70)1812788332(1,71)
(2,70)1959331625(3,70)
(2,70)1078406277(2,71)
(3,70)54120810(4,70)
(3,70)770507951(3,71)
(4,70)804801043(5,70)
(4,70)1924879719(4,71)
(5,70)1623579216(6,70)
(5,70)432588280(5,71)
(6,70)1589293509(7,70)
(6,70)130174908(6,71)
(7,70)897662221(8,70)
(7,70)1138678465(7,71)
(8,70)2087760649(9,70)
(8,70)1827200533(8,71)
(9,70)103233988(9,71)
(0,71)775291194(1,71)
(0,71)631106774(0,72)
(1,71)1729104162(2,71)
(1,71)439065090(1,72)
(2,71)1663228790(3,71)
(2,71)1674170393(2,72)
(3,71)1740195773(4,71)
(3,71)1254195291(3,72)
(4,71)62965510(5,71)
(4,71)237109160(4,72)
(5,71)2141316225(6,71)
(5,71)110869551(5,72)
(6,71)910637936(7,71)
(6,71)1700489199(6,72)
(7,71)2054630325(8,71)
(7,71)1806620910(7,72)
(8,71)1618468887(9,71)
(8,71)1989044213(8,72)
(9,71)677654628(9,72)
(0,72)1395864959(1,72)
(0,72)2043165023(0,73)
(1,72)328269655(2,72)
(1,72)1482455672(1,73)
(2,72)1612630580(3,72)
(2,72)871960527(2,73)
(3,72)2010638992(4,72)
(3,72)1917563165(3,73)
(4,72)1597280050(5,72)
(4,72)362809154(4,73)
(5,72)466043142(6,72)
(5,72)1950915993(5,73)
(6,72)578723539(7,72)
(6,72)80903176(6,73)
(7,72)1810007338(8,72)
(7,72)905108233(7,73)
(8,72)420853375(9,72)
(8,72)105410284(8,73)
(9,72)916718981(9,73)
(0,73)657962536(1,73)
(0,73)1845606057(0,74)
(1,73)1956475609(2,73)
(1,73)979684491(1,74)
(2,73)532690042(3,73)
(2,73)651795113(2,74)
(3,73)310932375(4,73)
(3,73)719629897(3,74)
(4,73)561190462(5,73)
(4,73)439836719(4,74)
(5,73)1117491348(6,73)
(5,73)1929401263(5,74)
(6,73)1177782574(7,73)
(6,73)456871837(6,74)
(7,73)785141493(8,73)
(7,73)452463372(7,74)
(8,73)2065093952(9,73)
(8,73)2049743101(8,74)
(9,73)555221010(9,74)
(0,74)280419458(1,74)
(0,74)1912898445(0,75)
(1,74)1716330791(2,74)
(1,74)5017412(1,75)
(2,74)85920588(3,74)
(2,74)746462601(2,75)
(3,74)1651570834(4,74)
(3,74)147570682(3,75)
(4,74)252980967(5,74)
(4,74)1895927927(4,75)
(5,74)665163260(6,74)
(5,74)2072424209(5,75)
(6,74)582903097(7,74)
(6,74)2098587024(6,75)
(7,74)1907578985(8,74)
(7,74)1644847752(7,75)
(8,74)30054146(9,74)
(8,74)1234698211(8,75)
(9,74)479725234(9,75)
(0,75)469890866(1,75)
(0,75)1545630586(0,76)
(1,75)1327548201(2,75)
(1,75)1040915696(1,76)
(2,75)1497787534(3,75)
(2,75)1587382214(2,76)
(3,75)2039845586(4,75)
(3,75)357847127(3,76)
(4,75)260106580(5,75)
(4,75)135445379(4,76)
(5,75)690666389(6,75)
(5,75)1957455890(5,76)
(6,75)90391701(7,75)
(6,75)25521378(6,76)
(7,75)1741852169(8,75)
(7,75)695683801(7,76)
(8,75)781604389(9,75)
(8,75)836854302(8,76)
(9,75)1889422851(9,76)
(0,76)530048668(1,76)
(0,76)340941488(0,77)
(1,76)265882049(2,76)
(1,76)2142403818(1,77)
(2,76)2093507195(3,76)
(2,76)1195211929(2,77)
(3,76)692576033(4,76)
(3,76)848785147(3,77)
(4,76)2083483358(5,76)
(4,76)1853602532(4,77)
(5,76)185844119(6,76)
(5,76)722630179(5,77)
(6,76)1192521045(7,76)
(6,76)1481630296(6,77)
(7,76)661694850(8,76)
(7,76)1226759815(7,77)
(8,76)577063701(9,76)
(8,76)632419611(8,77)
(9,76)1019541977(9,77)
(0,77)712509080(1,77)
(0,77)524781549(0,78)
(1,77)334753792(2,77)
(1,77)1279648558(1,78)
(2,77)1305169936(3,77)
(2,77)1403175469(2,78)
(3,77)2098859270(4,77)
(3,77)425145493(3,78)
(4,77)1261999795(5,77)
(4,77)899538457(4,78)
(5,77)641477660(6,77)
(5,77)732980012(5,78)
(6,77)1263028680(7,77)
(6,77)1602941283(6,78)
(7,77)1868823332(8,77)
(7,77)636397831(7,78)
(8,77)582421378(9,77)
(8,77)310756961(8,78)
(9,77)570124831(9,78)
(0,78)288540262(1,78)
(0,78)1003332994(0,79)
(1,78)1725963174(2,78)
(1,78)506124541(1,79)
(2,78)1987754838(3,78)
(2,78)474384381(2,79)
(3,78)1701144197(4,78)
(3,78)771000571(3,79)
(4,78)1403420183(5,78)
(4,78)501966040(4,79)
(5,78)1521508017(6,78)
(5,78)130724250(5,79)
(6,78)843233331(7,78)
(6,78)1928201732(6,79)
(7,78)115471876(8,78)
(7,78)653672927(7,79)
(8,78)1958842863(9,78)
(8,78)98925152(8,79)
(9,78)540617369(9,79)
(0,79)710897672(1,79)
(0,79)50300775(0,80)
(1,79)783280787(2,79)
(1,79)1802617164(1,80)
(2,79)1258074799(3,79)
(2,79)1352375333(2,80)
(3,79)1988773164(4,79)
(3,79)2046309467(3,80)
(4,79)209582781(5,79)
(4,79)979414484(4,80)
(5,79)1549539315(6,79)
(5,79)423710894(5,80)
(6,79)712251156(7,79)
(6,79)1212915775(6,80)
(7,79)791395301(8,79)
(7,79)2055663857(7,80)
(8,79)1895935047(9,79)
(8,79)1186635538(8,80)
(9,79)1562395873(9,80)
(0,80)250417439(1,80)
(0,80)740296087(0,81)
(1,80)871020337(2,80)
(1,80)818332408(1,81)
(2,80)599050492(3,80)
(2,80)1771925456(2,81)
(3,80)278114736(4,80)
(3,80)1714253668(3,81)
(4,80)1813178821(5,80)
(4,80)714522369(4,81)
(5,80)1255139738(6,80)
(5,80)89473951(5,81)
(6,80)800371624(7,80)
(6,80)1863479596(6,81)
(7,80)499276735(8,80)
(7,80)910273255(7,81)
(8,80)20864406(9,80)
(8,80)5263309(8,81)
(9,80)398102554(9,81)
(0,81)1000278890(1,81)
(0,81)1994036473(0,82)
(1,81)270263719(2,81)
(1,81)607685335(1,82)
(2,81)1820601111(3,81)
(2,81)402334558(2,82)
(3,81)310514767(4,81)
(3,81)982514875(3,82)
(4,81)21666765(5,81)
(4,81)464512764(4,82)
(5,81)2026908637(6,81)
(5,81)58966166(5,82)
(6,81)309383605(7,81)
(6,81)761962852(6,82)
(7,81)1632983190(8,81)
(7,81)697757397(7,82)
(8,81)1296807890(9,81)
(8,81)2081309061(8,82)
(9,81)1199753210(9,82)
(0,82)2011330259(1,82)
(0,82)211940149(0,83)
(1,82)301414101(2,82)
(1,82)865448383(1,83)
(2,82)581444331(3,82)
(2,82)1118986349(2,83)
(3,82)2029259604(4,82)
(3,82)1101785725(3,83)
(4,82)1107049034(5,82)
(4,82)1080721066(4,83)
(5,82)1478823621(6,82)
(5,82)2050124011(5,83)
(6,82)902919253(7,82)
(6,82)953601859(6,83)
(7,82)1223865578(8,82)
(7,82)2086508956(7,83)
(8,82)1759626419(9,82)
(8,82)1305253811(8,83)
(9,82)58896805(9,83)
(0,83)76655536(1,83)
(0,83)1615768578(0,84)
(1,83)1674734744(2,83)
(1,83)80563571(1,84)
(2,83)842526423(3,83)
(2,83)2103564173(2,84)
(3,83)653837923(4,83)
(3,83)1984118349(3,84)
(4,83)1917943763(5,83)
(4,83)328025965(4,84)
(5,83)1527779176(6,83)
(5,83)1950645813(5,84)
(6,83)1814492424(7,83)
(6,83)2129883912(6,84)
(7,83)283814365(8,83)
(7,83)245743911(7,84)
(8,83)827188243(9,83)
(8,83)785995125(8,84)
(9,83)1385600090(9,84)
(0,84)1907909309(1,84)
(0,84)667771082(0,85)
(1,84)570411445(2,84)
(1,84)345165476(1,85)
(2,84)1298767335(3,84)
(2,84)1239249282(2,85)
(3,84)1178274591(4,84)
(3,84)1473330698(3,85)
(4,84)631100862(5,84)
(4,84)375149265(4,85)
(5,84)434046071(6,84)
(5,84)790417362(5,85)
(6,84)867072898(7,84)
(6,84)99385792(6,85)
(7,84)1774120537(8,84)
(7,84)514609642(7,85)
(8,84)1357136065(9,84)
(8,84)823153424(8,85)
(9,84)1610755238(9,85)
(0,85)1685162031(1,85)
(0,85)1476991347(0,86)
(1,85)1280153512(2,85)
(1,85)1381215353(1,86)
(2,85)1363615618(3,85)
(2,85)1065457559(2,86)
(3,85)1311201470(4,85)
(3,85)947162288(3,86)
(4,85)1733157413(5,85)
(4,85)1647429983(4,86)
(5,85)885546426(6,85)
(5,85)2138389713(5,86)
(6,85)1898815375(7,85)
(6,85)253444847(6,86)
(7,85)823856292(8,85)
(7,85)1230711902(7,86)
(8,85)381995590(9,85)
(8,85)990581009(8,86)
(9,85)149703343(9,86)
(0,86)757144855(1,86)
(0,86)21371952(0,87)
(1,86)811789315(2,86)
(1,86)780804205(1,87)
(2,86)880189997(3,86)
(2,86)1191190926(2,87)
(3,86)1705800568(4,86)
(3,86)1678862213(3,87)
(4,86)354531989(5,86)
(4,86)506826886(4,87)
(5,86)2117582125(6,86)
(5,86)915452986(5,87)
(6,86)453131369(7,86)
(6,86)1831523336(6,87)
(7,86)964193200(8,86)
(7,86)1351313830(7,87)
(8,86)567445800(9,86)
(8,86)1518588928(8,87)
(9,86)1911355488(9,87)
(0,87)67392136(1,87)
(0,87)682306750(0,88)
(1,87)673212816(2,87)
(1,87)1497029254(1,88)
(2,87)1750474101(3,87)
(2,87)952938562(2,88)
(3,87)36166816(4,87)
(3,87)424544543(3,88)
(4,87)1415125552(5,87)
(4,87)426846746(4,88)
(5,87)576550089(6,87)
(5,87)418162406(5,88)
(6,87)1175307262(7,87)
(6,87)1436497505(6,88)
(7,87)100803172(8,87)
(7,87)1357354294(7,88)
(8,87)90060643(9,87)
(8,87)219014540(8,88)
(9,87)1779665385(9,88)
(0,88)596887530(1,88)
(0,88)1924815109(0,89)
(1,88)692784447(2,88)
(1,88)2134197375(1,89)
(2,88)1818237063(3,88)
(2,88)566986007(2,89)
(3,88)1918299837(4,88)
(3,88)1145915816(3,89)
(4,88)517021096(5,88)
(4,88)634946616(4,89)
(5,88)398818456(6,88)
(5,88)338261990(5,89)
(6,88)405654126(7,88)
(6,88)1199327846(6,89)
(7,88)1872540662(8,88)
(7,88)1895847710(7,89)
(8,88)1498838164(9,88)
(8,88)1358592688(8,89)
(9,88)149601557(9,89)
(0,89)1925684910(1,89)
(0,89)1394759504(0,90)
(1,89)1812921911(2,89)
(1,89)1564727110(1,90)
(2,89)853740967(3,89)
(2,89)354751351(2,90)
(3,89)1712105645(4,89)
(3,89)840745525(3,90)
(4,89)1059760065(5,89)
(4,89)954544139(4,90)
(5,89)586725876(6,89)
(5,89)1802166288(5,90)
(6,89)251570170(7,89)
(6,89)837091526(6,90)
(7,89)1529875973(8,89)
(7,89)573439603(7,90)
(8,89)244193019(9,89)
(8,89)818556177(8,90)
(9,89)528308141(9,90)
(0,90)879139635(1,90)
(0,90)589372367(0,91)
(1,90)927634357(2,90)
(1,90)1045329237(1,91)
(2,90)97173436(3,90)
(2,90)1277958091(2,91)
(3,90)1026322154(4,90)
(3,90)1333288483(3,91)
(4,90)544397523(5,90)
(4,90)1969714098(4,91)
(5,90)2119315656(6,90)
(5,90)377676670(5,91)
(6,90)155877932(7,90)
(6,90)1939157027(6,91)
(7,90)1604595290(8,90)
(7,90)1536559118(7,91)
(8,90)242816437(9,90)
(8,90)510629283(8,91)
(9,90)297857167(9,91)
(0,91)1197360576(1,91)
(0,91)75251280(0,92)
(1,91)1877417568(2,91)
(1,91)1357617233(1,92)
(2,91)47225111(3,91)
(2,91)1784086452(2,92)
(3,91)210042408(4,91)
(3,91)2128987739(3,92)
(4,91)800060268(5,91)
(4,91)1577101085(4,92)
(5,91)2105409226(6,91)
(5,91)454235427(5,92)
(6,91)1333375062(7,91)
(6,91)1389432635(6,92)
(7,91)169583344(8,91)
(7,91)1003254816(7,92)
(8,91)1100428252(9,91)
(8,91)463849505(8,92)
(9,91)1502871827(9,92)
(0,92)922658702(1,92)
(0,92)1490171659(0,93)
(1,92)1867848329(2,92)
(1,92)2047269350(1,93)
(2,92)1838942730(3,92)
(2,92)894490710(2,93)
(3,92)283566180(4,92)
(3,92)2023726261(3,93)
(4,92)386871896(5,92)
(4,92)1296054372(4,93)
(5,92)1593911540(6,92)
(5,92)526382617(5,93)
(6,92)1723743193(7,92)
(6,92)462123176(6,93)
(7,92)192057097(8,92)
(7,92)804045125(7,93)
(8,92)851270236(9,92)
(8,92)1360345998(8,93)
(9,92)173561188(9,93)
(0,93)280887673(1,93)
(0,93)1570388406(0,94)
(1,93)2024623833(2,93)
(1,93)973621456(1,94)
(2,93)215570444(3,93)
(2,93)238813252(2,94)
(3,93)1242068068(4,93)
(3,93)1210515247(3,94)
(4,93)1674364752(5,93)
(4,93)385153788(4,94)
(5,93)1888025616(6,93)
(5,93)195012672(5,94)
(6,93)1117671374(7,93)
(6,93)1017052764(6,94)
(7,93)737417445(8,93)
(7,93)1787811318(7,94)
(8,93)1479270400(9,93)
(8,93)2012162085(8,94)
(9,93)613660059(9,94)
(0,94)627841125(1,94)
(0,94)148244617(0,95)
(1,94)674627235(2,94)
(1,94)1000531955(1,95)
(2,94)1462655132(3,94)
(2,94)74269017(2,95)
(3,94)878314142(4,94)
(3,94)250886780(3,95)
(4,94)1611232778(5,94)
(4,94)1654712229(4,95)
(5,94)1828273417(6,94)
(5,94)1729584378(5,95)
(6,94)2010472052(7,94)
(6,94)1034137536(6,95)
(7,94)911277721(8,94)
(7,94)654411225(7,95)
(8,94)869981669(9,94)
(8,94)101801656(8,95)
(9,94)2121792968(9,95)
(0,95)1255135458(1,95)
(0,95)1343869724(0,96)
(1,95)1538882396(2,95)
(1,95)1648674073(1,96)
(2,95)518243189(3,95)
(2,95)995677426(2,96)
(3,95)636005096(4,95)
(3,95)509070122(3,96)
(4,95)373748559(5,95)
(4,95)1255660634(4,96)
(5,95)1869320693(6,95)
(5,95)2115275497(5,96)
(6,95)595632974(7,95)
(6,95)521993177(6,96)
(7,95)1196620412(8,95)
(7,95)722369001(7,96)
(8,95)37540485(9,95)
(8,95)669901991(8,96)
(9,95)1447507192(9,96)
(0,96)1692252714(1,96)
(0,96)1548216133(0,97)
(1,96)1130316863(2,96)
(1,96)911256323(1,97)
(2,96)1945393859(3,96)
(2,96)1373042483(2,97)
(3,96)2027453708(4,96)
(3,96)993305267(3,97)
(4,96)1095106923(5,96)
(4,96)709187933(4,97)
(5,96)683497253(6,96)
(5,96)749951730(5,97)
(6,96)2005087188(7,96)
(6,96)291492999(6,97)
(7,96)1830375395(8,96)
(7,96)184687678(7,97)
(8,96)702930867(9,96)
(8,96)853280966(8,97)
(9,96)191961870(9,97)
(0,97)1958591502(1,97)
(0,97)1489286062(0,98)
(1,97)1457077911(2,97)
(1,97)565710429(1,98)
(2,97)1087703606(3,97)
(2,97)1680428547(2,98)
(3,97)255313900(4,97)
(3,97)2052710885(3,98)
(4,97)575129228(5,97)
(4,97)136840370(4,98)
(5,97)1584347563(6,97)
(5,97)292854385(5,98)
(6,97)1985107099(7,97)
(6,97)2123345361(6,98)
(7,97)1106178577(8,97)
(7,97)348120238(7,98)
(8,97)146030449(9,97)
(8,97)1210665934(8,98)
(9,97)2099483844(9,98)
(0,98)855218382(1,98)
(0,98)1090635995(0,99)
(1,98)1840587725(2,98)
(1,98)1047107120(1,99)
(2,98)1338600119(3,98)
(2,98)1538715636(2,99)
(3,98)1723403314(4,98)
(3,98)1698191265(3,99)
(4,98)403988583(5,98)
(4,98)1021491867(4,99)
(5,98)1213453737(6,98)
(5,98)278850534(5,99)
(6,98)89958388(7,98)
(6,98)1893274645(6,99)
(7,98)1202868909(8,98)
(7,98)1779164166(7,99)
(8,98)719384125(9,98)
(8,98)1770386935(8,99)
(9,98)1108096146(9,99)
(0,99)856224495(1,99)
(0,99)2025700836(0,100)
(1,99)171071573(2,99)
(1,99)1683225375(1,100)
(2,99)1659087088(3,99)
(2,99)293088410(2,100)
(3,99)641208648(4,99)
(3,99)8695025(3,100)
(4,99)1219360959(5,99)
(4,99)617782017(4,100)
(5,99)569782214(6,99)
(5,99)787239098(5,100)
(6,99)1642457480(7,99)
(6,99)162513306(6,100)
(7,99)2003101031(8,99)
(7,99)1616889334(7,100)
(8,99)808005805(9,99)
(8,99)1033689468(8,100)
(9,99)1553808648(9,100)
(0,100)1829497672(1,100)
(0,100)609609135(0,101)
(1,100)888459669(2,100)
(1,100)1957797231(1,101)
(2,100)1703588229(3,100)
(2,100)895467761(2,101)
(3,100)527148280(4,100)
(3,100)978418057(3,101)
(4,100)601321344(5,100)
(4,100)758973490(4,101)
(5,100)1867069636(6,100)
(5,100)1246532405(5,101)
(6,100)2102756900(7,100)
(6,100)479538532(6,101)
(7,100)650610106(8,100)
(7,100)1402811363(7,101)
(8,100)914414804(9,100)
(8,100)248361663(8,101)
(9,100)659305131(9,101)
(0,101)1532196821(1,101)
(0,101)889570311(0,102)
(1,101)1676809409(2,101)
(1,101)1878666090(1,102)
(2,101)2041179397(3,101)
(2,101)2101979035(2,102)
(3,101)1571384721(4,101)
(3,101)1171783242(3,102)
(4,101)57989062(5,101)
(4,101)1896796780(4,102)
(5,101)1303121781(6,101)
(5,101)231906879(5,102)
(6,101)2061404551(7,101)
(6,101)667598197(6,102)
(7,101)1556057866(8,101)
(7,101)1113435364(7,102)
(8,101)669539945(9,101)
(8,101)809388665(8,102)
(9,101)386992275(9,102)
(0,102)1428513435(1,102)
(0,102)1336536945(0,103)
(1,102)435585702(2,102)
(1,102)988313620(1,103)
(2,102)1467852152(3,102)
(2,102)1148099424(2,103)
(3,102)403427139(4,102)
(3,102)390858954(3,103)
(4,102)639220617(5,102)
(4,102)2118462258(4,103)
(5,102)630283741(6,102)
(5,102)1317841943(5,103)
(6,102)702555117(7,102)
(6,102)1528790929(6,103)
(7,102)1058116690(8,102)
(7,102)361466184(7,103)
(8,102)255161933(9,102)
(8,102)657050504(8,103)
(9,102)82416284(9,103)
(0,103)4475065(1,103)
(0,103)80951578(0,104)
(1,103)312858457(2,103)
(1,103)140405347(1,104)
(2,103)808003544(3,103)
(2,103)1307596846(2,104)
(3,103)273548563(4,103)
(3,103)226779360(3,104)
(4,103)1036168025(5,103)
(4,103)216577763(4,104)
(5,103)603570038(6,103)
(5,103)943088508(5,104)
(6,103)224118296(7,103)
(6,103)225221322(6,104)
(7,103)660807024(8,103)
(7,103)1591883658(7,104)
(8,103)912252163(9,103)
(8,103)1372217720(8,104)
(9,103)1051665979(9,104)
(0,104)883230773(1,104)
(0,104)1775644859(0,105)
(1,104)946003155(2,104)
(1,104)1690886596(1,105)
(2,104)1072193877(3,104)
(2,104)1513514515(2,105)
(3,104)1874980699(4,104)
(3,104)1648558272(3,105)
(4,104)158125128(5,104)
(4,104)2130310568(4,105)
(5,104)65243204(6,104)
(5,104)2130142632(5,105)
(6,104)2134617697(7,104)
(6,104)239076706(6,105)
(7,104)551935163(8,104)
(7,104)205648551(7,105)
(8,104)1013652096(9,104)
(8,104)1294730896(8,105)
(9,104)778714524(9,105)
(0,105)1230229859(1,105)
(0,105)1568279459(0,106)
(1,105)363884319(2,105)
(1,105)1814882549(1,106)
(2,105)2040103872(3,105)
(2,105)1833799897(2,106)
(3,105)1278199908(4,105)
(3,105)588002615(3,106)
(4,105)1960220335(5,105)
(4,105)553427248(4,106)
(5,105)1605093227(6,105)
(5,105)42968423(5,106)
(6,105)926199196(7,105)
(6,105)1588381547(6,106)
(7,105)386901054(8,105)
(7,105)1148496176(7,106)
(8,105)73206405(9,105)
(8,105)292230063(8,106)
(9,105)2035459326(9,106)
(0,106)56033325(1,106)
(0,106)19727114(0,107)
(1,106)2386098(2,106)
(1,106)46100806(1,107)
(2,106)285177513(3,106)
(2,106)121276530(2,107)
(3,106)326925081(4,106)
(3,106)2137003796(3,107)
(4,106)1284251044(5,106)
(4,106)837112676(4,107)
(5,106)1615827200(6,106)
(5,106)1340577177(5,107)
(6,106)423323388(7,106)
(6,106)705046855(6,107)
(7,106)1068931174(8,106)
(7,106)1283226102(7,107)
(8,106)1175846326(9,106)
(8,106)109639638(8,107)
(9,106)1656933790(9,107)
(0,107)1729273574(1,107)
(0,107)1387839546(0,108)
(1,107)1430807969(2,107)
(1,107)1469670477(1,108)
(2,107)910568376(3,107)
(2,107)1186883154(2,108)
(3,107)187895682(4,107)
(3,107)209523517(3,108)
(4,107)501753581(5,107)
(4,107)1297469430(4,108)
(5,107)1185445108(6,107)
(5,107)261102087(5,108)
(6,107)317135413(7,107)
(6,107)521480695(6,108)
(7,107)523866794(8,107)
(7,107)1231545915(7,108)
(8,107)1516723428(9,107)
(8,107)438411943(8,108)
(9,107)513386942(9,108)
(0,108)206352456(1,108)
(0,108)765337024(0,109)
(1,108)2105914202(2,108)
(1,108)1797637986(1,109)
(2,108)355201193(3,108)
(2,108)1822179657(2,109)
(3,108)957922111(4,108)
(3,108)381753942(3,109)
(4,108)491393580(5,108)
(4,108)1424132367(4,109)
(5,108)933582509(6,108)
(5,108)2133768437(5,109)
(6,108)1715558363(7,108)
(6,108)1879233126(6,109)
(7,108)1162557447(8,108)
(7,108)255769339(7,109)
(8,108)1166337715(9,108)
(8,108)754957869(8,109)
(9,108)1372080965(9,109)
(0,109)316323498(1,109)
(0,109)942853551(0,110)
(1,109)1203955639(2,109)
(1,109)1873834546(1,110)
(2,109)247831593(3,109)
(2,109)1501768606(2,110)
(3,109)585830873(4,109)
(3,109)1521091052(3,110)
(4,109)1959502995(5,109)
(4,109)771698387(4,110)
(5,109)1285085329(6,109)
(5,109)2102554301(5,110)
(6,109)161423110(7,109)
(6,109)577356371(6,110)
(7,109)535786925(8,109)
(7,109)935239667(7,110)
(8,109)1290440860(9,109)
(8,109)1983602767(8,110)
(9,109)917540868(9,110)
(0,110)567089580(1,110)
(0,110)794041230(0,111)
(1,110)780326019(2,110)
(1,110)1408934448(1,111)
(2,110)1140683927(3,110)
(2,110)1500672089(2,111)
(3,110)1756441428(4,110)
(3,110)348400734(3,111)
(4,110)1103358604(5,110)
(4,110)155757726(4,111)
(5,110)1527838691(6,110)
(5,110)775295496(5,111)
(6,110)1091618994(7,110)
(6,110)2046212155(6,111)
(7,110)1102684146(8,110)
(7,110)1254189589(7,111)
(8,110)1502021183(9,110)
(8,110)445903952(8,111)
(9,110)476291550(9,111)
(0,111)126235922(1,111)
(0,111)1031734826(0,112)
(1,111)986805479(2,111)
(1,111)288310897(1,112)
(2,111)865667269(3,111)
(2,111)1411321252(2,112)
(3,111)199077271(4,111)
(3,111)1148228589(3,112)
(4,111)984347708(5,111)
(4,111)1401454194(4,112)
(5,111)171511414(6,111)
(5,111)1489518132(5,112)
(6,111)2056607712(7,111)
(6,111)1778388938(6,112)
(7,111)411231309(8,111)
(7,111)1580445863(7,112)
(8,111)573646142(9,111)
(8,111)1409796153(8,112)
(9,111)759632044(9,112)
(0,112)729403868(1,112)
(0,112)1018753934(0,113)
(1,112)1794049430(2,112)
(1,112)1862990648(1,113)
(2,112)1761719155(3,112)
(2,112)109758912(2,113)
(3,112)1363948501(4,112)
(3,112)738184776(3,113)
(4,112)1184088728(5,112)
(4,112)716919654(4,113)
(5,112)1193211204(6,112)
(5,112)718486036(5,113)
(6,112)844721959(7,112)
(6,112)68339906(6,113)
(7,112)1055145386(8,112)
(7,112)1481522102(7,113)
(8,112)199705723(9,112)
(8,112)108559563(8,113)
(9,112)55890327(9,113)
(0,113)1601159917(1,113)
(0,113)307636834(0,114)
(1,113)1797154966(2,113)
(1,113)1040238036(1,114)
(2,113)671143326(3,113)
(2,113)1772671332(2,114)
(3,113)1205633547(4,113)
(3,113)1706279030(3,114)
(4,113)968591536(5,113)
(4,113)1082374636(4,114)
(5,113)1842006680(6,113)
(5,113)1779279689(5,114)
(6,113)361199909(7,113)
(6,113)1987345470(6,114)
(7,113)1633911252(8,113)
(7,113)1557513680(7,114)
(8,113)1171749187(9,113)
(8,113)470958821(8,114)
(9,113)224612380(9,114)
(0,114)1888668841(1,114)
(0,114)1834907323(0,115)
(1,114)405909711(2,114)
(1,114)1408701108(1,115)
(2,114)1477041015(3,114)
(2,114)934396398(2,115)
(3,114)268434852(4,114)
(3,114)1250631670(3,115)
(4,114)1359191233(5,114)
(4,114)384702753(4,115)
(5,114)440593080(6,114)
(5,114)468140575(5,115)
(6,114)2069300492(7,114)
(6,114)1666828068(6,115)
(7,114)1316499386(8,114)
(7,114)1480831116(7,115)
(8,114)4490795(9,114)
(8,114)1694488176(8,115)
(9,114)875294769(9,115)
(0,115)1086865431(1,115)
(0,115)752638075(0,116)
(1,115)384434116(2,115)
(1,115)1843886305(1,116)
(2,115)1683748127(3,115)
(2,115)781388463(2,116)
(3,115)191418495(4,115)
(3,115)745634026(3,116)
(4,115)1216592847(5,115)
(4,115)1170175731(4,116)
(5,115)1394788111(6,115)
(5,115)1363167682(5,116)
(6,115)1104352876(7,115)
(6,115)904016522(6,116)
(7,115)1309926234(8,115)
(7,115)656005571(7,116)
(8,115)2133046586(9,115)
(8,115)2038749274(8,116)
(9,115)413074256(9,116)
(0,116)370265691(1,116)
(0,116)159700478(0,117)
(1,116)627841053(2,116)
(1,116)1772265490(1,117)
(2,116)1291609910(3,116)
(2,116)810858772(2,117)
(3,116)144206240(4,116)
(3,116)549657897(3,117)
(4,116)96662426(5,116)
(4,116)460625648(4,117)
(5,116)1335920417(6,116)
(5,116)148697035(5,117)
(6,116)1235562466(7,116)
(6,116)849300501(6,117)
(7,116)1233734618(8,116)
(7,116)1032323074(7,117)
(8,116)568587553(9,116)
(8,116)2016950929(8,117)
(9,116)1979368644(9,117)
(0,117)1738763284(1,117)
(0,117)60885776(0,118)
(1,117)1424053459(2,117)
(1,117)1048477843(1,118)
(2,117)1952494366(3,117)
(2,117)986067747(2,118)
(3,117)1642073319(4,117)
(3,117)380922687(3,118)
(4,117)272188313(5,117)
(4,117)1114936952(4,118)
(5,117)1528011208(6,117)
(5,117)1627636257(5,118)
(6,117)1997901949(7,117)
(6,117)431888791(6,118)
(7,117)1059729844(8,117)
(7,117)1152793050(7,118)
(8,117)296919312(9,117)
(8,117)661277073(8,118)
(9,117)1609387741(9,118)
(0,118)757544961(1,118)
(0,118)805483313(0,119)
(1,118)954180349(2,118)
(1,118)1706050167(1,119)
(2,118)407867021(3,118)
(2,118)2093465378(2,119)
(3,118)978304805(4,118)
(3,118)42259167(3,119)
(4,118)2059210097(5,118)
(4,118)1641601639(4,119)
(5,118)1473486635(6,118)
(5,118)1546892358(5,119)
(6,118)1138171995(7,118)
(6,118)2120095873(6,119)
(7,118)1396665684(8,118)
(7,118)374480830(7,119)
(8,118)179491548(9,118)
(8,118)2124239742(8,119)
(9,118)1777588371(9,119)
(0,119)1294428500(1,119)
(0,119)1618829413(0,120)
(1,119)1098982023(2,119)
(1,119)2049776684(1,120)
(2,119)334181827(3,119)
(2,119)674956061(2,120)
(3,119)1827749111(4,119)
(3,119)949400324(3,120)
(4,119)1610677397(5,119)
(4,119)1393911671(4,120)
(5,119)855815765(6,119)
(5,119)2124668424(5,120)
(6,119)734729737(7,119)
(6,119)268677062(6,120)
(7,119)1222857411(8,119)
(7,119)414382284(7,120)
(8,119)822249305(9,119)
(8,119)680711467(8,120)
(9,119)1265116579(9,120)
(0,120)316367296(1,120)
(0,120)1659016272(0,121)
(1,120)1058424983(2,120)
(1,120)1176843028(1,121)
(2,120)1149455253(3,120)
(2,120)1789853931(2,121)
(3,120)16851114(4,120)
(3,120)49113330(3,121)
(4,120)25869424(5,120)
(4,120)398637290(4,121)
(5,120)28742013(6,120)
(5,120)196342662(5,121)
(6,120)1490771163(7,120)
(6,120)1644698838(6,121)
(7,120)596197213(8,120)
(7,120)2078518698(7,121)
(8,120)265216877(9,120)
(8,120)18243576(8,121)
(9,120)1545597537(9,121)
(0,121)1659128549(1,121)
(0,121)1845992687(0,122)
(1,121)1823177463(2,121)
(1,121)1008791286(1,122)
(2,121)1277468348(3,121)
(2,121)367460666(2,122)
(3,121)781842950(4,121)
(3,121)410423552(3,122)
(4,121)1091135020(5,121)
(4,121)352842112(4,122)
(5,121)1617958691(6,121)
(5,121)1604092256(5,122)
(6,121)1920459552(7,121)
(6,121)602667644(6,122)
(7,121)1661092627(8,121)
(7,121)647318071(7,122)
(8,121)1796773324(9,121)
(8,121)1562829836(8,122)
(9,121)1710205957(9,122)
(0,122)47926966(1,122)
(0,122)1579680950(0,123)
(1,122)1776023612(2,122)
(1,122)1736075382(1,123)
(2,122)1233290572(3,122)
(2,122)76668980(2,123)
(3,122)7704030(4,122)
(3,122)1119311127(3,123)
(4,122)1137554703(5,122)
(4,122)1829487785(4,123)
(5,122)1227601674(6,122)
(5,122)272920907(5,123)
(6,122)1932049456(7,122)
(6,122)836063743(6,123)
(7,122)511757558(8,122)
(7,122)88909312(7,123)
(8,122)1366377660(9,122)
(8,122)152026474(8,123)
(9,122)922181111(9,123)
(0,123)1719219772(1,123)
(0,123)933869425(0,124)
(1,123)390478033(2,123)
(1,123)2013316131(1,124)
(2,123)468500127(3,123)
(2,123)1189694815(2,124)
(3,123)1837012886(4,123)
(3,123)163453937(3,124)
(4,123)1726283773(5,123)
(4,123)2129592755(4,124)
(5,123)1692315064(6,123)
(5,123)1486302563(5,124)
(6,123)1534229529(7,123)
(6,123)1158481075(6,124)
(7,123)787021040(8,123)
(7,123)1280906798(7,124)
(8,123)366713722(9,123)
(8,123)1610898509(8,124)
(9,123)1906332167(9,124)
(0,124)48717859(1,124)
(0,124)1618602539(0,125)
(1,124)1891523447(2,124)
(1,124)896403223(1,125)
(2,124)1732466966(3,124)
(2,124)1276319533(2,125)
(3,124)1365228845(4,124)
(3,124)1676089255(3,125)
(4,124)1828115730(5,124)
(4,124)96740876(4,125)
(5,124)1018921987(6,124)
(5,124)584122858(5,125)
(6,124)155858982(7,124)
(6,124)614501507(6,125)
(7,124)1004979540(8,124)
(7,124)884754470(7,125)
(8,124)1353254598(9,124)
(8,124)1345553798(8,125)
(9,124)1168433477(9,125)
(0,125)1335363705(1,125)
(0,125)1035083036(0,126)
(1,125)373901951(2,125)
(1,125)747233603(1,126)
(2,125)1905714678(3,125)
(2,125)880195121(2,126)
(3,125)13618272(4,125)
(3,125)1908131481(3,126)
(4,125)1371546342(5,125)
(4,125)545252070(4,126)
(5,125)304100590(6,125)
(5,125)380331994(5,126)
(6,125)429049854(7,125)
(6,125)842665234(6,126)
(7,125)586705033(8,125)
(7,125)1200503813(7,126)
(8,125)785487131(9,125)
(8,125)1705369387(8,126)
(9,125)115310640(9,126)
(0,126)882228007(1,126)
(0,126)923114585(0,127)
(1,126)1507237443(2,126)
(1,126)1943426370(1,127)
(2,126)410444229(3,126)
(2,126)1901149995(2,127)
(3,126)638420817(4,126)
(3,126)1663096425(3,127)
(4,126)861166575(5,126)
(4,126)1415423769(4,127)
(5,126)436373599(6,126)
(5,126)1991675415(5,127)
(6,126)1179555472(7,126)
(6,126)1896249612(6,127)
(7,126)122667915(8,126)
(7,126)1183607202(7,127)
(8,126)941838232(9,126)
(8,126)2059750594(8,127)
(9,126)2030799396(9,127)
(0,127)1487090303(1,127)
(0,127)2073368866(0,128)
(1,127)306217212(2,127)
(1,127)1254862091(1,128)
(2,127)2097527325(3,127)
(2,127)1791190893(2,128)
(3,127)844211058(4,127)
(3,127)735267066(3,128)
(4,127)293152806(5,127)
(4,127)536748710(4,128)
(5,127)652059350(6,127)
(5,127)1629698189(5,128)
(6,127)364442548(7,127)
(6,127)1216267391(6,128)
(7,127)576021186(8,127)
(7,127)448002073(7,128)
(8,127)858446302(9,127)
(8,127)118108895(8,128)
(9,127)91633963(9,128)
(0,128)126386424(1,128)
(0,128)756529713(0,129)
(1,128)600721480(2,128)
(1,128)952800539(1,129)
(2,128)701566503(3,128)
(2,128)562760023(2,129)
(3,128)1746367225(4,128)
(3,128)1780276953(3,129)
(4,128)1692543899(5,128)
(4,128)824234418(4,129)
(5,128)707550167(6,128)
(5,128)540721809(5,129)
(6,128)2027812112(7,128)
(6,128)1618429117(6,129)
(7,128)1924646329(8,128)
(7,128)1962412258(7,129)
(8,128)1912455935(9,128)
(8,128)1671519357(8,129)
(9,128)512429748(9,129)
(0,129)301720997(1,129)
(0,129)368246767(0,130)
(1,129)1997944956(2,129)
(1,129)805582554(1,130)
(2,129)2021849945(3,129)
(2,129)953780347(2,130)
(3,129)1401782420(4,129)
(3,129)214903857(3,130)
(4,129)333012752(5,129)
(4,129)450387483(4,130)
(5,129)542021446(6,129)
(5,129)112745075(5,130)
(6,129)239131499(7,129)
(6,129)1089542465(6,130)
(7,129)1690263946(8,129)
(7,129)1494821985(7,130)
(8,129)48904840(9,129)
(8,129)801891522(8,130)
(9,129)1323057251(9,130)
(0,130)873139259(1,130)
(0,130)400775099(0,131)
(1,130)941496908(2,130)
(1,130)868117502(1,131)
(2,130)339062971(3,130)
(2,130)1580689426(2,131)
(3,130)1395618036(4,130)
(3,130)821825373(3,131)
(4,130)345861082(5,130)
(4,130)116225652(4,131)
(5,130)628655400(6,130)
(5,130)1160590323(5,131)
(6,130)1462311320(7,130)
(6,130)714107850(6,131)
(7,130)564569158(8,130)
(7,130)1434237954(7,131)
(8,130)1308604251(9,130)
(8,130)268608019(8,131)
(9,130)779473015(9,131)
(0,131)1758991734(1,131)
(0,131)1670390440(0,132)
(1,131)1783135515(2,131)
(1,131)1112485768(1,132)
(2,131)54544585(3,131)
(2,131)153529533(2,132)
(3,131)1648351518(4,131)
(3,131)2022267014(3,132)
(4,131)676674888(5,131)
(4,131)1744808531(4,132)
(5,131)920382134(6,131)
(5,131)1697256359(5,132)
(6,131)422911970(7,131)
(6,131)1077449987(6,132)
(7,131)2018946895(8,131)
(7,131)1788499636(7,132)
(8,131)2127562607(9,131)
(8,131)2003601396(8,132)
(9,131)693288620(9,132)
(0,132)96304612(1,132)
(0,132)1251735784(0,133)
(1,132)264842459(2,132)
(1,132)1039149703(1,133)
(2,132)1753257553(3,132)
(2,132)724960012(2,133)
(3,132)11714319(4,132)
(3,132)1727153779(3,133)
(4,132)1995761798(5,132)
(4,132)170343063(4,133)
(5,132)949816079(6,132)
(5,132)1320318570(5,133)
(6,132)931826657(7,132)
(6,132)1518668590(6,133)
(7,132)1154320457(8,132)
(7,132)2062301847(7,133)
(8,132)2116846432(9,132)
(8,132)1085356190(8,133)
(9,132)1029103823(9,133)
(0,133)1714171316(1,133)
(0,133)586224060(0,134)
(1,133)135996771(2,133)
(1,133)1705778711(1,134)
(2,133)635745050(3,133)
(2,133)487069802(2,134)
(3,133)128085791(4,133)
(3,133)558908741(3,134)
(4,133)415026489(5,133)
(4,133)507208298(4,134)
(5,133)1200496918(6,133)
(5,133)108164750(5,134)
(6,133)204469362(7,133)
(6,133)1666762273(6,134)
(7,133)1931604732(8,133)
(7,133)92162973(7,134)
(8,133)1845420526(9,133)
(8,133)929429375(8,134)
(9,133)1511274863(9,134)
(0,134)2015763590(1,134)
(0,134)941143694(0,135)
(1,134)113978616(2,134)
(1,134)1359553014(1,135)
(2,134)730737956(3,134)
(2,134)818096021(2,135)
(3,134)732914220(4,134)
(3,134)1045805273(3,135)
(4,134)2131161463(5,134)
(4,134)1885058414(4,135)
(5,134)766678589(6,134)
(5,134)702277004(5,135)
(6,134)268964672(7,134)
(6,134)569901876(6,135)
(7,134)705898647(8,134)
(7,134)324973653(7,135)
(8,134)960718703(9,134)
(8,134)756034475(8,135)
(9,134)1264807389(9,135)
(0,135)1467927001(1,135)
(0,135)884120266(0,136)
(1,135)992285016(2,135)
(1,135)1679833878(1,136)
(2,135)1199112504(3,135)
(2,135)520940272(2,136)
(3,135)613103245(4,135)
(3,135)1196754379(3,136)
(4,135)2126183754(5,135)
(4,135)983233588(4,136)
(5,135)347024804(6,135)
(5,135)311040124(5,136)
(6,135)179320066(7,135)
(6,135)919843800(6,136)
(7,135)1033822416(8,135)
(7,135)1706577818(7,136)
(8,135)289832126(9,135)
(8,135)997416087(8,136)
(9,135)2079627690(9,136)
(0,136)27406892(1,136)
(0,136)1730330307(0,137)
(1,136)285123663(2,136)
(1,136)2063305505(1,137)
(2,136)485723733(3,136)
(2,136)794085482(2,137)
(3,136)1119059135(4,136)
(3,136)554088336(3,137)
(4,136)1310122811(5,136)
(4,136)1191622381(4,137)
(5,136)308946122(6,136)
(5,136)2079777838(5,137)
(6,136)1400221192(7,136)
(6,136)46759429(6,137)
(7,136)1039044445(8,136)
(7,136)1988780000(7,137)
(8,136)1040408856(9,136)
(8,136)1921161464(8,137)
(9,136)88315176(9,137)
(0,137)2023642445(1,137)
(0,137)386781061(0,138)
(1,137)697821185(2,137)
(1,137)67015282(1,138)
(2,137)986859082(3,137)
(2,137)223183601(2,138)
(3,137)1929761419(4,137)
(3,137)877141251(3,138)
(4,137)1874557338(5,137)
(4,137)2020681499(4,138)
(5,137)1952825541(6,137)
(5,137)72109897(5,138)
(6,137)99516790(7,137)
(6,137)1457403997(6,138)
(7,137)1742527661(8,137)
(7,137)1868647398(7,138)
(8,137)206887484(9,137)
(8,137)893602272(8,138)
(9,137)149132349(9,138)
(0,138)1398509865(1,138)
(0,138)2012661407(0,139)
(1,138)1944955597(2,138)
(1,138)1459255160(1,139)
(2,138)1506014589(3,138)
(2,138)1707455987(2,139)
(3,138)1548752339(4,138)
(3,138)1197693141(3,139)
(4,138)971370957(5,138)
(4,138)397575386(4,139)
(5,138)485890563(6,138)
(5,138)441677548(5,139)
(6,138)317836345(7,138)
(6,138)1358152019(6,139)
(7,138)2055973204(8,138)
(7,138)552905845(7,139)
(8,138)1539764928(9,138)
(8,138)541019946(8,139)
(9,138)785630808(9,139)
(0,139)1412962779(1,139)
(0,139)323297717(0,140)
(1,139)395407614(2,139)
(1,139)512704498(1,140)
(2,139)1970108496(3,139)
(2,139)1218304672(2,140)
(3,139)939468422(4,139)
(3,139)494924404(3,140)
(4,139)1388526676(5,139)
(4,139)1565152509(4,140)
(5,139)1714284858(6,139)
(5,139)1146355906(5,140)
(6,139)397382123(7,139)
(6,139)1253704435(6,140)
(7,139)1051176385(8,139)
(7,139)1026056370(7,140)
(8,139)384587311(9,139)
(8,139)2104838110(8,140)
(9,139)101385878(9,140)
(0,140)782162697(1,140)
(0,140)1506106802(0,141)
(1,140)1947784350(2,140)
(1,140)1072756836(1,141)
(2,140)283425207(3,140)
(2,140)1268053260(2,141)
(3,140)1820959106(4,140)
(3,140)118137047(3,141)
(4,140)659156993(5,140)
(4,140)191914763(4,141)
(5,140)977545571(6,140)
(5,140)1213240386(5,141)
(6,140)478719517(7,140)
(6,140)982454710(6,141)
(7,140)1377862324(8,140)
(7,140)1490250070(7,141)
(8,140)1312874918(9,140)
(8,140)1697024189(8,141)
(9,140)1872786729(9,141)
(0,141)730543779(1,141)
(0,141)489008963(0,142)
(1,141)1635364870(2,141)
(1,141)1113829757(1,142)
(2,141)220050545(3,141)
(2,141)297344989(2,142)
(3,141)1323401359(4,141)
(3,141)2032746993(3,142)
(4,141)1990101456(5,141)
(4,141)1271226930(4,142)
(5,141)1372612808(6,141)
(5,141)1707988670(5,142)
(6,141)342667719(7,141)
(6,141)1348724610(6,142)
(7,141)1149025312(8,141)
(7,141)297885996(7,142)
(8,141)581311203(9,141)
(8,141)1610720980(8,142)
(9,141)1267162359(9,142)
(0,142)773225967(1,142)
(0,142)1284196438(0,143)
(1,142)349953176(2,142)
(1,142)1926319352(1,143)
(2,142)761290414(3,142)
(2,142)1750771538(2,143)
(3,142)1093537960(4,142)
(3,142)828672693(3,143)
(4,142)378213234(5,142)
(4,142)2139152738(4,143)
(5,142)1864455819(6,142)
(5,142)258929230(5,143)
(6,142)989473009(7,142)
(6,142)867222197(6,143)
(7,142)355103419(8,142)
(7,142)830801929(7,143)
(8,142)1050852474(9,142)
(8,142)1286817998(8,143)
(9,142)240366765(9,143)
(0,143)174595756(1,143)
(0,143)462735709(0,144)
(1,143)23240731(2,143)
(1,143)82984573(1,144)
(2,143)1431709183(3,143)
(2,143)1547208564(2,144)
(3,143)1845094561(4,143)
(3,143)365908451(3,144)
(4,143)1976629431(5,143)
(4,143)433250847(4,144)
(5,143)1700413206(6,143)
(5,143)278922116(5,144)
(6,143)1052148083(7,143)
(6,143)1113342221(6,144)
(7,143)1463295397(8,143)
(7,143)1479248910(7,144)
(8,143)93055676(9,143)
(8,143)655435974(8,144)
(9,143)144484442(9,144)
(0,144)84724766(1,144)
(0,144)1748973934(0,145)
(1,144)2007903165(2,144)
(1,144)522697676(1,145)
(2,144)1389919873(3,144)
(2,144)1949180586(2,145)
(3,144)632498867(4,144)
(3,144)849892526(3,145)
(4,144)2136710525(5,144)
(4,144)1745023293(4,145)
(5,144)1985390058(6,144)
(5,144)1683351341(5,145)
(6,144)1857947097(7,144)
(6,144)451962586(6,145)
(7,144)475203318(8,144)
(7,144)2068374631(7,145)
(8,144)1352600166(9,144)
(8,144)1257672013(8,145)
(9,144)841111769(9,145)
(0,145)1785851013(1,145)
(0,145)955282926(0,146)
(1,145)1234205043(2,145)
(1,145)670257552(1,146)
(2,145)1783599773(3,145)
(2,145)1338780571(2,146)
(3,145)670545833(4,145)
(3,145)138869478(3,146)
(4,145)794305452(5,145)
(4,145)1099411522(4,146)
(5,145)1243895964(6,145)
(5,145)763601509(5,146)
(6,145)848326275(7,145)
(6,145)395795739(6,146)
(7,145)256215256(8,145)
(7,145)1766593640(7,146)
(8,145)1009029865(9,145)
(8,145)650023213(8,146)
(9,145)1106107782(9,146)
(0,146)606569510(1,146)
(0,146)1282522080(0,147)
(1,146)818389773(2,146)
(1,146)1095334659(1,147)
(2,146)1547297246(3,146)
(2,146)444475920(2,147)
(3,146)365366903(4,146)
(3,146)528853222(3,147)
(4,146)1786525236(5,146)
(4,146)2022500564(4,147)
(5,146)716128685(6,146)
(5,146)1717967069(5,147)
(6,146)1356334434(7,146)
(6,146)594324514(6,147)
(7,146)1828529557(8,146)
(7,146)1386386237(7,147)
(8,146)1022502362(9,146)
(8,146)547631357(8,147)
(9,146)1967399036(9,147)
(0,147)2121913884(1,147)
(0,147)1218177190(0,148)
(1,147)1981778699(2,147)
(1,147)614220840(1,148)
(2,147)1010016579(3,147)
(2,147)1218326200(2,148)
(3,147)837436192(4,147)
(3,147)682621327(3,148)
(4,147)1332644540(5,147)
(4,147)1266231835(4,148)
(5,147)224855970(6,147)
(5,147)1846466057(5,148)
(6,147)305551920(7,147)
(6,147)467682973(6,148)
(7,147)1286072746(8,147)
(7,147)1320190629(7,148)
(8,147)720004227(9,147)
(8,147)750027840(8,148)
(9,147)1814925969(9,148)
(0,148)595021143(1,148)
(0,148)1115394744(0,149)
(1,148)685878165(2,148)
(1,148)1453967557(1,149)
(2,148)2048292071(3,148)
(2,148)1311149828(2,149)
(3,148)550052417(4,148)
(3,148)2042212600(3,149)
(4,148)442360309(5,148)
(4,148)1729337981(4,149)
(5,148)1549253369(6,148)
(5,148)1572554779(5,149)
(6,148)1546985015(7,148)
(6,148)1660537500(6,149)
(7,148)1494832551(8,148)
(7,148)15990561(7,149)
(8,148)1026007141(9,148)
(8,148)617827567(8,149)
(9,148)29970230(9,149)
(0,149)144755328(1,149)
(0,149)1455263759(0,150)
(1,149)1154246169(2,149)
(1,149)1362614771(1,150)
(2,149)1830297744(3,149)
(2,149)369611298(2,150)
(3,149)1689801928(4,149)
(3,149)1459798089(3,150)
(4,149)62342281(5,149)
(4,149)968886842(4,150)
(5,149)636329163(6,149)
(5,149)262322507(5,150)
(6,149)857343651(7,149)
(6,149)1177737025(6,150)
(7,149)1863615191(8,149)
(7,149)2090296720(7,150)
(8,149)1991105144(9,149)
(8,149)21009831(8,150)
(9,149)1758344143(9,150)
(0,150)1572959477(1,150)
(0,150)571062249(0,151)
(1,150)2143617028(2,150)
(1,150)53220804(1,151)
(2,150)1713758304(3,150)
(2,150)974729198(2,151)
(3,150)990719759(4,150)
(3,150)1543118396(3,151)
(4,150)13462315(5,150)
(4,150)1061107208(4,151)
(5,150)1091077438(6,150)
(5,150)2016726900(5,151)
(6,150)13998581(7,150)
(6,150)1468726075(6,151)
(7,150)475488596(8,150)
(7,150)306208561(7,151)
(8,150)2136506305(9,150)
(8,150)383609879(8,151)
(9,150)1935286685(9,151)
(0,151)957909500(1,151)
(0,151)2073411807(0,152)
(1,151)188250667(2,151)
(1,151)1997628966(1,152)
(2,151)1027882344(3,151)
(2,151)1594238663(2,152)
(3,151)1537051736(4,151)
(3,151)1045594318(3,152)
(4,151)1066604149(5,151)
(4,151)744013887(4,152)
(5,151)354874382(6,151)
(5,151)1380673232(5,152)
(6,151)806149061(7,151)
(6,151)1637666398(6,152)
(7,151)1633799779(8,151)
(7,151)408095186(7,152)
(8,151)2121853491(9,151)
(8,151)1780878259(8,152)
(9,151)1029434527(9,152)
(0,152)1035477051(1,152)
(0,152)624114370(0,153)
(1,152)493357623(2,152)
(1,152)1042896842(1,153)
(2,152)364139269(3,152)
(2,152)2126554489(2,153)
(3,152)285279403(4,152)
(3,152)507356204(3,153)
(4,152)890966083(5,152)
(4,152)839627865(4,153)
(5,152)627430902(6,152)
(5,152)274302060(5,153)
(6,152)1232211560(7,152)
(6,152)816894243(6,153)
(7,152)1005144910(8,152)
(7,152)477576221(7,153)
(8,152)1505458565(9,152)
(8,152)678966576(8,153)
(9,152)2050739228(9,153)
(0,153)101988804(1,153)
(0,153)68534664(0,154)
(1,153)1449207896(2,153)
(1,153)969859729(1,154)
(2,153)460042480(3,153)
(2,153)456863186(2,154)
(3,153)864958372(4,153)
(3,153)107873309(3,154)
(4,153)1888751568(5,153)
(4,153)2093842259(4,154)
(5,153)975793138(6,153)
(5,153)839328215(5,154)
(6,153)1874805266(7,153)
(6,153)365382290(6,154)
(7,153)858739913(8,153)
(7,153)2018689980(7,154)
(8,153)235345602(9,153)
(8,153)1853876108(8,154)
(9,153)1366096117(9,154)
(0,154)1074973467(1,154)
(0,154)2139155511(0,155)
(1,154)265973923(2,154)
(1,154)109578553(1,155)
(2,154)926472796(3,154)
(2,154)1702404370(2,155)
(3,154)32496943(4,154)
(3,154)1498185484(3,155)
(4,154)29668412(5,154)
(4,154)1931617706(4,155)
(5,154)1834873286(6,154)
(5,154)1537955508(5,155)
(6,154)1639944312(7,154)
(6,154)98203076(6,155)
(7,154)1547410972(8,154)
(7,154)657249367(7,155)
(8,154)1117291847(9,154)
(8,154)2096807498(8,155)
(9,154)1655284281(9,155)
(0,155)1063650458(1,155)
(0,155)814282222(0,156)
(1,155)1653610438(2,155)
(1,155)1396552201(1,156)
(2,155)1761934491(3,155)
(2,155)2039443596(2,156)
(3,155)1910649929(4,155)
(3,155)1380932056(3,156)
(4,155)1087324516(5,155)
(4,155)473190757(4,156)
(5,155)1839286874(6,155)
(5,155)2145995531(5,156)
(6,155)1073485350(7,155)
(6,155)1078996379(6,156)
(7,155)1344970303(8,155)
(7,155)1948865427(7,156)
(8,155)727854575(9,155)
(8,155)628406072(8,156)
(9,155)695672139(9,156)
(0,156)511988633(1,156)
(0,156)660903015(0,157)
(1,156)51374875(2,156)
(1,156)725340551(1,157)
(2,156)823543627(3,156)
(2,156)199378271(2,157)
(3,156)856627639(4,156)
(3,156)1691319187(3,157)
(4,156)1640643037(5,156)
(4,156)223470951(4,157)
(5,156)1878755232(6,156)
(5,156)1973919486(5,157)
(6,156)890086297(7,156)
(6,156)307441612(6,157)
(7,156)1961052050(8,156)
(7,156)1127823785(7,157)
(8,156)742274628(9,156)
(8,156)782046245(8,157)
(9,156)1194500458(9,157)
(0,157)1215465385(1,157)
(0,157)545212526(0,158)
(1,157)543724409(2,157)
(1,157)134341327(1,158)
(2,157)1213337706(3,157)
(2,157)907268612(2,158)
(3,157)708650391(4,157)
(3,157)1617209760(3,158)
(4,157)98132184(5,157)
(4,157)410824361(4,158)
(5,157)1106496500(6,157)
(5,157)1436504967(5,158)
(6,157)1948493600(7,157)
(6,157)759035200(6,158)
(7,157)810410075(8,157)
(7,157)1831837051(7,158)
(8,157)507897030(9,157)
(8,157)388224(8,158)
(9,157)354245615(9,158)
(0,158)731367981(1,158)
(0,158)857015863(0,159)
(1,158)683451701(2,158)
(1,158)1994888652(1,159)
(2,158)154846616(3,158)
(2,158)462639565(2,159)
(3,158)1590463350(4,158)
(3,158)1573537998(3,159)
(4,158)208100596(5,158)
(4,158)2115898666(4,159)
(5,158)1162915477(6,158)
(5,158)185254331(5,159)
(6,158)1400719716(7,158)
(6,158)753313122(6,159)
(7,158)1297037532(8,158)
(7,158)1297256804(7,159)
(8,158)363110862(9,158)
(8,158)160504680(8,159)
(9,158)766763644(9,159)
(0,159)773935224(1,159)
(0,159)869155072(0,160)
(1,159)158176391(2,159)
(1,159)864895828(1,160)
(2,159)1623931028(3,159)
(2,159)1880431724(2,160)
(3,159)1564785128(4,159)
(3,159)2106669991(3,160)
(4,159)2107058215(5,159)
(4,159)286857456(4,160)
(5,159)641103071(6,159)
(5,159)2072682158(5,160)
(6,159)656566492(7,159)
(6,159)816590430(6,160)
(7,159)1500042132(8,159)
(7,159)488508075(7,160)
(8,159)643354692(9,159)
(8,159)1119206057(8,160)
(9,159)926096482(9,160)
(0,160)611769710(1,160)
(0,160)562185760(0,161)
(1,160)747440091(2,160)
(1,160)1134197078(1,161)
(2,160)1887510201(3,160)
(2,160)1774685187(2,161)
(3,160)924458343(4,160)
(3,160)676159(3,161)
(4,160)161180840(5,160)
(4,160)1037064085(4,161)
(5,160)1803827729(6,160)
(5,160)1287569206(5,161)
(6,160)2061504430(7,160)
(6,160)1030335912(6,161)
(7,160)1188512303(8,160)
(7,160)521239909(7,161)
(8,160)2145170938(9,160)
(8,160)1794452506(8,161)
(9,160)1147698646(9,161)
(0,161)284544746(1,161)
(0,161)1211753986(0,162)
(1,161)1136952497(2,161)
(1,161)1107273214(1,162)
(2,161)1923863644(3,161)
(2,161)925647817(2,162)
(3,161)1414155892(4,161)
(3,161)1793518989(3,162)
(4,161)765241398(5,161)
(4,161)1276422128(4,162)
(5,161)55034963(6,161)
(5,161)2057510584(5,162)
(6,161)521796647(7,161)
(6,161)1327427158(6,162)
(7,161)2074867249(8,161)
(7,161)1189232041(7,162)
(8,161)929258594(9,161)
(8,161)148998186(8,162)
(9,161)2075543409(9,162)
(0,162)1966322679(1,162)
(0,162)1073456530(0,163)
(1,162)213542088(2,162)
(1,162)89240601(1,163)
(2,162)1119576513(3,162)
(2,162)1622666760(2,163)
(3,162)2143906670(4,162)
(3,162)127562870(3,163)
(4,162)1922015376(5,162)
(4,162)160605168(4,163)
(5,162)1308303814(6,162)
(5,162)2141593960(5,163)
(6,162)278655058(7,162)
(6,162)986285715(6,163)
(7,162)2123238212(8,162)
(7,162)268093380(7,163)
(8,162)44473377(9,162)
(8,162)1204302875(8,163)
(9,162)1769273553(9,163)
(0,163)1320895505(1,163)
(0,163)470975119(0,164)
(1,163)381002056(2,163)
(1,163)387031303(1,164)
(2,163)1714458462(3,163)
(2,163)1375930468(2,164)
(3,163)417678862(4,163)
(3,163)902798703(3,164)
(4,163)1051796889(5,163)
(4,163)1641842063(4,164)
(5,163)1569901824(6,163)
(5,163)1346937456(5,164)
(6,163)1165776488(7,163)
(6,163)2125253419(6,164)
(7,163)191311859(8,163)
(7,163)1659142425(7,164)
(8,163)631235290(9,163)
(8,163)640959600(8,164)
(9,163)318874729(9,164)
(0,164)791840458(1,164)
(0,164)637382622(0,165)
(1,164)631492934(2,164)
(1,164)93406458(1,165)
(2,164)1079692173(3,164)
(2,164)2100144273(2,165)
(3,164)220754005(4,164)
(3,164)910147992(3,165)
(4,164)2114450867(5,164)
(4,164)1055446737(4,165)
(5,164)677236642(6,164)
(5,164)265227382(5,165)
(6,164)1586122888(7,164)
(6,164)437942339(6,165)
(7,164)818944395(8,164)
(7,164)1064267945(7,165)
(8,164)631242759(9,164)
(8,164)814569708(8,165)
(9,164)1721743098(9,165)
(0,165)125601175(1,165)
(0,165)1232248570(0,166)
(1,165)431702379(2,165)
(1,165)626056339(1,166)
(2,165)603826111(3,165)
(2,165)1695502999(2,166)
(3,165)1207161777(4,165)
(3,165)1597478867(3,166)
(4,165)90954819(5,165)
(4,165)795137970(4,166)
(5,165)1114012700(6,165)
(5,165)1838397067(5,166)
(6,165)482753878(7,165)
(6,165)728337442(6,166)
(7,165)1359830376(8,165)
(7,165)1207419158(7,166)
(8,165)139627683(9,165)
(8,165)435414503(8,166)
(9,165)122494721(9,166)
(0,166)1195074420(1,166)
(0,166)656168508(0,167)
(1,166)921395891(2,166)
(1,166)89461940(1,167)
(2,166)527404279(3,166)
(2,166)1872311062(2,167)
(3,166)789095359(4,166)
(3,166)360035131(3,167)
(4,166)1174604839(5,166)
(4,166)1346348674(4,167)
(5,166)920608124(6,166)
(5,166)1420338119(5,167)
(6,166)1545939294(7,166)
(6,166)259369762(6,167)
(7,166)691072141(8,166)
(7,166)1546664464(7,167)
(8,166)3006927(9,166)
(8,166)1093958645(8,167)
(9,166)141067360(9,167)
(0,167)798144897(1,167)
(0,167)153636774(0,168)
(1,167)1992033842(2,167)
(1,167)232022179(1,168)
(2,167)960359621(3,167)
(2,167)1912157597(2,168)
(3,167)972093107(4,167)
(3,167)327304072(3,168)
(4,167)762718575(5,167)
(4,167)172706350(4,168)
(5,167)295201071(6,167)
(5,167)1111720790(5,168)
(6,167)159311562(7,167)
(6,167)1418887083(6,168)
(7,167)192799326(8,167)
(7,167)384663011(7,168)
(8,167)912067291(9,167)
(8,167)2031622624(8,168)
(9,167)552834457(9,168)
(0,168)110932317(1,168)
(0,168)673234336(0,169)
(1,168)2093572455(2,168)
(1,168)1727439297(1,169)
(2,168)1986809059(3,168)
(2,168)1031540442(2,169)
(3,168)430721258(4,168)
(3,168)1492028101(3,169)
(4,168)438503098(5,168)
(4,168)530397552(4,169)
(5,168)671464912(6,168)
(5,168)433728185(5,169)
(6,168)1231873082(7,168)
(6,168)592139873(6,169)
(7,168)436690067(8,168)
(7,168)903487091(7,169)
(8,168)1863846713(9,168)
(8,168)996547032(8,169)
(9,168)763994139(9,169)
(0,169)2036553063(1,169)
(0,169)1968640139(0,170)
(1,169)932877282(2,169)
(1,169)1526712714(1,170)
(2,169)798116149(3,169)
(2,169)184270486(2,170)
(3,169)568933497(4,169)
(3,169)1092188844(3,170)
(4,169)976327821(5,169)
(4,169)990915476(4,170)
(5,169)1543749933(6,169)
(5,169)1481000788(5,170)
(6,169)1591933106(7,169)
(6,169)1649562157(6,170)
(7,169)1595650964(8,169)
(7,169)1123705582(7,170)
(8,169)963030993(9,169)
(8,169)475989900(8,170)
(9,169)940195417(9,170)
(0,170)1493428545(1,170)
(0,170)906711158(0,171)
(1,170)1340439343(2,170)
(1,170)1378698515(1,171)
(2,170)1970838388(3,170)
(2,170)17409809(2,171)
(3,170)920896901(4,170)
(3,170)424828777(3,171)
(4,170)1421375809(5,170)
(4,170)260044807(4,171)
(5,170)1024038946(6,170)
(5,170)637259966(5,171)
(6,170)526329381(7,170)
(6,170)1242532301(6,171)
(7,170)27925935(8,170)
(7,170)403268012(7,171)
(8,170)1201384162(9,170)
(8,170)710599867(8,171)
(9,170)1120114779(9,171)
(0,171)44815990(1,171)
(0,171)1279533364(0,172)
(1,171)613050505(2,171)
(1,171)2096442600(1,172)
(2,171)1598521109(3,171)
(2,171)1588565923(2,172)
(3,171)564787858(4,171)
(3,171)57499963(3,172)
(4,171)533489863(5,171)
(4,171)1046688425(4,172)
(5,171)1986883842(6,171)
(5,171)1527818851(5,172)
(6,171)873763749(7,171)
(6,171)1440201021(6,172)
(7,171)633156716(8,171)
(7,171)1218098710(7,172)
(8,171)1041453450(9,171)
(8,171)891173558(8,172)
(9,171)1057985493(9,172)
(0,172)1301498258(1,172)
(0,172)1812070459(0,173)
(1,172)301846777(2,172)
(1,172)331877655(1,173)
(2,172)1574409956(3,172)
(2,172)178053556(2,173)
(3,172)581321569(4,172)
(3,172)828176158(3,173)
(4,172)1538776025(5,172)
(4,172)1602335891(4,173)
(5,172)574967022(6,172)
(5,172)1782705731(5,173)
(6,172)1827521721(7,172)
(6,172)670825742(6,173)
(7,172)1283876247(8,172)
(7,172)523925975(7,173)
(8,172)2122447084(9,172)
(8,172)1268603996(8,173)
(9,172)1341376210(9,173)
(0,173)1021651862(1,173)
(0,173)1833391854(0,174)
(1,173)1213727058(2,173)
(1,173)1874866073(1,174)
(2,173)1167583446(3,173)
(2,173)861052056(2,174)
(3,173)2079150766(4,173)
(3,173)2087490807(3,174)
(4,173)831180717(5,173)
(4,173)1800740162(4,174)
(5,173)711242007(6,173)
(5,173)973120569(5,174)
(6,173)127135179(7,173)
(6,173)495767529(6,174)
(7,173)797614306(8,173)
(7,173)1043119662(7,174)
(8,173)470045970(9,173)
(8,173)305188735(8,174)
(9,173)1625790465(9,174)
(0,174)2072381861(1,174)
(0,174)886510304(0,175)
(1,174)521732387(2,174)
(1,174)1017082842(1,175)
(2,174)1687908584(3,174)
(2,174)499865236(2,175)
(3,174)1023791211(4,174)
(3,174)201770460(3,175)
(4,174)1470374457(5,174)
(4,174)824301183(4,175)
(5,174)18193745(6,174)
(5,174)998754647(5,175)
(6,174)2020406509(7,174)
(6,174)1156282663(6,175)
(7,174)222526073(8,174)
(7,174)1893059818(7,175)
(8,174)913159616(9,174)
(8,174)733974918(8,175)
(9,174)162533232(9,175)
(0,175)566416130(1,175)
(0,175)665642036(0,176)
(1,175)1638762605(2,175)
(1,175)993713950(1,176)
(2,175)1489481479(3,175)
(2,175)1277658138(2,176)
(3,175)173294152(4,175)
(3,175)1765897784(3,176)
(4,175)2071086520(5,175)
(4,175)139612137(4,176)
(5,175)1765402602(6,175)
(5,175)643340123(5,176)
(6,175)568238336(7,175)
(6,175)810113176(6,176)
(7,175)1331845564(8,175)
(7,175)635001797(7,176)
(8,175)175426733(9,175)
(8,175)1068103572(8,176)
(9,175)1533616024(9,176)
(0,176)999727917(1,176)
(0,176)2091894783(0,177)
(1,176)943165783(2,176)
(1,176)856506833(1,177)
(2,176)2012789497(3,176)
(2,176)1017921662(2,177)
(3,176)763497833(4,176)
(3,176)816088644(3,177)
(4,176)1550063562(5,176)
(4,176)87831922(4,177)
(5,176)250365155(6,176)
(5,176)1676657449(5,177)
(6,176)95589932(7,176)
(6,176)68221951(6,177)
(7,176)1706984556(8,176)
(7,176)1244079105(7,177)
(8,176)586076936(9,176)
(8,176)1373248070(8,177)
(9,176)1325398693(9,177)
(0,177)725689073(1,177)
(0,177)1546542222(0,178)
(1,177)42398697(2,177)
(1,177)1249001565(1,178)
(2,177)2059114741(3,177)
(2,177)343608028(2,178)
(3,177)978609825(4,177)
(3,177)610637034(3,178)
(4,177)1678740606(5,177)
(4,177)1243476657(4,178)
(5,177)629609034(6,177)
(5,177)1154036558(5,178)
(6,177)6280827(7,177)
(6,177)1623151742(6,178)
(7,177)418833877(8,177)
(7,177)1486115867(7,178)
(8,177)1351421716(9,177)
(8,177)1024202490(8,178)
(9,177)1234922521(9,178)
(0,178)1439253639(1,178)
(0,178)1787700323(0,179)
(1,178)1316874124(2,178)
(1,178)637502436(1,179)
(2,178)705724387(3,178)
(2,178)1689618794(2,179)
(3,178)786214251(4,178)
(3,178)1412464056(3,179)
(4,178)638228478(5,178)
(4,178)265225295(4,179)
(5,178)1590623988(6,178)
(5,178)1372291187(5,179)
(6,178)2097980260(7,178)
(6,178)37287053(6,179)
(7,178)79685750(8,178)
(7,178)692141905(7,179)
(8,178)603772999(9,178)
(8,178)294104640(8,179)
(9,178)690322784(9,179)
(0,179)1847249656(1,179)
(0,179)1272714465(0,180)
(1,179)279267376(2,179)
(1,179)221579743(1,180)
(2,179)1844731485(3,179)
(2,179)329375042(2,180)
(3,179)1815490910(4,179)
(3,179)285548203(3,180)
(4,179)1309750693(5,179)
(4,179)116081714(4,180)
(5,179)1351004235(6,179)
(5,179)1019428978(5,180)
(6,179)311198969(7,179)
(6,179)949967368(6,180)
(7,179)119357845(8,179)
(7,179)1988506671(7,180)
(8,179)546747410(9,179)
(8,179)2000817763(8,180)
(9,179)1531821901(9,180)
(0,180)811972706(1,180)
(0,180)639548366(0,181)
(1,180)2011839553(2,180)
(1,180)22566732(1,181)
(2,180)59853785(3,180)
(2,180)255113046(2,181)
(3,180)947254952(4,180)
(3,180)1962336166(3,181)
(4,180)108957158(5,180)
(4,180)139539535(4,181)
(5,180)829862320(6,180)
(5,180)1551027951(5,181)
(6,180)1250793959(7,180)
(6,180)1381671624(6,181)
(7,180)1660939000(8,180)
(7,180)1051442063(7,181)
(8,180)748689900(9,180)
(8,180)1580169002(8,181)
(9,180)1946487203(9,181)
(0,181)864771614(1,181)
(0,181)1248176264(0,182)
(1,181)120121594(2,181)
(1,181)1108754249(1,182)
(2,181)2058721617(3,181)
(2,181)68292201(2,182)
(3,181)2056798873(4,181)
(3,181)431320564(3,182)
(4,181)284654679(5,181)
(4,181)30595814(4,182)
(5,181)1562417716(6,181)
(5,181)456062635(5,182)
(6,181)1268035341(7,181)
(6,181)924203046(6,182)
(7,181)788558951(8,181)
(7,181)1584984448(7,182)
(8,181)1644838233(9,181)
(8,181)1523148388(8,182)
(9,181)603411469(9,182)
(0,182)1784377768(1,182)
(0,182)322919692(0,183)
(1,182)1873947643(2,182)
(1,182)712368628(1,183)
(2,182)2094040252(3,182)
(2,182)466756440(2,183)
(3,182)1518198503(4,182)
(3,182)977257954(3,183)
(4,182)409943308(5,182)
(4,182)1607495604(4,183)
(5,182)1406499159(6,182)
(5,182)119404755(5,183)
(6,182)984176369(7,182)
(6,182)1658119572(6,183)
(7,182)1778241167(8,182)
(7,182)367769760(7,183)
(8,182)279007730(9,182)
(8,182)1052468571(8,183)
(9,182)62078083(9,183)
(0,183)309603544(1,183)
(0,183)961783796(0,184)
(1,183)1417846431(2,183)
(1,183)346732762(1,184)
(2,183)1270935808(3,183)
(2,183)1872021260(2,184)
(3,183)1309522060(4,183)
(3,183)538398125(3,184)
(4,183)2061546513(5,183)
(4,183)2059494760(4,184)
(5,183)515422581(6,183)
(5,183)806876645(5,184)
(6,183)443770766(7,183)
(6,183)236982557(6,184)
(7,183)2110930200(8,183)
(7,183)1227791209(7,184)
(8,183)1174347813(9,183)
(8,183)910527206(8,184)
(9,183)940704506(9,184)
(0,184)634359769(1,184)
(0,184)281242062(0,185)
(1,184)400646817(2,184)
(1,184)1350647815(1,185)
(2,184)861283739(3,184)
(2,184)2040858929(2,185)
(3,184)261145041(4,184)
(3,184)1384823187(3,185)
(4,184)289808110(5,184)
(4,184)492041258(4,185)
(5,184)554119341(6,184)
(5,184)540152771(5,185)
(6,184)849756316(7,184)
(6,184)1251591906(6,185)
(7,184)521954689(8,184)
(7,184)900852104(7,185)
(8,184)24304264(9,184)
(8,184)574293928(8,185)
(9,184)1060352814(9,185)
(0,185)2083799024(1,185)
(0,185)1883815989(0,186)
(1,185)543208986(2,185)
(1,185)974415679(1,186)
(2,185)1211398236(3,185)
(2,185)451737958(2,186)
(3,185)1679529167(4,185)
(3,185)986979752(3,186)
(4,185)1897506959(5,185)
(4,185)1174844788(4,186)
(5,185)2115549295(6,185)
(5,185)706393333(5,186)
(6,185)1340753102(7,185)
(6,185)31265373(6,186)
(7,185)431912190(8,185)
(7,185)1318713462(7,186)
(8,185)32513553(9,185)
(8,185)1234128383(8,186)
(9,185)1816735377(9,186)
(0,186)524554812(1,186)
(0,186)1495273425(0,187)
(1,186)2035426196(2,186)
(1,186)2106543487(1,187)
(2,186)1210651745(3,186)
(2,186)1078674153(2,187)
(3,186)1979526257(4,186)
(3,186)737698864(3,187)
(4,186)1311992793(5,186)
(4,186)1732606435(4,187)
(5,186)645475601(6,186)
(5,186)2003830522(5,187)
(6,186)1940145898(7,186)
(6,186)1048325134(6,187)
(7,186)1591534120(8,186)
(7,186)1619891281(7,187)
(8,186)683805869(9,186)
(8,186)244400208(8,187)
(9,186)431030225(9,187)
(0,187)1858650658(1,187)
(0,187)1923929376(0,188)
(1,187)482839061(2,187)
(1,187)181053536(1,188)
(2,187)212318909(3,187)
(2,187)1826716305(2,188)
(3,187)997946119(4,187)
(3,187)1823592163(3,188)
(4,187)910236899(5,187)
(4,187)644231099(4,188)
(5,187)313482829(6,187)
(5,187)1030459672(5,188)
(6,187)1555014484(7,187)
(6,187)258026676(6,188)
(7,187)145969224(8,187)
(7,187)272542668(7,188)
(8,187)1483194414(9,187)
(8,187)486204990(8,188)
(9,187)883668089(9,188)
(0,188)1068317201(1,188)
(0,188)318247599(0,189)
(1,188)174594473(2,188)
(1,188)48177234(1,189)
(2,188)1096502368(3,188)
(2,188)1713792802(2,189)
(3,188)1186200435(4,188)
(3,188)2114740372(3,189)
(4,188)211656932(5,188)
(4,188)540552840(4,189)
(5,188)971583065(6,188)
(5,188)1870006305(5,189)
(6,188)1581173315(7,188)
(6,188)2135586308(6,189)
(7,188)470941721(8,188)
(7,188)1152636601(7,189)
(8,188)1364955510(9,188)
(8,188)1260405972(8,189)
(9,188)147050237(9,189)
(0,189)2009186610(1,189)
(0,189)110868443(0,190)
(1,189)1141328115(2,189)
(1,189)1057287136(1,190)
(2,189)1315313812(3,189)
(2,189)175185791(2,190)
(3,189)447728459(4,189)
(3,189)548858952(3,190)
(4,189)1035063942(5,189)
(4,189)1461283036(4,190)
(5,189)197467477(6,189)
(5,189)1930922873(5,190)
(6,189)851756426(7,189)
(6,189)1353311541(6,190)
(7,189)1527906015(8,189)
(7,189)245644711(7,190)
(8,189)1342147079(9,189)
(8,189)418065581(8,190)
(9,189)1495162739(9,190)
(0,190)1882699920(1,190)
(0,190)1604266016(0,191)
(1,190)1326788673(2,190)
(1,190)1706819671(1,191)
(2,190)1694922332(3,190)
(2,190)706799337(2,191)
(3,190)1859435939(4,190)
(3,190)760478340(3,191)
(4,190)2020884312(5,190)
(4,190)18380405(4,191)
(5,190)165430642(6,190)
(5,190)1076907801(5,191)
(6,190)938610763(7,190)
(6,190)2131752755(6,191)
(7,190)1125597223(8,190)
(7,190)1222717778(7,191)
(8,190)390547942(9,190)
(8,190)1113796554(8,191)
(9,190)1674456175(9,191)
(0,191)1851830979(1,191)
(0,191)1561525014(0,192)
(1,191)1344964239(2,191)
(1,191)562036469(1,192)
(2,191)1915348010(3,191)
(2,191)2049298456(2,192)
(3,191)147459520(4,191)
(3,191)49237018(3,192)
(4,191)467302599(5,191)
(4,191)1295770377(4,192)
(5,191)643449468(6,191)
(5,191)1489606599(5,192)
(6,191)1224822871(7,191)
(6,191)2071568615(6,192)
(7,191)1250873641(8,191)
(7,191)202785492(7,192)
(8,191)1897707824(9,191)
(8,191)1931622209(8,192)
(9,191)2011351981(9,192)
(0,192)1916088229(1,192)
(0,192)1643574500(0,193)
(1,192)572998653(2,192)
(1,192)1884752646(1,193)
(2,192)1869021753(3,192)
(2,192)2081518872(2,193)
(3,192)1156753002(4,192)
(3,192)1511609417(3,193)
(4,192)477922323(5,192)
(4,192)847135328(4,193)
(5,192)374107855(6,192)
(5,192)1547300945(5,193)
(6,192)1251648276(7,192)
(6,192)2039447337(6,193)
(7,192)1236927929(8,192)
(7,192)936144324(7,193)
(8,192)704008687(9,192)
(8,192)1153463084(8,193)
(9,192)1286164947(9,193)
(0,193)1999779064(1,193)
(0,193)1300922604(0,194)
(1,193)643045556(2,193)
(1,193)1753467546(1,194)
(2,193)1677552513(3,193)
(2,193)495744885(2,194)
(3,193)698530377(4,193)
(3,193)1867868427(3,194)
(4,193)1652006988(5,193)
(4,193)780942506(4,194)
(5,193)644810840(6,193)
(5,193)448754553(5,194)
(6,193)217359134(7,193)
(6,193)1148097840(6,194)
(7,193)1721096494(8,193)
(7,193)382079838(7,194)
(8,193)103617943(9,193)
(8,193)151394358(8,194)
(9,193)1085222263(9,194)
(0,194)950753272(1,194)
(0,194)1308147361(0,195)
(1,194)707964658(2,194)
(1,194)1563144586(1,195)
(2,194)1455108276(3,194)
(2,194)1324861127(2,195)
(3,194)113521804(4,194)
(3,194)1959612934(3,195)
(4,194)965592370(5,194)
(4,194)544552557(4,195)
(5,194)1830717504(6,194)
(5,194)817530491(5,195)
(6,194)669825907(7,194)
(6,194)119031327(6,195)
(7,194)762076883(8,194)
(7,194)1436701402(7,195)
(8,194)966770267(9,194)
(8,194)1165570792(8,195)
(9,194)482461662(9,195)
(0,195)1747712774(1,195)
(0,195)1864101169(0,196)
(1,195)165372074(2,195)
(1,195)2134468651(1,196)
(2,195)1135082843(3,195)
(2,195)245039966(2,196)
(3,195)627119804(4,195)
(3,195)382731209(3,196)
(4,195)534125567(5,195)
(4,195)708695689(4,196)
(5,195)1793917952(6,195)
(5,195)730737747(5,196)
(6,195)1681491019(7,195)
(6,195)1842272928(6,196)
(7,195)402753938(8,195)
(7,195)1209578891(7,196)
(8,195)517203519(9,195)
(8,195)858868499(8,196)
(9,195)214883224(9,196)
(0,196)1061756076(1,196)
(0,196)972390303(0,197)
(1,196)1789920794(2,196)
(1,196)1180475595(1,197)
(2,196)1299506922(3,196)
(2,196)744989932(2,197)
(3,196)34207686(4,196)
(3,196)312263053(3,197)
(4,196)1477833846(5,196)
(4,196)2061583805(4,197)
(5,196)396561819(6,196)
(5,196)1000977953(5,197)
(6,196)601207079(7,196)
(6,196)1194451367(6,197)
(7,196)1359823442(8,196)
(7,196)383546822(7,197)
(8,196)1518629666(9,196)
(8,196)846247045(8,197)
(9,196)1742554651(9,197)
(0,197)79841707(1,197)
(0,197)1473366849(0,198)
(1,197)56620949(2,197)
(1,197)129196570(1,198)
(2,197)1971469499(3,197)
(2,197)1873759660(2,198)
(3,197)935854903(4,197)
(3,197)1738111968(3,198)
(4,197)449496819(5,197)
(4,197)226739789(4,198)
(5,197)441623014(6,197)
(5,197)1453058422(5,198)
(6,197)367330850(7,197)
(6,197)1421887122(6,198)
(7,197)1064324268(8,197)
(7,197)1622098609(7,198)
(8,197)774121883(9,197)
(8,197)1112320782(8,198)
(9,197)1376587322(9,198)
(0,198)688222040(1,198)
(0,198)1146528468(0,199)
(1,198)22773(2,198)
(1,198)706937520(1,199)
(2,198)1901388887(3,198)
(2,198)1084783859(2,199)
(3,198)1468330682(4,198)
(3,198)601229853(3,199)
(4,198)1447476898(5,198)
(4,198)1113728681(4,199)
(5,198)708799684(6,198)
(5,198)839476700(5,199)
(6,198)919318407(7,198)
(6,198)773360100(6,199)
(7,198)829981049(8,198)
(7,198)837996255(7,199)
(8,198)661982106(9,198)
(8,198)645594419(8,199)
(9,198)420609369(9,199)
(0,199)1581449322(1,199)
(1,199)888721895(2,199)
(2,199)870106189(3,199)
(3,199)887024096(4,199)
(4,199)1330344909(5,199)
(5,199)144509663(6,199)
(6,199)1254354946(7,199)
(7,199)804959870(8,199)
(8,199)1208833932(9,199)
