5 50
(0,0)330563459(1,0)
(0,0)1462722881(0,1)
(1,0)1839198299(2,0)
(1,0)2012820694(1,1)
(2,0)1897676471(3,0)
(2,0)332817529(2,1)
(3,0)1689344463(4,0)
(3,0)273684433(3,1)
(4,0)1149848530(4,1)
(0,1)2083250897(1,1)
(0,1)270017208(0,2)
(1,1)934084981(2,1)
(1,1)588542639(1,2)
(2,1)548488826(3,1)
(2,1)1661716196(2,2)
(3,1)755262675(4,1)
(3,1)1276683886(3,2)
(4,1)47866901(4,2)
(0,2)1567503645(1,2)
(0,2)2090864345(0,3)
(1,2)1386507518(2,2)
(1,2)1088163016(1,3)
(2,2)1247523429(3,2)
(2,2)123842659(2,3)
(3,2)1433702294(4,2)
(3,2)2008669193(3,3)
(4,2)360230427(4,3)
(0,3)2048032239(1,3)
(0,3)465129096(0,4)
(1,3)872606803(2,3)
(1,3)358076979(1,4)
(2,3)688640438(3,3)
(2,3)1363271473(2,4)
(3,3)1054986124(4,3)
(3,3)737943849(3,4)
(4,3)1021457967(4,4)
(0,4)1328670557(1,4)
(0,4)488136673(0,5)
(1,4)1637985203(2,4)
(1,4)563318783(1,5)
(2,4)499086032(3,4)
(2,4)1598687765(2,5)
(3,4)385289099(4,4)
(3,4)79044195(3,5)
(4,4)13318580(4,5)
(0,5)1661972985(1,5)
(0,5)627533021(0,6)
(1,5)675399923(2,5)
(1,5)768581255(1,6)
(2,5)188601252(3,5)
(2,5)1605353682(2,6)
(3,5)844377553(4,5)
(3,5)1763562939(3,6)
(4,5)312443911(4,6)
(0,6)705563098(1,6)
(0,6)863602720(0,7)
(1,6)1223833147(2,6)
(1,6)1746146205(1,7)
(2,6)1646694797(3,6)
(2,6)1170692194(2,7)
(3,6)2043298998(4,6)
(3,6)1581910126(3,7)
(4,6)862482622(4,7)
(0,7)633759199(1,7)
(0,7)123066916(0,8)
(1,7)1144524884(2,7)
(1,7)1917468746(1,8)
(2,7)1098655655(3,7)
(2,7)1121895872(2,8)
(3,7)612397428(4,7)
(3,7)1707843667(3,8)
(4,7)549859772(4,8)
(0,8)691441623(1,8)
(0,8)59446051(0,9)
(1,8)72764631(2,8)
(1,8)935148871(1,9)
(2,8)449638209(3,8)
(2,8)1318974644(2,9)
(3,8)1994374567(4,8)
(3,8)841345887(3,9)
(4,8)2054991891(4,9)
(0,9)1610453858(1,9)
(0,9)1029947139(0,10)
(1,9)1342391051(2,9)
(1,9)751885796(1,10)
(2,9)1457448894(3,9)
(2,9)326572930(2,10)
(3,9)1550406077(4,9)
(3,9)941053608(3,10)
(4,9)480657441(4,10)
(0,10)984832555(1,10)
(0,10)440264757(0,11)
(1,10)1302747379(2,10)
(1,10)376472791(1,11)
(2,10)1010231990(3,10)
(2,10)1107899472(2,11)
(3,10)104940708(4,10)
(3,10)1072732477(3,11)
(4,10)2132127863(4,11)
(0,11)1812784375(1,11)
(0,11)23904484(0,12)
(1,11)573764257(2,11)
(1,11)597041643(1,12)
(2,11)1288483266(3,11)
(2,11)1872230426(2,12)
(3,11)1944995057(4,11)
(3,11)1508913128(3,12)
(4,11)459974262(4,12)
(0,12)638857296(1,12)
(0,12)1958551337(0,13)
(1,12)1866059581(2,12)
(1,12)306865182(1,13)
(2,12)1917319040(3,12)
(2,12)1668804436(2,13)
(3,12)863711839(4,12)
(3,12)470461729(3,13)
(4,12)96408323(4,13)
(0,13)1804765447(1,13)
(0,13)1927910624(0,14)
(1,13)261084417(2,13)
(1,13)1646814400(1,14)
(2,13)484163308(3,13)
(2,13)97546557(2,14)
(3,13)1400293936(4,13)
(3,13)637557208(3,14)
(4,13)1592062780(4,14)
(0,14)325542766(1,14)
(0,14)1647789198(0,15)
(1,14)1632433413(2,14)
(1,14)1697003488(1,15)
(2,14)1362304215(3,14)
(2,14)349447250(2,15)
(3,14)923211507(4,14)
(3,14)81991408(3,15)
(4,14)1087050993(4,15)
(0,15)284640988(1,15)
(0,15)1370474674(0,16)
(1,15)1830448937(2,15)
(1,15)884562402(1,16)
(2,15)1523419699(3,15)
(2,15)95708677(2,16)
(3,15)1961768258(4,15)
(3,15)2137314119(3,16)
(4,15)1044740487(4,16)
(0,16)284746340(1,16)
(0,16)1907149511(0,17)
(1,16)2003557834(2,16)
(1,16)1908452326(1,17)
(2,16)1565734125(3,16)
(2,16)65173316(2,17)
(3,16)326257733(4,16)
(3,16)1502888587(3,17)
(4,16)1663280682(4,17)
(0,17)963814941(1,17)
(0,17)1987051895(0,18)
(1,17)1431631027(2,17)
(1,17)916090971(1,18)
(2,17)1241633737(3,17)
(2,17)464120491(2,18)
(3,17)2096553905(4,17)
(3,17)981150867(3,18)
(4,17)1591080987(4,18)
(0,18)31061665(1,18)
(0,18)195971434(0,19)
(1,18)1283022427(2,18)
(1,18)366808847(1,19)
(2,18)651449835(3,18)
(2,18)1401536340(2,19)
(3,18)1084501629(4,18)
(3,18)20101181(3,19)
(4,18)747158512(4,19)
(0,19)1074332100(1,19)
(0,19)1543520880(0,20)
(1,19)440777719(2,19)
(1,19)561443123(1,20)
(2,19)846189463(3,19)
(2,19)833997963(2,20)
(3,19)690072150(4,19)
(3,19)201746397(3,20)
(4,19)911362779(4,20)
(0,20)45477089(1,20)
(0,20)1767480523(0,21)
(1,20)1283277557(2,20)
(1,20)1237620512(1,21)
(2,20)53951805(3,20)
(2,20)2032528984(2,21)
(3,20)1316676363(4,20)
(3,20)51884880(3,21)
(4,20)518072296(4,21)
(0,21)150343582(1,21)
(0,21)1293518617(0,22)
(1,21)737115957(2,21)
(1,21)467142553(1,22)
(2,21)498204219(3,21)
(2,21)346315016(2,22)
(3,21)1629337443(4,21)
(3,21)1103924804(3,22)
(4,21)1899740559(4,22)
(0,22)1649438624(1,22)
(0,22)1755374639(0,23)
(1,22)355049503(2,22)
(1,22)836758540(1,23)
(2,22)1911090640(3,22)
(2,22)1045475857(2,23)
(3,22)1486253576(4,22)
(3,22)916492626(3,23)
(4,22)597604955(4,23)
(0,23)1687999974(1,23)
(0,23)1762682089(0,24)
(1,23)526561220(2,23)
(1,23)1287677105(1,24)
(2,23)1333154194(3,23)
(2,23)1307996849(2,24)
(3,23)443790758(4,23)
(3,23)1764181732(3,24)
(4,23)1218199530(4,24)
(0,24)495675639(1,24)
(0,24)1818133537(0,25)
(1,24)188722186(2,24)
(1,24)387392245(1,25)
(2,24)537735827(3,24)
(2,24)1789194256(2,25)
(3,24)378826565(4,24)
(3,24)655864739(3,25)
(4,24)884050843(4,25)
(0,25)1482751369(1,25)
(0,25)1154068958(0,26)
(1,25)906325869(2,25)
(1,25)365904638(1,26)
(2,25)2015343263(3,25)
(2,25)1090642360(2,26)
(3,25)1445691864(4,25)
(3,25)1743084409(3,26)
(4,25)913335472(4,26)
(0,26)214700842(1,26)
(0,26)1506691401(0,27)
(1,26)2104296357(2,26)
(1,26)252105400(1,27)
(2,26)1940105374(3,26)
(2,26)1977382932(2,27)
(3,26)356460504(4,26)
(3,26)1244489814(3,27)
(4,26)1100618575(4,27)
(0,27)2120642237(1,27)
(0,27)430160361(0,28)
(1,27)1648359891(2,27)
(1,27)1544409334(1,28)
(2,27)2040084973(3,27)
(2,27)1791292126(2,28)
(3,27)1980014312(4,27)
(3,27)2035752137(3,28)
(4,27)1681795581(4,28)
(0,28)488395404(1,28)
(0,28)426004316(0,29)
(1,28)1310055160(2,28)
(1,28)2060622147(1,29)
(2,28)1395889868(3,28)
(2,28)1642464362(2,29)
(3,28)401306584(4,28)
(3,28)1675959798(3,29)
(4,28)339048581(4,29)
(0,29)2144390993(1,29)
(0,29)1543819413(0,30)
(1,29)309671237(2,29)
(1,29)1784740445(1,30)
(2,29)1999441287(3,29)
(2,29)1503598747(2,30)
(3,29)1460411456(4,29)
(3,29)561776638(3,30)
(4,29)1829340571(4,30)
(0,30)557417622(1,30)
(0,30)354398364(0,31)
(1,30)1455016940(2,30)
(1,30)38317428(1,31)
(2,30)11476017(3,30)
(2,30)987577983(2,31)
(3,30)488454227(4,30)
(3,30)851942626(3,31)
(4,30)1802768143(4,31)
(0,31)376722716(1,31)
(0,31)744543951(0,32)
(1,31)278855884(2,31)
(1,31)1635298808(1,32)
(2,31)2123694212(3,31)
(2,31)802727032(2,32)
(3,31)2112782192(4,31)
(3,31)191994383(3,32)
(4,31)1618674926(4,32)
(0,32)1641258343(1,32)
(0,32)1587884252(0,33)
(1,32)1926932833(2,32)
(1,32)2019981510(1,33)
(2,32)2016888856(3,32)
(2,32)1037594108(2,33)
(3,32)1347265346(4,32)
(3,32)1564189630(3,33)
(4,32)1373003955(4,33)
(0,33)1909041984(1,33)
(0,33)1416147269(0,34)
(1,33)1098004193(2,33)
(1,33)685931763(1,34)
(2,33)1243349385(3,33)
(2,33)115956700(2,34)
(3,33)1570973640(4,33)
(3,33)1136321621(3,34)
(4,33)83443721(4,34)
(0,34)275432618(1,34)
(0,34)1147797638(0,35)
(1,34)803082133(2,34)
(1,34)571897948(1,35)
(2,34)948620664(3,34)
(2,34)1019976569(2,35)
(3,34)1298832454(4,34)
(3,34)290897293(3,35)
(4,34)1751347696(4,35)
(0,35)1490826837(1,35)
(0,35)267107857(0,36)
(1,35)1885782784(2,35)
(1,35)1716646241(1,36)
(2,35)1210420936(3,35)
(2,35)931227441(2,36)
(3,35)710676626(4,35)
(3,35)1758280646(3,36)
(4,35)100531396(4,36)
(0,36)127382608(1,36)
(0,36)1627685854(0,37)
(1,36)853206161(2,36)
(1,36)1447796742(1,37)
(2,36)1209355078(3,36)
(2,36)1543529878(2,37)
(3,36)494050423(4,36)
(3,36)1539137924(3,37)
(4,36)1325311779(4,37)
(0,37)1630372044(1,37)
(0,37)635003662(0,38)
(1,37)718447383(2,37)
(1,37)748801771(1,38)
(2,37)1024234390(3,37)
(2,37)630686034(2,38)
(3,37)1433768167(4,37)
(3,37)1290345331(3,38)
(4,37)2044210959(4,38)
(0,38)1724665461(1,38)
(0,38)91482347(0,39)
(1,38)1842830043(2,38)
(1,38)1195559765(1,39)
(2,38)538902955(3,38)
(2,38)1991773318(2,39)
(3,38)1730072454(4,38)
(3,38)1411992636(3,39)
(4,38)1470130396(4,39)
(0,39)1340869453(1,39)
(0,39)474929924(0,40)
(1,39)575461321(2,39)
(1,39)33323375(1,40)
(2,39)160705983(3,39)
(2,39)821071659(2,40)
(3,39)1674277821(4,39)
(3,39)2023258063(3,40)
(4,39)1704235861(4,40)
(0,40)1065932097(1,40)
(0,40)1085129494(0,41)
(1,40)262957625(2,40)
(1,40)50802636(1,41)
(2,40)1681174680(3,40)
(2,40)1700935759(2,41)
(3,40)271899494(4,40)
(3,40)1011759396(3,41)
(4,40)164377066(4,41)
(0,41)1562244825(1,41)
(0,41)2035993786(0,42)
(1,41)1932721098(2,41)
(1,41)1598145234(1,42)
(2,41)1175327047(3,41)
(2,41)1653727172(2,42)
(3,41)1349073568(4,41)
(3,41)980797215(3,42)
(4,41)1019616717(4,42)
(0,42)613582556(1,42)
(0,42)1519700170(0,43)
(1,42)842346919(2,42)
(1,42)602205524(1,43)
(2,42)1943074977(3,42)
(2,42)1088512481(2,43)
(3,42)1663973802(4,42)
(3,42)875670294(3,43)
(4,42)616662988(4,43)
(0,43)1539748217(1,43)
(0,43)1036376277(0,44)
(1,43)593128491(2,43)
(1,43)143457161(1,44)
(2,43)1209389259(3,43)
(2,43)477394063(2,44)
(3,43)740351688(4,43)
(3,43)643931127(3,44)
(4,43)762841370(4,44)
(0,44)1752111085(1,44)
(0,44)177622160(0,45)
(1,44)341999226(2,44)
(1,44)1034740865(1,45)
(2,44)449502042(3,44)
(2,44)1640621223(2,45)
(3,44)1425858673(4,44)
(3,44)1940144460(3,45)
(4,44)2103229215(4,45)
(0,45)259172241(1,45)
(0,45)967987859(0,46)
(1,45)1987604577(2,45)
(1,45)1304819135(1,46)
(2,45)1918401691(3,45)
(2,45)1778872411(2,46)
(3,45)473735682(4,45)
(3,45)442326453(3,46)
(4,45)859430524(4,46)
(0,46)1349405976(1,46)
(0,46)237917782(0,47)
(1,46)854580770(2,46)
(1,46)375920678(1,47)
(2,46)1915668896(3,46)
(2,46)238298606(2,47)
(3,46)831427097(4,46)
(3,46)998037932(3,47)
(4,46)245579311(4,47)
(0,47)1475358224(1,47)
(0,47)59943543(0,48)
(1,47)822784913(2,47)
(1,47)985931000(1,48)
(2,47)590558437(3,47)
(2,47)1652980384(2,48)
(3,47)1994979611(4,47)
(3,47)1857525778(3,48)
(4,47)83696012(4,48)
(0,48)1787640423(1,48)
(0,48)159544173(0,49)
(1,48)115289740(2,48)
(1,48)1509554686(1,49)
(2,48)1768726927(3,48)
(2,48)608144635(2,49)
(3,48)448265564(4,48)
(3,48)1420108875(3,49)
(4,48)1400115690(4,49)
(0,49)1191026918(1,49)
(1,49)890592017(2,49)
(2,49)1873851373(3,49)
(3,49)2050457443(4,49)
